258
463
464
3968
261
262
12655
264
61
666
1078
558
268
269
262
12656
264
61
666
1078
558
1134
87
24
12657
855
57
14
12658
8401
2
14
33
9
4324
12659
912
1563
575
316
11577
2609
288
1142
8809
2257
23
14
9621
7644
27
12660
34
9421
61
24
316
12661
288
743
23
24
990
91
6047
355
61
722
100
4157
23
14
12662
57
6768
4615
58
358
288
3132
27
119
12661
288
23
1155
14
1021
1779
358
105
13
107
1399
159
104
24
348
27
12663
262
251
2123
12664
12665
12658
8401
2
24
82
57
972
12666
61
54
715
12667
334
2153
8569
12668
9
1413
622
1549
61
405
12669
13
12670
12671
61
288
8401
61
405
1687
12672
12673
64
1222
7568
34
12674
27
12675
1767
57
24
8287
149
407
1671
58
24
166
308
129
1910
23
24
1563
288
561
34
14
11704
57
2655
12676
1517
27
972
12666
61
8370
61
54
715
12667
61
5791
61
5
122
12677
2153
8569
61
4983
61
1663
14
1762
12678
3104
2
122
12679
82
23
12680
61
2123
61
23
502
24
2609
1687
1910
5386
12681
27
12663
262
8613
642
5
6047
355
743
24
2575
2609
2278
34
562
58
361
12682
8809
23
24
33
990
57
24
82
57
972
5
12667
12666
23
12680
61
12683
61
35
506
12684
262
119
12685
10604
3494
12661
288
2257
1348
358
288
31
2
24
12686
61
40
122
4382
149
818
1021
358
105
13
107
1399
159
387
58
12687
262
12688
1704
12689
129
1399
24
12661
13
2371
147
958
24
348
64
331
32
57
24
594
7459
1541
1846
331
119
1413
9
5
9
14
9
170
9
67
1045
1046
24
355
12690
24
33
990
61
185
744
666
35
506
58
14
4632
9
445
2
14
893
129
4936
14
12658
2
24
12691
61
502
1077
1267
147
27
368
743
2431
12661
5
363
1509
2123
12664
12692
12693
89
2575
12670
12671
922
61
502
358
288
2072
23
34
1656
4615
14
257
27
999
8836
12694
1221
2706
144
608
896
6279
5
2778
896
175
1221
5443
1413
1509
12692
655
622
1549
1910
23
12695
23
24
1563
502
149
4157
23
12696
5
12697
27
162
24
1767
61
23
502
1011
6047
355
5
642
11704
24
8632
4325
57
24
2609
61
32
798
12698
14
2575
12658
12699
58
361
8809
2257
27
1178
6047
12700
87
944
586
262
1687
119
642
798
99
144
554
14
12658
515
912
100
8809
23
24
990
27
12701
2257
27
1687
9940
707
10080
846
27
579
912
1142
183
8809
12702
12703
262
724
104
12704
10943
331
943
972
12666
61
8370
61
69
4305
6071
71
61
54
715
12667
61
5791
61
69
700
71
5
2153
8569
61
4983
61
69
420
174
71
288
704
3218
13
666
3133
23
5672
12705
262
119
6047
149
1143
13
24
5800
91
14
8487
1724
2
14
416
57
24
1857
129
4936
14
12658
2
24
12666
58
5049
14
714
185
14
12706
119
12707
61
12686
9
12708
2655
718
107
944
1008
133
64
14
5786
4950
12709
183
5
1520
262
1687
187
912
818
11977
61
12710
87
2050
13
107
4700
1594
868
27
408
4997
278
13
1399
158
13
12711
119
798
935
2743
14
169
761
12658
7419
438
24
55
27
119
522
9251
76
24
6047
798
1729
24
316
12712
7419
837
4552
185
24
12713
5
6566
262
1687
408
2354
12714
133
6939
12710
34
1508
103
12715
119
622
1549
288
12716
5
2104
18
13
24
6047
34
12717
27
1704
12689
61
24
4950
129
5874
24
12661
61
330
183
149
32
57
24
594
7459
6597
215
105
1846
27
12718
262
12719
288
2072
23
12670
12694
9
1030
12720
5
288
7298
868
34
1656
4615
104
14
227
119
3651
288
561
34
190
454
621
58
5552
493
2655
12721
10437
5
1377
34
562
2
7004
2609
27
12722
542
104
12704
9
185
9
4283
10943
943
1671
61
10053
57
24
12723
804
12724
330
262
1687
816
610
44
278
610
516
278
561
542
34
420
12725
378
57
24
8809
12661
61
10668
2465
3605
330
262
1687
187
149
808
8569
129
8809
542
27
396
4312
215
8809
542
40
330
215
648
358
610
982
27
1687
589
12666
750
808
8569
45
13
12726
542
40
1348
215
638
818
61
926
44
1013
107
6618
13
1018
1407
449
183
27
1687
993
926
105
13
1018
149
1550
542
133
57
24
1675
27
7939
3078
361
516
278
456
7958
378
58
24
501
61
6047
12700
12727
12728
330
262
1687
951
710
834
3096
494
628
223
34
24
6047
237
257
825
5449
32
502
628
825
604
9500
27
1687
993
129
731
185
24
257
288
1089
13
24
12729
27
12730
262
119
2797
367
57
24
2609
104
24
82
23
12680
119
2609
1142
104
24
5800
9
24
12661
5
1549
502
288
3068
2
24
1845
5449
23
6047
4014
64
24
8696
278
747
13
1862
542
18
13
24
2655
1435
12731
8287
262
119
12661
288
1142
23
24
33
990
57
24
2930
1687
119
2930
149
23
14
12732
1779
5
5231
635
12661
2797
5386
24
12695
27
364
1509
12733
23
24
2797
1547
105
1610
100
12734
2
1793
607
27
331
119
1549
922
61
12669
23
12670
12671
61
105
709
12735
5
12736
12673
64
1222
7568
34
442
27
1687
1134
501
10440
704
24
9976
610
278
76
1643
13
12737
5
12738
12678
57
12739
246
6047
355
743
24
2575
2609
2278
34
562
58
361
8809
23
24
33
990
57
24
82
57
972
5
12667
12666
23
12680
246
119
10604
3494
12661
288
1399
159
387
58
343
13
122
4382
246
119
2609
288
8401
1817
76
2431
12661
5
363
1509
1549
246
305
12704
10943
331
943
61
972
12666
61
8370
61
54
715
12667
61
5791
61
5
2153
8569
61
4983
61
288
704
3218
13
666
3133
23
5672


