2036
11361
225
2465
10160
7983
10850
316
16208
7702
18899
58
358
331
32786
331
750
54
715
13
331
32787
331
525
670
104
14
1435
18243
104
24
7058
13569
1385
27
119
4927
315
3194
445
185
24
4239
674
104
119
13569
12971
3571
21726
185
1750
2356
575
808
10160
149
76
54
32788
7164
715
61
3136
32789
27
119
316
2282
2933
61
1519
23
122
9865
9
32790
61
3820
358
4322
665
32789
13
157
525
639
525
9606
149
171
484
808
10160
61
14
791
219
57
24
870
27385
331
5040
61
2859
17489
17454
542
27
2036
11361
225
2465
10160
7983
10850
316
16208
7702
18899
58
358
331
32786
331
750
54
32788
7164
715
3136
32789
13
331
32787
331
525
670
104
14
1435
18243
104
24
7058
13569
1385
331
1003
549
105
4140
423
47
13
525
32786
61
185
24
83
57
24
4239
674
5
1196
926
2290
1028
13
32787
525
7375
502
3469
13
278
5131
10066
1185
799
757
820
525
9606
149
171
5
183
149
244
821
32791
61
331
32
57
24
2282
750
24
7058
4883
7559
27
331
579
149
3108
13
1018
525
14
1305
27
119
1462
1017
610
2193
610
288
361
750
445
91
525
4068
129
10787
13
639
129
610
288
27
331
13569
1385
1140
9918
147
289
10926
1707
58
808
10160
6934
4322
24
2282
922
24
966
104
24
16702
17256
27
364
2282
3820
358
4322
665
32789
13
157
525
639
525
9606
149
171
484
808
10160
61
14
791
219
57
24
870
27385
331
5040
61
2859
17489
17454
542
185
1750
2356
119
4927
315
3194
445
185
24
4239
674
104
119
13569
12971
3571
21726
185
1750
2356
331
12647
64
610
2287
13
24
16702
17256
61
24
1271
111
650
47
2
1778
5
2859
361
11282
820
215
8268
707
549
91
525
670
61
3195
525
31898
149
3194
13
24
622
83
57
24
4324
5
24
1140
9918
2168
2933
61
331
32
893
330
27
119
2282
65
7186
13
642
61
40
14
642
325
330
32
57
24
24346
147
3228
183
5
358
516
709
849
107
2335
27
808
10160
61
129
516
45
4541
24
4927
32792
61
3818
13
722
334
10020
76
24
2282
40
3250
1400
215
8268
24
893
37
934
586
331
183
626
144
906
331
27
331
628
105
14
738
104
525
652
707
715
105
100
3559
13
617
27
691
105
330
405
3438
2209
1022
13
525
5
628
1545
13
157
542
639
515
149
821
103
2726
61
331
215
750
24
7058
4883
7559
27
808
10160
61
129
516
45
4541
24
4927
32792
61
3818
13
722
334
10020
76
24
2282
40
3250
1400
215
8268
24
893
37
934
586
331
183
626
144
906
331
665
32789
1400
24
316
2282
288
331
10884
5
11282
331
27
331
187
37
14
2236
2209
824
1348
308
2245
24
2296
13
19178
723
23
1857
5
851
583
99
13
9282
723
61
331
926
750
24
463
1460
27
331
187
32793
496
149
14
5635
4896
5
610
144
1028
13
1399
183
1778
703
27
331
808
10160
331
715
1400
24
316
2282
2933
23
24
4927
315
288
331
10884
5
11282
331
119
540
61
129
477
23
1072
61
288
8602
185
24
32788
197
76
5171
5692
11262
27
119
316
2282
2933
3250
361
10884
5
14
1844
750
24
7058
4883
7559
808
10160
331
7487
525
331
27
331
187
2236
149
45
6350
5
926
149
821
61
821
1090
27
628
53
14
376
13
642
40
1222
926
1308
244
1028
13
10964
183
935
515
87
525
829
61
331
215
330
27
246
2465
10160
5
54
32788
7164
715
3136
32789
288
104
14
1435
836
104
24
7058
13569
1385
185
1750
246
119
4927
315
3194
445
185
24
24
4239
674
1348
316
2282
6934
4322
665
32789
246
119
2282
3820
358
288
3108
13
5302
665
32789
449
14
670
20115
484
808
10160
2859
17489
17454
542
246
119
791
219
57
24
870
27385
331
5040
3818
13
334
10020
40
3250
1400
215
8268
32
57
24
893
37
16818
246
13569
1385
1140
9918
289
642
40
358
369
45
2335
58
32
57
24
2282
3228
525
376


