1186
9325
30
729
19
505
3
3375
178
82
39
9179
28
5079
2
294
310
31
3314
1
246
47
1557
12636
3056
1
2118
1
13
3
326
16517
5079
11
19
179
3445
39
5889
19
2486
2
9325
678
3
29
5
389
55
20
0
872
508
11
822
21481
7
0
2386
328
1
113
21
10
5
5227
2
18244
59
49
16
9325
750
19
505
11
3375
949
17
0
3445
18
5079
771
2419
34970
53752
16
9325
4390
5
3129
17
179
174
9
2430
975
9294
6771
225
16
1186
9325
46
143
19
4701
3
5079
11
3375
7
0
9806
10344
13135
19
99
69
25
16
9325
46
326
5
6135
11737
229
11
3375
208
149
4
46
123
326
7
0
34971
52
46
326
5
6135
11737
229
11
3375
208
149
4
46
123
32
9745
7
34971
1
113
19
1086
245
46
32
896
2
9325
22
16
8
24
351
228
6829
3
32
196
6
3375
494
311
2
57
13
385
14
24
202
273
58
1342
45
39
550
17
0
1086
77
0
81
333
187
24
322
228
596
14
44
29
3578
121
3
326
2
8
24
29
614
228
504
3
124
99
3
95
29939
4
24
610
14
60
29
5
1369
535
2
24
351
79
5362
14
24
73
32
196
6
25
2
8
318
87
229
99
76
32
127
1810
7
5
10779
229
20
1355
2231
208
437
2
318
8318
58
2986
0
4561
2
3375
5079
771
2419
34970
22
16
8
104
33
2671
3
29
7487
553
494
311
20
0
288
2
52
13
3375
162
4
162
4
19
585
11
234
288
4
264
3739
11
1403
2
15
505
16
3375
29
734
9325
18
505
22318
3056
16
9325
18
4701
10
87
310
31
3314
8
7487
30
40
99
20
4566
1355
2231
182
19
220
11357
150
0
2025
4
30
40
346
17
0
2476
4
7
0
14407
17
125
6
0
108
335
2
3063
5
894
6
71
21
30
1670
49
12
19
1702
6818
4
48
1575
3
1665
2
8
52
30
958
7
1779
14
21
170
30
2688
6
1108
17
6649
4
873
1
4
46
32
5
400
2272
3
0
13661
9806
10344
1086
2
8
3314
87
310
9325
10
2263
5
3749
4701
39
125
71
6738
4909
335
4
14
21
34
40
7391
20
67
85
1711
1606
7
0
14407
2
318
2486
2594
26050
1
892
9325
10
6647
197
0
16662
3
505
4
10735
19
6179
2
52
1778
7
746
262
5
695
6
2101
45
936
184
28
0
229
30
840
59
3
4456
16752
4
1101
48
505
2
101
19
82
184
28
5079
1
9325
30
26665
108
2879
9
173
54
4906
6
1421
4512
2
52
4163
246
7
5966
8470
1
14775
54
9
132
14555
4
452
16517
593
2
52
61
116
1711
87
9
1108
2414
11
0
1541
3022
1
1435
53753
1565
20
53754
4
317
10732
33815
20
53755
2
9325
18
3375
16517
585
5834
6
598
593
1
23144
53756
17
0
873
4
53757
17
0
6649
1
17
5
232
2277
6
10513
127
4989
7
746
2
65
1416
78
3314
16
35
11106
47
265
30
3443
17
936
184
28
0
3174
6
1421
1963
2
52
13
1123
4
53758
3
14895
1424
5289
46
41
326
11
2736
12
437
114
6
5
3153
709
2
15
3445
161
21
46
32
720
3
225
2312
208
377
2
26
895
246
708
3
729
5079
4701
12
437
26
9325
13
3
326
16517
5079
11
179
3445
3375
26
318
87
229
99
76
32
127
1810
7
5
10779
229
20
1355
2231
208
437
2
26
15
8312
9
83
18
505
10
87
310
31
3314


