119
7366
8895
57
14
175
204
5665
515
446
89
447
23
24
1920
4615
1949
24
557
57
24
2356
23
14
676
924
484
361
4534
185
13
16080
1050
23
7023
27
119
8895
105
13
107
385
2
24
45167
1071
104
42872
23
7023
104
449
9101
185
207
58
14
434
23
32
57
24
23094
27
45168
20686
288
417
2755
21734
91
328
5618
5
7879
13
5196
21955
676
924
484
14
5352
116
149
1481
47
104
16080
1050
147
23
24
296
27
521
159
34
522
251
80
13414
14213
218
14
45167
8814
23
7023
37
42872
185
207
296
16080
1050
4151
237
858
57
308
5104
646
58
358
288
4534
2
24
676
924
331
9525
9511
6828
45169
256
434
104
24285
5665
1337
27
45170
369
22489
6773
61
331
24
7224
4151
27
119
7366
18704
8895
278
704
100
22943
34
5
5618
1707
278
330
358
825
107
644
13
738
33
13
122
3861
237
4896
1185
8262
296
61
1978
1840
341
27
119
384
57
24
434
87
45
1521
1969
40
24
11373
14749
14288
1520
183
44
107
2275
13
14
44511
1185
90
1589
9576
27
15236
14752
11406
369
1622
5
3465
57
9266
45171
6423
5
45172
3715
369
1622
13
107
2396
34
594
57
24
257
61
642
377
27
119
45173
1520
24
434
2859
185
14
169
674
14010
5
6322
47
24
7785
855
13
24
10102
674
27
7366
2755
21734
288
2104
133
13
24
8895
91
5618
328
251
858
57
24
1187
185
207
296
1046
834
405
57
24
20132
278
45174
328
5618
353
1704
27647
330
977
279
405
45175
34
366
947
27
331
251
540
57
308
4508
35133
7973
2
19323
185
24
1071
37
45176
2467
159
23
24
7634
61
331
215
330
27
331
408
4534
24
45175
13
24
432
20668
104
5196
21955
2013
818
358
288
6533
5
133
57
24
6481
27
331
119
434
149
24285
13
24
16080
1050
23
7023
37
42872
305
55
61
8895
288
4534
13
5196
21955
676
924
34
26524
246
119
45167
7023
5665
1337
1481
434
1145
9101
246
119
434
2859
185
14
169
674
14010
5
6322
47
246
993
8895
278
100
22943
34
5
4534
13
16080
1050
246
1447
288
503
366
947
61
328
5618
377


