618
207
2356
18184
11087
5145
24
1264
34
594
3276
23
5828
16034
5
50938
50939
598
54
2534
3584
89
24
2079
14413
24
256
257
27
3627
515
183
149
384
34
19705
64
24
32165
29131
62
149
1805
76
24
4994
471
714
1541
23
24
200
201
27
50939
149
417
54
22430
8821
58
144
316
146
5
2149
7404
1348
215
3793
159
9272
9273
37
16085
26501
23
24
4447
351
61
24752
14
4447
5
6540
32165
14
9923
13
13313
27
50938
50939
149
1391
445
23
24
188
67
34
32165
29131
75
9272
9273
119
62
7633
23
185
9272
6866
16085
26501
64
215
446
89
24
4447
351
1447
149
12412
6849
40
26501
1805
24
674
64
215
17722
218
185
74
10021
14039
50940
50941
3134
183
14
3466
16480
2539
5
6683
24
471
714
119
6849
149
12412
64
24
7443
9
2033
50942
8797
3763
24
2118
2434
2548
6866
5
10021
14039
44073
50941
2950
34
54
908
9096
27
119
2137
61
18495
26367
58
14
2459
9
2459
2554
23
6260
166
3133
495
61
149
10616
18
34
32165
58
3322
26468
242
76
24
6824
4447
27
9272
1663
17627
104
24
26447
10879
64
8520
179
359
14
169
34
24
5065
6844
23
24
55
170
484
19700
26440
61
26468
61
22826
22827
61
7714
45913
5
16085
26501
1841
14
741
9
2459
42975
185
24
2356
5
185
33167
27
246
9272
9273
1004
32165
29131
741
9
2459
104
24
26447
10879
246
50938
50939
149
1391
445
34
32165
58
144
15
34709
2149
34710
246
187
149
24
4994
471
714
1541
50943
133
23
24
200
201


