258
6395
15807
251
23393
571
560
57
4325
34
22181
54
3899
1093
159
13
9192
2125
149
3218
13
144
360
494
23
5672
27
4303
361
3218
91
2798
2916
16603
3255
793
35642
61
31767
35643
61
3845
61
1869
14
376
12136
54
1093
4508
2
1404
12473
5
35644
3071
515
215
44
244
9019
61
515
54
1086
64
14
33650
2072
158
868
2
82
5
515
215
638
244
3043
834
10526
926
105
1510
27
1687
1447
149
709
10175
4734
75
707
35645
24
111
330
61
54
10489
2058
104
607
27
1687
628
149
35646
1229
2
14
25459
4631
76
707
6931
19691
11375
571
262
31767
35643
61
3845
61
149
1142
3253
57
22181
5
28770
54
1093
34
14
346
57
494
641
926
430
536
503
34646
119
501
650
13
3189
23
266
558
1348
24
730
61
935
2431
61
1663
868
2
525
485
37
1603
82
5
149
6816
47
91
14
5112
30480
27
119
730
750
6460
926
105
1949
594
57
24
3240
360
494
12669
13
24
82
37
20030
5
149
3250
1449
27
35642
330
183
149
3466
24
730
105
3071
5
515
421
129
11346
525
4942
525
27
842
61
926
750
24
571
61
1687
183
37
851
1456
13
1104
851
398
23
13390
1687
2186
628
1019
723
638
149
1399
851
219
23
24
2721
27
187
37
851
1086
64
14
2495
13
850
183
5
723
638
244
27
35647
61
24
35648
4276
76
35649
24
6558
330
27
779
3205
262
35650
4378
35651
69
174
71
825
1650
801
1462
506
13
855
3743
2943
3762
61
35652
35653
35651
9
35643
69
700
71
87
3269
14
360
9
506
4522
23
5672
34
9535
24
2878
730
119
730
663
750
6460
515
525
35652
1004
525
61
525
35654
4727
441
525
13
5056
7192
3219
185
158
5
926
149
441
13
1406
525
35655
5
2795
525
2534
12697
27
1687
691
53
846
2245
1030
628
149
35656
14
35657
24
730
330
23
14
1392
13
35642
27
1687
187
37
704
8815
13
707
3242
2495
5
35658
34
45
605
846
334
4747
5
7004
846
7298
47
34
594
57
707
562
5
2540
846
2245
1030
628
149
23
14
10947
2697
23
707
17558
35642
3218
24
35652
61
35653
35651
9
35643
61
13
360
494
23
5672
237
2157
58
24
893
3252
709
5136
13
2944
2945
5
1286
9405
9922
13
14
318
27
119
35654
87
1481
13
1650
801
185
3743
2943
1517
1462
751
27
119
571
285
218
316
9003
27
20946
23
563
21272
185
405
1517
61
1330
13
14
169
12588
23
4824
27
162
704
61
215
149
560
57
318
4702
61
318
4325
61
2944
2945
5
1286
9405
9922
13
14
318
61
704
35659
27
396
149
15379
57
1439
9194
5
35660
4702
27
331
1134
87
818
420
2
14
3873
331
262
8594
7681
10824
6952
35661
9991
123
24
801
515
24
4325
7201
61
5
16573
334
17159
23
10613
396
37
14
3334
111
262
8830
5700
35662
16562
978
13
9829
24
8672
525
6567
638
244
278
24
35663
13
8738
24
10629
9
358
638
244
11508
1936
54
4824
801
61
24
111
12586
215
391
24
730
37
30233
5669
5217
525
23
11247
27
4338
24
571
3793
24
730
13
761
76
158
23
23393
61
926
747
13
1406
5
3203
13
6457
24
485
23
122
2371
61
215
330
27
251
10435
1196
24
730
761
185
14
1245
1191
1284
24
557
57
24
485
61
215
12586
61
40
215
3250
24188
525
23
24
20030
27
17592
1061
53
1793
6252
13
24
82
61
40
215
44
244
4180
47
185
525
4014
652
215
149
600
185
24
437
27
396
330
5538
1061
2831
278
3068
525
2
24
82
27
119
111
105
4137
47
13
265
494
23
5672
2050
89
202
37
6468
27
7681
10824
35664
35665
1414
35642
13
748
24
111
890
494
1778
2132
61
586
215
5
54
715
2072
24
730
4663
652
358
638
244
1028
525
13
3204
2938
926
149
361
10850
27
1687
119
2510
57
5689
516
278
2291
23
69
24
730
37
71
897
40
34
525
3996
13
1876
35666
35665
330
27
10038
58
24
6468
1222
215
3806
76
360
494
61
215
4140
330
215
1097
35642
37
829
27
951
10175
4734
262
808
35643
87
2574
76
54
2030
64
215
7766
54
219
23
2959
119
111
37
5700
61
35662
16562
61
34940
215
3323
5673
27
396
253
99
769
54
485
5
54
1086
61
54
715
87
23
5672
5
54
7120
99
100
5874
61
926
330
27
1687
6675
610
369
373
14
5529
515
35667
35668
926
750
6219
58
24
956
27
35642
330
24
111
3323
24
1271
6578
64
54
715
27
4636
358
7673
360
494
57
24
730
37
562
61
24
6558
330
27
1102
610
369
45
370
11344
1105
185
237
4144
27
246
31767
35643
330
331
646
149
709
10175
4734
75
707
1093
331
246
35643
61
54
35669
5
715
7298
54
1094
15508
9
2033
1093
23
24
20030
34
190
494
246
119
8632
4325
2859
1348
926
149
503
35670
9
2033
246
808
35643
15053
525
61
24
23596
35652
1004
525
5
24
35654
4727
5669
5217
525
61
948
330
246
119
10843
2878
430
35
506
536
503
525
34646
5
149
8401
91
14
5112
30480
64
926
35671
35672
159
14
4324
246
35673
35653
35651
9
35643
87
3269
14
360
506
5672
6578
61
525
688
37
3219
2943
801
11643
1462
506


