258
5883
17436
251
4014
82
2230
149
561
5
316
57
54
1960
309
2639
9
17226
13137
58
358
3818
3233
9
371
14
17437
9
2033
8885
17438
27
4505
3222
943
149
1253
522
171
14
17439
17440
12220
361
7345
61
8768
5
31
185
14
346
57
576
61
655
17441
525
13
14
17442
57
17443
4325
27
487
17444
61
17445
17446
5
17447
17448
718
107
944
2394
24
12685
9877
14
331
13841
9440
17449
331
5
2496
621
622
13
331
6935
3685
3685
3685
525
331
61
5911
24
1254
27
521
159
34
522
589
12220
87
1610
17439
64
14
416
57
274
17450
24
8897
17437
9
2033
9877
13
525
5282
251
274
416
216
13
3098
589
12220
37
1009
76
54
3680
23
334
1920
296
2248
9
47
1724
4505
3222
943
149
1253
522
171
14
17439
17440
12220
361
7345
61
8768
5
31
185
14
346
57
576
618
32
6018
17444
61
507
61
4556
13
765
589
12220
912
1009
3098
61
655
185
2276
17451
24
1610
17439
9877
2334
24
5282
61
655
4389
13
1292
525
61
484
11987
54
1290
185
525
9378
13
6314
525
159
27
17448
61
666
61
655
3060
589
12220
34
5282
61
87
1253
13
6314
24
17452
57
525
6512
484
14859
525
10641
89
525
3062
91
2737
525
17453
27
2194
24
11533
322
503
650
13
3189
58
589
12220
912
688
61
972
61
7918
14
1115
548
23
24
1547
27
251
522
4487
57
1767
2
14
3515
548
515
149
1399
23
17440
12220
37
1547
589
12220
37
688
1481
47
14
522
23
525
2255
37
1547
5
433
274
17454
24
17437
9
2033
396
1481
24
1188
47
13
16347
3383
24
322
54
2255
149
3880
23
24
6976
17455
17456
6688
61
23
17457
61
5748
1715
61
149
5055
24
4543
4900
215
105
1869
449
27
396
149
818
17458
91
496
215
1850
215
409
510
24
1767
13
642
27
119
43
61
129
288
1085
2
122
8798
64
387
64
24
4121
650
13
3189
61
3252
3253
13
24
4325
61
502
510
513
23
1372
5
534
558
27
17444
61
57
4526
61
149
2104
1413
454
1778
2132
58
5552
166
6987
57
3233
322
1185
4702
57
14
1066
129
2663
6942
61
5
2276
57
12161
58
215
149
433
16796
589
12220
912
1449
27
17448
61
57
17459
61
4505
61
129
7500
10699
655
23
24
3217
61
149
417
316
454
23
5672
61
1085
34
316
494
58
5552
166
6987
57
3233
9
322
27
17440
12220
61
324
104
525
82
23
4505
1145
9270
61
149
17460
13
3233
9
322
23
24
3133
58
926
4534
89
24
17455
4014
82
23
7328
1715
13
343
13
525
17461
8885
487
17444
61
149
902
561
34
1413
454
91
4505
3222
943
58
5552
166
3233
9
371
589
12220
5
16796
525
1449
61
174
27
17444
61
700
61
505
750
1707
515
215
149
331
3330
3072
331
91
3383
17446
61
57
17462
61
7328
1715
61
149
3218
13
10361
4615
57
11555
223
34
5552
32
13597
57
24
1271
27
12722
542
104
4505
3222
943
61
3255
6092
17463
330
262
331
727
288
5677
64
8898
27
1134
149
23
3077
57
14
594
17464
7508
57
4014
5
5454
502
723
105
704
3029
13
5056
27
331
5638
449
525
2726
1185
24
1455
23
502
723
3366
5606
851
2726
75
14
821
1149
8518
23
851
4014
27
331
4360
24
13137
1204
808
12220
5224
455
825
1292
641
507
2277
2055
87
7918
23
704
3861
27
378
5653
215
330
262
331
628
9146
628
1231
455
40
692
2726
27
1031
516
278
100
24
512
17403
27
331
628
105
709
106
13
1014
646
516
107
3071
61
652
926
516
1013
278
423
646
23
24
55
513
27
331
628
1014
610
4997
107
5049
3096
1533
5527
57
24
4325
57
1149
11354
5
639
237
825
45
2468
641
610
850
24
17465
57
2055
23
1508
3861
27
331
119
2959
944
589
12220
149
55
3818
13
24
82
23
891
558
58
525
485
288
709
849
644
13
5736
525
76
24
4014
926
4995
34
525
1404
7574
8885
27
119
17455
17456
6688
61
14
6976
8885
116
61
87
967
5
1876
91
7522
5203
61
5
99
1547
34
47
13
4846
8888
27
17466
17467
61
10955
61
330
262
331
4338
449
166
3133
589
12220
912
688
7918
14
17468
548
23
525
1547
104
24
4014
82
23
3023
13
7178
3383
515
54
2255
149
3880
6350
4014
27
331
119
17468
1767
1046
515
185
3396
576
358
3233
9
279
589
12220
27
972
12220
3879
24
3515
548
23
54
2255
37
1547
104
24
17455
4014
82
23
17457
61
5748
1715
27
1307
215
743
24
4325
215
2104
5785
17469
13
642
129
807
14
2958
643
17447
17448
61
174
309
14
316
9
751
5672
6578
1085
34
316
494
655
17470
17446
700
149
3218
13
10361
4615
11555
223
58
358
3818
3233
9
371
24
9877
541
24
1767
149
14
1098
5
17471
824
34
808
12220
27
331
541
54
2255
361
3233
9
279
91
308
129
288
6581
13
107
13923
34
525
553
14
17472
4567
27
331
808
12220
149
818
17473
91
496
215
1850
215
409
4916
24
82
61
129
750
158
183
149
75
589
12220
912
331
8834
331
13
1399
24
5690
23
525
1547
27
396
935
2104
24
5785
17469
13
642
61
23
5657
1268
61
502
68
13
24
7707
57
24
166
43
27
808
17467
359
262
331
119
642
643
3283
515
4014
1061
23
24
82
105
100
10458
2241
1193
3240
824
27
17447
17474
105
100
10458
91
24
1565
23
54
4448
7841
27
331
17475
288
2330
5
646
288
1502
274
17476
27
331
251
17456
17477
7613
1614
61
658
133
123
24
2958
643
61
663
1142
646
288
9976
449
24
2820
57
4014
5
2002
417
104
24
17455
82
27
17440
12220
61
324
76
525
4068
2900
2968
174
149
3818
13
24
17455
23
891
558
58
525
8885
17478
162
4860
17444
330
54
2726
331
149
45
9733
5
2184
13
2995
331
61
484
5612
215
149
331
3330
3072
331
76
3383
27
481
17479
61
3239
158
330
262
331
396
87
101
709
15928
834
4238
1508
16705
369
5
215
15195
13
8431
54
17480
13
24
593
5
525
485
27
331
17448
750
355
185
576
646
516
107
503
166
8898
5
14
7658
13
1114
8895
5
330
215
149
331
45
1735
331
57
496
215
105
100
1253
27
4777
7874
330
215
105
795
133
57
331
17481
331
27
2153
17482
61
34
17446
61
330
54
6567
149
331
3883
91
496
215
105
456
331
27
6967
17483
61
8789
7164
798
57
7522
5203
61
330
262
331
408
17484
14
17261
9
17485
1398
1795
1193
17486
1185
17487
2726
13
2938
23
612
4014
5
515
87
1607
61
1348
610
288
55
9925
91
14
4635
57
2284
57
103
4014
1795
122
485
416
61
610
409
6754
24
710
13
24
1707
5
5748
1715
5717
27
331
993
166
11354
2933
23
237
501
278
45
3366
104
119
17455
647
610
288
53
832
57
24
2284
27
331
408
2294
515
237
1393
278
100
14
1098
227
34
24
485
61
502
610
369
997
2404
34
27
331
408
840
515
902
825
1415
405
8235
34
542
5
610
369
6028
515
1508
11354
278
100
3793
13
3622
902
27
331
397
24
6558
7530
133
61
24
7280
57
1508
166
11354
288
45
10911
57
4014
104
119
17455
27
331
1877
1508
2284
650
13
612
311
61
14
582
351
5
82
1785
278
100
7360
13
17488
24
17465
57
334
2175
4734
537
104
705
17348
57
24
333
4952
104
119
17455
27
331
246
17440
12220
149
14
5663
104
24
17455
4014
82
23
1715
246
487
17444
17489
10850
5
17490
17437
9
2033
589
12220
246
396
1347
3818
32
13597
57
16796
24
8885
8518
37
1449
246
396
149
433
185
2055
58
589
12220
37
688
804
3879
14
548
246
17447
17448
309
14
316
9
751
1085
6578
246
17445
17446
149
1599
13
1018
10361
4615
11555
356
223
246
13115
37
688
972
330
215
1688
215
971
331
455
40
692
2726
331


