65
4584
5777
5473
714
3634
30
698
3
2350
2190
3
46736
201
441
28
5
2310
1340
21
327
26020
59
2
1417
8011
9
37
8614
3634
6
656
1723
11
0
4977
9
1122
201
32695
907
6
18918
28
11122
5002
7
21758
12
437
1
45
10
1549
56
0
8222
10
201
441
67
85
21
34
176
49
319
0
478
8580
2
52
8656
0
1340
1
38
490
14
42
587
10
8
55
6
1277
8
4
14
0
1764
6
277
8064
34
698
49
63
201
275
1
1298
8011
3
1386
5
9430
6
2048
2421
14
29
98
40
116
270
31
25336
8
1553
2310
537
25
4149
55
3
32
5
645
7097
3
13364
54
968
4
766
5
410
968
1
8
8011
395
2
9810
46737
16
1417
8011
1
37
8614
3634
6
656
1723
20
5777
1
30
9745
5
2216
6
2365
4
2048
2421
3
11122
5002
1
1262
44
26020
59
201
441
4
25
10
2172
8
24
6770
66
3
7985
48
1779
1006
2
8
101
0
14432
1
24
2135
14
11122
5002
7610
121
105
278
0
990
6
0
32696
2
8
15
46738
13296
0
2156
1646
182
0
2310
5882
2647
11250
1
46739
46740
1
46741
3904
10562
1580
8902
4315
11
1569
13572
12162
2
8
6837
7610
0
201
406
3
95
1815
1254
2
6147
66
76
7135
5
1781
11
201
406
3
95
102
2
8
8011
20604
37
21658
13996
63
37
889
192
28
16263
16830
1
0
198
6
0
1340
18
1563
38
6207
15
16725
5357
1
2656
549
0
32697
2424
6
11122
5002
2
8
104
33
5
3013
4
4157
1340
4
60
5054
5703
12
504
147
4
14698
11122
14539
1
8
16830
395
2
8
24
46
6517
0
587
968
4
6517
66
0
201
46742
2
8
360
48
118
1527
3
23931
8011
557
2
32698
16
16263
16830
1
0
198
6
0
1340
18
1563
38
6207
15
16725
5357
1
2656
549
0
32697
2424
6
11122
5002
1
2404
3
8011
7
5
20570
152
4118
16
8011
34
1122
18918
28
0
11122
5002
7
21758
53
137
51
8
57
4296
121
14
7828
2246
5
7610
3
5
957
1826
58
32
37
1631
914
11384
11
0
7097
14
30
2314
1
8
8011
395
99
2
8
930
13116
1
212
1340
26020
80
801
38
3745
0
587
4
1284
5
4091
554
133
0
2104
4
4269
152
3
554
18918
2
8
308
107
86
15806
1
3059
14
212
587
10
55
6
1277
2
8
308
84
74
1608
3
3976
14
48
13
5
620
978
4
992
11
5
67
8612
4
416
9
4432
4451
2
8
15922
84
66
3976
0
6080
1
168
2550
7
32699
2294
1
14
56
5
656
13630
46743
5
1826
1
0
656
171
2648
5
1235
2006
85
0
990
6
0
32696
2
8
16830
1
38
532
7
5
612
1092
6
16677
4979
23
8
1249
18
1772
46744
46745
8
1
2404
17
37
4444
1332
16
8
308
1608
109
5
5277
130
2
89
13
48
228
907
212
71
218
8
12487
1
8011
224
99
3942
2
8
308
352
122
14
24
29
419
457
3
84
1
8
8011
18
2605
2
8
281
66
34
2404
14505
3
95
2553
827
133
2246
0
7610
24
6369
17
5
5436
4
32700
2786
133
14
76
29
40
0
267
6
25
2
8
15
67
66
688
3
758
212
1340
10
41
20
5667
1
0
67
1571
24
322
3
2806
5
2418
11384
127
66
2
8
1169
596
16
8011
219
3
400
9610
3
124
0
3574
3
1815
59
201
406
77
0
86
9
180
18413
8011
8
1317
0
978
12
3
0
811
8
7
21758
2
16830
395
99
16
8
2143
311
2928
66
11
2907
25
3
95
1120
1
24
46
1604
11
3450
811
3
3089
121
12
129
3
5164
48
1081
2
8
2143
44
3089
121
12
129
3
5164
48
1081
17
66
1
60
46
32
344
3
6517
0
968
14
44
6281
121
12
6657
8
24
46
143
5
2623
14
66
2806
55
713
1757
103
212
943
3150
1655
2
8
24
29
100
1157
17
46746
713
1757
103
212
943
1655
112
0
811
177
1123
2
8
24
610
66
1190
24
188
3
165
162
0
3450
9619
86
60
73
5164
48
2390
2
8
24
46
402
66
3467
23
760
23
44
965
121
2
8
5599
16
16830
10
7
16677
1518
81
215
4
4979
23
8
1249
18
148
32637
14626
8
852
3
25336
1
16218
5777
1
8011
61
11787
5
7994
1779
14
926
20
8
7509
4
21450
478
1866
53
1225
3504
1866
51
8
2
318
4354
675
4653
1
0
2814
1
0
155
331
1143
1
4
17537
6379
2
8011
482
5
565
3
5473
13081
324
21
890
129
21
7392
0
1081
17
11122
5002
10
1408
108
75
23
168
2
8
104
80
5952
12
1193
7
136
1899
630
1
14
56
1385
1626
13
176
1
25
882
11519
4
28585
0
14212
990
241
14
0
19409
7
5
4014
332
0
3463
990
1646
31
537
4
7034
2190
0
3482
2195
241
14
56
66
554
18918
1
0
968
66
177
478
1893
0
990
66
503
7
0
1340
1
8
21
78
0
587
2
8
104
80
154
148
6
48
11
2721
2
8
26
1417
8011
13
37
8614
3634
6
656
1723
20
5777
38
61
1565
5
7994
839
14
10903
478
46747
26
52
1122
18918
28
11122
5002
7
21758
1
2310
1
12
437
166
26
12479
0
1122
49
478
3
201
32695
45
25
10
201
441
67
1707
56
25
806
26
10847
78
59
7
37
1944
42
587
10
8
55
6
1277
8
26
8011
482
5
2216
6
2421
1514
88
3
1815
59
201
406
26
52
61
8
2249
0
811
8


