65
2478
2787
50
13
67
85
4882
82
83
4
5736
2016
6
0
8820
7
1748
8363
16
1037
6
10313
30
698
49
11
1078
11
72
25910
2
15
1823
6543
6710
1
7
0
1810
17609
1
13
0
15941
3
15186
2132
9
246
18
1558
957
9
1791
8820
50
1890
7
0
5213
611
3766
1424
7667
2
2480
975
2723
1
38
30
2251
0
2787
11
67
85
591
82
1
30
98
210
25
12
0
842
17
678
3
7002
2
15
1823
6543
6710
1
7
1810
1
13
0
15941
3
15186
32472
9
5
639
1057
8820
50
1890
7
0
5213
611
3766
1424
7667
2
8430
2480
975
2723
53
137
363
0
2787
51
30
210
25
49
11
1078
15186
2132
13
246
18
1558
957
9
1791
8820
4
73
118
32
7599
2218
0
2595
2787
657
21
13
1406
0
2787
1
21
678
3
1126
1095
0
8820
4
0
5991
528
21
1115
1137
11
0
9433
6
2556
2
15
639
1057
232
8820
1
157
7
0
1748
8363
611
50
408
25376
8250
53
1675
1546
46179
51
6601
1748
8363
53
1424
7667
51
17835
5508
25
1
73
118
32
7599
2218
0
2787
1891
611
4807
58
29
157
25
56
2780
3262
2
15
2787
1
113
944
16808
1392
46180
13
61
22
3
29
2201
1
13
46181
7
0
7103
46182
11862
1
7
0
664
6
0
1810
17609
577
727
2
15
6710
18
3960
46183
2329
722
455
15186
16809
317
7
0
6103
6899
14876
6
15186
32472
2
378
0
251
6
0
14876
0
2706
15186
2132
1
237
214
39
1509
2085
1
7417
639
948
28
37
46184
32473
2
15
8820
13
661
1899
53
259
322
7
2025
4
802
322
7
535
51
268
16306
1
11727
72
32474
134
2470
4
72
21691
134
284
2
657
68
2723
678
3
1380
0
2787
1
21
931
3
402
0
8820
4
0
1137
5991
528
15
8820
1890
7
1748
8363
16
1037
6
10313
50
1890
1770
1424
7667
53
137
51
15
2787
1
50
3957
99
3
0
9496
7019
1
2010
105
46185
7934
2511
1
64
4075
1968
4
5
4373
471
1
4
1250
675
9954
5854
1
661
6480
1
12202
16810
4
1988
3668
2
57
61
2010
591
5203
7226
1
5736
63
414
7014
4
1358
5
9131
4
8525
569
2
57
13
12
0
842
11
72
25910
32475
62
72
1795
11
5
111
456
9
6
9
2584
10717
17
32475
3223
3149
1
17
2561
796
656
2759
1
11121
1288
11069
221
13
61
5
105
9
1528
7273
4
2971
994
9
3640
8314
720
31
1443
20527
2
26
15
1823
6543
6710
1
7
0
1810
17609
1
13
12
842
11
72
25910
26
8430
2480
975
2723
678
3
7002
4
13
1406
49
39
591
82
26
19346
13
118
15941
3
15186
2132
9
8820
157
7
1037
6
10313
26
1748
8363
611
408
1424
7667
25270
1841
5508
639
1057
4671


