144
523
10965
238
447
10
285
4
105
605
4039
900
12
470
1241
56
5
1393
1444
8647
6
600
6749
10204
363
5
1647
1602
232
164
23
910
1534
11
0
163
2
3531
704
46156
1
4341
2072
13811
13763
239
7
0
4052
4
847
8797
1
46157
3014
4
32454
46158
43
80
10687
2280
32455
0
163
20
8828
899
714
2
57
13
3591
110
4475
0
2506
50
510
31
0
4926
1368
56
4807
43
46159
10182
3931
6749
7
0
704
6
29224
75
1
639
724
9431
6
4446
6241
2
6842
16
4341
2072
13811
13763
4
19
227
1
32456
7
261
612
799
204
90
0
8753
974
12
470
1769
16
4341
13763
4
19
227
32456
17
0
126
15185
4
5894
53
122
51
4
117
427
5039
46160
53
93
51
828
0
900
43
464
6
0
46161
1479
2170
49
42
1717
6749
1352
4
6598
2
4646
21688
6
0
487
106
729
0
193
6
54
130
1
5
288
848
1
4
14
105
605
43
12075
17
645
579
2
15
288
30
8642
0
6749
163
11
0
424
823
82
17
100
1033
4869
1
21688
22
2
8
982
43
128
2040
266
7
110
44
43
500
1
8
21688
22
6
0
910
3000
0
1352
2
8
135
692
110
44
43
500
2
8
10344
16
139
783
332
0
4323
6
0
2506
56
5
5254
8644
17
6749
10204
339
5
1602
232
164
1
1003
54
447
4
10211
105
108
75
38
43
2170
49
11
5
8647
6
600
163
13395
16
2625
33
3
2235
0
773
6
0
4052
12
470
1241
7
0
501
46162
704
6
8828
19656
16
139
787
2579
0
755
6
12451
0
32457
4052
601
7
8828
1
1602
0
132
90
600
441
4894
467
5394
17084
1
1074
771
6
0
8828
21022
6
16565
1
22
437
18
8647
6
600
1490
29
40
10622
2
96
22
0
6749
163
30
40
54
6
0
1404
7
0
1252
1
3596
4971
75
1
169
28
18627
1061
199
23
3661
1
4446
6241
4
3167
2
8
104
352
170
7
1907
1
8
36
22
2
8
191
2539
7
5
643
136
912
1
92
46
32
125
1084
6
1481
8
3
10131
0
819
1
36
22
2
15
1725
30
5
4174
12
1630
14
13144
437
18
46163
1
22
4151
13790
1
3595
11
0
514
23064
18
853
3
4057
1287
2
96
2479
3
1013
156
2971
597
1
9199
0
3119
493
69
0
2506
2
15
1602
514
23064
18
853
4
321
8506
6
10914
1
13090
1
29728
4
46164
33
1664
1
21688
22
2
283
6551
3909
7123
3267
22
0
5254
1272
0
6749
4865
12
0
17432
1368
208
3
0
164
1
46165
607
2
8
221
10
37
2506
1
5
5254
4
1633
780
12
514
1
8
22
3267
2
26
20676
464
6
1550
288
7
8828
1
1602
1
1519
31
4052
2170
49
600
441
6749
26
3531
7757
1
2072
13811
13763
10713
7
2506
48
1241


