258
7329
941
261
262
54788
264
61
2778
3094
1268
268
269
262
54788
264
61
2778
3094
1268
579
87
24
20744
7442
53027
610
369
1533
15291
13
5049
4603
23
525
19806
14452
27
842
9059
54789
61
6784
61
4253
525
25569
9
9815
12590
34
14
35442
1546
32
13
3531
14
257
2050
35108
9
104
14
9706
1203
1986
116
27
119
12475
1778
14452
2804
54790
149
1399
218
525
33567
1348
926
4828
24
1741
17841
4618
9757
8761
7384
54791
23
54792
61
6785
27
9059
54789
16547
61
24
5171
57
54793
4450
61
590
14
3613
13
24
1741
17570
69
7384
71
54791
34
14
2391
104
496
24
1741
17841
1018
119
9606
17949
1949
14
257
76
24
8757
2278
765
13
444
14
2806
57
122
14085
1986
2510
27
579
663
590
14
3613
13
24
7078
37
54794
13571
61
14
40561
990
4032
23
514
57
24
9576
37
4719
33500
27
4338
14
257
57
38565
4328
61
9059
61
6784
61
1949
227
76
40687
8013
2465
331
48404
331
52483
129
4508
49920
947
23
1904
2
334
25584
9767
1188
69
52089
71
27
9059
330
262
331
628
604
12907
834
886
183
149
2050
13
107
27
628
2236
149
7345
13
707
13343
27
3779
4310
369
13411
5
1018
334
2219
1086
34
612
1566
27
331
119
12590
8575
149
1399
218
525
33567
1348
926
4828
24
1741
17841
4618
9757
8761
7384
54791
23
54792
579
5910
262
331
628
696
604
1846
1155
9653
5704
4003
61
9405
10920
5
77
21425
27
691
704
3935
64
822
2002
64
358
718
444
27
331
9059
149
174
11298
5
11272
58
3477
398
23
6557
1986
61
19409
24
7078
37
331
897
2167
331
61
54795
2
1469
896
61
5
11942
23
14
9706
316
9
1034
2895
1876
61
23
14
4233
13
4568
3225
13
6096
24
4618
40561
990
27
9059
149
23
2508
4420
61
167
970
776
452
23
525
2211
562
27
119
15264
1949
14
257
76
24
8757
2278
765
13
444
14
2806
57
122
14085
1986
2510
4338
1526
494
57
568
61
525
583
6092
9
24
571
57
525
166
272
9
174
525
23
555
5
9237
3858
14
7316
76
7910
42164
61
14
1015
485
549
5
3355
54790
1074
27
1331
61
58
14
19
10073
515
3958
9059
1389
507
5720
1348
926
149
441
13
4658
6092
133
57
24
485
912
54790
14452
3104
61
215
4934
215
149
7306
47
14
4987
14452
3952
9
76
42164
64
54
8789
5600
27
842
33786
91
1508
1275
61
9059
87
2278
2250
5
12924
1284
1541
27
579
663
2182
91
24
54794
13571
61
14
40561
990
4032
23
514
57
24
9576
37
4719
33500
408
369
1533
15291
13
5049
24
3827
23
14
12384
1481
57
14452
246
46616
1741
17841
4618
9757
8761
7384
54791
23
54792
61
6785
246
16492
14
257
5812
3225
34
7078
37
40561
17645


