65
7946
155
331
1387
14
8131
1158
1563
31
2824
0
1701
4
5807
6
1457
17
16731
9937
1145
0
597
28
97
587
437
2
15
3307
689
175
94
0
1196
79
105
230
39
0
349
14270
5
1158
742
537
14
1041
2908
26329
11
4174
5740
2
15
26329
43
5
2445
3
11677
10019
0
1387
933
12
48455
14
19612
792
6
4174
5740
7
9950
4
26330
8106
2
48456
16
563
13453
6
599
4358
13
5
776
1350
2989
20
155
331
1581
15
689
3307
39
25
933
5
874
6
1158
4174
1563
7
0
329
53
33295
48457
51
18117
1102
4251
34
1006
2852
14
4174
1563
8
2908
10
91
7176
2
135
22
0
2613
76
2726
12233
3
42
1170
119
106
1562
366
0
2613
76
667
1127
9
19875
3
0
362
38
34
210
88
184
2
15
5807
6
125
3307
689
22760
43
633
478
1
4
2659
43
180
7
3
0
1387
18
6244
2
15
1387
3015
1971
3535
7
1295
2
10605
33296
1
813
4
14058
6
15
3307
689
4801
1854
1
22
7
37
8656
565
1
240
657
0
111
537
254
41
3962
282
3
1684
0
1196
1
60
354
14
500
86
48458
17
97
3806
2
240
96
22
0
10019
34
40
3745
743
7694
341
278
150
44
43
933
16537
928
2
15
1387
2779
0
1484
182
0
349
5924
6
6552
5271
39
0
16537
591
9037
164
1163
7
12774
1
33297
1
113
5
4361
38
34
285
19
145
20
102
285
316
87
9
20704
4
231
25671
4
123
1654
1747
2
15
10019
2238
478
632
437
45
76
100
879
32
13585
3
325
1701
4
5807
2
660
8107
4445
6257
1
0
148
12123
4700
6
0
2824
1
22
1
240
3972
1762
15
3307
689
30
1085
5003
0
3042
7
42
5984
4
617
0
122
551
2
558
24
322
1987
3
29
1317
3305
1637
15
3307
689
28
500
48
388
311
2
240
380
426
1
23
196
6
5
1158
742
1655
1
0
349
24066
1317
4
10942
1186
21672
1204
111
5395
14
355
4174
5740
418
1678
3
8443
55
6
0
270
585
2
48459
73
1821
3
32
19439
114
44
33
106
362
62
1773
12
1020
9
276
26331
62
33
819
6
2357
1282
2
135
61
73
79
161
44
445
32
5142
3
6377
2
33296
22
437
1
240
238
6
136
3751
6180
23
5
1387
13
3
21264
136
6530
17
23
194
597
23
686
12
0
2184
1157
44
225
1
4
3807
29
1728
383
5
235
1092
150
0
7403
7
1137
12774
1
33297
240
15
1581
601
5
8896
12
405
928
56
25
2628
792
6
8355
4174
5740
7
7946
9950
4
26330
8106
79
1171
6
155
331
283
7
37
11677
2613
12
97
587
2
6236
48460
11722
20277
3015
1158
9
19530
606
3535
3
4348
0
1581
18
6244
2520
5
18115
6
2365
2421
4
391
992
7
0
262
230
2
15
1581
3015
0
1735
606
28
33240
13110
1288
2540
1
5
839
428
7
155
283
14
4286
825
109
2647
4
606
2369
19617
1
301
3
0
1143
2
15
546
224
79
230
39
0
3307
689
734
678
3
7113
37
8570
874
6
158
67
4174
9
1272
3461
2
380
0
874
16
294
168
23
3307
689
0
587
21923
933
5
48461
874
6
13679
1158
1563
7
155
331
283
12385
17
37
1954
3359
8
15
1158
1040
208
917
16
939
66
84
74
183
63
0
2015
7
212
4612
1
8
0
3307
689
2613
10
9367
7
1295
3
0
405
591
1163
1603
6
316
126
4
231
2039
7
12774
1
5961
1
12296
6
0
48462
9986
9398
2251
1387
22
2
15
208
31562
6
1701
46
32
4174
5740
7
7946
48463
655
1
155
331
1
113
0
3445
7924
78
0
1387
25
13
170
48464
597
2
871
32507
75
33
13679
3
220
33264
7
0
105
8106
1
0
1387
22
2
10404
6
8122
4
22519
84
41
252
9937
1
0
1387
22
2
15
4897
3309
4236
1
1303
12
637
559
2127
1
543
1158
1563
2
8
2161
66
19859
7801
14
66
61
116
5
2613
11
3621
3
256
3
325
1170
3
9469
14
29
100
3807
7
88
3
1231
784
218
8
2778
48465
6
6681
8105
1
5290
1
633
12
0
1387
18
2427
569
2
8
939
5
8918
6
12302
7656
66
80
33
2
8
3306
349
8125
4445
6257
6
17424
1
155
331
1
22
21
1502
3
7175
3305
3
402
4174
597
747
5004
3
2527
4
106
2
48466
1701
16
15
1581
601
5
8896
12
405
928
56
25
2628
792
6
8355
4174
5740
7
7946
9950
4
26330
8106
79
1171
6
155
331
283
7
37
11677
2613
12
97
587
65
705
1655
14
21
2687
421
23
37
24690
732
7
0
349
9093
2
8
15
48467
12296
20
0
3307
689
29
494
311
698
55
6
42
152
3
242
5
7539
20952
723
12
537
18548
8356
1563
1391
0
1252
1
8
6257
395
12
19
3644
2427
569
2
15
1387
18
3033
4
3253
813
6
546
1
48468
48469
1
421
7
0
149
2833
0
595
3
874
0
4174
5740
2
8
104
692
4897
6
0
9062
58
32
2302
1
45
60
809
3108
23
194
597
23
60
76
63
1158
8757
7
136
329
10
650
7
0
4323
6
0
12774
5713
1
8
36
22
2
871
3877
30752
31
2824
3258
8
4
12296
8
5807
4
108
1210
597
478
2
3325
2670
1
5
20641
3634
20
0
660
422
6
155
331
20
155
48470
1
180
0
3877
8
1295
14141
4
48471
2
19019
11
586
16
15
1581
22
14
44
2543
0
2613
114
7
0
2115
6
0
12774
1163
169
75
404
3
183
38
34
620
3807
7
42
4612
1
4
92
43
4275
357
0
264
53
137
51
8
57
254
74
356
0
1092
6
1158
742
3
0
755
6
6662
270
6119
1
8
21
22
2
8
2242
1
25
13314
110
171
32
5
21149
270
1776
12
5
15545
1092
69
7708
22735
1259
2
8
2670
22
0
597
63
4174
5740
10
270
4
1
112
2716
7
6717
1
1773
5
10872
1062
2
89
559
9960
2898
21924
6
0
963
9
428
33298
3182
395
478
48
149
14
0
1387
18
4931
34
41
698
416
511
3
6987
0
4174
5740
8
983
6
2908
2
8
281
6773
76
163
17075
7
0
1158
20089
571
1
14
58
32
24962
1
8
21
22
2
8
6147
1
11
1597
1
112
1158
1563
43
19439
28
9937
114
6
1323
7003
1
123
6773
76
419
6987
0
2908
4953
2
8
21924
22
21
2888
0
3128
445
12158
6867
3
326
3
2908
1993
2
8
15
2634
1593
6
0
762
6
270
1484
28
80
2549
206
168
32
5
270
48472
11
1489
1484
1
50
58
32
0
1192
2358
6
80
1
8
21
22
2
26
15
3307
689
933
1701
4
5807
6
1158
4174
1563
12
405
928
26
15
2302
356
30
2290
5
676
11434
7869
0
1581
3
8109
1971
3535
11
606


