1110
870
9016
44118
1569
11914
4634
13
1611
9201
185
4386
2356
9
5
704
1009
288
185
16955
3608
8915
40923
64
215
53
54
9382
3649
27
4020
18
2
791
25936
5
1554
61
8314
9
3461
10917
5
35290
3177
61
40923
9
552
43438
3492
33059
223
34
5618
9109
5
43346
9
1219
105
124
11232
13
4350
27
119
44119
5470
61
44120
9
44121
61
149
30725
5
44122
9
5
5209
515
40923
718
9382
76
44123
27
521
159
34
522
870
172
3392
44118
1569
11914
37
44119
5470
149
4313
5
1285
8815
13
582
16955
3608
61
8915
40923
1877
3477
18
24
9382
17621
61
183
37
3466
515
40923
99
12321
602
13
24
1578
12417
57
24
5577
40
21557
54
2534
4919
27
13561
13
40923
61
24
44119
5470
37
44124
99
35671
3763
334
8673
61
7495
529
69
144
2391
13
24
5046
15111
9
43307
44125
9631
1030
44126
9
2242
34
4121
71
27
2819
16518
4430
28080
13
10603
44127
662
5
6072
61
44118
1569
11914
149
12460
24
8673
37223
40923
99
1610
4534
24
9016
912
6858
2
4896
13
24
4270
1877
3477
18
24
9382
17621
61
183
37
3466
515
40923
99
12321
602
13
24
1578
12417
57
24
5577
40
21557
54
2534
4919
38398
44128
18921
61
21013
44129
5
27689
23333
359
14
822
9
4995
44130
13
24
4394
31098
44131
61
2867
334
44132
61
18152
9886
64
621
5285
44133
91
27
2819
16518
4430
28080
13
10603
44127
662
5
6072
61
44118
1569
11914
149
12460
24
8673
37223
27
44134
7683
5145
47
24
837
5540
2060
5
669
649
7565
61
6601
5101
362
24
27544
57
2302
331
23998
331
2909
23293
27
10548
5
5046
38645
288
30271
89
25008
7683
2540
14
16139
2504
23
44135
61
575
358
288
28476
76
13789
44136
5
24
44137
57
28372
27
40923
99
1610
4534
24
9016
912
6858
2
4896
13
24
4270
5
91
749
24
3193
33
13
941
61
215
1825
22723
23
54
9291
13
3896
591
13
24
25936
57
24
9016
9
5
516
244
358
107
1735
27
38398
44128
18921
61
21013
44129
5
27689
23333
359
14
822
9
4995
44130
44138
18877
61
14564
44139
61
5535
35700
61
20079
9612
36237
5
21752
44140
7427
918
3125
246
8915
40923
53
54
9382
3649
246
44120
9
44121
149
30725
5
44122
246
7877
37
44124
99
35671
3763
334
8673
529


