144
1257
5193
293
16
31724
138
1
406
359
151
291
287
16
46360
138
1
406
359
151
24670
16
895
631
1027
6
660
7916
3672
30
3005
3
461
875
39
19
946
10
4425
895
631
1027
6
660
7916
3672
30
562
5
695
6
1884
2495
93
31
5
461
7495
12
19
1210
946
23
8
3710
8
4
8
21716
8
2
3306
1495
3672
34
19
461
946
1175
69
719
31
0
222
7495
22
3
29
7796
7599
0
1944
1863
6
418
464
6
179
519
778
8311
3275
18
117
2
15
7495
1
38
1828
0
3317
8
32553
8
1
467
17483
1515
46361
179
519
778
8311
3275
397
415
2
238
737
1039
16
8
308
46
5153
7
4965
1
3275
307
8
101
54
3599
737
1
0
7495
46362
16
8
25938
0
32554
307
13833
47
172
46
32
5
172
456
6
32554
62
46
32
100
67
307
8
294
168
23
0
2922
2495
1
125
6
50
25819
3672
430
1
799
43
3361
3
3672
18
461
946
1045
1555
9579
6
0
7495
18
1033
1220
3
1944
1863
6
68
3275
4
19
4510
3126
4
7979
2
852
3
46363
1
0
2495
1041
64
4349
31
68
3275
14
21
34
8656
3
19
757
7
405
81
70
4
5
783
482
31
3126
3275
3
19
4510
61
7
405
2
563
5307
17
542
628
3359
8
778
240
46364
240
2366
3275
46365
8
13
364
3
29
40
633
12
0
946
17
277
783
2410
17
5
14073
8
32553
8
25939
2
1495
3672
192
175
3
461
4
633
37
2786
3
67
85
21717
75
38
8
109
8
19
946
1
18891
14
19
946
34
40
4425
2
52
633
16
8173
2551
1
23
148
6
66
7801
1
95
25940
946
30
2694
40
4425
2
24
351
2426
66
29
3
177
80
0
3710
1
21716
2495
14
33
9799
49
2
18892
16
238
6
0
3599
2495
116
31
0
7495
1041
48
54
50
1039
16
8
308
46
5153
7
4965
1
3275
307
8
25580
16
15
7495
633
5
695
6
19636
12
1495
3672
18
946
23
168
23
5
695
6
947
50
33
521
3
29
40
204
28
179
519
778
8311
3275
18
4425
1944
1063
8
6837
6383
23
60
33
346
17
25940
3
154
462
6
48
863
2
24
4925
212
9414
2
8
2143
412
742
6
19
946
34
40
5028
1
21
176
16
8
8173
2551
1
24
351
596
3
365
14
0
7829
863
30
40
3812
2
8
104
29
40
346
17
25940
48
415
4
44
175
3378
684
3
22609
0
1081
2
8
9341
6
217
38
1405
19
461
2495
175
3
0
569
3
2954
0
179
6208
6
0
8572
16703
6
6150
99
3
0
569
2
12048
16
1495
3672
562
0
7495
18
2495
23
8
3710
8
4
8
21716
8
12
19
946
397
26
15
7495
633
5
695
6
3599
19636
12
1495
3672
18
946
26
1495
3672
22
21
614
17
461
3
5164
0
863
26
2017
393
1495
3672
3005
3
21717
461
476


