44048
262
27803
44049
8585
69
324
71
1399
14
642
798
23
14
1146
57
8638
58
7983
44050
54
44051
655
361
6555
922
14
15214
251
2889
53
334
5267
9
18787
1761
13
1488
7707
91
44050
5
19658
14
642
798
37
44051
123
14
22466
922
14
15214
61
183
99
100
4927
27
27803
44049
8585
149
1717
133
57
24
44052
28265
23
9907
61
11247
61
104
1145
916
1835
34
23798
3181
61
1489
13
642
341
27
842
215
747
13
996
24
922
351
641
215
105
23663
54
8840
714
61
502
215
648
149
373
23
24
3268
27
368
377
358
65
158
331
1793
5839
13
996
76
54
486
331
61
40
215
516
244
2970
27
1307
642
2084
61
215
497
9440
61
818
334
798
1129
334
12249
9092
13
765
24
3357
9
2033
13
24
674
27
187
149
935
515
44049
2950
47
76
54
700
620
5
8268
24
798
37
44053
27
1882
13
44054
61
24
642
2401
330
262
331
119
798
1399
102
1778
54
10428
5
750
158
13
157
738
61
40
215
44055
1220
27
331
119
798
935
11311
158
23
24
855
61
40
44049
503
44055
1533
5
1770
13
18095
54
620
61
1286
24
798
577
1401
8638
577
27
331
44049
503
44056
54
6314
58
24
798
11311
158
946
607
23
24
855
61
183
149
3138
27
44049
149
147
2940
76
7996
7707
61
2943
57
14
1857
16117
5
1857
23793
27
569
745
54
6654
61
355
1142
215
105
54
8840
714
704
1817
27
24427
3622
262
44049
149
2940
76
7996
7707
61
2943
57
14
1857
16117
5
1857
23793
58
24
315
922
24
44052
28265
69
702
71
23
9907
61
11247
246
27803
44049
184
58
361
331
3194
133
57
2439
34
23798
3181
331
246
397
215
149
441
13
24
674
61
215
331
2950
47
5
8268
798
37
44053
331
246
331
27835
44050
1220
5
503
157
738
1348
11311
4727
23
24
855
331


