14931
16447
5
3348
2992
3349
278
8315
24
90
58
2425
2426
912
7858
1785
65
54
8142
34
5869
7522
13
107
8903
34
327
912
26959
27
16447
5
3356
3349
497
12881
23
14
6309
1348
327
912
219
220
330
24
1190
57
7522
912
4462
105
100
1687
52060
104
24
2118
2434
11958
27
3356
3349
1805
33
91
586
515
16447
149
1687
23
709
50674
13
221
1155
14
6463
27
1295
61
16447
5
3356
3349
278
8523
33086
23
3291
3133
5
11401
76
24
1190
57
7522
361
53
787
34
12914
21363
912
26958
2438
34
24
16369
5392
2502
9
445
75
14145
27
5869
7522
37
4462
149
11258
64
14
2536
256
54
1454
13
2425
2426
23
24
2157
3348
2992
3349
69
174
71
5
14931
16447
69
700
71
288
12881
23
14
6309
18
24
136
61
40
278
647
53
47
16447
5
21363
285
13
850
7522
61
129
99
144
4634
2
14
10251
52061
54
2426
3649
23
24
15
9
16
81
18
1202
4437
2978
1267
495
5
3356
3349
912
1999
183
516
107
23103
34
24
17388
9
2033
912
5342
3401
5
54
4462
3401
13
107
2933
23
316
21031
2542
27
21363
330
262
1687
305
24
987
14931
516
2528
76
3348
17078
27
543
405
57
24
110
628
4997
2528
76
24
55
77
1785
40
23
237
1313
61
652
14931
87
1834
76
3348
185
1786
16036
5
5057
819
515
825
107
2933
61
14931
105
515
6529
27
1687
119
35
227
628
1850
3356
3349
149
23
14
6933
23
4440
123
24
2118
2434
27
187
5145
159
185
24
296
358
288
2505
16454
61
818
610
105
14
4072
449
515
3401
158
5
11828
52062
61
612
6933
2168
2169
1411
11228
61
19247
34
45
401
402
3555
5869
7522
99
1094
309
3348
2992
3349
37
8142
13
2502
34
24
327
38957
2438
7522
61
700
61
825
2502
34
12914
21363
37
83
23
14
16369
5392
2502
9
445
112
75
14145
1687
842
628
639
2
24
6529
515
215
149
2236
841
449
158
2467
5
2505
2542
27
187
87
45
1465
610
2342
144
648
2344
610
4997
221
237
2438
64
168
64
610
3633
718
2346
1221
610
369
2372
449
24
11354
704
24
227
5
496
87
24
700
824
34
22587
21363
61
203
61
99
4534
13
6757
24
4918
453
21388
21389
912
2019
34
24
3355
2438
61
1348
215
105
423
1533
1284
14
506
2241
2505
34
24
26959
27
16447
912
829
149
2011
76
12246
7002
2
791
26958
219
220
6157
34724
27
842
21363
330
262
1687
119
55
2438
628
8903
35
891
61
215
149
2352
27
162
24
1372
192
61
215
149
373
6534
334
60
5
5937
288
23
255
27
1447
149
14
1842
2050
185
652
54
695
149
7734
818
628
638
1013
1019
215
149
2472
27
1687
628
105
14
692
15101
76
158
69
1348
215
2084
104
290
6649
912
3274
71
449
183
64
3885
215
912
648
2344
496
278
628
2287
89
778
2346
396
149
1013
12005
34
6769
652
57
54
636
27
1224
628
278
289
158
33
23
778
1833
628
44
61
40
628
2357
821
124
185
24
1060
5
24357
372
515
278
456
14637
2994
11077
23546
27533
23379
246
14931
16447
5
3348
2992
3349
288
12881
23
14
6309
1348
24
327
1785
3793
47
24
1190
57
5869
7522
37
4462
246
3356
3349
1718
91
586
515
16447
149
331
23
709
134
331
13
221
1155
14
10613
246
119
1047
278
1094
8523
104
675
23
3291
3133
5
278
8315
24
90
61
76
3356
3349
605
7522
54
8142
13
2502
34
327
38957
246
12914
21363
37
17991
2438
825
2502
14145
23
14
16369
5392
2502
9
445


