258
463
464
3968
261
262
53736
264
61
2154
4824
558
268
269
262
53737
264
61
265
4824
558
30110
4902
16923
11009
99
4848
34
45
2394
24
2367
185
24
4744
4895
23
4852
61
4853
61
4894
27
119
1105
650
58
926
4942
13
81
18
525
42369
6446
6648
23
24
6217
123
14
4463
76
542
185
207
27
579
3138
926
604
2150
13
21326
24
3607
308
61
5
2053
1129
11248
131
417
13
525
91
24
8106
356
104
24
227
27
11009
99
100
901
64
24
5562
30623
13
6738
6744
64
6628
57
4809
61
1204
61
1793
6320
6313
369
2965
13
1337
525
5494
1222
3989
6216
53738
525
34
1193
5016
27
521
159
34
522
3627
13479
262
11009
2011
34
449
334
2277
1778
2396
1161
104
24
4744
6240
185
207
76
39994
259
6413
61
4051
61
15343
9760
61
700
61
5
8671
53739
61
174
2520
434
262
16923
11009
99
100
6346
12459
91
6337
525
34
4044
1105
58
24
4852
239
162
14
376
1725
6329
58
24
32
9
2277
4463
104
24
4744
6240
57
39994
259
6413
61
15343
9760
5
8671
53739
61
11009
330
926
105
11455
185
1366
2
24
8862
484
926
3469
185
360
2414
296
4174
1046
185
891
2584
27
331
408
4042
515
24
11248
131
4952
91
24
8106
356
61
5
24
4044
8454
3858
502
358
288
1893
61
288
21716
23
14
3604
1643
262
646
149
709
3153
1185
8130
23
4852
61
331
10005
11009
330
27
579
359
262
331
408
15521
515
12009
628
61
3100
2938
2359
23
24
8736
61
5473
13
21326
24
3607
308
104
1193
1679
23
237
2532
61
5
24
8736
8998
6207
5
24
3607
308
64
612
29045
12582
27
331
119
6337
330
515
358
5449
31963
91
525
18924
5
330
525
3613
174
542
76
6076
9976
1284
484
24
4463
27
691
278
6346
12459
525
34
4044
1105
58
24
891
2978
239
185
24
4744
4851
23
4852
515
1196
183
149
14
49540
836
22354
2
12086
57
334
4678
9
6407
1045
1537
1284
14
21486
239
27
8037
262
119
7808
91
6337
1099
3958
11009
24
6747
64
6209
57
1779
4744
4910
13
4853
1172
4903
5
166
622
6795
288
1745
23
24
239
185
24
4852
4851
5
14
1317
8862
53740
27
10846
948
147
330
24
239
149
3633
2228
13
8072
9
8788
52536
27
6413
330
262
331
408
369
14825
7896
91
3096
57
24
7909
515
610
2168
61
5
405
515
610
638
244
444
61
6923
4121
515
149
9894
1330
47
13
24
239
185
612
4895
820
187
87
3466
515
24
1366
515
926
65
24
3607
308
149
21716
1348
926
330
515
183
149
14
49540
8130
1482
91
14
53741
522
27
331
396
359
262
331
187
149
45
61
5
646
149
16574
4121
104
24
227
515
515
149
1219
45
24
501
61
349
7186
91
53742
64
758
64
622
6795
129
369
5896
832
515
308
1018
244
1415
22188
5
3336
9
31538
47151
13
49540
26189
27
331
9760
330
262
331
628
629
1533
17458
1094
1284
628
149
484
27
628
1019
183
1308
45
1018
3622
13
24
9427
104
24
227
5
23
31380
1610
149
1294
286
20044
162
1189
227
61
183
149
14
376
13918
2
9427
27
331
53739
330
926
105
331
3096
1533
8737
515
2296
13
107
10900
331
5
1196
926
1825
9298
75
11009
37
6747
64
6209
57
1779
27
9760
359
262
331
628
516
244
9298
34
2295
361
24800
133
57
24
4852
27041
641
628
105
7909
449
496
640
515
628
1018
244
278
902
61
331
9760
330
27
10038
1720
215
516
1337
1155
14
6747
61
9760
330
262
331
9940
61
3330
27
628
516
513
14
6314
185
2295
515
1545
13
107
17555
34
1193
1086
515
105
14
511
23
24
4852
4918
27
331
6337
278
9991
515
24
6216
8736
978
13
2502
159
24
4894
17500
23
1579
4044
1105
13
1790
19046
24
5359
37
1400
57
4228
23
2278
8072
9
8788
23
24
1876
9
47
13
24
4824
608
6330
27
11009
149
9233
91
10823
8862
13539
6092
53743
5
149
45
719
91
6219
27
6216
99
3957
11009
5
330
1222
6313
278
14
2536
76
24
8736
37
3791
57
4852
358
2831
331
738
58
846
331
1537
1284
1812
13
331
53744
525
7120
27
331
19125
262
251
9888
123
24
2943
185
24
4744
4874
23
4852
61
4853
185
891
15627
9760
663
12459
4744
8106
5459
515
598
24
11248
131
185
502
11009
1893
525
1857
1105
27
331
628
629
821
3316
23
612
8106
356
27
628
1019
358
4942
23
3096
1246
27
842
76
14
853
2549
57
7781
5
46396
61
628
1019
183
516
107
2928
3466
515
13
3934
237
7248
64
2674
13
14
522
515
5347
14
12081
515
1802
89
14
17627
149
420
37807
61
331
215
330
27
331
143
104
24
1029
57
24
257
61
610
728
2050
13
444
13
24
2611
57
237
27
331
11009
37
6997
4852
7186
288
1893
185
14
1481
57
53745
11248
131
3539
91
4744
8106
5459
34
273
57
6207
27
119
4044
12605
781
91
24
8862
6754
13
331
2367
331
658
133
91
331
9213
76
2489
13
8072
8788
27
331
1295
91
24
227
11009
309
542
61
331
2367
331
105
4073
13
331
26189
331
5
331
76
2489
13
8072
9
8788
331
105
100
32918
61
946
4744
4190
278
330
27
3627
17680
262
6217
17590
4697
6401
416
61
22116
8671
53739
61
1520
926
105
331
3096
1533
8737
515
2296
13
107
10900
331
5
1196
926
1825
9298
75
11009
37
6747
64
6209
57
1779
10856
23
8106
23134
3084
24
11248
131
288
12895
53746
23
3023
13
2648
17468
5909
23
4853
23
24
5355
57
24
239
61
5612
515
334
643
149
373
24489
1348
11009
53
24
15163
57
4174
1046
185
10831
2584
27
6337
61
18596
61
3476
11009
149
4126
47
34
3989
6216
61
5260
24
8736
638
244
1028
334
8072
9
8870
4894
239
13
28104
54
4712
9
6330
3293
27
1705
1385
352
262
6216
8736
1609
10438
16295
1520
24
8737
449
11009
37
11248
131
278
100
10900
119
1705
1385
99
3250
2540
372
43868
5
273
57
6207
369
3108
13
9055
575
24
3787
288
53
27
1705
1385
1609
10438
16295
330
24
8737
449
11009
37
2504
185
24
4174
1046
5
24
11248
131
105
100
10900
27
16295
330
262
331
119
6858
185
9
405
2290
377
14920
69
76
71
9
1105
53
185
2414
1046
1130
13
846
61
5
13
3096
61
13
107
18258
27
2186
87
24
222
57
24
6858
185
237
778
331
11009
61
14
15001
44238
129
37
477
13
7172
7249
15125
4415
5199
61
99
5867
218
6344
6095
18
24
494
13
27196
4783
6181
515
2581
6092
53747
5
259
17466
61
3383
14
1243
6738
6744
3028
27
579
99
334
6133
9936
9
525
571
149
24
55
2060
6979
57
24
7604
13656
5346
61
525
2255
14
18119
4747
44238
9
40
11009
37
22475
53748
99
7199
53749
449
525
53750
34
24
1086
2
365
24
174
5
700
27
331
579
87
3233
9
11131
13
107
24
5580
37
908
12649
34
1107
515
278
853
13
1018
76
4853
61
331
17290
53751
61
14
174
9
10982
4772
3801
43536
61
598
970
23
14
2418
515
19964
834
926
625
65
1097
12649
1075
53752
24
6666
4681
1348
926
3366
23
24
5214
6744
1705
1385
27
396
289
525
334
331
53753
12649
27
331
119
1605
1606
2903
331
26388
35265
61
663
14
14099
43536
61
510
3631
64
758
61
1448
11009
37
2734
1398
40751
369
12445
5670
91
7150
7143
27
13229
522
109
246
53754
6413
61
9760
5
53739
1520
122
9976
46429
58
4463
76
16923
11009
23
4772
61
6312
61
185
207
246
691
377
358
516
9298
75
11009
1222
926
149
24800
13
6867
6738
6744
64
6209
57
1779
246
4744
4902
1172
4903
5
166
622
6795
288
1745
23
4852
12230
9
502
392
185
10862
2367
5223
246
1705
1385
1609
10438
16295
1520
704
24
8737
18609
11009
37
11248
131
278
100
10900


