258
463
464
3968
261
262
22846
264
61
905
744
1268
268
269
262
46215
264
61
905
744
1268
251
791
39877
9
1565
2809
3608
87
16262
525
1785
34
34224
17489
9232
525
449
525
1577
5
1290
9
1347
9271
525
13
46216
7901
16923
17436
9
502
2707
1745
525
27
1837
46217
3138
525
225
104
39869
2804
46218
61
46219
46220
61
9114
12635
525
5
289
525
14
331
26648
331
23
918
57
622
8860
104
24
1565
912
1603
1604
2964
27
162
525
2947
608
5720
11350
75
46218
5
46220
61
7593
23
7703
7357
943
185
207
61
24
5735
1956
3753
330
24
5613
4325
11
525
13
1470
14
438
9
2390
8491
46221
27
20392
262
1837
46217
1400
525
4089
102
46222
58
926
149
19775
104
223
3673
262
2036
39877
9
1565
6428
3608
1837
46217
87
16262
525
225
525
225
46219
46220
61
324
61
34
34224
9232
525
449
525
1577
5
1290
119
791
16955
8636
3608
1400
46220
12443
525
58
926
747
13
1199
14
5391
39869
5577
76
158
9
185
1565
227
9
23
1972
27
331
162
5657
1972
61
46220
27260
46217
104
14
2222
417
91
334
7164
57
24
830
1565
912
831
2511
6567
104
525
82
91
4727
9656
13
46217
64
1687
16923
46223
14
10021
7901
129
87
1502
27260
23
24
833
64
361
2033
61
2119
5
3257
61
331
24
10186
5778
61
1489
13
1605
1606
3801
27
16923
17436
497
334
11607
5396
3022
58
1756
14
729
34608
57
331
628
46224
14
15927
331
2
331
6766
46225
331
185
9427
3484
3193
331
3440
37
13623
18222
331
23
427
27
46217
61
129
1899
24
1565
23
1897
61
330
24
45784
2168
1512
58
24
17436
16060
27
331
618
32
6018
1348
14
1382
1074
638
45
1550
24
227
34
3561
61
46220
36056
13
46217
61
23
24
9886
57
622
8860
5
34
542
13
4192
61
1687
3627
1030
723
61
46226
331
1489
13
1106
2593
27
4360
46220
912
4927
3792
61
46217
149
1399
23
2479
57
46218
912
2511
3229
9
502
7983
503
53
46220
1533
14234
61
1489
13
25213
463
1840
27
1837
46217
149
3107
1348
525
791
1785
330
926
132
1030
46227
10021
7901
16923
17436
61
324
61
23
918
57
622
8860
119
477
2255
57
316
635
272
663
3138
24
1993
4325
1515
525
13
1470
14
8491
46221
23
555
515
4047
12455
13
14
6385
23
4089
102
27
842
1348
24
1605
6414
5663
4634
13
223
61
46220
7983
2494
1533
9440
27
331
46220
5473
515
54
25926
61
9852
5
3256
5
7465
322
57
46217
516
384
46217
912
4089
102
13
204
13
14
1169
1191
5
516
13141
1187
46217
912
450
61
10813
13
24
5780
57
1286
525
897
61
331
24
10186
46228
27
46217
510
310
996
23
3094
61
58
502
525
3509
598
14
1392
13
24
5171
57
46218
61
312
57
46220
912
3735
27
46217
330
24
1565
99
164
445
525
6660
5
310
9818
27
1882
13
14
499
185
24
5599
12051
57
23116
1490
61
46220
1899
46218
23
13444
64
334
382
39869
5342
1785
23
24
8980
484
361
17555
13
3355
3229
1785
533
494
147
27
396
87
14
3753
57
24
8135
57
16779
25835
3777
23
46229
5
46230
13838
5
33903
5
5173
14
10175
912
5780
23
16868
2
24
1956
57
2596
9
4004
9
46231
61
3424
27
246
46218
2809
3608
1837
46217
99
7593
2947
608
5720
11350
75
1785
46219
46220
246
579
1400
525
225
19775
525
449
525
1577
61
586
926
149
2119
5
132
1030
16923
17436
246
119
3792
7983
2859
1348
926
747
13
1199
14
5391
39869
5577
76
46220
246
119
2255
57
316
1520
926
4508
14
8491
46221
2
24
15185


