10917
2450
37
715
99
7643
525
19055
58
16108
4934
646
516
107
14
67
37
6265
34
525
320
9
7453
583
23
122
11801
7314
2544
75
2461
104
9174
2232
27
119
791
4441
201
62
5
16779
16780
331
3111
69
16451
71
10053
87
23
320
58
361
2933
23
14
9479
76
14
12999
23
5748
5749
185
3354
27
2450
37
715
7290
330
525
583
149
331
821
11977
331
40
331
2257
5
2317
331
58
215
8506
4002
185
207
27
10917
2450
1949
360
494
104
16108
5
623
542
81
6596
13
24
4441
201
23
427
16108
278
51274
14
67
37
6265
34
2450
104
122
11801
7314
2544
75
2461
2450
2469
34
16108
34
360
494
61
32
57
502
650
123
24
51275
331
55
6191
23
24
10215
4441
201
27
397
14
1862
57
2002
34
122
791
136
61
24
2439
4934
237
632
515
128
516
51276
23
24
7482
67
57
122
2544
75
24
2000
185
4386
27
119
7482
67
149
1975
64
183
51277
76
24
2438
346
2450
517
123
54
227
104
24
2439
27
618
739
5366
61
7290
2450
4151
525
8815
13
24
6084
2439
27
331
51278
628
2236
4297
704
24
1211
15195
1569
2030
27
10917
5
628
825
600
278
16108
23
612
4086
27
51279
61
331
926
598
27
579
663
19261
14
346
57
2450
37
622
4484
61
349
10468
61
3380
61
16421
61
14992
61
5
9749
34
122
867
57
2002
647
2450
149
3818
13
320
27
10917
2450
6405
34
14
858
655
215
149
16451
10053
33
23
1078
1268
2450
99
100
1950
64
14
25319
34
11846
647
22625
23
1072
1268
331
6569
723
621
5
421
1222
723
27
628
629
3108
13
1869
704
867
27
1389
51280
1389
51281
1389
51282
1389
51283
1389
51284
1389
51285
61
331
926
717
27
618
207
2450
37
4068
510
13
1002
330
926
105
100
331
20043
331
91
704
24
2002
926
105
309
5
65
334
5335
185
24
6989
9
327
26958
5396
37
4382
27
579
330
262
331
10917
37
821
11977
40
215
37
2257
5
2317
27
2811
739
11556
610
64
14
485
44
9146
34
27
13561
156
27
331
6321
2
24
16451
4828
2450
23
320
185
207
61
5
23
14
4539
376
24
6048
330
262
331
9939
104
24
16451
87
7004
10917
2450
23
122
2031
5
2030
27
331
408
4828
10917
104
24
320
1671
5
610
369
9558
612
1751
442
5
2002
13
158
5
54
485
104
237
1098
227
27
331
2450
72
655
2505
34
3363
3274
3364
75
16402
23
891
10714
251
467
57
24
51286
437
23
5748
5749
61
438
13
575
2450
149
1805
91
14
12999
185
3354
2450
149
1805
91
14
12999
438
24
5748
5749
1696
57
51287
185
3354
296
5748
5749
1707
516
45
1740
515
2450
149
2933
23
24
1757
40
330
14
13591
9
2033
111
149
27433
13
320
58
14
4238
315
1870
14
12999
5
14
19204
185
24
51286
61
438
1606
61
185
3354
296
27
119
765
807
14
1844
12417
256
24
315
61
502
392
438
24
1696
57
51287
104
28220
27
251
376
330
262
331
119
9479
2933
14
5786
19204
5
14
12999
27
331
119
2352
111
99
100
27433
13
14992
4053
21625
76
4238
947
27
331
119
437
149
2396
13
1119
24
90
332
13
1810
5
13
1119
9479
6460
13
11878
24
348
27
331
2450
6705
4123
185
7249
64
14
25319
5
19548
5
99
663
100
14
20768
185
24
402
9
2329
8208
916
27065
3193
38761
5
14
5616
185
24
1726
37
33436
9360
27
396
99
663
8739
14
3484
9175
449
5805
23
24
2544
5
2276
9
7173
37
51087
5619
9
449
9405
450
452
94
54
1382
7158
2450
99
3469
1793
607
185
8208
916
51288
38761
119
13591
9
2033
99
663
100
14
5616
185
1726
6646
6920
6632
33436
9360
2450
76
791
327
5
2461
6866
259
8824
119
791
6114
62
2048
3440
37
51289
31426
2482
185
11846
23
10714
2450
2524
243
37
11483
13762
23
13444
655
2505
34
10468
61
54
55
2439
16779
3649
1519
2195
34
10468
75
51290
185
891
15
61
21863
40930
3363
3274
3364
34
1389
6912
185
666
1072
61
1900
5305
47
13
327
2520
6324
83
123
24
1900
9
51291
36
49607
2362
15296
136
57
24
751
11432
23
4824
535
16489
26961
511
23
3380
37
535
9
51292
6596
531
13
24
3271
40930
14992
2426
185
14
316
9
506
2528
23
3094
4399
58
54
6524
18353
104
7784
941
83
4565
24
5749
83
58
144
32
36
61
3031
33
13
941
13
4458
16421
34
1389
7591
16489
14
124
511
64
24
46860
2515
6596
13
24
4441
201
23
1072
10645
4205
24
2502
9
16445
9
9535
54
2033
83
14992
2778
9
2459
104
24
10584
1050
22385
23
54
55
4441
201
2544
34
16421
185
3192
2779
61
1073
23
14
916
9
15
81
75
16468
41708
111
57
24
112
23
2432
2434
8069
9
230
75
2425
2426
185
3192
3970
61
1073
9
40
515
149
244
1487
13
1728
54
83
6773
2189
916
9
16
1947
16421
37
10565
104
24
1029
57
515
36
215
1899
16108
34
1389
1874
49607
6596
13
24
4441
201
156
237
227
76
24
51275
23
1072
427
618
4824
1371
61
1972
2450
149
901
64
24
10053
57
24
16779
16780
331
3111
16305
1172
11736
40930
6083
5748
6554
185
2984
34
24
15842
57
555
9
2213
36
16492
24
15040
57
24
36
104
9749
58
54
6191
104
6083
149
164
4539
40930
201
364
4332
1606
932
185
744
1114
61
558
36117
9
1899
9749
185
2984
641
5657
1268
61
484
39091
5703
2528
618
1072
1656
61
1268
2450
4934
54
19068
2
7150
2526
23867
820
4902
34
4441
201
5
10273
187
1773
9
502
10536
34
23379
5
7098
23
2526
1570
9
25319
34
11846
6861
185
16410
201
5
2432
2434
192
5756
2048
166
9753
34
327
2520
6324
83
10918
50506
246
16108
278
1414
128
13
51276
23
7482
67
57
2544
75
2461
246
2450
517
24
346
1507
123
54
360
9
506
6191
104
9174
2232
246
2450
149
27433
13
14992
4053
51293
58
361
1805
91
14
12999
246
2450
37
715
7290
330
215
87
331
821
11977
40
215
37
2257
5
2317
331
246
119
315
510
513
185
51286
438
51287
185
3354
296


