5708
393
22302
11182
76
1947
0
16251
6
1270
1233
18
1479
353
370
618
39
91
680
103
0
2059
7
0
18110
977
6
19
264
18
275
9
275
1203
17
1465
12
302
2
15
4730
9
83
1508
532
3
10247
19
9001
120
5
14788
4
22914
3
0
3828
14
21
76
41
326
12
7
0
10652
3915
2699
6509
7
3377
2
11182
489
53501
1120
12
0
2059
45
34
3
32
840
94
0
8734
39
91
2301
31
5852
3377
3573
13586
53502
2
5708
1508
22302
11182
53
376
1263
1
122
51
10
680
103
17
37
709
120
19
243
18
1203
17
1465
1775
2353
652
2880
27021
1363
20750
406
758
11182
53
122
51
76
32
55
11
49
3
178
347
15040
903
9
34915
5627
1270
1233
53
2532
4435
51
15040
896
9
16826
5627
1270
1233
53
1889
328
51
15040
966
9
11024
5627
1270
1233
53
2532
4435
51
9370
314
9
1270
1233
5627
34916
53
10620
8514
12179
51
9370
399
9
1270
1233
5627
34917
34918
9370
870
9
1270
1233
5627
13789
53
1889
328
51
9370
598
9
1270
1233
5627
11638
18936
62
1940
988
13324
53
1479
353
370
51
9370
316
9
1479
353
370
368
1775
2353
652
2880
27021
1363
20750
406
758
14
0
179
1510
130
206
1947
49
3
178
347
1
50
76
177
59
1846
55
268
409
289
2532
4435
18
2025
677
2
11182
829
1569
3
1947
1270
1233
18
229
127
34915
12
302
1
119
6637
6199
18
243
61
29
593
127
16826
4
13789
7
0
1889
328
77
0
208
215
2
15
2274
46
610
3
29
19
1508
99
7
684
31
0
71
21
1104
1270
3
8172
11
0
1479
353
370
7
405
2
15
1889
328
5740
46
225
1346
11638
18936
62
1940
988
13324
7
5
2335
9
368
12
405
598
515
6
5
1168
368
146
230
192
2
281
11182
18
709
13
23
645
23
2888
21
58
1947
0
919
3
1019
23
168
23
1285
9366
127
11024
1
34917
34918
4
34919
2
11232
11
5708
814
30458
53503
1
11182
18
3874
107
41
1695
19
243
4922
5
504
9
2185
547
20
0
1119
25442
2
11182
53
93
51
1
137
7
684
127
11354
12178
1
76
1947
49
3
398
593
11
1270
1233
14812
53504
3638
55
6756
53505
18
5617
1780
39
0
1465
1508
34
289
6756
53506
18
243
0
667
7
0
4367
977
2
15
229
34
3
32
1141
5116
39
2881
379
56
22244
4
6749
43
2256
1095
0
2059
31
2229
1511
2
1336
39
0
229
1
11182
22
16
8
57
18
300
0
222
4
24
84
41
1190
459
44
84
25
2
57
18
5
4327
3
29
476
109
14
2
8
24
84
41
183
459
44
722
3
15957
109
48
2
57
18
13525
2
8
5708
476
1291
22244
4
6749
1095
0
2059
20
0
1119
25442
120
42
243
18
1203
17
1465
65
16513
13
680
3
210
55
5
22643
12
0
2059
1780
90
0
229
10
5116
1141
26
22302
11182
10
9195
7
0
18110
977
127
1465
26
15
5708
1508
532
3
10247
19
9001
120
5
14788
26
1775
2353
652
2880
27021
1363
20750
406
758
21
76
1947
178
347


