144
629
2349
293
16
35483
138
1
463
405
151
291
287
16
55932
138
1
463
405
151
12252
16
16922
8687
1
823
1
3881
6684
12
996
1102
2329
398
187
90
21
1156
5
3818
4
1047
27
11591
65
1867
1020
17
5
2216
6
3772
9776
37
15695
9
83
18
11591
398
187
39
21
413
5
996
1102
1111
3
764
7
299
2
65
891
22
16922
8687
1
823
1
171
29
40
9009
3
19
3011
9274
7
1647
1019
1
178
82
90
21
1156
5
3140
3818
7
4188
1
8201
1
5
186
30
306
2
8687
10
1025
6
6935
62
14245
3195
833
4
14174
20
6494
904
372
7
954
1
4
0
891
4734
21
1850
19
905
90
91
2256
55
6
299
2
360
1
21
4146
5472
127
19
6684
7
600
81
70
1
3933
21
58
41
124
0
3321
21
735
11
19
1601
2095
7
0
9274
2
101
359
48
70
8687
1
823
1
1654
18219
7526
1797
12
5
11346
15695
9
83
20
5
9276
18
2
15
343
30
574
19
2525
583
18
142
11514
94
1
4188
904
372
306
2
8687
10
450
3
7172
28
481
38
1969
59
6
11535
56
21
1922
0
211
3
0
640
2
4188
904
372
306
397
92
34
40
5632
77
19
1601
2486
3
2667
5
3826
3
22840
39
0
358
7
0
704
2
89
8687
490
0
766
39
91
1846
1123
3
84
86
2
5304
509
27229
22
21
10
1969
6
11535
7
9276
18
12
488
823
1
45
1130
103
2
52
945
3
0
1058
12
359
483
2
10586
16
8687
2198
28
48
9276
18
7
0
528
6
4188
39
11535
4
1922
77
5
3140
15695
9
83
8687
1
6
100
3812
1918
1
469
3
1927
311
56
37
2208
22
44
404
3
1450
3
59
2
68
27229
22
21
9472
0
2524
211
3
0
640
17
8
125
794
8
1
21411
27
142
2
15
186
10
78
14
8687
10
87
1025
20
1554
11327
186
7
1570
2
52
61
30
3772
11
3085
4
833
2
68
27229
22
8687
34
61
40
1025
6
2639
12
64
75
21
34
649
7
0
1004
2
57
61
1172
14
0
4712
3302
10
289
5
9551
11493
10379
31
4763
5725
81
437
11
4352
5
582
544
2
7843
8687
11
22840
20
4188
904
372
1
1485
292
55933
1122
59
3
32
4747
340
71
26005
182
0
14813
1430
2380
2
26
1485
22
16922
8687
1
823
1
171
517
299
39
5
954
3619
26
8687
224
3
255
20
598
4
30
5
2216
6
3772
11
1282
4
3085
26
674
600
21
3881
6684
99
3
9274
12
996
1102
2329
26
802
187
192
21
1922
77
3818
1
30422
8
142
9
1972
579
8
26
8687
30
98
40
4747
8728
182
0
14813
1430
2380


