258
3080
8882
4810
3968
261
262
27796
264
61
145
1372
1268
268
269
262
39366
264
61
3970
1372
1268
6162
8051
262
7628
3187
278
100
441
3609
23
122
5973
34
274
69
394
858
71
999
23
166
13387
87
749
23
16536
2
3609
652
5751
369
818
39367
61
334
643
99
1142
27
6670
15492
369
1951
13
2846
349
7841
61
14692
61
5492
61
15246
61
3527
5
24
2705
23
24
1608
13
4470
16536
27
842
9976
278
100
11258
18
24
2545
9
4485
23265
57
405
2734
274
61
655
819
1099
4793
1986
5
824
27
143
3846
5
7039
377
183
87
19196
405
13387
369
2540
16536
15152
1185
278
9981
16794
29687
655
819
369
6005
722
13
39368
542
2
3609
27
26033
6918
2
24
13924
5
39369
5717
3193
24
346
57
2734
16536
2467
13
223
23
3440
99
5714
23
144
166
494
61
47
2
39370
13
39371
27
1134
1506
2707
14
7482
57
24
39372
582
16536
19536
621
506
369
2
3609
27
1178
643
91
13924
2903
2590
24600
57
23115
11407
1142
515
2424
133
57
26573
320
16546
278
18579
10458
16536
2
3609
362
24
139
2213
454
27
162
2488
358
105
13679
405
39373
16536
2
3609
27
842
18
24
139
2347
494
9976
278
100
11258
18
24
103
5779
5
310
9788
57
16536
1221
5
4047
1221
1950
34
24
6670
61
76
405
342
3091
358
278
105
13
1153
1862
5779
27
2906
57
3440
912
39374
4047
278
7643
122
2534
17481
1221
349
3849
30738
61
14
23888
6976
61
129
7176
515
16536
2
5197
255
278
100
1687
8769
23
14
1294
1245
39375
27
8708
12196
61
8789
7164
57
24
20176
3111
330
262
1687
162
704
57
24
13923
412
61
692
1828
87
39376
752
34
14
346
57
1107
27
1687
816
5779
452
2297
237
1191
57
13960
935
1610
8518
4014
825
1470
5
451
87
39377
119
39378
912
6918
663
3193
166
5746
57
24
2734
16536
515
4639
13
223
23
3440
35
506
288
2
5828
2846
5
10664
638
45
855
5779
1185
9788
425
27
39379
262
11408
278
3283
515
32
23
166
13387
369
749
23
2734
16536
61
129
1094
221
47
14
7482
57
704
681
9
4639
16536
9822
1444
20413
1155
2826
361
658
133
185
16536
2
416
3752
64
358
369
3134
14
1206
13
1687
3487
57
39380
27
1539
35
751
1319
91
16370
733
941
1142
1533
1284
2424
1299
1300
57
320
5751
638
45
278
1487
16536
13
1876
5400
27
143
237
2157
334
643
89
13387
76
24
498
897
5803
91
24
6670
310
3608
3809
909
570
12203
1142
4121
57
17753
13919
17476
27
1477
24
5816
57
16536
1950
23
24
6670
2384
91
1533
1284
14
7482
101
3904
61
18
24
139
166
494
358
278
8109
1068
156
27
11408
3193
646
369
1094
15777
8896
7043
4982
13
3192
1972
5
405
16546
278
100
2540
274
15152
27
251
3789
57
4810
1609
330
262
1687
39381
2
3609
87
455
582
27
39382
16536
221
14
821
3024
5861
13
6670
8518
4014
27
331
1295
61
358
2831
503
1541
223
23
24
6670
1222
358
278
5301
122
2016
5
5779
30404
246
2424
133
57
26573
320
16546
369
35600
2
3609
61
582
6918
3193
246
39373
16536
278
100
10458
2
255
5
2217
246
1605
5128
149
22564
23
14
13924
2903
643
246
20176
3085
278
7176
24
4972
44
107
2540
4014
1512
246
842
4929
1609
1520
2734
16536
221
14
3024
5861


