144
507
491
1215
65
244
4
198
29
40
115
576
7
0
4590
6
4743
146
1612
39
44
219
740
120
0
264
18
868
17
0
321
5568
1609
15311
4
19
198
5568
1609
10580
1708
2198
42
102
1381
775
82
320
39
5
2498
285
105
464
6
42
117
2
135
43
658
31
3461
350
11
25502
7
1592
4159
7
0
52144
34551
2660
6
52145
52146
4595
2
8299
16
5568
1609
10580
1
2934
1
30
40
576
7
0
4590
6
4743
150
21
10
64
82
83
1769
16
5568
1609
10580
1
93
1
4
5568
1609
15311
1
122
1
622
3
0
4590
56
42
2188
43
285
31
5
3271
2241
811
729
14
0
266
43
15311
1
6488
1
4
6430
9
83
10580
2
15
1446
130
494
960
5
1260
142
17
19
117
7
0
52147
6
34551
52148
140
0
71
6
0
4743
1320
2
89
54
132
19
227
4
64
6
19
2443
43
285
31
5
3271
2506
1
1547
59
7
5
349
6
1907
2
52
175
19
64
9
70
9
83
198
4
2198
69
0
4590
1
18042
202
248
156
965
17
767
1162
2
52149
16
5568
1609
15311
13
137
91
21349
162
0
4590
39
44
43
658
8919
16
12095
3079
0
64
266
99
3
18781
1
17
0
10750
9
83
244
7
5
34552
12079
9
49
16
65
1195
7852
15311
1
38
30
214
100
54
5004
19
198
11
0
424
146
1612
15
584
1671
31
17654
3697
4
52150
28
0
4159
4
20366
22236
2
135
1766
52151
116
55
6
1267
18520
1
4
960
7
5
16271
21213
941
178
2252
748
0
640
2
249
0
52152
408
0
64
8
4590
266
8
28
5
2195
2901
52153
1
44
5942
487
811
2
9516
16
5568
1609
15311
4
19
198
5568
1609
10580
960
7
5
4590
1267
260
1
137
93
4
122
52154
16
30687
12532
0
1482
116
28
18520
50
0
64
266
1766
7
0
4159
52155
16
10580
1
122
1
254
41
1032
3
183
67
85
5
333
1271
6
156
2145
6015
207
49
5
174
3
1370
88
94
1
4
115
88
397
39
5
178
9
889
818
2
15
244
76
1450
5
305
6
0
5205
52156
2145
1
45
0
198
692
118
5
333
1271
2
15
584
33
98
3435
701
1781
9
3558
23
5
87
1439
3
91
52157
69
7400
2124
2
57
467
7
7702
4
58
722
268
0
1219
6
26871
64
1612
192
2
15
4743
1320
10
5
4351
9089
1320
9
3796
3279
14
366
1628
6
630
4
93
6232
1760
4
33416
9906
31
110
44
34
4689
2
1249
18
3959
7
0
1252
10
4475
31
54
3536
16
14
30153
10
2048
3
7212
357
0
1030
6
407
9
1121
3147
2
321
52158
28
0
10944
52159
8229
2953
28
5
8
8843
8
120
0
4743
1320
7702
16
101
436
1
407
4743
2658
1403
0
3652
6
4743
53
52160
51
1
17
2868
4242
52161
52162
52163
23
813
2
52
58
32
5117
7
5
7028
398
82
192
2
6067
16
563
9775
52164
1
15
577
21830
7018
53
34553
51
9
61
180
0
26872
26873
9
10
2550
92
2
15
34553
1
455
17
4
4415
3652
6
4743
53
52165
51
7
820
4743
9
182
0
3021
6
5568
31347
52166
9
404
3
8992
5
13595
571
77
0
1030
1793
2
65
321
2504
1104
5
26872
26873
1400
17
59
23
21
52167
3
5
1136
2066
363
5
1381
339
24258
30313
15
250
1520
1
7
37
1101
3
1695
0
1956
6
34089
1
2306
0
1539
6
0
3652
6
4743
53
52168
51
4
1646
765
13082
3
185
666
5568
18
52169
2
9215
16
101
522
1
5
321
7562
10
1156
31
820
13249
34554
6944
7
0
5910
6
52170
2
139
531
2271
3
1812
0
407
9
1121
3147
15971
50
867
519
52171
779
3
2489
765
2101
7
0
1252
340
5
18013
6
868
2
9350
16
380
359
314
1
321
1367
309
4372
3811
7
4743
4
0
87
1721
806
2
8044
16
15
820
13249
4
26872
26873
1291
0
34555
18892
1
2461
63
639
407
13249
2760
4
5104
2
380
359
598
1
321
1760
285
1297
6
13249
4467
7
0
704
6
18464
18763
1
192
330
23
0
18464
18763
34556
2
144
405
1
1249
18
1721
7
4743
1561
52172
2
5462
16
101
600
1
519
10633
1122
0
87
6
169
321
16704
34557
28
4743
2
8333
16
101
555
1
10633
734
14
321
1721
58
343
5418
4453
7
7067
2
139
546
2290
5399
4275
1
1225
12
2877
14052
2
13734
4735
16
1320
1871
33
22
3
29
40
1654
31
234
2549
4
54
6
0
148
2302
5843
6
0
321
765
1921
10
0
3838
256
6
13734
4735
9
50
170
4315
10143
4
13
22
3
773
1324
7
4743
209
2
1249
2862
1628
6
16769
6
13734
4735
9
50
30
40
1440
3
651
1
878
11670
4
108
8657
9
4
108
23378
12
407
4743
197
10728
4
9945
101
600
5462
1
519
10633
1122
0
87
6
169
321
16704
34557
28
4743
1249
18
765
2862
10217
16769
6
0
52173
9
50
30
40
1440
3
651
1
878
11670
4
108
8657
9
4
108
23378
12
63
5
1636
6
407
4743
197
10728
4
9945
1
23380
63
178
341
7014
6
4159
2
9120
16
334
82
6
1259
4
14874
4814
1
10633
1122
0
634
9593
2
387
2922
13778
0
152
11
10633
18
1027
6
660
2003
52174
3
10353
0
409
9210
3235
32648
14
180
11
5
7985
9
514
4
0
1013
6
5801
1
125
6
1743
34
40
7
9146
11
743
231
82
2
9210
16
321
1721
33
6881
2
12607
16
334
5
3765
894
6
3235
1
820
4743
52175
25959
2
6943
16
820
13249
1397
26871
12
555
384
1
4537
407
4743
47
9603
4
17454
0
264
17
5
54
9
423
13595
394
2
14612
16
15
52176
394
4676
14
7
316
82
6
1259
1
13628
4467
43
285
357
820
4
407
4743
4
5
557
24042
13595
3382
239
2
203
9547
5
23885
7
2572
120
37
1064
9
868
2626
7
8044
321
6418
758
14
197
4301
4
5333
407
13249
1760
43
285
4
67
85
20600
321
1760
239
62
43
740
7
684
56
0
368
1721
1200
55
2
15
868
1403
2492
1509
3358
7
0
1520
4
1760
29
150
3225
91
78
31
21886
3
1684
42
16793
90
2041
99
102
3
1605
91
52177
31
5334
2
4743
1085
34558
5184
17
0
321
7
3648
2
65
321
3734
543
0
10857
6
26871
7
8044
39
0
34555
18892
26
5568
1609
15311
1
6488
1
4
5568
1609
10580
1
2934
1
2575
120
4743
1320
26
135
29
40
115
146
1612
192
31
11262
17654
11
25502


