144
2529
10311
293
16
27385
138
1
823
409
526
291
287
16
40811
138
1
823
409
526
65
541
7690
14865
1104
713
230
1297
6
75
3
1349
1
45
54
693
30
803
37
2706
11751
1581
1373
6
0
16387
2
17703
7963
9
3267
13371
0
1926
8118
1367
319
118
10015
4
18245
7498
16388
1
4
25
4284
1929
985
28
20617
4479
3017
1
3
1843
17763
7
0
4562
4
158
30031
2041
5842
2
15
4486
9
83
2965
21
76
29
1892
0
797
9
50
13
472
1046
133
112
21
34
614
12
25
1356
9
429
11
5
70
1
45
22
25
58
29
40
35
5
30032
20414
297
94
11
1938
17703
7963
9
3267
13371
0
8118
1367
319
118
10015
4
18245
16388
2
788
416
25
30
204
59
77
178
82
2242
1
68
7963
9
3267
30
444
77
178
82
533
0
24440
16387
7
19
5471
71
1
119
4154
2877
2
52
87
1974
3
1349
1632
55
6
1581
20
232
164
4
19
361
6
8779
531
3
19
8083
1234
2
35
24
10
1726
511
3
165
3
5
232
164
17
37
2090
13479
1917
1
50
10
5
676
1416
6
40812
68
7963
9
3267
78
1112
2
15
693
1828
1712
4
3748
12
50
3
1955
19
12601
4
3748
11
0
797
8779
2
57
80
309
56
21
115
5
2795
20775
6
37
1752
1290
7690
14865
15
797
4284
1929
985
1
28
20617
4479
3017
1
5695
1115
17
5
3989
705
3
0
541
16387
53
137
122
51
4
158
30031
2041
5842
53
137
93
51
68
7963
9
3267
131
25
13
504
3
3845
1939
129
0
953
224
386
45
1159
14
21
116
0
10834
53
0
1367
18
1248
265
3338
51
87
9
50
175
418
2096
9
90
533
0
3017
4
3658
30033
4
18246
0
3767
35
104
1974
3
1349
1951
18245
15451
240
30034
240
1632
6
3043
9208
1
4
24
12968
24
175
14
4353
3
0
2350
17
48
797
953
2
35
24
382
40
3050
7
7244
11
169
82
1
4
48
1234
8341
95
361
6
19604
17
95
361
6
1467
4
40813
21
176
2
334
1820
5
2795
20775
6
37
1752
1290
14865
478
1
68
7963
9
3267
309
19900
19
220
678
11
0
797
319
79
5
18247
4
1581
2
15
693
1974
3
1349
1951
18245
15451
8
30034
8
1632
6
3043
9208
175
0
4353
3
0
2350
17
48
797
953
4486
9
83
7963
9
3267
53
137
51
30
444
77
178
82
533
0
24440
16387
7
19
5471
71
1
119
4154
2877
15
8779
10
8945
28
18245
16388
53
137
51
1
10015
4
5
396
6
9414
35
24
9463
5
73
3
143
0
3520
9782
10834
1842
9
3338
1
45
24
760
312
5
1884
1
113
25
492
24441
3
402
10033
48
152
1
50
680
121
3
454
319
0
40814
21
1159
2
35
982
230
1
24
233
20
947
10299
4392
12601
4
256
88
3
1203
49
95
220
678
7
40815
35
24
256
19736
22985
9
609
25
13
74
20
80
2457
11
95
5693
9
4
24
123
6053
1095
0
15451
1
615
55
0
1345
1
4
40816
21
22
2
68
7963
9
3267
131
25
13
504
3
3845
1939
129
0
953
224
386
45
1159
14
21
116
0
10834
53
0
1367
47
1248
265
3338
51
87
133
50
175
418
2096
133
90
533
0
3017
4
3658
30033
4
18246
0
3767
2
334
533
0
1248
265
6
0
953
1
68
7963
9
3267
1715
9
19600
0
1958
4
5767
53
137
51
1
1115
0
30035
4
15587
30036
4
4459
0
10834
52
1828
19736
22985
3
6053
0
2058
21
1093
1095
5
30037
15451
86
14
21
73
615
55
0
1345
4
24442
88
69
13388
2058
109
48
15
693
682
128
373
1120
3
947
1
40817
4
678
6
7690
18
14865
1367
3
143
662
21
213
80
0
40818
6
0
16387
3463
9
94
3
0
24443
4
917
14402
52
123
1715
9
19600
0
1958
4
5767
1
1115
0
30035
4
15587
30036
4
4459
0
10834
2
35
15
4562
43
617
7
0
1269
6
14
1087
9
473
24
893
4090
3
5
410
12258
56
24
124
40819
21
22
2
35
24
382
5687
116
64
4302
1
17
169
6
0
390
2096
91
40820
68
7963
9
3267
22
2
35
24
659
1536
12
0
5695
98
1
50
24
1347
3
154
418
187
2
135
352
0
368
6726
1
40821
21
176
2
57
13
504
3
354
14
0
13388
1489
12
0
93
13
116
28
79
30037
16388
4
10015
2
68
7963
9
3267
98
1828
5
1140
3
1422
4
6053
55
0
9484
305
2058
735
3
143
8779
6726
53
137
122
51
52
1159
14
21
30
5687
116
64
4302
1
17
169
6
0
390
2096
91
16206
1
45
30
98
16389
19
5860
3
1014
985
199
23
48
1489
17
5
17677
1
50
829
109
37
8779
2137
294
21
13
41
10033
7
3992
1
68
7963
9
3267
22
25
10
1905
3
226
49
17
0
678
1
1225
11
1345
17
1876
5721
109
0
4562
4
5695
2
35
40822
261
1345
73
61
32
2286
4614
2
24
118
800
658
129
3
143
0
1581
3431
9928
7
105
40823
21
22
2
35
1523
1345
33
4614
1107
114
6
129
40824
44
73
32
3
24442
2
221
43
5
676
245
6
2330
3017
3
1349
4
24
10
9360
344
3
718
3633
4
438
119
24
210
88
386
1
45
25
10
170
5
9488
29554
294
21
13
41
10033
7
3992
1
68
7963
9
3267
22
25
10
1905
3
226
49
17
0
678
1
1225
11
1345
17
1876
5721
109
0
4562
1
917
30038
53
137
51
4
5695
68
7963
9
3267
22
25
13
12562
3
32
344
3
7119
5
196
17
5
232
1895
6
13598
2
35
14550
0
797
226
386
2091
109
5
6037
20776
1
23
717
23
25
18
40
3
124
3
48
547
2
249
25
18
617
1
24
73
118
3773
129
9562
24
893
30039
657
21
30
100
961
110
46
1342
3
19
797
8779
1
21
1388
25
46
1117
325
5
242
7
5
2897
1333
23
25
13
385
21
58
109
75
3
32
344
3
177
7
447
1
23
168
23
7
24444
12
19
40825
946
2
52
9463
5
73
3
143
0
3520
9782
10834
1842
9
3338
1
45
24
760
312
5
1884
1
113
25
492
24441
3
402
10033
48
152
1
50
680
59
3
454
319
5
1140
68
7963
9
3267
22
25
13
12562
3
32
344
3
7119
5
196
17
5
232
1895
6
13598
2
8
14550
0
797
226
386
2091
109
5
6037
20776
1
23
717
23
25
18
40
3
124
3
48
547
2
249
25
18
617
1
24
73
118
3773
129
9562
24
893
474
1
8
21
22
35
1398
75
29
78
121
14
44
382
482
947
3
280
38
147
20
7690
1
45
7690
1403
30
602
3
965
121
40826
21
176
2
657
68
7963
9
3267
22
21
2526
371
1632
1
21
2965
21
13
35
1309
3
688
385
30040
39
0
953
13
2024
2
35
294
400
23
25
46
32
3
177
48
226
386
1
25
18
228
14774
5
396
6
1658
55
6
121
1
4
25
73
32
128
30041
20
278
1
86
25
18
41
385
24
981
1006
2953
99
30042
21
22
2
26
17703
7963
9
3267
28
1119
2783
30
444
77
178
14460
82
533
0
24440
16387
116
6
615
49
1254
16388
26
52
87
1974
3
1349
1632
55
6
1581
20
232
164
4
19
361
6
19604
531
3
19
8083
1234
26
15
4486
9
83
1388
19
7690
14865
797
76
54
132
165
12
163
20
5
2897
56
21
30
1892
25


