258
23757
23758
261
262
38154
264
61
2778
534
558
268
269
262
38155
264
61
916
534
558
251
38156
12597
1893
23
31114
20439
27124
149
23
1217
14
918
34
14
7854
17174
4046
76
14
3027
6248
25805
57
1533
1284
1389
15
2979
27
1707
8699
24
21756
3104
58
14
4632
9
445
5
1142
14
38157
57
23685
9
1647
5726
18784
1115
1778
38158
9
1030
9899
7240
27
724
1413
43
288
561
34
122
398
23
24
4046
104
24
31114
38159
18479
185
24
38160
6627
3274
104
33825
61
7328
5713
27
19517
13
24
1783
262
119
17174
12597
149
11632
91
316
15338
57
9899
1161
5
7240
38161
4046
262
119
2959
944
834
7746
6828
105
100
1399
89
2540
24
21756
7152
12597
162
1072
61
642
355
10823
185
1366
8699
24
3159
5
1142
24
1115
23685
1647
17174
38162
27
9997
149
14
8323
76
14
19121
23396
1116
1330
159
218
14
20141
13
360
1581
5726
18784
9
32
57
502
1069
17174
76
334
7348
4324
14780
57
1389
35337
27
842
24
3027
6248
25805
149
1411
1389
5722
5720
5
1389
15
5720
27
251
6558
149
902
417
14
14799
8419
57
24
4046
91
522
104
38163
3222
943
61
575
24
43
288
3218
58
505
3253
7195
27
11203
38164
5
2508
7308
37321
2389
61
4593
61
57
1041
38165
13081
6036
61
33825
61
5
17833
259
9982
61
12414
61
14
17754
5600
2
1606
35518
61
38166
61
3818
4087
17174
5
30006
13
8051
24
415
4738
7152
27
691
288
621
561
34
166
494
5
1413
454
27
37321
2389
61
174
61
5
17833
9982
61
700
61
288
621
561
34
166
494
5
1413
454
7866
38167
61
174
61
5
12150
38168
61
700
61
288
621
3218
13
2213
454
23
5672
364
622
43
129
3366
64
20680
104
24
27124
288
663
561
27
8719
20288
38167
61
2010
61
57
21897
1613
23
2461
5
12150
972
38168
61
1114
61
57
38169
23559
23
38170
61
309
2213
454
621
58
5552
5159
1517
27
808
21786
2441
38171
61
1461
104
38163
3222
943
61
330
183
149
958
91
24
642
64
32
57
24
512
17174
16984
1541
1142
23
5748
5713
23
3291
2079
27
842
183
149
3466
515
819
61
24
12475
1778
24
7435
14171
61
2831
107
23
24
3217
64
758
61
215
330
27
16751
21756
262
119
31114
20439
27124
1069
14
38157
57
27124
4249
13
5726
5510
8043
57
24
16368
4738
7152
38172
262
251
38173
23
24
674
57
24
20439
20141
11
13
575
24
17174
5159
149
3477
513
331
1447
2831
107
819
6266
2065
723
23
24
3217
902
61
331
215
330
27
396
4312
515
2389
5
9982
105
100
2933
23
14
19021
4046
61
38160
38174
61
104
24
27124
61
40
358
105
935
100
21031
89
7306
47
24
17174
12597
27
1134
149
14
3065
185
1193
1772
10194
57
4087
104
306
1389
5722
5720
1586
57
17174
14
506
61
331
215
330
27
331
1134
149
709
1478
4638
1481
47
27
331
3226
12914
6083
330
515
23
427
1185
1972
37321
2389
61
14
125
38164
61
2011
14
3608
57
24
38159
20671
1348
24
1726
6359
334
836
646
27
251
38175
3898
149
3806
34
24
1153
57
24
27124
61
5
2389
5
9982
1481
449
12491
24
38156
3104
27
691
7856
13
14
125
5589
76
14
1772
13
5726
6976
38176
5
6070
38177
61
5
4494
158
47
13
5736
15670
5
13
3613
625
14
13745
27
842
24
2959
944
24
38156
5589
149
21665
2
6426
76
1356
5606
27
187
149
54
1772
515
24
38156
12597
44
2537
278
100
11595
13
5736
14
3027
6248
20967
57
1389
27747
27
331
1134
149
709
1478
4638
1481
9
47
331
262
32751
32433
810
24
3515
7152
12597
23
7328
5713
119
2959
944
834
7746
223
510
513
13
21012
24
2033
27124
89
14
7854
12597
61
76
7473
8315
61
14
437
3126
5
24
20141
11228
6535
76
2424
18475
57
33167
27
13342
9899
1625
5
16175
1161
288
9631
61
5
334
7435
38173
5
20141
11
2
24
38156
5726
351
89
24
17174
4046
27
9982
1347
510
1275
57
24
223
104
1356
5851
185
54
4245
61
147
1142
91
642
1950
185
11384
38178
27
38179
5
13406
223
288
658
133
61
5
14
15771
9
924
3879
61
704
4157
91
2055
27
119
3821
149
91
9
689
104
32
1679
27
305
28220
185
1072
2779
237
506
642
5682
24
174
9
620
20141
5
497
832
57
24
1403
57
17174
27
5619
37830
262
1134
467
319
2
14
642
522
1046
14
8323
810
24
17174
12597
515
149
743
91
355
1950
185
11384
38178
691
1142
24
23396
1116
5
20141
1330
13
24
17174
11198
5
2389
149
6555
27
9982
149
2182
91
642
23
14
4984
1536
185
24
26983
57
24
38180
5
38181
104
38182
38165
38183
27
396
105
1183
13
24
20141
61
5
14
1320
30242
24
2541
57
24
223
149
1142
27
396
383
515
646
288
709
38184
25344
185
1783
13
21179
355
27
119
17468
398
57
24
27124
288
24887
89
2978
1278
2788
18
3190
2979
76
14
274
351
76
13612
61
7249
5
18336
136
61
360
5726
18784
61
5
1413
38185
18784
27
1447
288
38186
2625
23
1356
5851
57
2868
76
2320
10194
57
14275
14
321
17861
2625
27
119
3027
15719
149
7348
104
1389
38187
27
119
7745
1481
9
47
149
38188
91
334
5589
129
330
24
34939
1156
149
34283
5
19657
13
3051
24
30856
1403
57
17174
5159
27
119
5647
5
18787
1124
288
704
31918
61
5
215
743
17123
5647
14231
61
2978
128
5
363
38189
27
331
119
798
23
24
501
958
24
1481
47
64
32
57
24
512
215
105
11346
23
2010
494
57
333
64
14
7156
798
61
331
330
808
6083
27
331
119
3334
1217
87
515
237
87
32
57
24
512
9
1564
5
7221
10373
5909
515
5748
5713
1707
278
1541
38190
750
642
215
105
100
4322
13
2391
58
24
513
61
105
12584
54
1389
17013
21664
89
24
14171
61
215
149
4644
5
330
215
1999
21031
89
3477
398
23
24
14171
27
9982
330
215
149
14
5244
9
5677
10373
1071
5600
61
40
149
14735
27
396
3366
76
2389
23
24
38160
38174
4046
5
3806
215
149
2933
23
10340
24
4046
27
38168
3806
515
183
149
158
4105
104
24
1783
2
24
2055
61
330
515
215
3366
646
13
3896
445
14
1389
5435
3245
61
5
516
2371
185
1783
27
187
149
54
1086
13
5448
1229
38191
288
1751
27
38167
61
129
105
14
402
6266
1190
76
17174
61
2937
13
2951
40
54
7685
149
1142
185
14
9806
27018
27
119
155
15521
515
24
38156
4046
105
100
14
2400
3104
40
2389
5
9982
105
799
101
102
91
43
2
2461
129
1850
24
27124
64
334
2212
17174
11198
27
10113
262
13229
24
14799
8419
57
24
21756
7156
4046
262
246
38172
9899
7240
61
1161
5
14
38173
19121
7854
7152
4046
1115
1778
19021
38156
12597
246
37321
2389
61
17833
9982
61
7866
38167
5
12150
38168
561
34
122
223
104
24
4046


