258
17466
20706
261
262
29590
264
61
4884
891
558
268
269
262
31699
264
61
4884
891
558
251
3059
730
3132
76
170
14
474
7639
167
24
1217
525
562
9
2965
4382
149
45
4001
641
926
2950
1413
454
2033
27
8340
35199
149
3132
76
1296
35200
6112
4570
35201
69
35202
71
9
575
24
700
83
57
24
474
87
35203
9
1302
525
1816
149
1103
13
7802
1487
4089
13
525
31968
27
19338
57
24
15453
3046
4001
76
24
4382
705
506
5429
61
76
3096
4339
362
1267
57
7764
27
19273
262
11901
8340
149
3132
76
14
1296
562
9
2965
4382
515
285
25793
641
926
149
18
1413
454
2033
842
2063
8340
61
2
16873
61
87
9535
24
10207
167
24
11661
23
35204
525
4382
27
35205
35202
23
14
3059
516
107
6816
47
91
24
35206
8914
658
133
185
15653
3037
27
842
183
149
244
641
8340
37
2255
35207
4598
24
2187
23
32748
1411
8340
5
525
508
469
35208
61
1656
454
61
515
926
1770
13
3476
646
149
14
2536
27
331
35208
87
1155
14
108
31084
627
61
10792
5120
834
108
215
87
61
331
24
14442
276
5802
330
27
331
842
628
1019
308
2859
13
1019
262
577
579
37
95
577
61
652
8340
149
144
818
10946
5
18767
704
24
227
27
331
119
8389
9
2033
2075
53
14
2550
655
11248
13
14
19738
3965
129
149
663
14
35209
449
8340
37
1993
1008
5
35210
8306
27
4338
14
1165
2378
61
35207
149
9925
13
1550
525
1093
13
35211
7628
34
35212
7670
23
16873
27
8340
149
409
9838
13
11033
4014
58
334
8454
104
24
320
61
5
14
322
4734
1872
47
27
11594
750
35207
525
1093
105
22100
704
24
10207
13
221
183
818
420
2241
322
27
331
187
149
5966
61
331
330
35207
27
331
2819
722
14
318
515
723
1019
87
4518
13
237
27
628
648
104
2190
926
2290
278
30536
27
331
331
187
87
14
5921
926
87
373
109
61
331
330
8340
37
2343
27
331
119
4047
847
244
2236
1014
834
14
318
718
444
13
1413
5
14
170
454
76
515
4382
27
331
10990
8340
37
4382
516
107
6816
47
104
24
35206
8914
27
162
24
1267
484
21618
24
3046
516
738
82
5
144
12187
13
24
4382
27
331
523
485
262
11901
8340
324
76
124
469
35208
61
1656
454
61
2495
804
61
1114
61
5
2343
35207
61
265
11901
8340
99
647
799
218
316
4396
474
5909
123
502
4047
1949
4615
35213
4396
35214
8123
13
525
31968
13
2468
525
5940
57
2646
27
119
26062
37
4265
99
100
818
11566
525
4047
369
1094
2456
926
825
4199
14
9866
2360
2133
61
637
183
87
5562
8340
825
2296
13
3994
14
474
12380
91
24
227
926
18205
525
1920
2883
27
331
579
37
604
2050
13
107
334
9914
61
331
525
2343
330
27
119
1296
25138
16025
2243
6081
185
24
1950
83
57
24
474
64
183
35215
34
24
18718
474
27
1134
6081
2075
5063
13
24
10833
536
133
27
35207
61
76
442
2
8340
37
2495
804
61
1114
61
5
525
485
61
99
8050
14
1435
233
23
8340
37
3584
13
4568
3225
34
35211
7628
27
579
87
2456
24
233
61
502
5407
13
4568
4606
34
582
1240
104
24
320
61
825
1510
334
6248
836
27
246
8340
35199
20449
2
35200
6112
4570
35201
61
575
24
700
83
57
24
10833
87
35203
246
1427
3046
4001
76
24
1296
4382
1067
362
1267
57
7764
246
1877
525
23913
3059
8340
99
2982
316
4396
474
5909


