22177
30
763
0
4430
2631
11
5
1198
3924
10982
7
97
381
76
383
5
606
8
229
16783
8
2
15
4430
765
209
467
42
1745
132
6
25746
1
39
397
3735
103
2872
4
8736
103
11707
4
13528
42
818
329
28
384
724
3
1627
724
11875
6
0
1496
2
34269
2437
564
51297
51298
395
12
560
16
8
51299
262
1490
7
0
4430
17856
2872
1
206
383
5
229
16783
6
0
606
7
0
1030
7933
2746
1252
2
8
297
94
11
167
22177
30
763
0
4430
2631
11
5
1198
3924
10982
7
97
381
76
383
5
606
8
229
16783
8
7
0
7933
1099
15
4430
765
209
467
42
1745
132
6
25746
1
39
397
3735
103
2872
4
8736
103
11707
4
13528
42
818
329
28
384
724
3
1627
724
11875
6
0
1496
5376
18
1192
3924
2631
150
0
9089
1320
30
210
1142
140
0
7933
2746
12
2576
15
765
443
5
604
12
302
1045
5
7565
9583
4168
339
11707
5376
18
1192
3924
2631
150
0
2835
230
6
0
12153
1809
30
210
1142
140
0
7933
2746
12
2576
2
15
1490
7
0
424
230
29
2290
2753
357
0
7933
2746
7
7245
1
22177
4
16431
453
105
501
179
12153
28379
369
34270
31
1304
18
6175
7
3118
2
7245
3534
49
2712
6
97
17856
2872
1
17
0
1835
2369
350
55
11
8
1168
51300
1
8
479
51301
51302
22
2
51303
43
1689
77
0
715
6
5
8742
1492
1337
12301
5738
648
91
6854
12
0
7933
2746
3
0
51304
5838
6
51305
2
15
5738
46
32
1185
3
16431
18
678
3
1789
97
15008
12
1198
1658
2
2241
0
765
729
25
30
116
105
6228
9
64
12
437
1
4
54
12
302
9
6
1607
25521
2409
4
25
10
310
44
43
61
1664
607
6
5
5359
130
214
17
5
11330
34271
69
0
1099
2
238
4316
10
14
37
7882
1198
7023
9
5718
180
0
22811
34272
34
213
69
2544
12
5
4400
1613
7
4430
2872
2
15
22811
9
34272
9
1691
140
231
82
320
9
30
40
180
8
0
34273
6
232
9
1361
2121
4
4107
937
8
2
2241
0
765
729
25
30
116
105
6228
9
64
12
437
1
4
54
12
302
9
6
1607
25521
2409
4
310
44
43
61
1664
607
6
5
5359
130
214
17
5
11330
57
13
5
8
24907
2121
8
2533
6
2041
3274
12
5418
9127
62
32219
8144
7
1185
4453
2
380
302
0
765
61
443
5
18651
604
1045
5
7565
9583
7300
1
521
3
32
0
8
1607
4168
8
7
0
11707
51306
2
294
42
2631
13740
397
1
1198
811
38
29
1243
156
3959
1
969
3164
0
3153
20
0
3124
2
135
923
1243
0
6074
2
1643
1
1198
559
1273
0
34274
43
29560
2
15
51307
34275
1387
158
10020
14
0
3924
2631
76
32
5
25960
31
0
4430
765
3
2986
97
2668
1880
1
50
30
6833
5
695
6
1874
150
0
9089
1320
2
15
949
394
1387
51308
34275
2164
458
92
10
156
3924
20
80
1
9961
0
34274
34
74
115
711
2
8
15122
5376
18
18332
2424
1984
13
346
2859
62
1
23
0
83
324
1110
1
0
1069
6
1681
177
2463
5189
1
8
0
1581
22
2
6767
479
51309
51310
22
67
85
1887
3274
43
553
7
0
1012
1
45
5131
14
8089
5376
18
3924
23815
7
0
4917
1
0
765
10
74
319
4770
635
62
108
1064
9
3924
2015
2
51311
12
458
0
1969
4107
11016
10
1440
3
5
145
1814
1
4430
559
29479
7
12
37
1699
18053
2251
31
1198
298
34276
1
50
34
40
18108
339
4430
2872
2
294
0
4430
765
18
2631
13740
1
1198
811
38
29
1243
156
3959
1
397
3164
0
3153
20
0
3124
2
135
923
1243
0
6074
15
3924
7374
7
5376
496
39
5
2216
6
1835
2689
2289
1198
1244
14
1940
5541
161
6014
3549
18
1073
34277
7
0
7933
2746
1252
101
5
565
397
1
34276
519
16961
51312
22
21
10
8
21935
8
31
0
1120
45
22
0
1814
10
31239
11
10593
1699
28
1304
3
0
321
4
10
18566
12
22178
4668
18437
3169
2
15
3924
7374
7
5376
496
39
5
2216
6
1835
2689
2289
1198
1244
14
1940
5541
161
6014
3549
18
1073
34277
7
0
7933
2746
1252
2
17225
18
18078
3182
22
81
149
14
1198
765
6817
34
1165
19585
54
6
97
774
5411
7
708
2872
2
380
460
483
37
51313
606
451
544
10
4747
12
0
1198
1835
453
7245
4
1304
14143
12
50
243
6
25
453
4
13
170
7
1330
7
3549
2
1461
5376
4
17225
1
50
33
41
9732
464
1
29
364
8736
12162
31
1198
765
1367
7
0
424
64
187
2
1544
56
44
764
7
708
8736
1
1198
1367
33
5340
67
9693
24040
85
20
156
547
150
0
267
6
0
9089
1320
1
1940
5541
161
2
1354
7626
81
70
1
1198
26755
12527
77
0
7933
2746
532
3
17102
1150
12
3811
7
5376
1
4395
0
4430
1752
2132
50
107
74
29
156
9800
12
22178
2
8
982
33
3743
343
26756
113
44
143
5
536
565
3
42
6214
1
8
22
12152
4722
32543
34278
6
0
4430
577
4970
2400
2
9732
131
1198
17710
765
2409
7
0
7933
1252
86
416
48
70
13
64
9
4
9
5
9
272
278
1506
85
81
70
1
4
0
10933
30
10926
97
220
663
8424
77
1929
464
7245
1
22177
4
16431
2
360
1
5
3924
21373
69
216
264
18
17856
2872
58
32
194
67
645
85
3781
9
51314
24040
7
0
663
1
34278
22
2
8
930
29
765
1244
2765
5846
12
216
264
18
6009
1
14
18
385
410
1
8
21
22
2
8
57
13
5
13167
1236
2
8
26
34269
1607
1449
6008
2631
46
5855
9
49
606
7
7933
2746
26
294
4430
765
2212
42
1745
132
6
3564
0
1198
3924
26
191
7245
3534
49
2712
6
97
17856
2872


