31174
262
8206
31175
61
1371
454
61
324
23
320
23
5492
58
1068
3127
3233
655
185
2176
251
485
278
100
2977
1389
10560
2
14
2176
1565
64
14
1687
10724
31176
58
122
16246
2291
47
23
320
185
14
2158
13
5492
27
972
31175
5
1523
12971
61
57
7226
61
2974
61
330
358
8211
13
274
449
103
17212
9764
104
24
704
9
31076
31177
31178
6787
31179
61
502
358
3820
11
13
8206
31175
1068
3127
3233
27
119
31180
9
2033
149
1687
10949
5
29495
64
926
149
7918
185
166
3833
31181
64
4047
978
13
3163
525
34
31182
5
23642
27
1042
448
10675
358
105
11086
14
31183
31184
9602
449
24
9023
57
1449
104
24
31185
31186
61
31179
61
8900
27
691
3820
24
4319
274
1129
24
1271
31187
185
3395
5
31188
15088
27
808
31175
330
215
105
8211
2
24
821
55
257
40
455
149
456
641
58
8206
497
3233
27
396
330
262
1687
119
1449
149
45
3395
8023
5
628
149
9114
312
13
24
9602
27
1687
119
27517
288
2590
24
1271
31187
185
5996
15088
5
935
3031
24
3395
15088
449
5
3269
183
13
1864
27
1687
119
2176
285
2
1021
13
7532
1348
1523
19162
47
144
484
10101
5
1142
8206
855
159
16351
23
525
16217
27
1687
408
288
47
704
2356
76
31182
5
23642
5
510
525
13
320
24
256
296
27
1687
579
149
319
89
14
1547
5
4047
978
1793
607
13
532
14
18664
27
1687
579
149
10949
5
10490
5
638
45
639
496
149
2050
185
27
1687
4338
496
8158
14
14977
23
320
5
361
185
166
1245
31189
9030
612
853
730
149
3748
13
996
40
610
288
750
13
850
525
2534
5087
1348
610
2168
82
27
331
808
31175
330
27517
104
24
4319
147
1129
1245
31187
5
796
17225
34
3791
5996
15088
40
24
1187
105
100
456
27
972
31175
61
324
104
54
82
23
2974
76
8206
61
87
3621
10620
18
24
331
63
331
2158
1110
262
119
485
288
5101
23
31185
31186
61
31179
61
324
61
1348
122
1093
906
3233
396
330
262
1687
408
288
2236
15521
5
3213
91
612
2176
2
7969
824
27
1687
1523
87
9114
10877
1222
8206
87
2050
13
22714
23
24
2356
156
27
331
408
278
1347
2859
13
164
15088
89
1478
7683
13
221
4149
183
87
3395
704
24
880
218
27
1687
628
1835
45
5104
758
104
704
64
628
629
2358
1465
825
2191
5
628
278
100
5281
47
722
31190
808
31175
61
324
76
54
1093
8206
61
1400
215
149
2977
1389
10560
64
14
331
10724
15161
331
2
31183
331
31191
2176
331
262
808
31175
1918
218
20261
6923
54
31183
31184
3820
61
174
61
5
700
61
8206
324
104
82
58
1068
3233
655
185
14
485
2158
13
5492
808
31175
663
8211
449
24
4793
57
6470
2042
3061
5
24
31192
57
405
5564
185
24
704
9
31076
11799
27
396
330
31183
31184
99
2977
158
1389
10560
1687
1550
183
1185
996
17416
40
215
330
215
3119
14
1751
23636
185
24
1389
12029
2176
64
758
64
10620
34
722
13
1406
133
104
3122
5
3595
27
251
1609
34
31183
31184
330
358
288
2335
24
375
27
31193
262
972
31175
61
324
76
8206
61
3119
31183
31184
13
23636
54
1389
12029
2176
21145
2
7969
262
119
485
12321
104
14
4319
438
13
24
965
31185
31186
61
31179
61
5492
396
330
262
1687
31183
87
2404
13
4192
57
808
31175
37
824
27
1687
408
278
2977
158
14
15161
57
10724
23
8478
13
54
375
449
2820
5
333
27
1687
2686
1106
77
99
663
100
23
6849
76
158
449
24
1341
3582
5
369
949
24
4699
57
24
9683
31194
484
358
369
644
13
1306
122
643
27
1687
408
516
1030
13
16347
1864
515
610
2673
20258
704
24
27421
13
502
610
17484
13
5448
515
450
61
17212
5
3058
4748
369
31195
246
972
31175
5
1523
12971
288
5101
104
8900
76
31180
9
2033
8206
246
31196
906
3127
3233
23
5492
5
149
31197
5
7918
185
31181
246
14895
377
926
149
331
10949
5
10490
331
655
4047
279
525
246
13456
100
2977
1389
10560
331
10724
15161
331
2
31183
31184
246
808
31175
330
215
3119
1389
12029
2176
23636
5
10620


