144
789
7005
293
16
33862
138
1
823
555
190
291
287
16
35251
138
1
823
555
190
13459
1855
1222
30
40
443
1045
0
368
2327
6
5
6350
9
3
9
32
38
10
1898
20
19
4848
423
119
1949
49
5
666
197
19
2570
4
5
1340
2
16653
9
3501
6756
7070
10
8659
1898
17
5
6331
18
1537
39
5
17955
363
5
11452
2035
1344
81
215
2
318
932
1693
1
20931
22374
10460
1
10
1397
12
710
7
5
6348
1867
1263
363
0
1344
50
408
59
91
2256
77
5
195
31
54
6
7070
18
423
2
4947
4948
3875
1343
33060
16
1855
8238
0
2230
6
0
7938
197
0
6350
9
3
9
32
18
423
4
481
20
0
22375
1340
7
11452
2035
7
0
390
269
6
359
834
54971
16
294
0
7938
54972
1
5
130
1
273
3
32
22374
10460
1
13
2256
77
0
235
6
5
195
19357
12473
16
10460
54973
94
37
11592
4
13
10266
31
7070
18
423
1780
90
0
2448
5672
824
1625
363
22375
10847
7
54974
1
11452
2035
1
1397
0
670
666
363
0
1344
1
90
10460
24915
94
37
11592
2
7344
85
5
977
192
1
248
7569
39
0
1340
1634
1
7070
13
214
4120
28
0
11592
9674
19
243
39
91
17456
2
10460
1974
421
48
215
21
58
41
32
6266
12
466
635
1
39
5
155
331
54975
1540
1846
21
34
4385
7
994
2668
2
7070
18
117
2410
0
595
5
8
5309
13054
8
1
1225
7
914
6
0
2868
9
443
1855
1222
2
65
1443
1855
710
1
3954
7
0
11592
1
332
0
54976
1263
1
4
129
1578
192
1
7070
53
235
51
54977
28
363
0
533
9674
5
5228
3988
3
0
2916
16285
5453
718
23
7070
20547
7
0
1004
1
248
40
1898
17
5
6331
18
1537
318
117
22
7
5
565
44
43
8
18574
8
14
0
2077
3037
47
853
10
1129
3
2477
37
10660
127
0
7517
9
83
20931
2
7070
18
145
4129
78
0
155
331
507
1623
0
111
1222
9507
8
54978
8
14
10460
4
1340
1040
35252
35253
43
0
8
54979
4
21991
8
7
0
11665
50
531
3
7070
18
5672
2
96
22
16
8
104
46
495
5260
3059
14
92
10
100
2031
7
48
276
45
60
183
14
1796
13
7
5
419
242
2
8
8464
16
4398
9
83
6756
7070
10
8659
1898
119
4819
19
4848
45
5
2841
1540
115
25
10
7
994
9
2668
54980
16
6756
7070
3627
3
19
1028
19242
7
405
68
7070
10
4819
19
460
4848
3
3165
9
83
19242
12781
363
5
11452
2035
1340
56
0
2749
548
9022
2
4970
1635
1067
8641
2763
68
7070
18
423
34
383
54981
4
43
5456
31
10460
4
1340
449
35252
35253
56
214
31662
12
0
22375
10847
4
20959
18
11515
2
852
3
68
8641
1
2712
167
738
8
95
2848
497
2176
1
2256
77
5
195
2
10162
424
16
22374
10460
10
432
7
5635
39
5
14531
31
155
331
106
1
45
46
41
225
466
635
52
123
1565
3
19
220
195
3
1927
4
13
7569
94
31
231
3513
38
33
3938
4221
20
59
2
8
1754
92
68
8641
22
44
20706
99
69
0
1340
39
5368
94
37
10894
2
6913
1
10460
2755
0
1537
14
58
32
157
3
5228
68
7070
1
8659
2
1722
230
39
0
359
6719
466
1
10460
10
4747
7
54982
4196
1
5635
31
0
487
811
346
7
17378
17
0
155
331
283
203
781
2
10460
30
5
1867
424
1
106
1484
163
2
101
1098
21
10
303
7
0
2083
39
18302
17
20931
54983
2
14334
98
11
5
2308
969
6
5
897
1
68
7070
47
9552
1
19242
1
30
150
40
253
5979
3
1071
2
65
783
12
42
897
587
332
5
3647
68
7070
17
19
2083
140
5
12921
19242
2
15
295
1
38
649
20
54984
899
714
1
43
1677
11
5
260
7
0
4612
1
68
7070
47
566
22
2
15
566
176
14
68
7070
10
8
5
205
4497
2
52
1091
48
1030
4280
2
8
4049
16
15
548
363
22375
1340
7
11452
2035
39
0
1003
1
17
0
11592
28
50
7070
9504
137
12
0
93
26
6756
7070
1898
17
6331
18
1537
39
1004
1263
20
19
4848
423
26
8
13195
8
22374
10460
46
10601
32
572
17
466
39
1540
116
994
9
2668
2899


