975
15019
1
375
6577
4
26708
34130
43
543
5
245
6
335
38
622
20460
69
0
81
598
6
0
1044
1420
12
506
2
15019
1
38
13
50964
49
11
0
1480
6
19
172
993
192
48
215
1
921
3
13141
5
1897
709
3
14094
5135
1341
8160
9184
22148
17
5
677
6
15030
7
4531
146
6
42
200
9
726
1981
2
26708
1
0
102
1545
4
7798
1501
7
3490
1
34
64
4108
6
5797
7
5
10138
483
9
275
1023
127
975
3757
3
207
49
5
439
9
726
935
17
975
940
1
38
10
37
1472
483
9
791
1426
77
654
18
509
10249
2
975
15019
2925
5
303
120
19
525
127
1341
50965
9184
22148
20
0
1044
1420
22148
2925
5
303
127
15019
120
42
525
20
0
1044
1420
20
50966
422
7
3490
2017
9
71
172
1501
6577
34
5
957
677
77
713
23
21
1017
1240
18304
7029
50967
483
9
314
1
2170
49
37
10554
34131
1981
17
17482
13901
2
32938
13901
1
38
342
55
3
6577
7
0
411
353
1620
368
1
1824
5
1669
677
7
4531
231
3
8881
5
483
9
275
1216
127
1114
28132
2
1094
179
172
1501
1
8862
3906
1
10
116
3
147
504
11
19
242
7
0
439
726
1
627
28
463
9
314
94
3
177
103
1796
16820
483
9
441
2
5347
18
50968
50969
1
38
2088
3126
13130
7
0
1489
726
7
3490
1
1200
55
37
2706
483
9
791
313
127
246
18
1306
50970
3
722
19
1377
1
45
25
10
0
267
6
0
621
11
6933
50971
1
38
10
10260
55
483
9
441
31
8257
2942
866
2
221
43
61
200
9
726
3177
11
4850
7969
1
1774
10641
1
509
857
1
1375
50972
1
292
9617
1
1748
2300
1
4779
50973
4
2028
4077
1
17
0
34131
317
242
357
64
4824
12
470
2
8862
3906
614
504
11
19
242
7
0
439
726
1
627
28
374
3
1017
1796
16820
483
9
441
26
353
580
275
975
15019
13758
5
1897
709
3
1017
1341
8160
9184
22148
20
0
1044
1420
26
375
6577
4
26708
34130
29
61
116
25
69
0
1706
18
81
598
26
8862
3906
10
116
3
147
504
11
19
242
7
0
439
726
1
627
99
28
463
9
314
94
3
1017
1796
16820
26
15
81
598
46
154
242
357
64
4824
12
470


