144
13555
24261
1
292
26161
4
2697
1583
1215
293
16
54608
138
1
384
359
151
291
287
16
31226
138
1
1280
359
151
65
1602
130
38
492
0
87
447
7
0
321
3
1580
5
412
225
3481
12275
213
669
12
377
3
216
5153
1888
14
21
649
20
5
337
304
2
3661
8399
1
6
4446
6241
1
10
4039
900
7
5
3599
3284
974
7
954
56
21
224
69
965
17
5
232
9
17928
785
621
2
2942
2469
1
6
29818
1
743
239
7
5
195
862
7
10995
7
468
2
527
195
7904
7
4664
1
4
36
10
2535
2
96
10
4039
4336
12
27
844
1
99
4
1673
2
297
94
11
167
9509
3481
12275
3661
8399
1
122
1
4
3283
583
2942
2469
2053
120
42
897
4621
7
24116
6241
1
1602
12
377
3792
1887
75
1327
0
897
20
22363
8361
2122
1
173
807
4
2771
38
34
1015
0
295
15
295
1
38
213
3501
81
1219
1
8119
6812
377
415
20
0
4446
6241
2022
113
8399
10
346
56
21
10
10687
2280
2
35
24
322
9047
2026
3517
14
66
29
2956
121
1
4
24
361
66
17
80
6
95
23111
8399
78
2469
1
607
15
3661
3252
689
2
11525
1483
4066
131
63
1887
75
1327
0
897
20
22363
8361
2122
1
173
807
4
2771
38
34
1015
0
295
2
4066
131
0
295
78
59
44
354
1762
696
88
386
2
8399
10
4436
0
2022
7
954
56
21
3834
5
785
621
2
52
556
2642
579
4
10
18884
2
101
411
21
5825
5
412
2642
3481
20
54609
4
3288
18
855
7
2563
2
2469
1
966
1
10
4336
77
1913
1757
6
27
265
7
5
54
9
195
9445
7
534
468
2
1287
36
3739
20
979
4
7936
63
0
22913
6
9234
119
624
2
15
295
649
7
5
337
304
20
22364
855
1
113
234
43
91
1015
2
1366
2053
16
8399
1
38
492
0
87
7
0
1793
3
1580
5
412
225
3481
12275
39
5
954
785
621
974
1
60
7141
2469
1
216
5153
583
21
649
20
5
337
304
1
12
377
8399
10
1477
94
0
6811
17
19
2633
1
6995
9696
6
4446
6241
2
65
1778
9103
1
9696
4263
3661
162
194
6
19
2082
1
173
1640
2202
3
2563
2
35
52
47
7929
552
38
73
1016
63
42
1230
14
44
858
698
162
1
4
42
54610
22
8233
9696
1
6995
47
227
2
5223
800
1
8399
960
17
0
54611
2
35
135
29
2748
8253
63
459
44
929
113
44
25422
28358
31
27
244
1
2469
1766
5
54612
4706
17
5
2381
9
6813
19323
1
103
9
3053
10441
4
5
12015
99
14
310
0
10520
28
27
974
2
35
7096
510
14
24
107
141
181
388
76
32
686
11
121
1
4
66
116
88
27031
2469
22
2
35
308
498
121
610
1
4
66
498
121
13382
361
14
24
46
300
54613
15
897
10
1180
31
5
4621
20
0
3769
54614
7
7409
4446
6241
1
113
0
295
116
42
5615
3
13323
54615
312
1217
0
5776
308
5166
2
15
295
649
7
5
337
304
11
5153
819
4
309
1829
5
295
6
187
192
6205
1041
2022
280
4
75
38
858
6264
8399
4
2469
7
42
9918
23425
1
173
22364
481
2
35
24
181
42
1697
7
42
8785
1087
4
497
419
79
116
88
5
1595
54616
22
8953
27136
1
5
7924
7
22364
47
5153
2227
2
8399
8
1250
4336
184
4
21
10
93
3551
13375
18
2642
1250
43
4336
184
4
21
10
93
3551
39
19
251
3834
5
232
9
17928
785
621
119
4436
0
22363
8361
2122
7
484
954
2
52
489
5
111
1958
1
6130
1
1223
1
3781
4
6229
28
37
4980
4856
1
4
30
34
67
85
2537
6468
2
360
0
3481
1
50
10
682
11
31
0
321
765
1
10
1129
3
5900
19
3499
1
4
125
6229
43
86
2859
2133
28
19
709
14
21
30
8939
6132
12
19
93
9165
4
0
93
243
6
19
5420
2
8399
137
17
19
263
5652
90
19
2894
974
7
954
1
4
122
19
2285
332
103
27
2987
8194
0
87
638
36
2710
1069
12
59
20
0
22364
855
7
3661
1
2469
22
16
8
24
79
592
20
59
28
357
0
471
1
4
92
10
385
63
59
8
2
139
13
0
200
984
11
234
8399
4
2469
2
52
30
5
18510
9
83
263
1
54617
2
527
126
33
4428
9
83
2713
4
16789
9
83
2637
2
8399
1
38
10
845
669
45
1997
11
1924
90
19
974
7
484
954
1
22
21
10
74
3050
7
497
69
5
573
20
87
2
8
24
34
11300
103
361
4
2482
1
8
21
22
2
8
24
34
100
3452
3
32
7
54
11789
2
8
1437
1
12
634
5324
1
44
3066
80
166
4
207
49
5
1277
2
8
104
219
3
1740
4
5
2138
1
4
14
18
80
36
395
1
8
21
22
2
15
64
22
44
29
40
386
274
132
150
2
828
7
0
424
16
15
295
33
1329
3
2584
0
5611
20
0
22363
8361
2122
7
4446
6241
1
113
8399
8
2894
5871
974
175
242
146
82
320
8
24
78
59
25
18
213
3
32
361
1
114
24
351
41
2360
6
66
1
8
2469
4587
2
8
24
183
24
382
202
809
67
541
85
48
2
8
15
295
678
3
210
42
32563
374
88
2
8
221
18
100
1164
3
54618
12
0
424
1
8
21
22
2
8
57
18
420
4
698
1
8
36
176
2
8
57
4336
7
0
514
2
8
135
22
44
143
0
1595
295
4
185
3562
277
108
2
527
844
1
11
1597
1
43
4039
900
7
27
974
2
318
33
1226
2
96
73
177
2
52
342
19
16466
7
0
974
2
8
57
18
5
804
6
610
1
5
804
6
1470
5238
1
8
2469
22
2
8
24
1409
1
112
60
73
84
25
1
24
6493
66
1
3567
55
92
9
60
80
29
5
804
2
8
104
352
80
159
162
385
2
191
24
188
3
355
3665
610
2
8
26
3661
8399
1
918
1
489
5
412
225
3481
39
5
2894
358
2289
5
232
9
17928
785
621
26
2942
2469
1
966
1
489
1641
3283
3
27
844
1
99
4
1673
7
5
195
862
26
135
649
7
5
337
304
11
5153
819
4
2469
22
36
10
1006
2257
3
8399
26
12704
21
10
74
350
11
5
573
1
45
44
584
865
7
361
4
213
669
12
377
26
2469
131
36
931
42
804
3
355
610
3
605


