65
2189
111
695
6
1712
6
0
632
1807
7325
12860
29
40
443
23
196
6
5
111
672
2
101
0
628
1
50
33
1890
7
7325
12860
16
15
15276
12861
12767
1
0
11246
14553
13
214
20
27
148
4498
1
1360
140
27
260
7
1934
2
15
799
11585
0
1807
7
27
1255
62
17731
7
27
1266
1
1075
37
50571
7338
69
27
142
17
169
6
0
799
204
7
0
82
90
27
193
7
12939
2
297
94
11
167
101
0
1338
111
799
31
15276
12861
0
632
1807
7325
13
214
20
27
148
9437
1
27
36
13
137
1433
7
27
1255
7
1934
9873
7325
3024
7
27
260
53
93
51
1
7
54
604
36
13
214
2197
7
1266
3897
31
2228
53
122
51
7325
1
761
541
540
10
7325
12860
1363
16372
1
10
5
14553
38
10
237
330
11
27
994
5732
2
982
628
43
989
4
36
30
383
5
13895
8077
11
27
3700
4
34003
876
1
27
50572
4
6162
1
5616
6381
1784
31
1848
6122
8050
2
15
111
1712
43
204
31
15276
12861
1
5
1036
9
529
864
1645
1
38
34
2977
3
1934
7
12752
2
3514
1878
118
1502
3
764
11
64
347
36
1182
49
2412
11
64
82
39
1621
280
17
7325
4
27
315
1
1807
2004
16372
2
437
829
596
4
4498
323
23
36
50573
12
27
5964
7
5
232
34004
1767
7325
12860
4
570
3649
50574
4921
7
27
102
1
12834
1
44
33
1433
7
376
6
54
6
7325
18
4349
14
10
617
6
0
584
7325
12860
16
15
15276
12861
12767
12767
31
15276
12861
22035
31
50575
1363
34005
1
15276
12861
1
4
8187
50576
50577
31
23030
18454
960
17
0
295
4
467
317
169
1712
6
0
584
23
44
219
63
42
1899
630
2
101
0
8511
3
0
672
1
34005
15540
12861
18
24109
6
12860
50
36
34
78
3
50578
50579
38
395
5
672
63
0
1807
2
96
13
22
3
29
22
16
8
96
10
5
11246
91
1
45
7
400
4179
2067
41
118
114
6
0
1702
1230
434
3
27
2789
11958
974
45
114
36
10
5
2568
31601
91
2
8
96
1174
266
1
45
107
41
1070
184
28
223
2
96
58
4313
66
17
3180
670
4
501
1
6117
28
5
12564
1
5
1929
14602
1127
9
50580
1
62
5
205
3715
1988
3
1531
9
33767
50581
1
23
168
23
0
1509
50582
14
36
10
4577
63
2067
8
238
132
36
78
121
16
24
84
74
188
3
495
5
189
71
2
24
322
228
1029
253
194
2
8
7325
444
194
6
27
142
7
1230
39
5
11958
974
7
24322
2
1437
5
247
211
36
556
645
579
39
0
937
14
36
10
4796
7
6013
17
5
13252
195
2
982
1041
1038
3
27
5923
9974
1
5
1175
50583
1
1175
10811
1
5
1175
11591
1
485
16370
7
27
122
2334
1
5
5861
4
17957
122
1574
1
4
5
17957
3053
2
57
10
0
974
50
680
27
3
1364
12
27
4436
4
355
49
5
1168
673
7
3720
50
36
34
40
3095
2
12860
4459
3
1812
0
71
119
36
10
2619
7
1266
120
0
71
262
0
974
2
96
1317
184
20
79
3107
4
25
13
364
14
27
984
3
2004
10
5
22506
2
57
13
273
14
234
6
88
1824
1176
9
7146
3882
17
2004
28569
19
227
56
21
34
5
573
17
27
757
2
135
5481
7
7203
1
967
1
44
43
99
386
311
31
6998
2
590
80
6
7325
18
504
147
609
25
10
74
228
268
39
27
193
14
27
147
467
3
2995
172
9
1456
8526
4
77
0
82
27
2058
29
40
4359
140
0
172
2
527
2555
233
30
61
845
40
50584
31
169
3216
2
15
1538
6897
494
2065
49
23
7325
2
15442
7
0
8191
11
27
776
957
8
4317
915
915
915
915
419
29
95
279
8
36
1181
3
29
20938
0
1807
18
5375
2
871
6
0
1712
163
0
549
6
7325
18
260
1
125
6
0
3668
6
50
43
1372
7
799
53
93
51
36
61
887
8777
12
27
26200
53
122
51
221
43
169
3947
10541
7
7325
18
260
173
48
16075
50
10
11767
184
182
5
1639
7325
2050
7
0
2329
6
27
4641
1
27
3006
3700
127
0
19035
4
19036
7325
2050
7
27
1255
5
189
29198
50585
17753
140
27
5906
26
7325
12860
10
5
6122
1807
330
11
27
994
5732
26
65
111
672
5623
12
27
142
1358
5
695
6
9437
1712
26
15
799
43
204
31
864
1645
18454
12861
26
135
1384
7
7325
12860
16
15
15276
12861
12767


