258
463
464
3968
261
262
32436
264
61
1526
5657
1268
268
269
262
32437
264
61
1526
5657
1268
1178
5320
1805
21138
23
29155
605
8895
334
1920
296
1025
27
119
32438
19486
15846
23295
5
149
1231
91
24
23205
9
1893
1611
29388
8930
104
32439
27
119
32440
392
1671
104
14
22528
57
145
1746
5
149
330
13
278
100
1999
91
8895
18
14
6279
351
349
3156
61
6127
61
12174
5
32441
27
564
24
5320
4430
262
17825
23
21138
23
29155
2168
14
1025
32442
262
119
32438
19486
15846
23295
5
149
1231
91
24
23205
9
1893
1611
29388
8930
104
32439
1671
999
5663
23
32443
61
29155
61
750
1726
1819
6127
262
1687
187
13113
104
306
1011
7404
5
405
17469
906
445
14
16956
23
707
32444
1843
10785
61
2
6127
61
330
262
1687
187
8801
1030
334
21756
676
2467
5
1690
32445
61
40
455
906
445
32446
187
149
14
5720
607
26934
1284
24
16962
5320
502
4430
445
24
4280
5945
61
1286
14
1311
5348
23
563
555
27
618
3354
24
2033
7295
351
57
1605
32447
23
6145
149
663
1805
91
14
14578
32440
9
1579
169
23
64
3096
1267
27
119
32440
19486
32448
23295
5
4430
104
32449
1835
104
14
22528
57
15
1746
27
21138
6633
6423
262
119
351
149
24
21980
57
24
5320
3440
87
1528
91
919
57
29389
705
506
61
40
594
369
401
1478
13
1244
27
5340
14
6189
646
87
14
32440
76
14
23295
57
21400
502
87
10194
57
10492
17425
17754
27
3440
912
2704
32440
149
23
13484
23
6582
9
183
105
14
32450
14303
5
1745
32
1066
27
1843
17425
1428
5320
149
23
24
16402
351
23
32451
27
2906
32452
17754
4995
11225
61
22137
4527
5
11234
288
19621
27
119
32438
149
330
13
278
100
1999
91
1793
8895
23
1605
32447
27
1843
5320
1805
24
351
104
32453
185
1750
9
663
104
14
22528
57
15
1746
27
4360
1579
1920
296
23197
61
8895
663
1999
515
32
401
27
691
369
24
2107
57
14
3291
3232
57
32454
13
107
19486
91
24
1611
29388
23882
23
24
1428
27
1447
369
7581
6970
9
4278
32455
23
3440
705
506
61
40
24
5510
3308
369
818
1478
515
709
32
5319
542
27
1295
1411
1011
9
1114
369
18
14295
23295
502
718
107
1999
18
14
5772
351
27
32456
262
251
4638
171
24
21138
32440
5128
4132
2
21138
6633
293
1428
29389
61
3924
23
6785
61
369
594
1502
12455
13
4646
161
27
8117
449
890
61
5415
494
495
822
57
24
7328
57
24
1428
149
4157
91
14
12884
12662
57
1234
9
502
7345
24
9480
159
89
24
24209
6156
27
3779
9480
278
100
4610
5721
33
47
1541
647
24
1234
27283
61
1286
22604
29389
23
24
2532
27
119
1428
87
663
4868
13
32457
6508
1515
91
24
12034
57
24
14561
17563
61
502
87
4610
6417
24
6922
57
32458
13
24
528
61
5
2
24
32459
12640
57
2604
61
502
87
6417
89
255
2
24
527
27
162
6659
646
369
14578
16858
5846
1339
24
5748
5908
61
24
32460
19885
5
24
5200
57
32461
61
704
57
502
32462
32457
6508
3858
3440
27
246
32463
19486
15846
23295
5
4430
104
32439
246
32464
23
2788
349
3156
61
6127
61
12174
5
32441
246
5413
607
26934
1284
24
16962
5320
502
4430
445
24
4280
5945
61
1286
14
1311
5348
23
563
555


