15
612
17258
6
857
518
4438
17726
4896
79
5
10901
6
0
943
245
6
75
38
6371
17916
20
0
857
518
1391
0
81
178
82
1
0
2523
1395
131
2
65
943
6
775
75
29
7796
5490
69
5439
1061
363
0
857
518
7
10232
82
746
162
526
0
1725
78
2271
12
437
1
301
3
15
1134
11338
2
387
18
67
85
1165
23
169
23
1127
9
2523
1395
3909
3645
14634
20329
7
3637
90
2271
7
632
460
2
297
94
11
167
139
460
966
783
14635
37
1176
6071
6
17916
363
0
857
518
14
10
207
49
39
4438
9
6592
13435
15537
10
310
3
29
14569
8624
69
0
394
533
85
110
25
10
845
364
65
943
6
775
75
29
7796
5490
69
5439
1061
363
0
857
518
7
10232
82
746
162
526
0
2523
1395
1365
78
2271
12
437
191
14
245
254
74
675
0
452
75
38
116
25
69
5439
1061
549
0
857
518
1
173
423
5601
1270
29132
6
4950
1657
29133
4
29134
29135
1
0
11338
18
365
327
2
1213
0
775
6306
9
4942
2689
14
0
2523
1395
131
2314
1
79
259
553
2423
20114
0
2705
12462
363
0
857
518
1
2901
2523
1395
3909
4879
12463
78
0
518
29136
4
956
20330
3260
7
5
723
12
437
2
15
108
384
20331
4081
23787
3189
0
1979
199
23
106
4450
62
29137
3215
17916
2
15
11338
131
148
6
217
75
43
182
0
2603
6
679
62
1187
62
234
2
3442
366
3
317
5
39043
3
0
4950
8934
4
5
5796
6
605
43
55
6
39044
38
1365
78
106
44
107
74
7801
44
43
1949
0
537
2
4391
0
2523
1395
4061
80
45
64
6
217
2423
1
0
11338
131
2
238
537
9
19949
7176
5
6306
3
124
5
8
419
1106
6
0
857
518
2
8
924
17179
4437
3
8
419
1352
42
1943
120
37
1064
9
868
4966
2
8
65
67
645
3105
7
468
553
5
447
8
39045
2629
7456
8
4
248
8
20332
8
23
21
572
0
857
518
1
2048
3
39046
0
813
2
380
17917
1022
7
411
5
130
2065
49
23
23788
1883
39047
5
6306
20
3453
518
39
248
14636
20
0
857
518
421
14
132
14
0
813
8240
59
5
1710
990
6
279
2
3193
1041
7
0
2523
1395
18
365
3
2271
1
301
3
0
11338
1
13
5
488
151
3805
7
50
5
4732
1312
130
4704
606
2190
4
7921
0
857
518
450
3
39048
0
813
18
5379
2
8
52
521
21
10
100
879
5
541
447
4
809
14
0
813
14637
0
1650
3
20333
59
1
8
0
365
3114
2
1213
0
775
358
1
384
20331
4081
23787
3189
0
1979
199
23
106
4450
62
29137
3215
17916
109
0
1935
214
323
7
376
6
0
857
518
12
460
903
2017
2423
29
3192
0
2705
12462
20
23789
4328
8735
48
70
1054
2
387
245
254
41
675
4732
1312
130
1
6683
29138
1
38
2431
64
1532
12
0
857
518
7196
2
2499
14
3805
175
242
7
436
1
39
0
267
6
0
526
10232
70
1
25
46
32
9951
23
196
6
208
70
18
13127
1217
48
70
146
75
116
25
77
0
2705
6306
363
6
23789
4328
8735
4
1095
0
7196
6
0
857
518
2
387
1358
13435
20334
9
0
130
38
23790
1640
606
362
4
1130
162
0
394
533
268
21
10
5685
31
37
103
9
2102
3774
9
45
41
0
4732
1312
130
1
6683
29138
1
38
2431
64
1532
119
3439
3
143
19
152
69
0
533
418
347
320
2
2499
14
3805
175
242
7
436
1
25
46
32
9951
23
196
6
208
70
18
13127
2
15
394
10232
70
3899
12
460
384
1
3278
0
2523
1395
365
118
1358
2689
162
14
1277
2
15
108
105
9946
48
70
2314
7
359
1
600
4
460
2
10880
985
43
443
20
0
71
63
0
359
384
20335
108
85
3
3498
14
25
510
4
635
43
91
6537
127
0
5783
1154
6592
2
15
11338
131
14
21
10
1141
31
5
29139
2227
1
967
1
4
10
5564
1015
20
5
286
2
15
546
4897
131
14
216
4732
1312
130
3192
0
4438
11302
7
600
7
1388
6
1075
19
7778
8412
3
0
813
2
52
10
432
4
1122
41
3
505
3
0
5177
2
101
460
64
266
1
20334
1
4
5
39049
29140
1843
17179
0
857
518
12462
2
15
2356
17
20334
175
242
12
460
835
2
15
108
20335
224
230
2735
12
460
485
2
857
518
3258
38
3624
0
87
358
3360
947
6
2523
1395
7010
5
130
816
5
2547
3355
7583
0
787
6
29140
1452
39050
2
52
10
61
1444
5
8477
8118
6
167
229
1452
2
15
365
3316
31
0
1134
11338
4
443
12
446
166
992
69
1332
0
14053
3637
6
179
2523
1395
3909
14634
1
38
78
5
2892
120
5
460
384
942
14
598
75
34
3192
0
4438
150
0
1219
6
746
2
8
101
2272
3
4438
9
17726
1
77
0
81
178
82
1297
6
2423
29
2453
0
857
518
17918
1
39051
2659
3
136
39052
62
2901
7
5
4482
4416
1
8
14634
22
14
0
71
2
8
2614
4
2759
8510
16122
42
702
4
550
3
143
3328
3
1346
1348
62
1833
261
2423
3
2890
3943
11
1601
433
39053
2
8
14634
1
38
4248
0
262
132
2520
3432
1323
906
1
107
41
3654
274
358
36
1407
3
32
5
1470
29141
3105
2
360
1
0
1758
1646
7
27
3637
84
41
29142
17
0
2523
1395
18
776
365
3
2271
7
50
0
1725
2628
775
1000
6
6306
9
4942
2
26
387
18
67
85
1165
23
169
23
1127
9
2523
1395
3909
3645
14634
20329
7
3637
90
2271
7
632
460
26
1217
259
2689
553
2423
20114
0
2705
12462
363
0
857
518
241
0
108
384
20331
4081
23787
26
563
2971
452
75
116
25
69
5439
1061
549
0
857
518
1
173
1270
29132
6
4950
1657
29133
4
29134
29135
26
2017
2423
29
3192
0
4438
7
0
81
70
1054


