293
16
36256
138
1
598
409
151
291
287
16
27617
138
1
598
409
151
22686
17209
30
40
856
39
21
10
780
12
1855
248
345
17
5
790
7
7736
1
155
331
660
65
27618
30
40
856
39
21
10
780
12
5
3967
18
1855
571
5203
430
7
3
42
1844
4
248
345
17
42
2664
790
2
22686
17209
1
3113
1
490
4056
23
5
2743
6183
3872
4
3872
3712
1
4
10
1311
3
231
82
7
582
4
452
82
6
4324
20
9950
655
372
2
2143
19
582
877
13
2024
21
392
911
0
345
3302
18
3372
2
15
186
306
7
488
81
70
17209
1
28
7736
1
155
331
660
1
10
4692
23
13006
6
0
7736
12083
27619
19479
2
1354
48
71
21
2794
5
3967
18
1844
340
3723
4
119
549
1
3501
7
418
345
3788
17
0
1040
18
17210
9
83
19480
36257
790
1
4057
1287
607
2
15
2489
10
1799
12
105
1625
0
22687
1
2165
17211
1
34
207
49
39
21
492
4482
63
27620
9
12
7
19
1844
119
21
10
55
2
68
17211
22
14
21
58
505
102
4
36258
58
32
2257
14
34
41
40
1
5
1310
58
32
93
661
14
21
34
93
2296
2
15
1222
729
68
17211
18
13007
14
385
10
27621
7
19
1844
4
1646
36259
530
11
0
106
2
8
65
1841
130
1
7
212
1844
1
248
345
17
212
790
1
8
68
17211
1
37
1635
1
22
2
65
6593
4036
6
0
790
1
17212
1
5
54
9
70
9
83
27622
1
31
5
5969
310
100
2705
1702
1038
2
836
1
17211
22
1
17212
13
2931
99
3
19
83
994
2
52
4149
64
20
0
267
6
0
215
2
8
36260
767
496
7
1
21
18
80
77
22688
2
52
18
5
15500
790
1
8
21
22
2
17209
10
4692
23
5
814
6
0
7736
12083
27619
19479
4
716
430
69
5
27623
18
1844
3
29
345
17
19
2664
790
26
8102
310
22686
17209
1
3113
1
248
345
17
27622
26
13008
56
4482
22687
207
49
1625
7
19
260
26
238
9
70
9
83
17212
0
790
332
100
2705
1702
1038


