1722
4415
6867
348
519
2221
367
12
470
3
1275
12282
28
0
336
2117
1142
312
6708
31
0
2110
2219
28
3790
0
321
268
0
3784
6
0
1324
13
182
742
2
4415
22721
2
2165
17882
1
34104
34105
1
3018
34106
4
928
3584
7
0
518
6
10556
482
5
723
3
367
1441
12
59
3
3089
0
660
781
3
8992
5
1024
1275
4
10789
26404
1209
3
2281
6
5339
1
3926
4
2062
2820
2
101
0
723
1
4632
13070
802
1
44
61
348
321
433
4
1835
742
694
3
2428
15081
11
767
38
3682
28
0
1792
4089
39
91
3254
3
2110
268
793
230
29
1317
1
0
894
7
50
44
58
163
1943
6
0
2095
2
297
94
11
167
519
2221
367
3682
20
2464
14894
50868
8961
727
7
1119
50869
1
665
1
48
1241
3
32769
50870
7014
6
796
4159
1018
7
0
1119
7883
7873
23
5
796
11146
367
175
5
677
28
1853
17
2110
2106
4
0
868
127
1761
3
1024
3
665
3
911
0
32868
4
2047
5
14691
8
104
2623
14
50871
17882
116
48
2804
3
212
1723
7
600
1
4
14
918
2117
1142
369
29
204
199
684
3
1231
42
12
2281
1
45
0
250
1520
28960
30
41
1
8
0
723
1585
2
15
6867
165
12
3
161
367
171
41
1604
11
0
353
1430
20749
3
23208
129
321
811
171
12600
2
8
15
20667
13
37
6052
6
26695
33796
4
1323
50872
6
1607
1142
1
8
44
395
2
8
57
30
100
2102
3
1231
0
630
4
168
9
91
6
1576
1
23
66
84
2
8
12163
1
25
30
7253
732
3
6357
48
6775
162
97
220
684
1
8
44
176
2
15
723
10
443
5
132
39
0
193
6
0
87
447
1463
17
2110
7
0
250
1520
1
5
11055
130
38
6259
28
19
102
264
12
10045
835
4
239
7
37
7529
5802
6
5
3661
1
1602
286
2
15
276
210
811
4
0
270
12
3928
11
0
2749
2219
4
0
394
1735
1916
3
688
4
429
25
28
10168
363
336
1019
2
8
1475
92
13
100
2560
817
3
2917
50873
12282
38
30704
0
1324
1
473
16708
1
118
5
4081
1024
1275
558
73
1695
0
557
1956
6
2110
3
0
250
1520
1
8
17882
1
5
6635
28
963
1
22
7
5
565
12
470
2
101
0
222
565
963
10559
9963
50874
1
5
3306
38
1204
0
723
1
22
0
0
321
8
392
84
80
60
73
3
1231
136
264
28
3577
119
18942
7
0
1921
3
3740
48
2749
1324
2
8
8
4918
2857
684
3
1231
136
2281
13
12914
4
13
0
7179
2267
6
0
250
1520
394
241
41
0
11074
62
0
20667
1
8
21
176
2
321
433
811
12
506
734
44
58
2212
8554
8070
6
12282
11
6621
28
0
1792
1142
20
178
753
6343
39
15577
421
3174
28
1827
6867
3
14387
49
606
2190
2
15
2110
2219
30
285
743
3510
75
7
2062
2820
1
3926
4
5339
150
359
7
0
1404
3784
12
585
2
57
2472
50875
6621
4
13
1956
162
3089
965
17
265
11649
28
37
2742
447
2
15
321
4970
781
413
3723
3
3298
201
11920
341
7
868
2752
3
666
2110
7
336
1019
23
5
3306
9719
12
437
3340
19
2600
15779
3
0
1833
2
15
684
31
8107
523
34107
6
2128
46
355
0
5657
511
2815
11
63
231
187
6
2101
7
336
1019
1
173
0
10878
6
49
3
3510
1721
4
0
9377
125
834
2110
520
3943
17
639
4648
277
2
8
334
6436
7714
1
24
354
14
0
3784
30
1561
5
547
14
0
118
6052
7
0
172
344
3
987
0
10147
4
1361
2857
3
3876
3
48
2106
13
0
321
765
1
8
34107
22
7
5
565
2
15
5507
38
395
3
367
12
470
116
25
536
14
44
337
8
80
1916
3
987
9110
4053
8
3
336
1019
2
15284
210
1
0
6867
22
1
44
79
188
0
813
4
19
1723
3
154
8
50876
3144
3
1231
321
2281
28
48
2110
6775
2
8
26
4415
22721
2
2165
17882
1
34104
34105
1
3018
34106
4
928
3584
7
0
518
6
10556
482
0
723
3
367
26
135
188
59
3
3089
0
660
781
3
8992
5
4081
1024
1275
4
10789
26404
11
2281
6
5339
1
3926
4
2062
2820
26
135
61
348
321
433
4
1835
742
694
3
2428
10877
5
21965
15081
3
767
38
3682
7
0
321
28
1792
4089


