17388
9
2033
17389
972
99
3199
13
4980
14039
5078
11061
34
3223
158
14
17390
15166
256
327
37
5220
17391
17
75
3424
61
17392
17393
1707
278
3283
27
119
1047
2011
64
398
57
334
17394
4103
17395
123
502
972
3199
34
24
3258
215
105
1515
27
1178
2805
376
2
24
17392
17393
1707
1869
262
331
9734
14039
5078
11061
99
2011
855
13
855
76
24
17388
9
2033
2
17396
17397
129
1391
158
14
17390
15166
58
24
3291
327
15333
3424
5220
17391
112
27
5078
11061
69
324
4485
13
327
37
1681
9
170
6649
1076
71
510
2479
57
1750
37
5220
17391
112
1411
327
5
3424
10802
4980
4381
17389
972
99
3199
13
11061
256
14
642
643
58
17390
4325
149
717
2
54
1002
3229
331
397
398
57
334
3806
17398
4103
17395
61
24
5786
3199
13
808
11061
34
24
3258
215
105
1515
104
14
4463
184
104
17399
1707
2013
185
202
61
563
666
27
331
1178
17398
4103
17395
87
334
11971
880
57
17400
10938
1924
5284
13
107
2933
23
6442
834
24
5675
718
107
11401
76
91
12923
2
14
2580
57
133
9
57
9
2959
4083
27
331
119
593
1393
12830
13
2528
76
24
3258
515
880
5
24
5675
1393
4886
24
3258
5
12830
13
17401
23
24
2532
27
331
17402
6157
6150
359
262
331
628
1835
9978
515
237
710
99
100
10616
504
91
17392
17393
1707
76
334
17403
515
149
17404
34
365
5546
27
119
1066
4723
17405
54
3873
5
628
2357
4149
215
825
278
4023
2
237
824
27
331
17392
17393
1707
825
45
17406
5776
57
1193
1211
5
24
1857
2296
13
6046
515
1222
3135
1105
369
53
185
5538
833
61
358
369
45
702
24
3802
5
610
825
3911
24
710
64
610
516
1193
622
27
331
972
149
23
24
5267
57
14
3714
57
10709
58
24
4539
843
3469
185
54
3229
185
1750
4896
27
119
5937
1956
393
87
344
57
866
262
1687
5322
14
7099
17407
3685
3685
3685
2209
3368
75
17408
1961
61
834
638
17409
908
17410
119
2951
3327
919
57
249
23
502
4980
128
57
704
9029
330
183
149
17411
5
3504
122
2002
34
11061
27
842
972
61
129
763
76
54
485
23
17396
17397
61
438
17399
61
1202
5713
61
3138
54
2956
105
100
7719
5
215
149
45
4723
27
119
2889
61
129
3529
3383
4166
23
10802
64
14
1687
17412
129
9142
17413
61
99
717
3096
622
1105
449
54
603
57
4980
5
7402
3181
7994
27
742
2255
17414
972
61
6015
61
750
24
463
464
926
149
1687
832
1465
99
17415
5
330
926
149
1687
3108
13
444
13
24
2611
57
17416
27
11061
61
625
901
64
7099
1546
13038
57
24
506
61
149
15196
91
3096
622
3207
4163
13
2401
24
4325
655
819
330
215
2831
4377
183
27
119
9428
14039
1221
129
650
133
374
494
495
1221
149
3745
3990
34
54
1123
57
327
912
2310
9
4983
17
18
3424
27
972
61
2195
61
149
23
24
5267
57
14
3714
57
10709
58
24
4539
843
3469
185
54
3229
185
1750
4896
11061
61
129
650
133
64
7099
374
494
495
61
10479
13
24
15166
5
183
149
147
1341
13
24
642
2692
372
129
2325
133
34
158
288
791
5713
1681
9
170
5364
2389
61
7801
17417
5
9729
1681
9
170
4475
17418
27
11061
147
4151
262
1687
1178
13135
3314
1569
2029
13
17419
32
57
24
512
192
57
4980
1541
27
17420
8840
13
327
1569
3424
34
2540
183
14
2508
17421
187
149
24
55
227
11061
105
319
2479
104
9752
647
215
309
17390
4325
2
24
3362
123
327
912
507
9
6324
252
13
1605
2762
23
24
3475
27
618
515
6018
316
308
288
1377
2
9734
2812
34
316
494
5
1599
13
3896
1389
2768
13
14
1435
57
17422
3532
27
9734
14039
5078
11061
99
2011
855
13
855
76
24
17388
9
2033
2
17396
17397
129
1391
158
14
17390
15166
58
24
3291
327
15333
3424
5220
17391
112
27
397
398
57
334
3806
17398
4103
17395
61
24
5786
3199
13
808
11061
34
24
3258
215
105
1515
104
14
4463
184
104
17399
1707
2013
185
202
61
563
666
27
1178
17398
4103
17395
87
334
11971
880
57
17400
10938
1924
5284
13
107
2933
23
6442
834
24
5675
718
107
11401
76
91
12923
2
14
2580
57
133
9
57
9
2959
4083
27
119
593
1393
12830
13
2528
76
24
3258
515
880
5
24
5675
1393
4886
24
3258
5
12830
13
17401
23
24
2532
27
1703
6157
6150
330
262
331
628
1835
9978
515
237
710
99
100
10616
504
91
17392
17393
1707
76
334
17403
515
149
17404
34
365
5546
27
119
1066
4723
17405
54
3873
5
628
2357
4149
215
825
278
4023
2
237
824
27
331
17392
17393
1707
825
45
17406
5776
57
1193
1211
5
24
1857
2296
13
6046
515
1222
3135
1105
369
53
185
5538
833
61
358
369
45
702
24
3802
5
610
825
3911
24
710
64
610
516
1193
622
27
331
17423
129
5016
9876
61
17390
5
2965
4325
278
100
11401
76
997
17424
23
622
175
499
597
27
1707
5602
369
3009
13
3193
515
1105
53
4166
369
64
17425
64
372
53
13
1463
912
855
23
24
4324
27
2226
506
14
1002
17426
149
561
34
2195
3133
34
17427
14
3904
3817
76
11282
867
58
926
5892
14
2046
531
13
1399
3461
17428
185
24
1389
890
2634
27
804
17429
61
307
61
2
4505
61
13019
1687
17430
331
7043
2965
13
7466
2280
17431
61
3817
34
17432
61
5
4373
525
14
331
17433
331
27
2226
751
1002
912
8789
7164
3818
515
24
1565
1687
1035
104
1834
76
4325
5
17434
23
14
14640
10827
27
1102
610
369
45
370
11344
1105
185
237
4144
27
246
10802
4980
4381
99
855
9
13
9
855
4463
76
4980
14039
5078
11061
246
17389
972
61
2195
61
17435
34
17390
15166
1391
2
54
3229
246
119
4539
843
13
7099
14039
11061
289
158
331
14
7099
17407
3685
3685
3685
331
246
1703
6157
6150
330
262
331
628
1835
9978
515
237
710
99
100
10616
504
91
17392
17393
1707
76
334
17403
515
149
17404
34
365
5546
331


