15
12007
1101
31
6860
713
11828
3
18465
19
1127
9
427
10675
5425
23
2335
9
23481
13
19919
6
129
10676
4326
47
390
2191
4016
43
494
3254
12
1402
2
191
79
23
17437
2
4326
20491
103
0
207
39
91
348
3
1039
5
11710
63
430
28
5
672
1258
3
59
133
4086
11514
94
2
1978
122
21
10
3
84
86
2
1343
16
297
94
3
718
713
11828
448
55
10675
5425
30804
16
10675
5425
53
93
51
10
348
3
1039
5
11710
28
847
4012
31
6860
713
11828
53
122
51
836
68
11828
133
7
5
8358
6
0
1043
2507
972
9
6824
1377
133
30
1031
3
4285
201
17715
3
841
112
5425
13
344
3
1039
5
189
11710
28
5
847
4012
672
7
270
2
387
1180
37
3069
2830
31
0
237
4314
9
11
9
4314
4032
7
0
172
3
42489
5
333
7368
1271
11
37
13686
2
1544
14157
171
183
419
2
65
10582
30
40
24916
150
5425
1182
19
196
9
20148
1
196
9
1421
573
17
713
11828
1
38
21
34
840
69
0
4512
4954
656
2
89
48
776
29081
13
0
5273
6
838
7234
2
15
152
25
157
3
32
16
713
11828
53
93
51
4
5425
157
3
32
280
90
42
1840
55
9773
767
2965
6
5425
133
4
92
33
278
56
19
6291
20853
4
42490
4746
6
19
4627
73
42491
12
0
237
6
282
133
21
254
41
3777
5
303
158
4652
85
48
1787
6860
47
272
9
6203
540
2
5425
47
4500
3
4512
4
0
1316
30805
6
30806
3951
46
32
5391
189
39
68
11828
47
42492
8412
29
40
24917
3
0
3609
3998
9
2248
1
5425
30
4929
31
2824
9779
628
6
0
64
14689
21
30
489
11
19
148
612
6221
133
127
42493
30807
4
13687
18488
133
14333
67
85
201
42494
2
3193
1
23
21
5075
3
1276
5265
6
1628
67
31
2788
19
172
4008
4
6452
585
7
208
215
47
4186
4083
1715
9
525
17
18488
1
21
131
16
35
1762
30
9047
121
17
37
7382
3630
1
1798
948
1
1798
844
1
7382
1480
4
5
128
1
128
6068
1516
2
24918
9
5794
3955
1
44
226
4
165
2
24
659
170
13393
1169
849
2
1553
906
16
5425
10
289
5
13688
71
31
13687
18488
56
44
87
649
81
417
5323
18
84
25
311
16
5425
4
18488
46
1118
311
7
42
18489
7
4186
4083
208
215
89
206
24
2135
5
152
11
0
3007
6
48
71
3
2947
5
21134
23
1951
1
17711
4
42495
2560
23
56
15
17811
1213
828
3470
1477
103
710
2
5425
171
1377
713
11828
3
7183
2464
24285
47
581
5776
12
1402
2
581
30703
7
0
1178
1321
812
121
0
2685
58
32
14034
3
14
6
5
42496
91
6079
2
24919
10349
30
2362
3
430
129
12562
7352
3
4512
73
32
2
144
80
1863
3779
47
10362
3
1037
42497
42498
5881
3
5
13240
550
1919
2735
3
901
19
87
172
993
2
15
373
1
504
9
2185
4
5659
5618
1023
77
1905
17092
1501
13036
3246
7
1249
30
1151
49
42499
13386
11
10349
2
2266
21
42500
7
425
9
71
127
7031
4015
133
2505
20
2906
1749
208
3115
133
4
2842
3649
4288
24132
7
1934
1
716
59
41
3172
80
0
504
147
50
30
116
80
48
686
2
380
235
6
0
172
16
24919
10349
53
122
51
42501
13036
3246
3
313
0
16573
17092
993
7
1389
1522
28215
16
10349
30
3635
5
189
71
11
19
880
3
313
5
172
993
4
21
3352
25
17
234
844
10349
430
13
1359
63
0
19370
21
30
116
800
2
15
17239
50
33
262
19
30215
1023
127
0
3324
171
1850
23
4220
17359
14
3060
9
1259
13
253
769
5
673
11
156
6
25
3
32
9590
12
5821
55
12
0
704
2
15
30808
283
498
48
24920
247
130
5
3056
47
20649
28
665
4
3779
13
113
21
678
3
143
5
13394
1480
6
19
993
7
405
2
15
4700
14
12066
166
46
41
32
23
11246
23
3246
81
149
133
716
1054
4015
62
24132
208
70
133
45
92
13
253
194
20
6870
98
11
10349
3
143
0
1472
2358
6
3559
767
8427
2
15
189
9
13122
5690
6
1736
13689
13
1798
7349
13189
2
15
1313
6
30809
1736
7624
7
0
1817
200
39
2041
0
13297
93
17
50
21
13690
10676
4326
12
19
152
3
901
0
10048
1213
15
7019
2050
697
9
948
2715
7
0
3609
6
18099
1774
24921
2
57
13
98
2230
0
178
9
215
42502
3248
2735
3
37
8518
7
13689
47
102
403
6
5390
208
555
65
618
11
0
541
179
172
7491
1501
3
32
9054
24922
1180
0
21135
7
5390
6
5
5690
6
42503
7606
21136
42504
2
7499
3663
1077
8094
11829
2116
22
16
35
17470
88
30810
10
15007
2
1736
10
42505
1343
16
4623
0
1736
13689
5690
91
42506
515
6
97
8518
208
70
5620
16
65
5690
6
1736
13689
1
1045
59
3938
5
93
10068
127
10676
4326
1
13
472
1046
6904
16
20562
1774
24921
7792
0
13689
5690
3
32
1309
7
555
4
25
46
938
7
5390
3442
82
6
2485
9
2298
4
1323
42507
192
1
14
30811
13
63
3
32
14267
2
15
1087
10
7728
7291
56
0
1504
18099
239
2264
2
24921
1
0
6525
9
49
7
14
3695
1087
1
175
77
1
2703
14
21
2091
35
0
9063
906
3
1014
0
237
1442
24
73
210
55
18351
788
2131
4
10961
13
0
768
14
54
6
13689
47
2193
10
622
3
20204
56
3578
3
177
14
5690
2
580
1685
92
46
32
67
2113
11
0
632
30809
1736
56
21
1104
19
12321
242
12
0
569
6
0
83
13691
14891
50
21
42508
17
19
6151
1023
77
1961
17395
2
26
24923
713
11828
1680
3
18465
179
427
10675
5425
26
52
348
59
3
1039
5
11710
28
5
847
4012
672
7
270
26
713
11828
10
11307
14
5425
13
2335
9
23481
26
318
1794
43
19919
6
10676
4326
18
390
2191
4016
26
2607
43
3254
12
1402
4
43
5485
17437
26
24919
10349
18
172
993
313
2362
129
12562
7352
73
32
26
10349
1017
13036
3246
3
313
0
16573
17092
993
7
1389
1522
26
1736
13689
18
5690
13
207
3
32
1309
31
208
555


