258
463
464
3968
26414
262
2263
26415
61
552
7732
149
1129
75
525
23
14
2946
2051
61
99
769
525
2907
119
2255
9
57
9
316
552
5016
9
10073
7732
149
1129
75
525
23
14
2946
2051
99
769
24
272
18
525
20414
14665
4325
61
183
99
953
27
251
7703
6558
6671
515
2263
26415
61
13449
61
2831
45
107
24
14442
26416
34
24
272
61
1519
1413
5
190
61
652
57
10940
926
6934
750
449
525
7152
1153
27
3850
26417
26418
330
23
525
10625
515
26415
105
4898
13
525
61
2959
12470
61
4047
5
7152
26419
449
525
2536
61
24
1605
1606
463
1840
1341
27
26415
61
129
8225
525
16298
26420
23
555
61
105
3138
926
2859
3477
25830
58
24
10066
40
26421
2960
2057
926
105
1644
100
25481
185
542
647
926
477
525
583
23
10645
61
1489
13
24
2959
10625
27
187
3283
515
926
99
100
15654
7156
61
349
26422
5
26423
61
91
265
1245
4047
647
2336
9
1347
8838
3431
26424
2
15
1245
4047
185
24
1271
257
27
26418
6671
515
24
7156
1153
12422
525
272
61
23973
32
5127
2
558
575
926
689
133
185
14
513
5
525
688
61
935
316
61
1663
23
24
585
2241
7382
1185
14
17288
27
119
829
726
58
926
3818
13
722
3219
76
14
549
14
506
58
525
568
13
26415
61
12414
61
650
13
334
1029
61
5
24
26425
404
23
525
361
7734
5
722
334
7732
27
808
26415
5
54
331
16625
331
5700
10158
26426
285
818
420
64
13
3084
515
589
26415
331
7732
26427
525
3820
57
361
14
292
61
502
23
1456
9198
13
525
5760
10783
27
4338
26428
589
26415
331
310
2960
13
3193
515
926
105
334
7732
61
665
26426
1129
24
3982
13
3084
926
149
14
26429
34
574
13
278
2946
57
525
316
272
18
26430
27
26426
663
330
24
7741
2057
926
2290
278
100
15270
1348
926
3138
926
604
105
43
18
13
525
5665
27
17665
262
1042
6989
9
583
26420
61
324
61
105
9991
515
525
7732
58
122
10073
2057
525
47
64
14
26429
1348
926
330
926
1545
13
107
76
525
272
185
26430
2414
397
14
3340
61
589
26415
149
441
13
13598
449
722
3219
76
14
402
9
4522
549
104
54
82
27
1042
583
1129
24
7732
75
525
23
2959
13
5547
54
2946
16425
5
2263
769
10354
2946
57
525
1093
26431
61
190
61
5
688
259
61
1413
61
23
744
27
378
13
24
1605
1606
3801
61
926
330
262
331
628
2357
8225
27
628
2357
45
2286
15499
3555
628
2245
1030
628
2342
100
9314
47
5
7438
27
628
105
3219
76
1463
628
2193
34
1011
494
61
5
628
2357
9837
237
3554
61
1021
426
3555
331
579
1094
503
6039
525
272
185
14824
5
26432
12325
27
331
187
144
1327
707
474
27
691
728
818
4314
61
331
926
330
27
7794
262
589
26415
330
515
926
99
100
53
133
13
107
14
1021
2255
34
525
3532
187
37
45
24
55
227
24
540
278
53
5201
34
14
2959
2504
27
808
26415
149
6555
35
506
5
6903
57
17926
54
715
40
1517
288
147
130
343
13
26433
4121
58
215
3138
525
2060
5267
149
2
14
26434
24246
27
869
237
751
61
14
11247
6558
663
6671
515
26420
709
849
105
13
3896
2263
2947
26435
9
751
23
318
2002
61
1775
525
13
2349
926
44
1248
525
3959
1202
15472
5665
27
1042
3509
87
2386
24
10625
27
119
594
3291
829
663
9993
808
26415
13
1454
122
272
33
13
20937
61
40
515
215
87
4723
34
54
6989
9
715
37
198
3819
1348
926
6252
27
119
6558
330
926
706
12810
24
2946
19457
1222
589
26415
99
6495
7152
2826
34
14
506
27
246
2263
26415
61
13449
61
4898
13
24
2959
5
4047
449
24
2366
57
525
7152
1153
61
1489
13
14
10625
91
14
7703
6558
246
579
330
926
2859
3477
25830
58
525
10073
40
310
2960
3193
926
510
935
218
122
568
246
579
1195
769
2946
35
506
1348
525
583
61
16298
26420
26415
61
1129
525
7732
75
525
13
444
24
2907
246
579
105
334
7732
58
14
32
9
2356
1650
76
14
402
9
227
549
58
10083
76
525
583
61
129
1129
525
310
2960
13
532
133


