258
972
40420
269
262
40421
264
61
2778
5657
558
40422
40423
61
1011
61
149
1414
54
3584
1348
215
3469
23
24
3217
119
111
6903
57
2882
14
393
23
24
219
185
11801
7314
65
54
55
3584
64
1687
40424
1348
215
3469
23
2959
1671
2940
76
596
27
40422
40423
61
1011
61
129
763
23
24
40425
12007
57
40426
575
6202
9
2033
40427
40428
149
1745
61
149
1414
54
3584
1348
215
3469
23
24
3217
27
396
10479
262
1687
40429
27
40429
40430
119
20513
104
2425
932
11280
2959
935
978
13
6757
91
574
262
1687
1831
723
40422
40431
119
6576
10479
262
1687
951
27
40429
40430
396
149
8011
23
2946
64
642
355
129
105
8459
13
3527
13
2597
808
40428
912
485
3199
34
11406
23
31080
542
57
54
897
5
28409
13
5448
54
1816
87
407
13
542
64
387
64
1243
27
808
40428
105
100
398
57
14
1060
57
3542
403
2
23790
1956
140
2425
18
739
129
369
1722
13
278
100
185
122
880
13
19165
34
24
11801
7314
3197
27
691
288
1867
218
24
886
40425
4791
104
449
16730
1348
808
40428
149
2876
104
1015
4623
23
24
83
57
24
219
27
119
301
40432
3319
18285
4156
5
5396
1025
61
3458
23
24
593
912
82
1566
27
1707
35
632
330
358
288
371
24
3319
64
14
1687
7056
28549
502
1099
278
100
12078
5670
27
6228
6229
6230
2994
9149
2504
262
119
642
2992
6534
40422
40423
61
129
87
6903
57
2882
982
393
40427
40428
61
16882
104
2959
23
2425
1671
40427
40428
61
1656
61
149
2876
104
1015
4623
23
24
40425
4791
57
40426
61
11254
2425
185
11801
7314
251
1389
6471
13566
1330
13
14
802
61
2977
91
642
61
373
3362
1221
76
24
643
89
54
596
330
13
5449
1687
821
822
40433
27
40423
149
2940
76
808
40428
912
596
185
2414
61
5
3469
23
2959
1671
34
14
796
923
21145
956
27
1170
922
24
2959
3866
1793
2884
355
27
26029
262
271
57
7938
193
2065
14
544
57
489
40427
40428
123
14
19855
7931
104
24
348
57
54
596
23
40426
35
2356
40426
7931
262
26590
64
331
7411
5
24147
331
61
808
40428
2084
23
24
1428
23
891
58
24631
334
30027
5780
104
40434
1956
364
642
355
1650
1462
13
2172
57
27052
5927
655
273
57
24
356
1456
133
13
3189
7938
23
4567
57
24
965
393
4347
1587
417
54
3584
64
1687
40429
40435
13
24
2959
20513
61
24
6576
383
54
1987
57
7764
27
40423
747
13
1650
23
24
3217
61
586
262
1687
628
6513
13
107
40436
396
149
8011
23
2946
13
3235
484
14
6558
104
2425
3222
943
902
27
808
40428
912
571
40437
61
14
791
3542
1677
1742
798
129
1094
3890
334
90
1589
3952
61
99
100
1147
57
642
34
13024
13
36325
158
57
24
3319
484
215
1142
133
449
183
185
592
27
119
485
278
663
6573
34
54
1816
13
107
407
818
5421
10925
40438
718
107
658
133
27
40439
262
3689
57
40427
6314
7938
5
1275
64
358
1679
14
7816
438
3527
40440
23
582
7779
2692
122
9707
61
40427
37
486
1028
54
1816
4634
64
387
64
1243
61
10807
40441
69
1389
4624
71
2
24
1428
5
3542
1144
61
5
3622
34
54
884
368
2
11254
2425
1707
11011
13
2597
542
104
122
82
23
40434
1671
27
8594
1702
8707
16755
40442
330
262
1687
408
1999
183
149
752
13
221
2211
6849
76
24
485
5
5605
542
705
2002
610
44
104
237
1098
227
27
1687
408
2296
13
3934
13
542
23
1066
575
610
369
47
13
23
24
643
5
496
610
369
2931
13
5448
40427
912
1816
87
407
13
542
64
387
64
6528
20565
808
40428
912
1588
40443
40444
330
262
1687
408
369
821
108
76
24
2541
23
24
643
57
24
501
5
516
1030
24
801
13
2837
387
818
3622
44
107
417
13
40427
912
23658
5900
27
251
108
467
57
40427
6266
23
24
14272
149
417
133
13
16874
129
184
122
7931
64
40422
40423
3469
23
2959
17590
262
368
76
8093
288
185
7508
64
14
9242
57
1573
6534
40423
2084
104
24
932
57
2425
10943
331
2959
1671
40445
262
251
1804
57
642
1573
11250
40423
13
2959
34
24
29331
956
1707
23
40426
104
24
348
57
24
2102
27
808
40428
37
571
99
100
1147
57
24
880
24
1611
5
3542
4948
278
6317
24
501
1687
1707
355
2
11254
2425
1707
278
902
4456
3199
13
703
5
4042
24
4918
502
11
13
45
28656
24
5988
691
330
358
105
100
4007
808
40428
912
1816
2831
107
407
13
24
485
902
9384
185
24
838
57
321
5016
9
10429
2826
27
808
40428
149
1241
34
14
4153
9
30027
40446
16971
104
23790
1956
27
7961
262
16911
369
174
104
24
348
575
40427
40428
149
2876
23
40426
61
11254
2425
26590
64
1687
7411
5
40447
61
215
2084
23
24
1428
23
891
58
24631
334
30027
5780
104
40434
1956
27
251
1687
1101
40448
510
513
23
1605
7779
1671
655
3542
403
5
7908
184
14
19855
7931
23
40426
35
2356
27
40449
40450
40451
330
262
1687
628
1999
2236
5993
449
237
4393
315
5
515
912
1607
628
648
57
39770
1465
575
610
718
4458
609
5
377
612
2031
34
24
32
515
912
40452
8341
2911
61
32
1519
2584
61
316
1519
1371
61
129
288
6555
185
15070
57
596
61
278
100
16504
641
563
27
251
5887
111
61
1519
1526
61
129
149
663
6555
185
15070
57
596
61
99
100
407
5
87
45
370
2933
23
24
7781
23
1193
880
27
246
40422
40423
61
1011
61
2
40426
61
87
2940
76
596
246
40427
40428
149
2876
982
104
222
9
13699
4623
185
11801
7314


