144
2255
25626
4
507
491
1215
293
16
50312
138
1
483
460
151
291
287
16
31542
138
1
399
460
151
15
3056
6671
1058
7924
38
574
0
11272
12
5
58
9
32
5274
31
3851
19
220
1158
12
0
27738
1020
78
0
1971
13755
110
21
1502
3
84
112
0
130
107
74
6528
2
8
308
252
3
124
55
6
323
90
24
3465
212
251
103
1
8
6463
9
83
375
1478
2396
9
37
1507
1320
3320
9
22
21
78
0
16155
7981
1
38
10
11142
19
220
8355
20
0
71
1
7
37
772
17
2601
689
2
2396
10
346
20
5
6671
1058
7
33932
1
4993
1
56
0
10071
3701
9
50
10
1397
12
1855
9
175
242
2
4788
16
65
130
1200
5
1158
12
375
2396
2
2396
123
1200
19
4
78
0
130
3
517
8
90
24
3465
212
251
103
8
21847
5
7770
16
139
5274
213
5
1907
56
0
868
5969
1058
7924
21
1200
5
1158
12
1
923
2404
31
4537
19
220
8356
69
0
6353
18
2803
249
0
7981
1200
19
1158
1
21
1131
10
74
15850
2396
91
1971
23
168
2
89
23
760
23
2396
408
5
1998
1
19
550
2548
7
9
21
1200
19
220
1158
4
34
25
7
0
7981
18
2803
90
0
130
158
692
110
510
2
203
22
68
2396
34
5
1726
1927
1
45
1535
3
15
21945
1
0
1058
7924
22
21
78
0
106
8
24
181
53
0
7981
51
13
5
305
50313
85
24
322
2
8
334
384
82
6
451
7
0
321
765
1
68
2396
30
1728
34
67
85
19
2616
1016
6
1853
17
13602
4
1867
6714
1
23
168
23
3059
129
3
3317
5
8356
2
52
30
1773
146
9214
7
1507
4
30
614
23
5
582
2369
4
747
6707
2
15
732
4114
175
242
12
377
166
2
15
5274
13
214
30909
69
0
1058
3884
5
3473
1
50
68
2396
10906
5792
0
130
3
210
55
2
15
5274
123
923
9666
11
19
1158
119
4219
80
0
279
7
0
19972
2
89
0
7924
18
550
4
25532
175
77
1
4
21
2755
19
220
50314
50315
870
5480
16731
28
19
99
4071
119
7429
0
5274
18
3948
17
19
108
619
2
24343
16
15
3701
175
242
12
377
166
56
0
5274
1477
7
3884
5
3473
2
52
10
10906
78
3
210
25
55
31
68
2396
52
78
0
546
451
21
1930
3
3465
0
5274
18
251
103
2
378
50
547
0
130
2655
55
6
0
1224
2
52
22
21
107
74
514
19
1998
114
0
5274
18
1158
10
202
3164
2391
20
59
1
2048
19
142
2
11569
1563
4960
4
22090
4978
1
38
29
1646
106
4
0
546
451
17
0
1855
1222
1
22
44
1937
337
68
2396
18
3299
6
0
1081
2
15
7924
18
227
10
1878
4387
20
942
110
34
510
119
27
315
10
20
147
1
45
39
1265
0
1222
1
36
1117
33045
94
2
8
57
175
27
5
119
3
3045
94
1
8
21
22
2
8
89
24
213
80
7377
6
50316
56
36
224
102
1
8
21
78
15
21945
2
8391
6171
16
68
2396
1006
3192
69
684
1
7210
113
0
5274
3164
19
8356
119
7350
19
220
16731
28
19
99
4071
6618
16
15
7924
860
2402
1158
2391
20
0
5274
38
30
4178
80
0
279
28
0
19972
2
68
2396
22
21
58
8
3465
19
251
103
8
26
27505
4178
279
20
15592
7
5
1058
7
33932
1
4993
26
89
868
3320
1058
7924
4929
923
1
4
1200
55
19
220
8356
26
5170
1578
21
34
19
1998
7
0
5274
18
2803
4
10
7
742
26
15
6353
4405
2655
103
23
0
7924
1180
59
17
19
16731


