11645
393
523
7380
4
2123
6630
1305
5
1669
938
3
6394
246
4945
8
2739
6
3596
0
200
14098
4809
127
407
1019
11722
15
1455
9
22002
584
1050
1244
170
1711
1565
374
1
39
1901
26545
4
1401
17646
34
11702
7
2319
8469
262
42
220
49849
6395
12
132
105
6
146
7
49850
2
7380
53
49851
51
4
6630
53
2844
51
2404
31
1637
0
102
343
20
10165
11
472
966
23149
1
0
1394
4432
19
272
9
1669
17
19
4554
146
103
0
19966
873
21
1667
90
91
49852
3
4809
103
9
23124
12032
49853
3
267
5
938
6
8366
2
2123
6630
1
137
12
377
120
246
4945
1779
1
668
2844
12
0
439
132
6630
4
523
7380
53
137
51
210
12
8366
1565
23
0
3303
393
1619
12
4598
41
55
12028
2085
4
849
914
5439
326
39
6320
1
0
4945
1117
3735
12
33814
11
146
9
45
118
4468
7
376
9
17
7380
170
6452
1
248
2024
19
49854
713
17
19
6588
17940
2
49855
9623
25022
53
146
11
7895
51
4
6918
49856
53
105
11
2881
51
43
421
234
7
0
33815
311
23
0
3581
1
32140
12
24852
11
452
1
43
80
55
11
33816
2
6630
18
2556
6096
5
667
6
16328
4
43
472
1006
7
67
2544
56
4809
5617
1883
4101
10260
3879
49857
12
3
19
33413
11
5
4521
10156
1
19
200
957
9
1313
2002
6
0
525
2
3347
6630
4
7380
1524
246
165
69
0
368
132
17
5
5134
880
6
4922
5
1203
49858
9623
25022
175
146
11
7895
23
407
1019
65
668
33816
7
0
200
18255
26350
26545
4
17646
469
3
1593
5
4054
2082
1
45
0
4945
43
7437
11
105
39
0
1810
93
9
49859
865
7
0
837
6
64
23149
3
2791
30556
49860
49861
2
26545
10260
37
1680
1221
3
5530
1
4
123
17646
10
49862
103
19
31538
2
6274
3278
19087
12
6630
4
7380
1
38
107
41
18973
4
116
5
25395
20672
0
148
623
4370
12
0
368
132
9
5
768
50
58
373
55
5
791
9
791
2257
695
2
26
2123
6630
668
2844
1565
12
439
132
127
407
1019
65
26
11645
393
523
7380
1619
0
132
12
4598
41
55
26
15
584
210
12
8366
1565
23
246
165
69
368
132
33814
11
441
26
15
4945
667
407
1019
31
4468
1565
159
69
0
368
132


