144
5928
7970
65
211
38
556
5668
274
178
379
30
6833
859
3
29
196
6
27
843
1145
7
5
1228
3
124
27
641
182
742
2
6340
2690
1
793
1
28
51489
1
6524
1
309
248
5668
56
36
10
79
591
2
96
10
1085
1463
17
5107
56
36
10
834
1
45
31
123
36
10
248
5668
49
3
316
278
5
132
2
51490
16
6340
2690
1
137
93
737
9
859
7
286
1
4
122
98
1
10
1129
3
667
5
1260
142
96
10
86
7650
14
36
76
74
158
4313
1054
2
89
262
0
4059
859
1
36
30
79
54
62
64
5668
5
149
4
13
1085
576
5
1260
142
2
15
859
73
154
49
3
64
82
3
4456
28
86
25
13
2183
0
10248
6
6340
47
5668
46
722
3
19607
2
96
22
16
8
581
280
43
128
7720
1
45
24
76
141
165
55
1054
1
158
79
3
1097
0
790
2
8
24
809
109
24
1494
40
5947
6
1073
49
114
6
95
5107
2
8
135
34
3
389
5
1594
3
325
55
112
24
1494
32
5517
11
0
859
1
4
24
84
141
181
767
30
388
40
86
3873
3
1487
44
73
29
843
859
2
8
57
47
199
5
4053
3
124
95
142
99
150
0
1012
2
8
6340
34
0
1012
7
436
81
70
1
79
39
27
8710
1716
2
6340
1
137
17
27
145
4
20
0
10656
2169
13
502
1
122
1
34
5
3338
6
27
843
1145
3083
20
0
10656
2169
7
502
1145
5
10666
9
4112
3338
28
0
93
243
6
27
843
1
4
216
2397
1442
28
0
196
6
0
843
7210
27
1915
2
6340
22
16
8
6270
69
843
859
10
5851
1
45
24
10
67
4578
12
129
25
76
586
95
142
3582
2
8
135
107
141
183
268
24
4873
49
129
25
58
29
1792
95
1915
1
62
158
112
24
1494
170
32
344
3
1450
2
8
581
1618
22
36
47
202
40
7845
3
1487
121
1821
11
5
9384
2
8
6340
47
5668
467
23
1979
8939
5668
1
113
36
58
1208
8542
11
5
333
1578
1
45
23
71
219
12
36
61
556
2841
26308
5668
1
17
3781
51491
2
96
22
16
8
57
79
809
109
24
10
3392
11
5
333
1578
1
24
79
219
1274
10744
9
4
123
24
58
226
1307
99
69
0
3160
2
8919
16
3083
33
1371
14
6340
1
137
17
27
145
34342
1
46
2648
28
416
3070
5668
7
594
8
249
0
5668
87
309
24
58
161
240
110
240
80
0
71
1
45
14
1362
3
240
24
474
2360
240
2
24
107
141
183
24
10
324
25
2
8
57
1792
95
51492
1
21643
253
2
281
24
10
2191
1
24
58
454
5
34343
1
123
1039
5
1274
410
34343
114
24
1494
4913
113
24
10
49
3
2
8
2866
7238
6
95
142
10
1792
2
24
58
29
617
711
3
124
25
14478
2
8
24
10
118
316
1
24
107
141
188
25
3
165
12
11
216
713
82
2
8
96
98
30
5
196
9
71
431
23
5
12687
4
13
344
3
495
142
67
1
159
55
17
27
280
4
317
27
790
12
4883
2
96
30
61
3660
3
4656
422
3
625
23206
4
6473
7
460
2
527
145
1
34342
1
22
16
8
24
659
228
1987
6
0
152
36
47
7392
850
2
8
6340
30
5
400
4278
4
5
400
1378
6
6920
2
24
10
2481
125
6
25
58
32
342
45
36
47
0
222
79
340
0
5107
2
8
26
6340
2690
1
28
6524
1
309
248
5668
56
36
10
591
26
15
196
9
71
12687
10
1463
17
5107
56
36
10
834
26
2045
0
1012
1
36
98
30
79
54
62
64
5668
5
149
26
9534
1145
5
10666
9
4112
3338
28
0
93
243
6
27
843
1
4
216
2397
1442
28
0
196
6
0
843
7210
27
1915


