144
10785
20409
293
16
24562
138
1
870
436
151
291
287
16
22514
138
1
870
436
151
41268
16
7457
12626
137
687
186
209
39
4709
578
3
3836
67
85
72
41269
28
27
2524
244
65
263
3122
67
85
72
1688
28
27
11346
244
23
21
5723
5832
47
7
5
3831
102
9
3
2485
27
478
8246
5216
2
7457
12626
1
1627
1
6730
0
1357
12
1677
4
35
24563
1066
10028
699
85
27
8269
9
83
244
2325
12626
47
462
1
5
186
306
2
12626
1
38
1886
7357
279
28
27
244
47
1063
77
259
187
1
30
1477
456
28
186
39
4709
578
3
3085
2
52
1878
489
18312
462
20
102
11
19
433
744
1
173
5832
47
1324
1
1460
904
372
306
2
89
19
1138
492
717
3
3505
4
25
10
5143
14
21
58
356
69
5
102
412
71
2
12626
9
38
30
5
247
198
888
9
649
17
637
825
4
0
102
4
1301
3
503
72
41270
5
149
28
27
1970
47
2752
3
1202
964
2
89
100
279
806
4
36
192
395
5
723
3
637
825
324
36
10
100
879
1497
11
19
8940
4
21
171
32
41271
2
2625
756
27
244
10
14726
3
233
39
19
1863
4
1301
44
58
154
742
2
65
30263
6
19
1276
1484
310
0
2524
130
47
2707
10
170
159
7
9
45
19
263
34
204
55
72
41272
77
259
187
2
12626
10
432
4
1878
1243
317
0
279
1
45
192
490
25
4
22
36
34
444
25
12
8246
4
450
3
503
103
7221
2
1485
41273
3979
1258
12626
1
28
41274
1
2283
1
5
9551
1410
905
4
1887
30264
643
147
2
7843
1
1485
3979
22
16
8
41275
13
37
6113
5216
1
66
213
780
49
7
25
4
1654
48
232
3105
6
1193
2
8
20887
5216
16
15
1485
20
1460
904
372
22
14
12626
34
1654
5
8
232
3105
8
6
1193
26
7457
12626
20888
27
8269
9
83
244
2325
18
1276
1063
77
259
187
26
96
444
279
50
10
1413
3
503
11
19
462
12
1066
8246
1
1677
4
1788
103
7221
26
89
36
1477
456
28
186
39
4709
578
3
3085


