8920
278
1142
515
24
3308
57
5786
5058
38713
621
622
1348
3992
20173
76
122
9930
27
8920
1142
515
56685
1504
57
14913
61
5786
3788
5058
278
6638
14
5282
76
2276
111
5
56686
1504
4886
13
722
23296
23
56687
27
8920
377
24
5058
1347
56688
76
819
129
288
45
11001
1015
486
27
251
3486
56689
262
972
23796
5
34315
10669
369
244
2574
61
1171
278
1142
27
8920
1142
515
56685
1504
57
14913
61
5786
3788
5058
278
6638
14
5282
76
2276
111
5
56686
1504
4886
13
722
23296
23
56687
27
251
3291
4156
8342
1142
515
905
1504
57
1611
317
1019
1271
9
3219
3749
369
286
61
14
12229
5189
2
3837
1504
23
1900
27
187
912
3843
47
91
5128
2
24
34118
1322
2095
61
502
1142
515
8370
1504
57
6795
3132
58
13060
1014
515
45566
2831
107
4312
91
5529
27
119
1344
61
784
35
751
23
24
7512
5
56690
1320
61
149
1732
91
316
1141
104
39817
5
6624
11974
61
129
4863
2424
1956
5058
27
331
162
6659
13
27684
61
8905
663
8831
23
1687
56691
76
122
14913
5786
486
61
331
6
6160
5
2006
19715
598
27
331
56692
24
56693
1992
57
5282
3992
34
1508
8905
61
594
8962
515
183
149
45
9683
13
107
1015
486
13
614
14
5282
76
1463
27
331
999
57
24
8905
330
24
4975
149
4140
32
57
18256
27
331
628
603
14
1165
19067
61
144
818
723
2422
851
486
369
449
5
369
646
34
723
27
331
1843
330
262
331
628
2245
16057
76
10567
5
610
3531
14
1842
57
227
609
27
119
1141
377
24
3735
87
1474
94
5058
64
358
198
5
4507
609
61
40
87
1474
94
704
635
43
9
637
56694
445
76
636
27
331
628
984
557
707
219
185
10567
912
2345
1348
7419
185
24
26627
1185
6314
158
23
5282
27
842
215
912
45
24
503
32
27
119
880
628
850
183
61
87
515
610
369
704
821
692
5
1015
78
27
331
408
278
14
18299
575
610
369
821
16057
1145
621
622
27
331
119
1141
377
24
3735
87
1474
94
5058
64
358
198
5
4507
609
61
40
87
1474
94
704
635
43
9
637
56694
445
76
636
27
331
7222
57
334
3732
7306
24
5816
369
5562
13
107
420
1511
61
331
6160
750
56695
27
331
569
610
639
61
47962
61
515
183
87
14
1551
1297
94
30377
13
17388
9
17012
23
6659
13
3733
403
61
183
87
45
5562
13
6043
27626
94
4388
9
2033
43
61
331
215
1520
27
27576
330
27684
47
149
4140
334
4975
57
18256
27
331
1134
87
365
14
18243
57
24
56696
5387
515
4388
9
2033
43
813
23
122
56697
61
64
822
64
183
87
14
18243
57
24
1217
515
4388
9
2033
43
738
82
13
2371
23
5282
76
122
6924
27
331
2693
377
24
1344
15593
3060
17107
13
5786
14984
27
331
408
3335
515
24
12034
57
50585
56698
56699
34
14913
43
87
4121
57
334
12034
57
3060
56700
57
12373
23
21969
5387
61
24
1141
598
27
251
3291
4156
8342
1142
515
905
1504
57
1611
317
1019
1271
9
3219
3749
369
286
61
14
12229
5189
2
3837
1504
23
1900
27
187
912
3843
47
91
5128
2
24
34118
1322
2095
61
502
1142
515
8370
1504
57
6795
3132
58
13060
1014
515
45566
2831
107
4312
91
5529
27
2906
57
24
46055
1347
3818
358
105
709
2536
76
122
56701
5281
47
76
14
296
30638
27
331
408
1018
1013
748
2938
45391
7895
61
331
330
32
27
246
8920
1142
515
56685
1504
57
14913
61
5786
1611
3788
5058
278
6638
14
5282
76
2276
246
8067
1344
7272
2424
5786
5058
185
122
5104
11648


