187
149
24
1165
9
434
2544
3193
515
604
65
723
14
169
3317
13
444
183
700
27
842
1094
27062
13
999
87
2540
14
6778
405
57
1579
2033
27063
278
2113
100
417
2276
2876
104
17
27
119
1578
27064
27065
825
4699
13
8208
916
8262
1680
58
14
217
57
2978
494
27
27062
13
32
87
1481
13
221
14
6778
27
119
3193
61
502
10341
1663
2
5280
13
535
61
149
719
64
32
57
24
594
1098
185
3484
5
6247
14
8163
256
94
403
5
16326
569
1579
791
4093
6574
27066
7943
61
17129
61
99
100
6807
76
27067
27068
61
2310
61
128
57
24
1617
3193
825
6985
24
1271
23266
11955
5
27069
8737
27
119
3193
61
502
10341
1663
2
5280
13
535
61
149
719
64
32
57
24
594
1098
185
3484
5
6247
14
8163
256
94
403
5
16326
27
119
594
25215
22169
94
542
1099
2697
14
2347
1629
2881
185
24
582
3232
27
2692
24
582
1804
47
57
4784
369
316
27063
129
288
6021
133
55
227
2535
5
369
2456
13
27070
2786
27
13576
12704
61
9192
61
55
3469
23
1900
5
53
24
230
166
484
1228
133
27
1877
935
525
583
1661
61
129
686
525
3368
2
24
4305
1547
61
99
1077
27
4338
190
494
64
14
17792
926
1142
603
185
334
3207
4533
1783
5
15986
27
119
4644
3142
27071
2
27072
61
1202
6194
330
926
15511
808
7943
64
361
1687
14
853
27073
27
579
359
262
1687
187
105
600
100
707
6553
57
14
6124
27065
3193
76
4348
57
8737
5
709
20123
27
628
4306
24
6553
57
361
644
13
278
2276
27074
2742
2456
34
14
169
2876
104
24
908
5398
87
12880
1543
27075
61
4983
61
2
27076
27
1307
215
55
8640
185
27062
13
999
61
215
149
14
7501
9
2033
393
104
27077
733
61
5735
61
2540
54
55
3484
27065
2504
27
569
1579
791
4093
6574
27066
7943
61
17129
61
99
100
6807
76
27067
27068
61
2310
61
128
57
24
1617
3193
825
6985
24
1271
23266
11955
5
27069
8737
1877
935
61
215
99
477
5
105
14
688
61
5
1510
14
2544
3193
9428
27
396
99
3469
185
1956
4525
61
1539
27078
5
2048
1389
27079
185
9362
25757
3116
11766
251
22290
778
23
1897
27
396
330
262
1687
628
825
604
9500
24
5218
515
6021
846
133
57
27062
13
999
27
187
149
2344
2186
87
24
1474
3584
57
27080
61
24
3705
8968
11171
778
2346
1687
628
1094
639
24
7940
87
14604
9
846
9
45
61
40
707
5781
7334
87
822
226
15709
396
359
262
1687
27062
3116
999
149
600
707
3392
2544
3193
27
187
87
14
3193
34
27081
652
183
87
818
1098
5
358
1018
1013
11912
227
27
119
709
9
4304
1481
57
24
582
3232
87
2381
13
24
1617
61
5
183
99
24
1271
11955
23
502
2431
27063
7940
8737
185
621
7248
641
646
87
14
3444
1687
816
1407
61
183
99
2168
1220
1094
652
646
369
1533
965
5387
8737
27
1007
1099
1019
358
369
1166
61
40
358
5205
14
822
6342
5781
27082
808
7943
61
129
99
4644
61
625
3138
215
1414
17835
8737
23
54
4983
3232
1876
185
27062
13
999
27
119
709
9
4304
1481
57
24
582
3232
87
2381
13
24
1617
61
5
183
99
24
1271
11955
23
502
2431
27063
7940
8737
185
621
7248
641
646
87
14
3444
27
119
908
27083
27084
57
24
3232
825
19102
23
14
5014
230
34
14
1389
17013
908
5398
27
27062
13
999
825
56
8262
104
27085
5
1359
185
27086
104
27087
27
246
119
1578
27064
27065
825
4699
13
8208
916
8262
1680
246
12862
825
6985
24
1271
23266
11955
5
27069
8737
246
5620
61
502
1663
2
5280
13
535
61
149
719
64
32
57
3484
37
594
1098


