15
1650
3
163
6062
3
832
13
330
3
32
5
911
6
205
1452
2
191
0
130
7
48
167
9507
430
3
32
5
4674
2407
9
39
24835
5
6642
28
5
790
2
1392
10448
1
28
51621
7
4989
1
13
214
4424
49
0
7177
913
39
21
3628
19
2664
16276
450
3
1804
49
0
1929
14012
2
34149
16
68
10448
115
0
442
6642
38
10
0
1416
6
7848
1120
28
5
790
1354
0
167
1
68
10448
51622
0
6642
4
26806
25
119
1637
5
373
718
77
19
790
50
2096
3
6061
0
442
6642
2
1354
0
167
68
10448
73
32
306
324
16
8
24
1351
74
2280
25
1
24
893
688
4
177
112
24
73
124
25
3
165
49
0
1267
2
8
14485
192
0
790
2865
3
124
373
3
0
6642
4
0
130
131
16
8
580
1
517
25
1
84
74
6925
1698
25
2
13114
1
84
74
6925
6061
25
2
8
19952
16
68
10448
1877
0
442
6642
12
5
25658
23
21
26806
25
4
829
39
25
68
10448
123
3512
0
442
6642
3
5
1267
4
21
8289
25
3
389
49
0
1267
15
442
6642
5075
3
6081
0
1267
39
68
10448
175
25
184
28
0
790
7793
3582
68
10448
73
32
214
34391
0
6642
494
311
4
21
123
1877
25
12
0
1267
2
52
131
16
8
57
18
2120
14
13
1
25
18
5
2120
305
6642
2
8
68
10448
123
1877
0
6642
12
5
1267
8873
1
1191
25
16
8
6613
12
49
1
66
352
41
128
83
33
66
218
387
18
25
66
165
6081
49
92
2
6613
5
706
557
1
165
4
325
1618
2
8
8776
0
6642
750
5
412
2082
4
20
0
267
6
0
1222
25
73
32
214
13329
4405
49
0
1267
2
26
1392
10448
3503
442
6642
39
21
19
790
2865
3
1804
25
49
26
26351
24614
13
214
7
167
24835
4
34391
25
26
68
10448
123
3512
6642
3
1267
4
3978
59
6081
3
715


