1707
355
1393
1264
24
4276
358
1645
133
185
2406
4741
4789
358
369
11639
12460
5814
5113
61
14
8455
99
330
27
1042
1043
37
39602
57
31712
69
49696
71
53
24
10451
58
768
515
2060
5
5845
5814
2406
288
5761
5310
91
1576
4276
27
8060
369
370
45
4700
13
221
2805
2960
57
1576
4276
27
842
14
8342
91
24
642
8455
1142
741
9
4884
1299
1300
57
669
5113
288
2182
23
24
35
316
494
61
4982
13
47
13
3970
1299
1300
57
2060
5113
27
49696
99
11641
515
704
1576
4276
369
3731
1231
27
1707
369
45
370
4700
13
1018
818
40
24
8455
1142
741
9
4884
1299
1300
57
669
5113
288
2182
23
24
35
316
494
61
4982
13
47
13
3970
1299
1300
57
2060
5113
842
669
5113
288
1533
5562
13
107
6555
61
417
14
9013
4447
3043
61
107
49697
1185
11372
1221
15838
5814
2406
288
1687
1533
5562
13
107
2182
34
709
49698
61
24
2401
1142
27
1707
53
709
1761
13
30191
1222
358
288
2590
122
7122
9773
61
183
330
27
1707
5602
278
663
53
1687
49699
6297
49700
23
14418
122
1153
57
1728
5
1713
7122
61
330
49696
27
8058
33173
7176
23
1268
515
1533
1284
14
5769
57
642
1728
5
11484
288
30764
1221
12019
13
6912
57
24
32
5720
308
705
506
361
17460
13
11484
502
638
45
14848
13
24
1444
27
49701
6088
2831
107
2182
3208
646
87
331
3937
15070
331
358
369
3253
57
6534
7156
61
6300
1185
24544
13
8961
14
2102
27
842
24
2107
49696
2401
330
692
2541
105
100
53
185
503
32
57
890
10904
33173
53
23
1268
9
24
1153
57
9677
13
1264
1728
5
1713
6541
1411
24
642
5
14
3476
27
49696
1702
2153
49702
330
262
1687
9676
3096
642
4781
5
355
373
1018
244
3083
13
2294
24
5453
515
24
1153
57
7122
13
1728
5
1713
308
718
278
185
24
763
57
3096
308
61
3458
635
308
5
372
129
369
2
2060
5
5845
5814
11979
27
1687
1134
87
4879
652
3431
183
286
718
68
13
21508
61
7747
5
61
23
227
61
14
189
57
3236
23
24
32267
396
330
9537
449
9547
5
13447
1728
5
11484
149
1687
32
1315
34
4396
15779
27
808
49702
330
642
5602
2290
107
1068
4539
652
358
288
53
47
22745
57
669
355
27
1687
816
723
369
14
2060
798
183
2290
107
3468
13
49703
652
183
2290
278
640
13
723
806
183
87
822
1511
5562
13
2191
1222
723
369
49704
215
330
27
1687
3601
183
7024
5776
778
3601
183
5775
43095
778
1447
37
14
1842
57
1319
515
5719
515
37
24
31946
251
8342
57
1533
1284
4624
642
355
1142
1533
1284
14
188
57
642
355
1999
101
102
13
1645
133
8896
1728
5
11484
396
330
515
167
2707
316
4757
49705
647
24
885
57
24
20959
11884
61
502
15240
24
642
1687
49706
49707
18
24
596
57
941
393
2153
8530
23
334
239
23
15307
61
355
288
45
2590
1728
5
1713
1687
10616
5
9773
58
704
237
6726
27
396
330
183
149
1687
1098
13
49708
2153
912
2255
49709
8530
61
53
14
7871
43151
23
1268
61
1687
23
24
855
652
57
24
4793
57
2541
515
99
100
53
23
237
351
1348
183
87
2928
3466
822
1533
5150
13
107
16559
49696
1702
2153
49702
330
262
1687
9676
3096
642
4781
5
355
373
1018
244
3083
13
2294
24
5453
515
24
1153
57
7122
13
1728
5
1713
331
251
8342
57
1533
1284
4624
642
355
1142
515
1533
1284
14
188
1999
101
102
13
1645
133
8896
1728
5
11484
61
655
14
5769
330
358
288
101
102
13
1728
2590
24
6439
6308
27
119
1344
663
1142
515
14
1687
1478
49710
57
355
288
25611
308
23
3023
13
1713
542
818
358
6906
24
1687
2384
49711
57
1728
5
1713
7122
61
49696
330
27
119
8455
663
1142
23
122
1614
14
1687
9963
4793
57
38059
94
3355
642
355
449
24
880
7121
9
11484
369
658
133
61
23
3396
185
272
64
635
64
2213
5
622
1149
308
27
119
4793
57
2805
2960
1506
183
87
45
3466
1720
24
880
1508
7122
369
1129
91
24
642
87
1687
13112
61
9683
5
49712
27
1702
7667
9045
3322
61
5124
9
5359
57
24
1707
49713
3111
57
327
5
5713
61
330
262
1687
9389
5
1713
87
334
752
398
57
28712
27
187
2531
5607
1121
61
2648
308
2
9922
5
5736
19773
13
2407
129
369
18508
91
2102
27
842
183
87
14
6439
515
1393
107
1129
45105
1222
610
369
13
151
24
4372
57
24
2407
23
502
183
87
361
30469
119
6688
2918
807
14
512
1153
57
1728
5
1713
7565
35
506
61
502
149
398
57
14
4623
57
3774
6271
104
20990
24
5760
1153
57
24
6997
4972
27
246
49696
4063
10451
58
768
37467
21677
5310
246
741
9
4884
1299
1300
57
669
5113
2182
21691
3970
1299
1300
57
2060
5113
246
49714
13667
45
1487
2541
53
185
1268
10904
246
1707
750
358
1099
107
1068
4539
64
765
87
22745
669


