65
665
164
2660
30
6848
11
5
167
10890
14
1182
17
5
606
544
8195
3
1811
613
28
5
2268
232
164
17
5
4420
1158
2
15
167
332
164
6686
20
16092
12083
899
714
7
12445
1
173
0
3704
1
2065
7
19802
10178
4
8195
3
2061
4
7335
613
20
0
2268
164
2
57
3899
17
5
164
606
544
8195
3
1811
0
2268
613
2
297
94
11
167
6433
16
15
606
2369
28
16092
12083
899
714
7
12445
1
665
1
38
30
41
40
1459
1
13
214
1272
0
4420
1158
120
0
10890
1163
167
12446
514
16
96
123
2150
1163
20
0
613
23
44
33
831
1328
0
164
2063
14612
16
238
6
0
368
3262
332
125
6
0
126
28
0
2268
164
2197
12
0
898
1
8195
3
32
420
15
20290
1809
899
714
2077
2479
1183
1
45
443
5
565
470
1241
2
65
479
22
16
8
20290
1809
899
714
2660
1006
5198
0
1013
6
0
164
9912
167
633
31
16092
12083
4
34
25
1145
28
0
559
569
2
8
104
11304
11
0
1525
0
167
30
34
12
0
643
4
188
3
1524
815
14
0
2660
254
41
337
62
17891
164
1282
2
15
1092
13
91
5198
162
0
3274
853
2
8
15
4710
231
9
977
167
10
633
12
3031
2
57
10
633
17
0
7225
16
8
6613
16092
307
4713
217
12445
29056
41
3
226
69
136
6009
2
8
11456
1257
23744
2479
3
2917
0
164
6686
7
0
167
62
161
38
224
49
17
0
961
2
4391
1
21
6848
1
0
20290
3728
9
1847
364
2
8
378
100
71
10
92
4525
3
29057
62
17891
164
1282
1
8
23744
78
0
1387
2
8
12447
24
84
25
311
218
5306
41
2
24
11304
11
0
1525
25
34
12
0
643
2
8
3370
6
20291
17278
519
3018
8283
78
0
1387
14
38909
5
3776
1163
10
5
2358
4
738
1245
4122
1
1225
2263
0
245
6
75
5399
38
29
239
7
3482
3776
1150
15
1052
2369
123
8512
0
1163
4
1512
99
69
27
19741
2
15
231
9
977
167
10
204
103
0
164
18
569
39
487
694
20292
8
24
10
128
2088
1
8
8283
22
2
8
101
48
132
7
512
6
164
5713
1
48
10
2790
3421
4
11603
16093
2
15
167
61
171
29
41
40
633
3
0
164
478
569
1
50
30
698
5399
2
139
10
80
116
2471
31
0
6686
7
0
167
2
104
29
400
613
20
16092
1
12445
4
80
136
979
2
24
11304
3
80
53
3
1743
51
48
30
34
37
1593
2
8
779
78
0
3728
9
1847
14
0
167
175
0
9912
197
0
64
232
979
253
416
2
96
1273
14
2660
694
7918
156
1938
14
33
3
32
633
3
0
2427
2
12445
899
714
11456
2165
9696
22
21
809
0
167
10890
213
253
194
1120
1
1225
289
80
0
400
457
2621
7
0
979
2
871
12445
613
1
967
1
43
2088
2
8
24
181
16092
1026
3
183
14
110
44
107
10
2922
1
8
22
693
6105
38910
1
834
2
8
135
143
25
1608
109
25
18
3387
1
4
24
610
44
1751
0
2089
197
122
4
821
2
8
15
29058
1
0
17892
6
3139
12445
899
1
13
0
1649
6
0
167
4
13
214
2197
12
0
898
20
0
267
2
20290
1809
899
714
2077
404
3
1524
0
643
25
107
41
17891
1282
26
3077
10
1799
31
38911
12083
899
714
7
12445
1
665
26
8102
10
157
7
0
1349
9
49
11
5
486
229
127
12445
899
26
19899
1
173
0
3704
1
2065
49
23
16094
26
38912
17
0
606
2369
1163
613
28
5
2268
164
26
11456
1257
23744
22
92
10
100
4525
3
8
29057
1282
8


