3440
37
11374
369
1687
2351
51478
24
7180
75
9219
91
1687
51479
51480
76
22962
8510
51481
2
5828
7606
61
14
582
1344
1400
27
1428
7606
369
185
334
1687
51482
51483
502
99
11
542
13
13144
3078
3079
4773
53
23
10619
185
48
4156
1140
452
349
10611
8035
2081
5
1123
8821
27
258
11987
5
28826
16369
6226
61
24
47372
21793
87
1687
51484
23
1398
11835
53
91
9859
502
3580
13
14
1687
34282
57
51485
61
1489
13
14
2401
91
24
6695
51486
1019
9
8081
27
187
2403
34
14
11383
9
47
57
24
10614
10615
3161
13
2297
321
1687
6439
51487
91
24
1611
11374
39832
89
2788
515
2831
107
174
13
24
8058
5
3846
27
17665
262
5712
10666
9207
10612
61
958
64
8787
8788
912
1609
23
3440
61
149
2113
4634
82
23
1268
58
14
9044
1106
2051
502
3958
7139
10331
119
2401
61
784
902
44010
61
17848
3440
912
174
9
10982
21793
34
361
1687
401
51488
13
9375
51481
2
24
5828
943
57
10614
51489
23
24
1428
61
1537
1284
4140
3477
542
89
3229
27
51490
6092
51491
61
129
598
24
1344
119
35102
543
10614
10615
17027
61
330
24
4918
149
51492
24
8058
912
7410
13
2648
612
6275
91
2278
9219
5
7745
8329
1221
933
1205
763
104
4031
27
162
32
175
9
499
501
61
24
943
57
2393
6671
23
2336
515
10611
7056
9257
9207
10612
516
3077
54
3078
3079
61
652
4121
13
107
1129
75
158
185
801
23
6196
1099
278
100
8514
218
10629
27
119
22362
5712
10666
61
958
64
8787
8788
912
1609
23
3440
5
129
31788
30312
185
24
4374
185
941
61
149
2113
4634
82
23
1268
58
14
9044
1106
2051
502
3958
7139
10331
57
2125
27
2318
61
1611
7606
278
100
12241
34
49756
1094
9
38611
1123
8821
5
24
3028
14212
8975
5
8194
9872
69
51493
71
502
288
1459
13
9714
34598
4779
185
8035
2081
129
44
45
107
11372
1185
10618
27
187
19764
4814
515
24
21793
149
51494
868
104
3774
13
2648
24
1428
2
14689
27
331
9676
2969
331
262
1611
7606
278
100
6903
57
361
401
2969
13
9375
51481
2
9822
11374
23
24
1428
61
1537
1284
3477
542
89
3229
1447
99
663
100
5369
18
597
23
502
1121
278
6906
10635
91
7568
515
122
9580
516
3077
24
485
562
6873
57
24
5828
4285
185
10614
10615
27
2692
542
149
51495
11257
17241
61
14
4942
8470
51496
129
1663
159
5
1745
9044
9
2033
2180
20937
9
5
7682
24
348
9
655
18697
2
1914
27
251
6558
19310
3748
158
13
5449
109
652
215
105
316
272
76
14
1611
893
27
162
54
2401
61
808
51491
330
262
1687
119
3860
11374
369
185
334
51482
21070
61
502
99
604
100
3881
91
24
4929
1185
6379
27
1687
35725
10834
13
418
237
5342
825
3340
45
503
23
14
4238
49756
57
4156
24084
75
9219
5
7745
8329
61
40
825
663
1479
13
14
34282
57
11342
27
1687
3052
1140
5
24
1857
2975
1644
16280
13
24
3078
3079
57
4606
1185
1347
10331
57
11354
27
1687
51497
24
4929
2
51498
1185
10611
6120
1169
11354
1099
3340
23
24
3803
57
24
6348
3079
13
29450
1185
1347
13
562
57
4606
57
3802
9
31919
51499
119
2401
1520
515
1428
3860
11374
12927
13
1687
43702
51480
51481
53
91
24
5828
943
57
10614
10615
652
183
87
1687
22962
51500
27
1687
5401
5
1533
2545
7606
369
1094
4800
13
51501
9
51501
24
636
9
2033
1611
6441
13155
57
24
19047
57
6379
5
24
11685
515
6226
5
1398
11835
369
709
9
738
2788
34
24
51502
808
51491
598
27
842
215
663
6182
10583
1687
51503
1144
34
1687
29712
24
51504
13
1650
47
13
24
21793
27
40393
17018
1537
1284
24
51505
57
24
10614
10615
3161
61
215
330
183
149
46298
515
1687
3466
51506
369
9981
185
24
7410
57
7606
13
22491
5
6813
24
39912
57
5828
3078
3079
4773
27
305
35
506
912
3816
2222
2328
61
3850
6628
1172
21799
99
423
321
91
18933
13
17530
3904
912
10614
10615
3161
5
6867
183
76
14
1611
5214
57
10615
1222
24
9853
81
24
6330
27
2520
9767
6993
13
30063
33
19047
18
3078
3079
2
255
61
237
516
4377
32832
91
16369
7606
183
1308
45
12830
76
23
14
4233
13
20307
24
51507
57
9859
27
396
330
1222
10619
12897
61
24
1428
516
26795
2
24
5828
943
57
10614
10615
5
1687
584
49887
246
10323
8081
1520
47081
23
3907
1398
87
34282
57
11342
246
5207
34
11383
9
47
23
10614
10615
3161
13
1728
331
6439
13216
331
91
11374
246
51508
331
401
2969
331
13
9375
16369
51481
1537
1284
144
3020
542
246
51486
6182
1144
34
1687
29712
51504
13
1650
47
13
21793


