10647
1072
7149
1671
926
638
45
34431
24
885
57
525
9767
1392
13
6092
14399
61
64
926
4727
45376
8737
2
3846
18
834
822
926
2193
449
24
4966
27
397
5175
43122
449
24
5453
57
525
6309
76
24
3790
6628
185
14
5176
6615
31099
61
589
1072
750
3846
515
334
7781
91
6615
6628
909
6967
45377
105
8315
525
57
4181
24
36003
27
119
1392
61
502
149
784
185
24
6688
2918
1490
61
2738
12872
14
19
3125
1411
24
316
6916
18
9212
23
1376
27
6688
6628
10647
1072
28762
13
8737
2
24
45378
3306
61
76
13161
6628
6
13162
69
116
71
7004
525
868
2
6615
4987
3790
6628
6092
14399
69
700
71
589
1072
1805
33
104
7002
57
525
3791
57
4678
9
8035
1398
61
5
2057
709
1862
57
9823
159
23
525
3125
76
6092
14399
119
6688
6628
149
1414
374
607
91
3904
3846
449
1720
926
2193
24
1392
13
808
14399
516
107
53
1857
104
405
222
61
1720
183
149
781
23
3023
13
107
14640
61
5
1607
646
149
14
166
9
257
11661
23
10663
183
2
24
1490
27
842
926
516
377
503
515
926
105
45
15399
1579
5361
27
3904
3138
24
885
57
24
1392
1221
23
502
589
1072
10787
13
639
496
24
3790
3789
105
456
449
4928
57
9212
23
3272
1376
23
1972
1221
149
14
3077
57
41547
18011
1222
183
149
15399
91
24
6688
6628
27
10038
91
3904
3817
23287
45379
1720
926
2193
525
796
6954
8396
10159
1221
129
149
441
13
26795
104
24
4581
18
24
315
1221
149
2050
13
4959
24
1392
61
589
1072
4140
7149
183
149
1687
14
2549
5006
3431
818
3096
8737
449
796
8783
2
24
2222
57
16918
45380
61
14
14708
13
9871
1544
912
18822
12857
5087
27
12647
61
64
808
14399
510
8737
2
24
45381
13578
61
215
1142
3383
1461
1462
13
589
1072
3904
37
6689
2251
6903
24
4929
57
2189
1123
57
1398
13
2528
76
9212
10038
91
9428
92
45382
1720
926
149
5121
808
14399
652
926
149
1687
3431
2472
34
14
6104
45383
34
24
3816
6094
61
589
1072
10479
26449
262
1687
628
1018
45
1019
515
5218
2831
107
16714
76
14
45384
6614
82
6209
6689
2251
330
262
1687
119
6688
6628
3138
926
638
45
34431
24
5361
57
24
1392
27
2173
227
5
156
926
747
13
7940
1720
926
598
183
23
3023
13
4966
183
61
129
638
5361
183
5
1607
926
174
183
185
24
6688
2918
1490
34
166
21853
1447
87
7747
94
405
3816
6916
515
808
14399
61
129
2859
24
3125
91
2590
3561
76
24
8937
57
119
2903
13
239
589
1072
5
525
10844
9
9219
6954
10385
35461
61
99
100
157
445
76
14
11911
185
24
6742
27
42747
262
119
6688
6628
61
324
76
14847
8396
10159
129
7031
35
632
61
149
1414
374
607
91
3904
3846
449
1720
926
2193
24
1392
13
808
14399
516
107
53
1857
104
405
222
1543
5199
87
37981
14
8058
31099
502
87
1622
13
1550
513
362
24
1462
632
27
143
32
6615
4855
330
262
1687
6092
149
185
24
1454
13
2222
10053
1221
183
99
1219
100
3978
27
1687
1585
183
1577
1220
13
1018
183
652
183
516
3235
1030
14
45385
652
57
24
3125
76
10647
27
6092
99
456
237
18
5
18
156
1221
105
14
3125
29314
5
935
14640
183
1221
5
308
369
15280
3074
47
76
10582
37047
35
632
288
331
22730
34
24
8058
61
40
822
1512
34
421
2359
331
5
1393
45
107
14072
61
330
24
6051
82
6209
27
579
10787
10659
2
589
1072
5
808
14399
515
358
331
825
45
1399
122
2211
23136
5
7143
206
57
2540
24
700
11835
34
24
1566
331
27
665
2251
1414
1607
589
1072
105
3748
525
1392
13
5449
185
24
6688
2918
1490
34
166
5
14
170
1267
484
183
149
3068
61
5
10787
13
639
262
331
7424
926
1346
515
1392
23
3023
34
183
13
107
14640
61
5
638
926
34431
1579
5361
13
24
833
778
331
579
1414
1720
589
1072
2516
91
525
3820
23
24
1392
515
33676
11648
34
1376
23
3272
288
45
331
20618
331
27
808
14399
7427
144
2769
868
2
589
1072
61
64
926
7149
926
149
23
2479
4759
13
2732
9212
589
2251
330
515
24
6688
2918
37
14527
185
12885
9212
105
100
331
6182
2
704
3346
61
45
144
91
24
3790
6628
61
34
13024
13
8831
76
125
2407
5
722
1510
401
8743
61
1775
12376
27
331
579
359
262
331
579
1094
5150
13
6858
185
3431
372
3740
33
185
2073
61
652
183
16705
13
2407
1853
24
1566
515
646
37
14
4238
5
21290
1708
13
1508
452
5
6206
1950
104
24
821
908
57
24
8058
27
331
3116
7218
2
24
3816
45386
61
589
1072
31908
262
331
408
278
4799
1533
7056
19298
1284
1193
6688
6628
484
846
27
628
278
2168
3945
57
24
2066
57
9207
11662
5
9207
10612
27
331
119
8058
1308
45
748
14
1857
14350
13
3085
515
18847
1185
12045
13
7096
2786
2
9212
5
610
369
9633
133
34
24
55
227
9213
5
9211
3085
23
24
2426
5788
27
408
221
4149
515
24
3085
610
223
76
5
4289
28824
13
1611
1638
5
575
358
1018
45
610
1018
45
4289
542
5
610
1018
45
223
76
542
27
331
16917
57
1508
1022
149
602
1348
24
2222
3000
149
23
6439
27
331
589
1072
289
185
665
2251
13
17729
1193
13091
515
926
105
3128
24
41547
18011
61
586
515
24
3463
5856
5
909
6967
105
8346
515
926
638
45
27
331
1833
61
610
2296
13
444
13
24
2611
57
496
99
640
23
24
1376
23
3272
61
40
183
87
8815
13
237
3790
6628
515
24
3789
34
3790
99
34
24
55
227
14
4013
9212
9576
13
1812
13
1728
237
1150
57
1017
2
2298
61
331
330
24
6688
6628
27
246
6688
6628
289
13
24
9809
58
9767
3125
18
9212
246
9645
7781
91
909
6967
45377
105
8315
525
57
4181
1392
246
6092
14399
149
441
13
3035
34
14480
589
1072
37
3740
246
1072
37
14847
8396
10159
1718
91
25160
17425
1392
246
12918
14525
91
665
10159
361
23
14
7316
76
808
35461


