144
9755
13532
293
16
57180
138
1
485
488
151
291
287
16
57181
138
1
485
488
151
20819
3302
375
8850
1
2233
30
40
856
11
851
187
39
91
780
624
119
1438
65
4712
1020
38
30
40
1438
28
0
538
11
0
34752
71
78
106
14
159
99
3
1034
58
41
429
59
624
311
2
375
8850
1
2233
1
30
40
856
11
851
187
39
16468
3
362
38
432
59
14
21
10
508
5
8
229
6
1590
4
9794
8
17
88
2
52
30
40
1025
6
35645
1443
2178
1
54
6
50
553
59
57182
69
5
5563
38
743
239
6
19
579
2
101
0
776
276
1
407
1121
8201
5725
8
186
7
4188
306
8850
10
1200
49
31
106
81
506
11
624
119
1438
2
15
186
306
14
56
21
10
2164
63
0
2011
1
37
24899
8850
78
362
16
8
57
18
5
229
6
1590
4
9794
2
8
24
202
2929
711
1
48
13
74
159
3
429
121
624
2
6270
3
582
1351
74
429
121
2
8
1679
57183
1
4524
1
22
14
8850
1
38
30
3281
1033
3772
1
10
780
624
5
3186
5950
35768
7
31434
1
8201
1
20
441
826
81
506
2
203
115
0
4264
8967
3
19
1079
4
432
59
2
101
186
8850
1
6
4188
1
8201
1
61
490
64
13236
28
1633
7
195
7086
77
634
2
8850
34
8048
49
2162
1033
3772
11
624
119
10863
4
34
6562
13236
12
19
1020
585
1
0
186
306
2
318
81
3619
10
12
522
608
1
190
1
11
624
119
1438
1
15577
5
106
544
4
248
100
195
1648
1
11
50
21
10
856
11
178
187
2
8
24
354
21
46
922
552
1117
8
16
2258
11116
1
1627
1
743
239
39
8850
1992
69
59
7
468
8850
490
624
119
1438
1
248
100
1648
1
4
64
635
6
3085
2
52
489
5
146
9
215
1034
905
11
624
119
10863
1
4
105
187
11
277
3085
3
389
21471
2
8850
10
61
289
5
9551
624
1275
3
2851
5
64
9
70
23679
21
10
289
12
460
399
1
411
2
281
21
931
3
3659
11
5
111
3527
39
19
1275
14112
21
46
29
3
154
37
3062
624
1715
9
1146
90
21
13
5066
867
3
1221
5
937
2
3446
9
6
9
64
2258
11116
1
1627
1
10
93
7
5
7436
4
807
521
21
58
1530
39
8850
312
59
39
4942
5
925
914
7
4188
7
522
468
2
8850
1773
79
697
187
7
582
39
21
10
1117
1397
262
0
358
7
50
21
743
285
68
11116
2
1287
68
11116
1
38
34
40
1360
102
28
5
15119
6872
56
21
10
312
1
763
16
8
24
354
25
13
118
5
978
6
71
90
21
10046
552
2
8850
10
624
19
1028
18
3186
5950
35768
56
21
10
1141
31
106
362
53
1630
604
51
14296
16
407
1121
8201
3476
8
372
7
4188
10
78
129
8850
16449
362
38
2164
59
8
24
10
1726
1
45
208
71
457
76
32
128
410
2
8
15
179
19049
46
202
147
311
39
13024
2789
251
579
1
4
73
100
879
1221
2
52
176
16
8
52
30
93
121
17
5
142
905
9
24
46
202
124
77
95
579
2
8
249
21
1130
69
121
21
213
542
187
1
45
118
1773
272
2
15
208
71
25
10
591
187
4
98
259
2
8
57
13
37
9682
2
24
354
25
13
118
5
978
6
71
90
21
10046
552
2
8
24
10
1726
45
208
71
457
76
32
128
410
2
24
79
325
25
12298
1
25
13
17115
2
15
2031
571
1026
3
3297
49
1
44
33
508
5
1136
229
9
1117
24
354
21
46
922
552
2
8
221
33
418
20788
11
0
993
6
299
18
1476
700
2
101
954
2942
35769
6
8818
10
856
11
398
187
4
1438
28
624
11
178
82
39
91
780
624
119
1438
9
11
0
57184
71
2
52
10
87
1438
28
624
20
0
512
414
1
4
202
477
5
624
3527
2
35769
1
123
1314
1
10
78
7
186
16
8
139
13
0
1476
276
6
624
119
10863
9
7
943
9
60
29
226
357
2
8
3193
7
954
1796
16740
1
123
2729
1
6
10741
182
33827
1
10
1025
6
624
119
10863
11
0
34904
71
1
4
10
78
31
5
891
16
8
139
13
54
6
0
1476
1484
6
624
24
29
388
214
2
8
101
468
2044
6342
1
123
2537
1
28
2140
1
10
1438
28
624
11
64
82
39
91
780
624
20
1913
1606
7
5
384
1606
2886
1
12
0
821
243
6
0
1004
4
162
925
2676
2
6342
1
38
34
202
477
5
3527
150
19
87
23679
7
4859
1
1477
456
28
186
480
0
891
4429
19
585
23
8
7494
8
2
26
375
8850
1
2233
1
6
4188
1
8201
1
10
780
624
119
1438
9
311
26
52
10
856
7
468
39
2850
2258
11116
1
1627
1
38
743
239
26
68
11116
131
8
1610
571
392
3297
16
21
46
922
552
208
71
8


