258
463
464
3968
2226
8998
104
32833
11625
185
25402
3094
555
15236
1045
7242
5121
4166
22418
807
14
4090
501
2175
104
24
6633
943
1671
75
3440
37
2511
3207
333
21455
27
691
369
13417
14
6558
23
941
13
8469
334
3023
502
516
765
11900
13
164
445
1864
331
1167
13
14
1490
6903
57
331
36460
331
28290
34735
27
9407
7242
9
349
45633
20559
7142
61
40366
5
2117
9
278
3793
24
12146
18
24
45634
1490
61
502
99
1145
6589
273
27
331
17592
18840
331
262
15236
1045
7242
5121
4166
22418
278
807
14
4090
501
2175
104
24
6633
943
75
11900
61
3440
37
2511
3207
333
21455
1075
45635
8721
61
1448
34
334
15452
185
27619
57
24
23403
61
750
808
3850
7430
104
24
56
57
334
7348
166
9
257
956
515
24
45634
28290
34735
149
361
658
133
185
14
331
5014
4638
331
27
119
5781
5859
5453
57
22418
185
24
1045
5
3484
3855
149
61
215
330
61
331
455
4539
57
2569
331
27
12901
24
7745
4184
64
14
331
5538
18840
331
61
808
45635
330
24
189
13
24
3855
149
7348
13
107
331
1793
5905
10331
57
2125
331
27
251
2401
784
35
506
7348
5760
189
13
24
1045
3855
13
107
1389
45636
23
427
5
1389
45637
13
24
3484
3855
27
119
6633
943
2175
61
502
87
361
3793
185
27619
57
704
273
57
24
12519
26605
3111
57
3699
61
87
391
13
107
24
55
23
3440
575
334
1761
87
361
53
13
765
334
3207
21455
13
1337
14
1783
101
24
5280
7876
61
21929
5
45638
3161
69
45639
71
27
45640
1028
11900
13
1337
45634
76
24
1271
1156
515
4276
1167
13
7107
5532
318
3219
4325
3224
27
808
45635
330
24
3023
1642
149
14
3334
32
34
11900
13
10905
5
331
3862
455
331
27
119
8721
750
24
6558
262
331
119
23403
5
819
278
100
2540
80
4759
61
45
503
75
24
45634
1490
61
40
75
22418
23
5781
5
1521
24
16994
369
373
776
80
9868
13
22418
27
331
816
24
3023
87
45
53
61
7044
1155
64
45634
825
4140
107
644
13
1454
24201
61
45641
24
11354
1778
24
1490
5
45642
14
45643
104
24
11374
5
104
3079
21105
129
1399
122
3236
23
24
11374
27
331
11700
9
349
45633
20559
7142
61
40366
5
2117
9
278
3793
24
12146
18
24
45634
1490
61
502
99
6589
273
11900
87
45644
24
3820
34
334
15452
61
1448
515
646
87
709
44842
34
24
2959
13
221
24
3023
1642
75
183
101
24
45639
27
808
45635
330
24
9171
13
24
8965
149
14
2046
6633
943
2175
35
506
75
45634
27
397
14
3340
57
8821
53
91
14
6558
23
372
12146
24
45634
1490
149
319
26198
5
24
1565
515
14359
183
149
1399
89
45645
331
5082
24
2078
57
24
3862
3023
5
1193
4689
331
27
842
24
1490
149
503
26198
34
14
331
821
4539
655
331
5
149
1094
33
47
5
2329
5
5910
13
6858
185
8115
3493
5
3484
27
119
8721
750
24
6558
515
757
2
24
6659
57
24
45646
331
15
331
13
24
3584
13
221
183
45647
331
24
503
2187
4123
13
107
515
24
4046
99
100
4534
24201
331
27
119
45648
149
515
61
167
331
7746
6828
5
4294
331
23
749
14
2046
2175
75
24
1490
31505
61
372
1778
183
331
1359
45649
13
45650
24
23403
331
45651
331
27
119
331
821
1581
331
346
57
45652
13
24
45634
1490
331
1359
13
45650
24
23403
331
45651
91
30187
13013
57
3096
28595
752
12640
520
5
7249
18393
331
27
808
45635
750
24
6558
262
331
119
23403
278
709
16131
1506
57
749
237
6279
9
4638
34735
13
334
1029
91
18528
24
31505
57
24
1490
1185
1579
45652
27
331
162
781
10020
484
24
2959
61
42064
515
24
15452
3359
2831
107
8279
61
45653
1705
8721
61
34
11900
61
9991
515
1222
24
2959
1599
183
13
1337
1167
13
24
45654
1490
331
646
516
107
455
13
1728
10439
622
7569
2467
2237
1982
515
11900
1337
622
7044
4927
13
1495
30764
4951
331
27
10615
21105
23
24
4162
5
3441
16994
331
278
253
1324
1469
28290
22271
7044
502
358
516
1030
13
850
12225
331
27
11900
105
944
331
17443
19558
2
3079
21105
331
10924
13
24
1426
515
358
516
1030
13
850
7366
7107
14
506
12225
91
45655
331
27
808
1705
359
262
331
16336
516
237
10733
57
1400
107
2672
13
28290
34735
27
331
7555
516
9502
8821
8244
1167
13
7044
4927
13
1495
21818
3762
1185
1409
5
8866
1366
27
331
119
501
5923
27
246
45656
278
100
3793
18
24
45634
1490
246
4024
13
24
1045
3855
7348
104
1389
45657
2979
23
427
5
1389
6015
2979
13
24
3484
3855


