258
7290
51857
16931
6083
61
5791
61
99
100
1377
19419
58
3360
8185
76
32
57
525
429
251
5802
129
4557
525
603
34
14
302
76
2062
36496
999
26846
13255
99
100
3778
2
1376
19419
27
16931
6083
61
5791
61
14
791
2545
5802
104
17806
260
2594
23
51858
61
1202
5749
61
497
8185
76
24
2889
5
28058
158
76
11117
61
14
18020
13110
944
27
251
3052
733
34
51462
5
8201
69
51859
71
5584
149
750
24
477
2255
1414
24
627
13
4239
76
525
23
918
57
54
415
104
24
1029
57
506
33923
27
119
5584
663
944
834
589
6083
7738
24
302
13
850
525
156
58
215
174
276
27
162
14
51860
714
1391
13
24
627
61
926
598
262
331
628
278
1689
722
723
23
707
562
806
628
2342
1689
51861
723
27
331
119
648
57
45
5049
723
61
11248
13
723
5
144
361
76
723
1327
707
474
9
818
628
2357
574
1018
1013
738
27
3672
1013
996
27
3933
817
76
846
3555
331
162
14
739
714
926
330
262
331
727
1020
420
401
822
13
846
1284
723
2831
9
40
628
516
1013
278
183
1193
622
880
27
331
143
23
2276
714
926
11420
13255
2
999
26846
37
3649
346
32
414
331
2186
44719
727
713
331
27
579
598
262
331
727
3189
47
707
1146
1030
6088
2359
27
331
119
5584
944
515
589
6083
105
4936
24
302
61
552
7428
636
99
45
100
8542
61
14
6686
5
6488
61
365
349
525
82
5800
61
64
758
64
14
28646
3306
1481
5
14
5261
21099
27
589
6083
105
663
13830
876
57
24
2889
2334
525
223
10732
5
105
289
158
89
14
51862
13
7780
14
2951
215
105
717
185
1002
27
119
5584
944
589
6083
61
129
3366
104
24
276
2
534
555
5
1072
1268
61
1391
1754
3210
867
13
2276
302
18609
24
627
27
2545
5802
589
6083
3366
104
17806
260
2594
69
324
71
2
534
555
641
1072
1268
579
149
3778
2
18020
104
1376
61
3737
5
272
912
3861
19419
27
589
6083
825
278
13
848
104
306
316
494
484
926
718
4712
9
9375
13
24
51859
9
14
4929
1816
502
21792
51863
5689
9
13
278
525
1433
88
27
251
18020
5584
3806
646
149
4121
515
589
6083
149
776
2
9405
450
3071
104
24
227
1856
57
24
5584
4312
646
149
1687
405
51864
515
589
6083
149
776
2
9405
450
3071
104
24
227
5
926
105
1253
1687
2400
51865
27
1295
24
5584
1817
76
24
51859
7163
3608
5692
51866
8346
515
525
2726
105
4719
4539
5
44
1415
24
10084
89
18858
27
808
51866
330
262
331
1134
5689
906
14825
4539
57
24
9764
1622
57
24
10084
5
3580
13
3117
7150
5689
27
331
162
6659
24
5584
663
1142
515
589
6083
912
7280
25685
5689
515
1099
1415
24
10084
89
18858
27
331
119
5584
2114
515
655
589
6083
912
2726
105
45
50894
13
1687
4238
3743
51867
646
105
100
334
1687
4325
57
50674
27
589
6083
7031
23
3094
1268
58
15151
12146
288
2859
91
24
276
27
808
4475
8611
61
2891
104
17806
260
61
330
24
710
149
11401
76
91
24
276
1533
1284
14
506
495
27
396
330
24
276
105
319
4446
2175
64
387
64
16705
288
3793
13
1579
311
27
246
16931
6083
61
5791
61
1391
24
2889
5261
21104
5
603
867
246
51868
3366
104
17806
260
2594
293
23
51858
61
1202
5749
246
51462
5584
944
926
1414
158
13
4239
76
525
104
1029
57
506
33923
246
579
1391
158
2062
76
627
4211
13255
5
7738
13
850
158
58
276
246
51869
19419
5
825
278
13
848
316
494
34
3359
13
6933
1433
246
8269
926
4508
9405
450
3071
5
105
331
1253
12335
331


