258
4481
12494
261
262
12495
264
61
741
1372
558
268
269
262
12496
264
61
741
1372
558
1178
395
57
24
12497
129
510
9697
13
582
12498
87
12499
12500
185
24
83
57
334
12501
9923
23
237
1225
395
27
119
855
61
502
4123
185
24
83
57
12502
4592
23
12503
61
99
334
9131
9128
13
12504
12505
61
24
5065
9
3132
12506
186
34
4048
24
5781
4726
57
12507
5
12317
3060
612
1343
57
24
5475
27
4938
12508
24
9923
2290
5928
13
850
455
1533
1284
12509
12510
27
1295
61
14
3867
2391
1046
496
87
1644
646
9
334
1088
12511
499
57
12505
37
186
855
27
12512
9
12513
2381
262
12502
4592
61
23
12503
61
12514
61
12515
14
2642
9128
13
12497
12504
12505
12516
61
12505
61
129
87
663
186
34
24
12517
57
12518
12519
61
12520
12521
12517
5
54
223
185
24
7703
3634
502
11
13
3699
4048
24
12522
7663
61
149
14
11644
57
12514
2
12523
9
12524
27
162
12525
215
2048
24
12526
12527
34
9697
5
149
818
186
515
23
24
1272
484
2118
3623
3624
215
516
107
2182
185
24
4324
91
308
3986
158
13
3934
24
4726
57
12507
27
742
12528
880
57
3791
183
149
13
3035
5
3934
515
215
144
640
13
2391
1030
24
2508
111
27
396
1077
23
12529
61
1605
6414
23
2484
104
24
636
57
7566
27
12530
12531
262
10140
610
850
24
12532
2381
5043
1481
75
334
12533
9498
119
9923
87
2381
13
7504
12534
3052
9627
61
14
12535
8302
89
24
12536
855
57
7504
12534
438
12537
61
1747
8218
61
23
24
2426
4715
27
12538
91
12539
9
3607
12540
12541
5
54
688
61
12542
12541
61
7504
12534
4128
12543
12544
57
24
6256
57
791
2426
4715
6221
6649
4772
61
3322
8263
61
12545
6750
5
12546
12542
27
246
12547
395
1046
9923
37
9131
9128
13
12504
12505
246
119
5065
9
3132
12497
12548
18
24
12501
9636


