144
507
491
1215
293
16
30581
138
1
406
522
190
291
287
16
29246
138
1
608
522
190
15
190
160
2401
43
0
200
148
1436
770
7
513
438
683
1
390
14929
5916
163
2
89
7
0
368
269
6
97
1542
6003
302
1
0
1500
498
2518
5
205
3249
56
2606
56233
1148
1770
11829
7676
1559
0
4441
229
197
3290
4057
4
1268
1
4
3436
0
4968
9
83
11
19
637
559
16442
2
249
0
710
1148
7676
1
38
8340
461
2240
975
8909
7
15
4544
4333
1
0
7041
2734
14
21
58
8
210
0
604
12
461
1
8
301
3
167
28
56234
2
26319
16
2606
56235
2358
1542
14423
1
1770
11829
7676
53
93
51
1
11
461
2240
975
8909
2
7676
8340
0
4968
9
83
637
559
9663
7
0
468
611
15
4544
4333
8
104
382
213
274
1074
6
2623
1
25
1181
4363
1
4154
261
593
1
8
21
176
1
6974
6408
14
0
29531
9
6457
1154
1559
0
229
10
41
7
725
0
26456
2818
22699
2
19746
1
2606
10
2691
97
200
242
1911
11
97
1542
6003
2
12079
19
1709
14677
16
2606
2734
8
274
1074
6
2623
8
10
20
0
2401
1
28889
11829
7676
53
122
1
137
1328
1011
9
393
3125
14452
7
15
4544
4333
51
11
975
8909
65
943
6
35562
341
75
14379
7
3
2596
0
190
160
2401
12
0
87
591
230
1
357
56236
47
3732
14
675
2606
1
2606
4224
4333
1
19216
1
34190
1
56237
4
10807
2
15
190
56238
11464
0
2627
6
35563
341
38
1436
0
5174
7449
2401
45
32857
374
0
35564
341
321
2518
11
0
954
3490
2060
2
15
18369
4333
444
37
1834
201
27172
1261
11
0
1402
1102
3
663
0
190
13094
2401
4
1365
35037
55
201
639
341
11
2098
964
1
27247
4
0
3284
6
5
56239
9
1574
2606
3579
3197
7
1542
727
2
89
559
13644
161
0
7603
9
2251
1500
732
3
2477
511
3376
3679
3
677
158
1
17
3504
5714
18728
201
275
1261
1
609
2606
46
67
85
623
3088
28
1222
6
0
593
14
13
157
7
82
3
226
2
155
290
16
16653
7774
1287
163
1011
9
1227
22368
15465
53
93
51
1050
3320
4688
56240
13550
4
10121
1287
1011
9
1227
2236
31510
3
1202
0
190
160
2401
11
2606
975
10512
1
3253
813
4
5021
771
11
2606
4224
1
78
0
2697
1583
129
19
1917
614
3
1682
6043
14
3999
0
9389
4
3504
3
35565
25572
2
52
840
23302
17
97
2382
33182
9
18424
7277
1
14
9339
2834
9015
8931
1780
39
44
154
242
1
23
168
23
56241
1288
56242
18
664
9
5567
618
56243
2049
9
14
2606
4884
31
24588
2521
109
31867
2983
4
8215
5444
13953
63
42
220
16269
2
56244
140
16
1560
19417
738
103
19
56245
243
56
21
3310
3290
4057
18
223
18
9639
174
119
2927
0
190
160
2401
11
2606
8
56246
30
40
136
8991
11
86
169
593
1
8
10512
22
2
8
104
84
1487
28
136
2518
14
44
361
3
1487
0
99
2361
6
261
1242
2
8
15
535
593
61
2687
125
111
2606
689
902
3657
109
513
14186
1227
4
5518
307
4631
1560
19417
1
7
2272
3
1075
0
7972
3
2868
7774
1287
163
1011
9
1227
22368
15465
2
57
61
498
0
1287
5932
5
194
735
5916
2986
1
39
0
415
1991
30
698
251
9
3
9
251
17
97
2861
2268
1
2670
3252
1249
2
4658
12
16
1560
19417
4
0
1287
163
174
124
7
0
1542
3806
119
2927
0
593
7
160
26
35562
341
75
14379
7
3
0
190
2401
12
0
87
591
230
26
35564
341
1436
0
954
3490
2060
4
35563
341
1436
0
5174
7449
2401


