144
14999
7771
293
16
19485
138
1
441
405
151
291
287
16
19485
138
1
441
405
151
6758
33
1371
3
6176
0
18276
6
2295
6490
357
0
5848
31
2370
2006
1357
16500
3
1349
88
20
1099
2
778
4820
30
3830
5
483
134
153
615
7
2295
785
16803
2520
2968
1335
63
0
18605
19168
29
601
7
2920
1061
1
4
3
251
103
5
9672
31
1427
1644
2
89
0
1264
51566
682
3
1771
533
88
103
0
1742
133
4
55
6
3499
133
46
1048
2731
7
0
627
82
2
13351
16
15
19168
29
601
18605
7
2920
1061
57
254
41
1409
92
46
32
100
111
19168
12
1018
1
113
92
33
369
67
85
3510
1
45
3010
373
3
0
4834
22
14
35
6661
136
1492
32072
10
5
1185
5465
7
0
595
2
12589
3
7462
670
3555
6490
133
45
41
4280
3555
10324
133
46
61
165
94
2
4437
782
2491
3054
2396
22
0
1874
43
434
3
6762
964
1840
2
89
51567
255
1
50
4896
0
2295
1321
1
763
3650
127
371
261
3328
11
35
1323
1425
699
85
2364
51568
4
22
125
2397
643
9
531
2295
6490
21593
58
32
35
51569
23
5
768
2
21914
4043
46
41
1219
23
5
768
6
0
1486
397
1
23
108
4006
6
1264
1658
46
98
313
1506
16803
2
8196
18877
1
6
0
10070
8484
181
9
3734
16
22
16
35
104
392
34373
32439
1658
103
0
21584
51570
89
21
180
11
0
956
3
9113
97
1649
3
6676
316
134
153
6
1658
28
51571
31
10822
1
23
25
35
11542
49
4043
4
817
60
33
141
2425
2487
5709
7
0
13471
32550
2
51572
6
1264
1658
33
289
5
3812
968
11
274
2227
6
3953
44
6676
1
4
1764
11
0
208
178
82
43
933
397
31
0
781
6
6120
4
12588
9483
2
15
842
968
11
785
13
140
72
713
134
34374
889
1
45
0
394
131
44
252
5
21584
3
4017
17
7596
4
1337
2
51573
2295
1
50
10
434
3
32
682
72
639
134
34374
889
53
26801
51
28
208
70
1
46
98
124
72
6673
1
159
94
3
72
1579
31
6387
9
542
2
11656
6490
46
124
72
4045
134
26801
1
94
28
72
12191
2
89
2295
19168
20
1099
46
124
72
14378
134
26801
159
94
3
72
9743
7
105
17222
71
2
8
34375
136
1492
2955
8
16
6758
610
0
1486
46
1409
67
2295
6490
33
1115
20
1099
15
781
6
6120
4
12588
9483
22
16
35
139
46
337
0
2733
6
0
9202
2295
28418
8862
28260
1
6
0
11222
3
15601
19493
246
1
22
16
35
5345
17948
94
7
0
1526
6
2733
6
21593
2295
13
205
51574
89
0
11804
5891
22
0
1048
7
16803
11
9202
2295
133
50
13
67
1707
85
3641
785
133
10
5
35
13002
11
869
2055
17
42
51575
26
778
4820
30
3830
5
483
134
153
615
7
2295
785
16803
26
7008
2520
1335
14
19168
29
601
18605
7
2920
1061
26
8
34375
136
1492
2955
8
10
5
1185
5465
7
0
595
26
12589
3
7462
670
3555
6490
46
61
165
94


