258
463
464
3968
261
262
33523
264
61
2213
563
267
268
269
262
37131
264
61
2213
563
267
3463
5856
1543
5199
7094
6283
37
4929
64
14
331
37132
6418
331
23
14
6270
13
5377
37
6379
902
10937
6291
57
2540
331
37133
331
4759
13
12249
6276
14224
27
119
5800
13
24
6378
149
37134
19030
9
5389
61
5
5199
6602
54
5551
91
3091
3619
37135
12746
5
11248
886
185
6283
61
502
87
23
6318
76
1146
7122
185
7159
1579
9869
5451
7143
27
331
628
614
851
1005
32890
5
2508
4814
449
6283
61
331
5199
330
27
331
628
1835
45
31048
22169
449
24
582
6418
61
331
215
359
61
9656
13
24
6330
35
506
57
3989
3523
37136
61
719
64
14
4635
24292
23
6283
27
26896
4174
262
3463
5856
1543
5199
4373
24
34008
4929
14
331
37132
6418
331
23
14
6270
13
24
5389
6379
10285
1190
262
6283
87
23
6318
76
1146
7122
185
7159
1579
9869
5451
7143
808
5199
61
185
54
55
3613
13
5377
647
3360
3463
5856
23
1972
61
663
1129
54
6270
13
3337
54
2002
1778
4744
4759
13
248
334
30484
5389
9
6276
1101
2528
27
1295
61
215
330
1362
12883
1145
6283
18
496
5377
5
24
1202
2349
87
1579
13462
57
5451
6300
61
288
5562
13
23148
1347
1222
24
7363
9
2033
8036
326
10948
149
504
27
6283
8479
3621
37137
7935
27
331
5377
87
45
24
384
57
24
6051
515
6283
37138
18
24
1146
61
331
5199
330
27
37139
262
3463
5856
1543
5199
87
6237
91
5389
3463
5856
6203
6204
104
54
2964
23
37140
37141
262
808
5199
87
185
54
55
3613
13
5377
647
3360
3463
5856
23
1972
808
5199
3362
1462
13
6203
6204
64
358
16356
6206
7186
23
37140
162
9523
262
5856
1543
5199
6020
14
18658
23
24
331
260
57
37142
331
123
14
483
104
24
37143
37144
7842
9627
23
37140
61
9499
9500
262
3463
5856
5199
556
159
24
37145
23
14
483
13
514
24
5284
1543
5199
37146
14
987
57
5235
104
24
260
57
27605
331
1447
87
709
11685
515
1520
1222
5377
5
24
23172
221
1101
61
6283
87
9837
2050
13
34570
1579
37132
6418
1185
15729
1579
5451
29897
27
331
5199
330
215
105
45
799
13
37147
5377
185
834
13
2827
1101
61
5
215
53
503
14
5112
14708
13
5910
3619
5729
23
17194
1810
515
23172
377
87
18702
122
28780
34
334
3103
1779
27
331
408
704
37148
34
14
5474
5
2827
1101
1411
5377
5
1579
2460
61
331
5199
330
27
331
408
33
24
37149
4995
61
349
24
5158
13
5729
4184
5
334
1029
13
6276
37150
401
27
331
37151
262
808
5199
330
215
149
45
331
37152
37153
331
449
24
582
34008
6418
61
9656
13
24
6330
35
506
57
3989
3523
37136
61
129
87
719
64
14
4635
24292
808
5199
28762
13
5389
3463
5856
6203
6204
6205
6345
23
24
6378
23
37140
5199
503
53
14
5112
14708
13
5910
3619
5729
23
17194
1810
515
23172
377
87
18702
122
28780
34
334
3103
1779
3440
99
19619
1579
19424
2489
76
6291
61
25104
14
2639
9
5663
2479
37154
23
4824
61
40
5199
105
10816
720
34
6283
18
5377
37
4542
23
24
877
5908
35
632
57
14
8808
76
5482
1115
23
1579
19372
27
5377
330
24
8089
9
53
22707
105
100
10286
91
6283
5
288
5473
34
6276
14224
23
24
17103
29821
27
6283
99
3250
24
9615
27
5199
330
183
149
331
1521
2276
37133
1761
91
24
37155
13
19435
1533
402
9
4623
5482
89
17103
331
27
3463
5856
1543
5199
6020
14
18658
185
14
7962
104
24
6378
61
24
5389
6379
37156
262
1543
5199
35433
54
219
23
8654
14272
64
14
5784
6378
8974
3318
58
215
556
14
18658
922
24
6378
808
5199
22094
1778
6378
9918
58
4455
14
5616
767
23
24
37157
260
23
37140
37158
133
262
3463
5856
1543
5199
5
6374
9
6375
6376
61
6243
57
24
6378
61
24
5389
6379
61
288
433
23
24
14272
21019
58
24
6270
9
23
502
5199
37159
331
24
36501
7097
57
10627
9212
331
9
5389
8090
1819
1341
515
14
7001
57
22707
288
2896
104
5377
2
24
17103
29821
61
334
37160
6671
91
11287
22176
27
396
663
7530
13
1193
712
5451
9
2884
6283
64
331
14
1206
13
24
1016
1146
331
5
28409
515
3440
516
604
1119
515
13
2191
27
5389
3463
5856
6203
6204
99
7094
334
15624
5451
2528
4494
35
4824
91
1330
7122
61
349
3440
61
515
3748
334
31997
57
405
6290
75
6283
27
808
5199
87
1253
1145
24
260
57
37161
104
24
7842
91
7899
10053
61
37162
37163
1543
5199
9198
64
215
87
417
24
8419
57
24
37143
37144
7842
7962
7899
808
5199
6307
76
6377
57
24
6378
6374
9
6375
6376
27
119
3463
5856
105
10816
720
34
6283
18
5377
37
4542
23
24
877
5908
35
632
57
14
8808
76
5482
1115
23
1579
19372
1543
5199
4451
76
5389
37164
349
6377
57
24
6378
6374
9
6375
6376
61
174
61
3773
3965
37165
6431
57
24
5774
2222
5
1611
4910
13
5377
61
700
61
5
69
33
13
548
71
5389
3463
5856
6204
5
715
9452
396
99
663
4727
7460
24
5815
515
14
712
32354
61
253
101
21263
61
2290
1119
6283
13
6651
405
26812
515
278
7663
9
2540
3027
27
5199
87
343
13
3531
144
316
1267
23
24
6605
5
6314
3833
6307
76
6204
5
6276
3989
22708
37166
61
129
369
104
10207
18
4744
13193
13
151
1101
6307
2050
2217
334
3192
6557
1987
34
334
5495
27
251
6104
57
5828
4781
278
4828
5377
23
3291
454
61
5
144
1030
372
484
158
61
5199
330
215
516
9502
13
2402
6204
5
37166
13
33
14
23903
2528
361
37167
91
4744
6628
57
4809
259
17466
27
246
5199
18047
54
5551
91
3091
3619
37135
12746
246
618
54
55
3613
13
5377
647
3360
3463
5856
23
1972
246
37168
2572
4759
13
248
334
30484
5389
9
6276
1101
2528
246
35414
720
34
6283
18
5377
37
4542
57
14
8808
6534
5482
246
396
53
5112
14708
13
3619
7558
23
17194
1810


