144
1756
3014
1
1583
1755
2432
449
2455
6044
13
2187
425
9
540
1882
15935
9866
46
41
2088
0
174
12969
21
30
614
504
3
17596
120
19
71
20
0
288
2
15
22951
1200
103
5
2583
1833
7028
48
149
7
5707
179
2599
708
9866
3
0
916
4175
1749
2
9866
30
116
536
1
158
20
0
512
6
2125
4
39
901
2701
8336
120
19
1033
259
82
17
5852
3377
2735
3
19
1013
48
535
1
21
13
7359
3
143
683
17
283
2
1343
297
94
11
2455
6044
16
2432
29
369
1552
55
12
5
333
8123
1847
1882
16
2432
2024
0
1882
6
15935
9866
12
470
11194
16
2432
814
2455
6044
254
41
354
9866
18
3212
46
2914
174
12969
56856
16
2599
1
522
542
4742
53
512
2125
51
9919
1056
16
2782
1508
4831
9
2581
16
35170
53
8800
3336
1
591
56857
51
2581
9
1870
16
2043
20907
53
2473
1
406
51
1870
9
1686
16
1270
1233
53
2934
1
791
51
1686
9
526
16
5852
3377
53
35348
1
2934
51
2649
9
411
16
2599
53
3281
1
483
51
89
1
23
30
40
3624
20
2701
1808
7
0
424
1
199
5
10242
12762
73
473
29
37
17964
1593
12
217
140
88
2
6044
1
967
1
30
100
1685
63
0
1950
6
561
4
1452
9866
13
1
1225
39
1265
129
168
21
10
489
31
19
111
174
9
2821
12
437
2
8
52
18
40
4957
69
0
304
1
23
66
58
1347
59
3
32
1
8
6044
22
6
0
56858
8892
708
2
8
15
335
29
40
810
2831
63
0
3580
6
248
3419
6
14
29763
7
0
229
91
1328
88
2
8
89
15935
46
1106
430
23
54
6
0
335
1
54
6
0
1086
1
50
13
5
128
1503
551
2
8
6044
61
890
9866
46
32
344
3
4713
59
5
4225
62
64
289
0
561
18
8
172
9
1456
702
8
2
8
24
1
109
3567
1
29
5
4417
3
402
2163
1
8
6044
176
2
8
15413
112
3419
496
17
0
4627
6
702
21
30
1
24
46
1131
9
112
24
382
37
661
511
1516
9
722
3
1751
28
75
109
59
2
8
24
84
74
177
14
23
91
711
108
85
1503
2
13133
1751
23
194
28
335
1
23
335
84
28
4457
4
5666
2
8
24
382
300
34
14
1822
6
1106
1
4
5320
24
893
722
3
1751
28
95
335
23
168
2
8
6704
9866
750
19
2012
7
302
18
102
229
17
671
8273
12
458
21
6527
708
10298
2
27300
465
16
9866
34
40
2710
7
2243
17
2432
39
687
5852
3377
77
0
535
15
1981
17
0
5443
1575
283
18
1905
389
6
9366
3
454
42
505
3
0
3537
589
328
262
5
314
9
314
102
1203
17
1765
4
314
9
791
1513
20
435
2
6044
30
78
19
335
110
21
7792
2
8
57
13
216
425
229
127
54
6
0
148
1369
2549
6
0
1964
3796
7
944
486
1
8
21
22
2
8
135
33
5
243
14
30
37
12665
205
31555
23
3
129
5
486
288
171
32
389
2
8
89
136
8991
13
60
29
3
326
3
136
26037
1
340
91
9908
62
30862
9
17962
2
8
104
29
3
32
17387
7
234
1235
3759
3
124
0
419
6
0
235
2549
2
8
6044
13
6160
6
5707
64
67
335
3
0
288
90
0
1833
1310
26932
20
485
826
12
446
2
589
328
4335
16
15
356
2417
9866
143
19
2074
7
246
11
0
87
71
7
19
673
238
6
217
1088
3
32
2923
1692
3054
3692
1
17
0
108
30247
3549
854
6161
56859
2
8
104
893
688
4
124
64
67
335
1
8
6044
22
2
8
281
60
73
84
14
1
1226
2
281
60
516
74
123
1
23
24
382
22
7
0
424
1
24
351
596
17
0
335
24
29
2
8
57
18
67
55
6
136
3452
3
29
5
989
511
1086
3
165
28
1310
3
1310
2
8
57
18
41
14
24
84
74
29
3335
7
0
335
24
29
2
308
183
24
84
9
24
1450
63
25
80
0
71
2
8
24
351
128
1987
6
110
48
304
6
335
29
4698
3
124
323
2
8
15711
28
0
3580
6
9866
371
19
2012
1
6044
30
15912
6128
56860
4
3054
56861
4
854
2942
19712
720
311
262
579
1
45
1508
32845
523
53
18301
51
4
1692
1744
56862
53
1574
51
33
2539
55
2
1343
2151
3436
2432
18
326
3
313
9892
26
2432
283
449
2455
6044
890
0
1882
6
15935
9866
46
41
2088
174
12969
26
9866
806
12
5
456
1833
39
1051
259
82
17
5852
26
2782
1508
17
2432
7
71
3
225
671
12
302


