187
105
14
22452
61
14
7515
16243
47751
5
1347
14
1651
57
53806
27
842
24
1741
12338
57
24
5748
1221
64
1671
912
20771
1411
178
6574
912
7648
549
3322
2992
47730
5
14439
8484
28366
288
9810
1221
149
3590
9316
91
24
1687
2051
57
24
53807
27
162
32
3182
57
22885
17806
149
21470
57
514
32642
32643
61
791
402
9
227
603
57
178
7515
27
162
24
622
149
5616
18111
18112
61
24
729
5272
129
87
54
6646
185
9
445
695
27
187
149
24
55
1857
4463
57
24
22452
912
503
316
4238
5960
1221
5
704
1009
288
185
24
1047
13
850
129
516
3491
23
24
5017
34
7515
912
26209
27
521
159
34
522
5467
730
262
569
21470
57
514
32642
32643
132
5148
61
18111
18112
61
69
700
71
24
6646
695
57
178
7515
61
331
1999
15926
331
104
24
5483
57
4463
24
16250
37
2033
14725
187
149
24
55
1857
4463
57
24
53808
503
316
4238
5960
9239
5
704
1009
288
185
24
1047
13
850
129
516
3491
23
24
5017
34
7515
37
26209
565
5
47735
262
251
5151
57
4968
16650
14439
8484
28366
37
677
89
24
90
64
32642
32643
69
719
174
71
5
525
1382
47736
1761
13
151
24
550
37
7375
101
1123
9525
257
262
565
14439
8484
87
9233
91
525
571
24
3663
57
9117
5
316
660
9
349
178
7515
37
6989
32642
32643
69
700
71
9
64
926
4063
525
880
89
290
291
37
5249
23
22885
47737
32642
32643
132
6602
64
926
2287
89
24
482
9
167
722
13
855
525
6989
9
4501
178
7515
5
54
582
695
61
18111
18112
3672
244
47738
24
550
3555
119
175
5529
526
149
10116
686
91
3096
22885
8895
61
129
1802
133
23
122
14716
13
2995
24
2231
483
5
175
9
499
5556
61
349
14
3371
32642
32643
5
24
2255
57
24
550
61
3461
28366
32642
61
129
15385
7515
2
7066
13
1972
61
87
24
512
549
57
14439
8484
1221
53809
13
525
486
27
53809
87
24
7649
1093
57
24
3663
5
11842
57
9117
5
87
1969
64
24
1687
47744
53810
652
525
485
7208
87
22885
17806
61
575
24
55
316
7515
16243
11703
288
2876
5
575
1671
912
96
510
513
27
397
32
57
53809
912
2213
660
61
32642
517
14
5046
61
674
9
675
7375
38648
76
11538
27
18111
61
129
1770
5049
7515
35
506
5
149
324
26208
158
185
24
8587
12510
23
266
61
517
14
53811
47742
9
670
5
14
53812
22412
1861
27
4816
444
846
13
24
482
185
227
3555
14439
8484
28366
4063
525
880
13
24
482
76
525
571
23299
28366
61
24
6800
3663
57
9117
53813
262
119
550
132
19161
64
926
2084
104
24
482
7240
5
65
18023
19255
13
372
735
1312
226
1185
1512
262
119
540
15223
445
24
14272
13
4199
14
15341
58
122
9117
483
5003
847
244
22145
122
4420
3555
119
550
37
2255
330
515
24
25101
5097
105
45
7896
24
540
61
129
288
401
3432
449
122
526
13
4014
449
24
5097
178
7515
47745
24
14272
61
655
54
695
18111
18112
8158
23
14
25348
3290
61
6484
133
6552
58
24
333
9362
99
215
4598
778
178
7515
61
129
149
94
6989
9
53814
32642
32643
5
6646
603
18111
18112
61
149
324
76
11258
11428
9
40
129
1185
496
105
7199
54
1381
87
4821
178
6574
5
54
469
37
6989
9
695
61
3753
32642
32643
61
6247
609
13
24456
24
681
7395
4139
227
262
22885
17806
149
53815
23
25265
2
49921
5
18259
123
24
7626
2222
44989
262
8445
6247
13
1844
24
9653
38974
1686
23
514
57
24
108
540
3689
330
24
7713
9
2033
149
997
15926
104
24
5483
57
4463
7515
912
2033
14725
27
999
330
262
1687
579
87
3769
10899
91
32642
27
579
912
821
3847
76
53809
5
23
24
526
2222
61
818
183
2256
1030
926
912
185
32642
912
8442
27
579
5120
7515
373
524
14
4396
2855
34
32642
1221
926
912
600
1999
515
646
912
14
1687
1687
2761
57
32642
40017
23
122
53816
5898
912
526
149
14
6120
13023
6018
652
32642
87
370
414
58
10083
2
525
2107
4501
61
2930
23378
6952
9425
1221
3904
53817
3384
53818
53819
912
688
27
9856
3820
926
5
7515
278
100
33
23
4919
970
27
1447
99
1347
100
14
32609
515
215
99
100
4598
922
525
6273
61
637
486
330
24
1047
288
2235
13
1790
32
2276
1671
27
2186
14
729
257
3555
14439
8484
28366
61
2265
61
87
6237
91
525
1015
549
5
47736
32642
32643
484
926
2287
47
24
585
119
550
61
129
87
24
3663
37
169
1093
61
44
107
719
6493
104
525
571
64
926
53
525
880
13
24
482
19155
185
3555
119
550
4000
13
1123
525
677
64
14
5151
57
4968
16650
525
526
670
18
525
219
484
525
568
2186
334
2736
3555
14439
8484
28366
149
719
719
7520
23
334
18322
3822
1872
13707
34
525
526
13
3322
3356
47730
119
3663
57
8890
61
129
149
6206
512
111
61
5
178
7515
61
334
41541
61
1899
5556
34
24
526
104
290
6092
912
5249
61
22885
61
857
91
14
12958
23
24
5014
4809
15221
57
24
11881
53820
9
2033
47751
27
543
24
11842
57
8890
343
13
748
7764
1462
751
61
926
4411
104
82
23
941
1221
637
525
2179
28352
149
646
61
536
14
669
673
670
76
14
2060
41921
8084
91
53821
12494
61
2060
14613
21247
5
14
2060
3351
27
53822
34
14
47744
526
61
24
20913
2222
663
3866
47755
5
53806
61
23
24
163
57
853
12757
634
5
7079
61
4130
704
23
4305
27
3322
2992
47730
61
1114
61
1969
64
3356
61
99
100
32
57
178
6574
912
7289
486
647
358
2011
104
37908
1375
276
27
119
3663
5
11842
57
9117
37
1093
14439
8484
28366
16882
13
6994
525
28657
47746
53823
119
540
3469
13
278
53824
34
14
8968
529
61
76
24
635
273
57
24
20913
2222
4977
47748
5
4305
8968
38684
4264
8438
3555
1178
28733
40362
57
1189
9
562
47755
5
53806
288
398
57
24
124
257
1178
1894
9057
5
5991
37432
17562
2330
18
22885
17806
13
331
19355
331
24
175
499
526
396
5
53809
61
2265
61
552
508
469
6649
6638
14
6273
76
28352
104
23205
1956
61
278
100
609
647
2336
27
53809
16867
11924
104
24
898
1044
912
6603
23
1202
941
61
655
525
582
583
3890
32220
61
14
941
1535
9113
61
502
99
11485
23
941
61
20444
61
14249
5
27469
27470
27
119
550
517
14
3705
670
76
14
671
672
5
24785
53825
4336
91
570
47749
27
119
1389
53826
9
219
12958
1770
104
22885
17806
484
1875
23
14
47752
5
16560
76
14
18259
1686
9233
91
4162
27
8958
44405
262
178
7515
5
178
6574
369
719
7520
34
24
526
57
14439
8484
28366
5
3322
2992
47730
28352
37
2612
7734
2179
24
11842
57
8890
149
1103
13
2934
9
40
24
443
3177
373
1789
13
1456
6256
76
14
18071
4332
5
3351
47756
262
178
7515
37
695
18111
18112
61
174
61
536
14
2412
5
669
47742
670
5
14
47743
2412
1861
61
2287
89
24
482
76
14277
16232
61
700
61
129
7458
14
4305
670
5
3564
9
47741
1861
14277
16232
57
1606
69
116
71
5
14277
14400
57
1606
69
700
71
8988
2065
18111
18112
61
24
695
57
178
7515
61
34
24
175
5529
526
14277
16232
57
1606
61
14277
14400
57
1606
1817
76
5935
16949
288
14
1252
57
4305
5
2412
64
358
47757
89
24
47751
23
122
175
21247
34
24
483
4050
262
119
3663
57
8890
5
178
7515
44
107
719
94
24
2222
57
44405
47758
1778
859
3322
2992
47730
69
174
71
64
215
2084
34
54
526
902
18903
23
122
16569
262
28352
3177
61
116
61
3629
58
6426
24
526
61
9233
91
622
53827
9
537
5556
5250
9
13
9
107
178
6574
8158
23
175
4420
64
215
1859
13
24
1873
5
10189
104
622
5556
61
655
54
7734
715
12321
104
82
12995
262
119
540
477
104
290
291
37
5249
23
22885
206
57
14
2231
12958
104
24
550
37
3834
37135
82
9
502
99
5714
34
47744
293
23
24
7515
16243
3493
119
11842
57
8890
37
2179
5
10543
18837
2057
445
525
12798
3865
23
334
21914
673
670
23
31368
28481
47762
262
1468
5415
5556
731
24
5529
526
57
3322
3356
47730
5
14439
8484
28366
7864
24786
149
5932
1030
23
14
38383
9
8609
5
19854
12302
61
655
14
32838
2791
53828
47763
7458
14
53829
4332
13
2934
24
124
257
246
37892
331
2033
549
3322
2992
47730
99
610
7379
14439
8484
28366
23
334
15308
483
246
2036
14725
32642
32643
5
6646
695
18111
18112
2934
2231
526
246
251
959
9
960
28352
3177
94
5556
7520
104
290
291
37
5249
61
22885
246
13575
14400
5
16232
663
94
24
175
9
499
19190


