3709
11938
18
13352
9
5698
18489
17
1961
10137
20
502
18
7342
5249
30
786
55
7
182
5
585
9
1949
2509
269
2
15
4906
1
50
1104
242
12
484
903
1
2417
0
4470
3139
666
20
48628
9
105
82
39
11938
413
0
1504
666
2218
1879
595
7
0
222
403
7
436
411
20
914
9
7491
2
15
5249
729
14
41
118
30
0
770
1175
0
585
23
0
5458
1406
3515
770
477
20
0
676
5742
5432
1
45
14
25
13
54
6
0
17459
1406
26358
44
29
4127
150
1489
7
409
954
2
3709
11938
18
53
93
51
18489
17
1961
10137
53
122
51
20
502
18
7342
5249
786
55
7
182
2509
269
8
57
13
676
546
11938
5627
10137
13
13183
920
853
1380
55
1
371
25
0
5458
1406
3515
770
7
0
7342
5249
18
683
1
8
22
10691
4
3314
13865
7288
12710
2
8
104
34
5
305
4122
6
0
684
48
149
4
17
222
753
13815
627
208
149
1
217
1726
511
3
29
2755
5
2204
4
217
1559
20
102
33
7
11
5
2214
166
6
257
4512
2
8
15
3131
7
0
7342
5249
12
484
903
46
32
12490
2
8
15
4470
3139
2764
2185
7
436
411
20
914
9
7491
20
502
18
7342
5249
11938
53
528
122
51
413
0
1504
4906
2218
1879
595
3
1126
0
21934
914
9
7491
3028
1336
20
0
1382
1059
5388
0
666
8257
11938
1
38
342
19
21934
914
9
7491
993
7
5
10970
1513
3
16805
48629
81
70
1
13
7501
21
46
1017
10137
311
45
48
71
31
10970
2
52
22
16
8
1398
75
29
348
121
459
24
322
159
99
3
502
3
666
1961
10137
311
4
0
2174
13
1951
9
24
84
74
109
59
2
8
52
2243
253
194
4
892
24
382
2176
59
90
7
376
6
19
102
476
1
24
322
159
3
48630
59
48
71
140
2
52
46
41
1487
0
368
11891
1
24
73
6493
66
14
2
8
24
46
465
17
59
80
77
311
4
383
5
64
9
730
172
1501
2
8
11938
53
93
51
4
10137
53
122
51
29
234
309
5
868
6
1271
127
277
108
973
49
3
42
666
10137
1
38
556
5
27916
983
20
0
844
6
33354
26359
7
48631
81
484
1
2094
21
46
758
5
1023
16268
511
3
1386
19
26106
69
3921
2
15
102
1545
1
38
30
9355
99
17
64
838
9
1185
10699
3177
77
48632
48633
7
359
4
10368
11844
48634
5547
7
600
150
1414
3
26359
1
22
16
8
24
29
40
1136
11
48
666
11
105
82
4
98
25
13
323
4986
13
0
118
551
12
95
1516
2
8
139
13
5
9059
7
95
142
14
24
252
3
373
4
24
46
84
14
31
3242
3709
11938
18
673
12
484
903
2
8
24
322
7
0
1963
3
32
1369
4
313
4008
45
48
666
817
67
3
121
85
156
6
14
9
48
13
1210
1
4
21
46
41
188
3
2667
5
4512
2987
39
24
29
1892
17
59
2
8
1542
1451
19676
1796
4575
53
122
51
13
54
6
0
1701
1259
12
0
33355
12
484
903
387
24863
9
4297
33
2745
31
5
5
8223
33355
3910
1483
48635
2788
19
33356
353
3051
33357
993
4
2942
6581
2788
19
33356
33357
11557
127
48636
7394
2
1542
1451
5319
6132
1796
4575
1104
12
509
25080
7
5
368
25081
11
0
257
48637
993
1
119
6452
172
9
4270
502
3051
33358
3580
3230
475
1418
27487
48638
7
37
949
25081
11
0
48639
3051
33358
993
2
12710
13
61
207
3
4839
67
425
6221
760
17
523
10436
4
1774
475
207
3
1384
7
13384
9737
2
26
3709
11938
18
18489
127
1961
10137
30
786
55
7
182
2509
269
26
48640
30
786
55
7
585
9
1949
71
20
502
18
7342
5249
26
19804
3139
46
666
12
484
903
20
48641
26
11938
413
0
1504
666
7
436
411
20
914
9
7491
2218
1879
595


