144
789
16185
249
25
496
3
1189
1
148
75
610
11
5
2154
795
340
156
33153
28
11482
1445
2
89
11
21942
75
1189
28
6451
3
5997
12
506
1
14
6414
10
923
5435
56
5
130
467
11917
11635
2
101
725
1
19
11917
10
86
6652
14
0
1394
574
0
953
140
39
19
1341
12282
2852
21
10
371
88
3184
2
7369
3090
795
34717
10
680
3
1070
140
1579
379
69
5
2175
28
6451
3
5997
39
5
1856
467
11917
11635
4
805
3
429
65
479
11
7369
3090
22
1353
43
1129
3
1190
110
0
130
10
324
1
4
76
74
1313
55
5
1164
11
19
1138
2
3090
479
5210
6630
176
14
795
14340
469
3
1164
17
0
130
1
45
340
156
1216
2
15
953
1
50
1878
175
103
28
2746
9
19054
1731
1
2087
99
20
0
222
1731
20
34718
113
0
130
10
1258
77
3
1136
106
362
2
13668
22
44
469
3
1164
17
0
130
1
45
17
100
1216
2
65
479
11
0
4479
176
14
21
10
1258
77
3
106
56
21
806
99
20
2746
9
19054
1731
1
45
10
41
432
2625
22
0
130
107
41
29
3
32
11002
120
0
795
1
4
10
41
432
39
2041
1
45
10
1107
78
3
34307
17
216
4479
2
4784
34717
123
921
97
2175
3
31807
1
5997
1
113
25
2087
20
52751
487
71
2
258
6630
176
14
14
1573
116
0
122
595
11
0
715
6
815
12
1103
2
26
1914
467
11917
11635
1579
379
69
795
28
6451
3
5997
26
13668
76
74
1190
59
4
76
74
7799
59
3
429
26
19689
945
3
2746
9
19054
1731
113
21
10
1258
77
3
106


