4754
7
5264
8
920
20
0
4566
11
314
9
791
1513
5281
2534
69
160
12
2159
1040
4605
7576
18
747
953
5281
829
623
3
2851
10222
8278
23
449
741
1401
3048
763
5281
8
3
14606
536
8
6
7576
2159
1468
23725
20273
649
5281
18
5507
2159
18
99
9
49
2879
675
636
13132
4
6298
23726
144
23727
2898
9
23728
293
16
38828
138
1
275
409
526
291
287
16
38829
138
1
314
409
526
3433
2159
0
122
356
11
10886
9452
5281
218
10886
9452
5281
13
207
3
32
729
23
0
111
449
6
2159
283
12
470
1241
2
52
10
1148
20
0
4566
1749
90
2159
18
229
127
671
4
7
0
5264
8
920
1559
0
314
9
791
1513
39
1189
69
160
12
1040
4605
7576
18
747
953
2
57
13
2183
5281
46
3434
32
10222
8278
18
3705
90
0
1383
370
2584
127
1009
20
0
872
2
2307
18
350
20
66
16
10886
9452
5281
4
4605
7576
1016
5
12311
7
0
5264
8
920
20
0
4566
1749
120
2159
18
525
127
671
4918
19
1135
16
5281
53
200
93
51
7
0
5264
8
920
20
0
4566
23
2159
1040
7576
53
1857
122
51
750
19
152
49
101
1056
16
5281
4
7576
938
243
31
243
90
2159
18
229
20
671
29005
16
10886
9452
5281
53
122
51
4
4605
7576
2855
20
0
4566
515
6
2159
18
229
127
671
155
4576
16
7576
38830
20274
0
710
23
21
4
5281
1097
69
0
4566
1914
17802
8062
9
954
9
468
20275
9
484
38831
11355
4754
589
328
16
411
1
190
4754
370
16
151
328
585
741
1401
3048
1
5281
18
179
449
20
338
250
1
1365
78
59
3
14606
536
6
0
288
4
7576
39
105
187
6
7257
1085
531
3
0
4748
6
8278
81
437
2
89
3314
9692
2159
1468
23725
20273
477
557
2243
17
0
20275
449
47
5507
4
25
1181
14
30
4005
59
3
356
3
407
970
1
480
0
179
250
854
18
17870
2
5281
13
5
7915
6
0
338
250
17585
8
2313
1
38
531
0
938
127
38832
1919
2
380
0
2059
1
0
7109
9
83
30
531
20275
3
0
4754
993
1165
1
7
411
4
190
1
4
3
0
4754
370
81
70
2
20273
30
61
40
11499
31
7576
3
1005
5
9362
409
1833
1880
14
46
5810
3
35
2958
25
1104
3
2477
38833
1
301
3
54
1416
373
3
7576
2
6515
7
3141
161
5281
1
38
30
5
1237
268
600
30
41
1654
3
687
20275
2
17871
49
16
2159
1040
4605
7576
30
959
3
2103
19
87
1533
1
5281
1
23
814
3470
18
49
16
10222
8278
10
2792
81
437
39
5
10887
81
105
187
7
766
20
2159
2007
54
4754
30
959
7
0
589
328
4
14
107
41
29
5
596
3242
2
38834
12434
175
766
6
2250
7
2767
45
6076
11
499
85
5
236
23
0
20054
43
29006
28
0
7794
53
1639
1839
13
80
4634
51
924
67
29007
29
959
7
246
1
892
234
43
7
0
1620
2
38835
20276
10
7
766
6
5715
11
79
3643
230
1
17872
54
313
1
105
8539
4
231
8923
7
19
71
92
4
5565
13111
55
6
0
288
18
634
423
39
21
10
116
3
165
12
986
4
1802
5
15851
12
19
251
1
4
5
509
2116
17873
1
4
2053
12
986
2
38836
38837
10
5
2885
20
16079
7
0
87
272
6
81
236
1
2230
5
618
50
10
3
267
7
4727
3
328
238
2
15
288
18
2240
38838
38839
9901
78
38840
38841
16
8
10886
9452
107
41
517
282
5
827
63
25
54
152
62
0
108
2
52
13
170
136
449
1
20
568
268
0
535
2
8
52
58
41
1183
12
0
597
14
5281
46
32
2447
3
246
4
14
21
73
32
2716
23
111
2159
814
369
2
8
57
18
739
111
3
161
63
48
1081
28
0
288
243
2
104
170
1450
1886
17
10886
9452
4
234
1995
183
168
129
60
29
277
108
2
8
895
3141
854
6810
38842
29008
1
98
5
11599
1
1806
16
8
4064
688
3
402
66
3467
307
22512
74
170
354
38843
13
159
3
2159
2
16080
850
21
30
22
1239
938
11
2
8
139
5
4120
38844
225
112
29008
13
3
32
521
1
23
21
219
12
22778
421
7
0
149
4
22
16
8
57
1351
74
1342
2
24
1190
14
10886
9452
5281
1351
74
1804
5
288
1
21
46
1804
5
1040
86
2159
1351
74
1342
2
8
10886
9452
5281
107
37
772
125
347
320
4
22
112
21
1110
3
246
21
46
32
128
1591
6
110
1040
21
18
159
3
147
17
2
10094
12
110
24
183
92
18
100
880
21
893
165
3
2159
283
2
8
636
13132
4
6298
23726
29
40
4952
49
23
1648
2879
7
276
5281
4149
94
0
431
2
6216
449
292
16081
4
87
9
174
1286
1736
20277
33
317
766
6
0
155
2279
18
1022
229
20
671
2
5223
0
4754
13
729
1
25
1053
656
23
3685
11
16081
4
20277
2
334
0
314
9
791
1513
31
671
12
155
2279
18
1022
1
16081
22
16
8
1100
1736
4
1308
4
0
936
6
0
481
183
25
13
118
4081
1
0
81
551
24
22
3
0
335
14
44
116
121
474
20278
1987
6
0
1124
44
210
7
2
8
24
322
228
8730
458
44
692
62
41
53
14
5281
10
20
0
2935
51
2
9138
0
19506
16
16023
9124
8279
671
18
87
6
64
731
79
64
379
90
71
8
221
10
100
1071
6
25
12
0
174
971
4
0
646
4
7
0
2657
9
471
1
86
24
58
41
2790
8730
63
14
2
8
16081
176
16
8
20135
496
7
1
2694
92
13
37
650
215
627
49
1
86
112
21
73
1985
3
25
1
143
0
1086
419
1
123
80
168
4
205
1
45
24
354
0
174
33
205
511
3
764
7
0
589
328
2
8
221
29
40
100
13416
23
3
458
156
6
8278
18
179
38845
481
58
32
887
12
494
5
111
449
30
40
4334
2
8
580
1
53
24
29
306
51
739
20
80
1
8
22
16081
2
4918
766
16
292
16081
175
766
6
2159
11
42
1203
17
1952
4
1513
3
671
8
24
322
8549
3
0
288
268
0
1040
62
1468
812
121
410
2
8
24
46
32
7
147
2500
23
3685
2
8
38846
4
4457
7
486
183
14
25
18
5
23729
431
4
60
79
124
12
17
25
2
221
13
100
863
92
1
25
13
656
23
3685
2
8
29009
10222
18
99
4
3647
20
2346
10222
8278
1
0
130
5281
1181
207
3
2851
20
2159
1
10
137
20
17874
515
6
2346
18
1240
7794
525
127
13377
14534
2
8278
1
38
545
11
2346
1
10
4812
31
38847
8280
29010
29011
4
25
1527
3
154
19
1516
103
0
29012
3189
19
10223
31
4605
7576
2
29013
419
16
10222
8278
53
93
51
13
4812
31
14204
8280
29010
29011
20
2346
727
26
4754
7
5264
8
920
20
0
4566
11
314
9
791
1513
26
5281
2534
69
160
12
2159
1040
4605
7576
18
747
953
26
5281
829
623
3
2851
10222
8278
23
449
26
741
1401
3048
763
5281
8
3
14606
536
8
6
7576
26
2159
1468
23725
20273
649
5281
18
5507
26
2159
18
99
9
49
2879
675
636
13132
4
6298
23726


