1567
9808
30
2033
338
250
3
1918
42
3853
744
7
0
409
1833
1310
62
759
740
55
12
0
1889
328
311
2
250
1376
3
6586
242
7
0
3537
589
328
39
302
18
275
9
791
6347
1513
3
338
283
4
9808
1993
19
179
288
76
98
1911
363
0
235
146
11
0
200
7477
236
2
292
6416
10
2792
81
555
79
259
187
39
20850
741
1401
3048
23
250
219
28
3455
3
4554
9
42
5273
1285
1056
11
575
82
9
4
2301
31
0
2040
9441
1567
1144
1696
2
1567
9808
1904
1435
0
1426
127
1952
20
1355
2231
7
460
1098
2490
4
9808
53
528
51
16208
5024
3081
53
122
51
39
19
616
127
5715
7
1098
8
24
610
44
1911
7
235
146
45
24
516
74
32
662
1
8
22
9808
1
38
668
2162
731
7
14235
2414
11
250
197
1686
4
954
2
8
65
288
6
48
912
171
32
350
11
0
1455
1167
3
32
7
0
1889
328
45
25
13
41
0
276
122
98
2
8
308
76
161
0
1157
33
20
0
99
45
25
18
63
3562
1
1820
0
122
1508
3
402
0
873
4
5
1692
3
32
989
20
5
1569
547
6
0
229
2
895
5534
1
250
4
1765
854
9808
10
1535
20
0
30665
7408
7
6295
8
57
18
717
3
6367
110
46
1342
45
56
66
29
5
128
9536
243
66
29
9536
1339
2
8
24
351
41
67
2040
85
1567
1144
1696
3
183
110
10
5
53
3853
51
4853
11
59
45
60
46
177
20
0
267
6
0
236
1
4
110
21
254
7
48
1310
48
2025
46
32
128
650
11
338
250
2
8
9808
1
1535
20
0
30665
7408
7
6295
1
890
1609
1696
46
124
0
71
3
1070
140
250
14
10
41
17438
3
6416
1
38
175
0
5151
28
250
3
1765
7
954
2
89
9808
22
1609
1696
392
3297
3
0
1335
6
0
476
4
1985
3853
2591
7
409
3
165
17
0
2706
2461
42212
21
98
30
20
19
10668
262
5
535
6
1509
2394
50
408
4489
9486
3245
4
6529
2345
176
3
0
2211
6
2044
1967
1
1748
1144
6728
4
3649
5027
2
8
308
300
29
3
3297
3
110
75
161
4
2842
0
1480
13
5
706
3963
62
41
2040
511
1
8
9808
22
2
1765
449
292
6416
3739
3
9808
39
19
243
18
314
9
275
1383
370
313
77
4330
7
746
8
52
53
1609
1696
51
30
3
233
20
25
4
1918
14
547
11
662
1
45
21
13
37
2040
449
86
24
382
100
1685
21
46
84
86
2
8
24
29
214
5
10103
586
4
66
73
177
92
13
5
706
67
1697
4
5
706
67
1705
1
45
0
768
13
41
110
66
58
1347
28
5
243
109
48
2
8
3470
46
2539
32
12
19
243
67
85
292
6416
114
6
0
702
21
30
4
0
8336
7
80
19
1808
2
8
308
1347
0
589
328
3
32
5
717
1377
11
156
174
4
338
250
30
40
2055
7
0
81
64
82
1
45
7
486
66
29
3
143
0
6165
23
760
23
686
2
8
89
9808
3040
3211
14
250
18
2002
3
1665
182
1609
1696
10
94
3
0
9441
91
2594
31
0
7397
6
0
589
328
2
8
52
18
2040
1
21
30
2688
6
30666
6
597
4
75
92
17
59
38
183
63
486
1
8
9808
22
2
8
57
58
32
24436
11
338
250
41
3
32
7
0
1889
328
311
45
0
589
328
13
5
410
1285
3
110
25
10
259
82
320
2
8
221
33
169
1662
14
29
213
676
335
4
0
1737
13
2418
9
14
18
459
24
1141
1
24
181
307
8
15
755
4
7397
110
66
73
163
274
149
13
2090
1
92
33
100
1472
593
2
8
26
1567
9808
668
2162
731
7
14235
2414
11
338
250
197
1686
4
954
26
250
1376
3
6586
242
7
0
3537
589
328
39
302
18
275
9
791
6347
1513
3
338
283
26
895
250
449
292
6416
696
0
5151
28
1355
2231
3
1765
7
954


