27954
369
361
1399
104
4031
652
14752
4948
12045
13
3193
26078
1795
5113
129
1812
13
1687
1018
24
700
27816
91
13305
14
12778
34
1687
31917
411
1573
61
1489
13
24
8715
27
8255
9
1804
31918
548
13625
1506
515
3802
9
31919
5113
1687
76
14
31920
129
14115
30500
89
14
432
9
10415
61
1454
89
14
2755
3306
61
1185
23313
2237
218
14
471
3189
13
157
334
332
1185
434
9
1595
6823
61
369
16429
76
14
2145
3486
218
24
10476
27
1687
31921
129
4975
1030
31922
369
361
279
1030
31923
61
330
24
8715
27
1687
119
2611
9
1804
87
515
125
4948
5
7599
10573
432
10415
5690
278
100
2540
1155
14
3319
76
17210
515
3096
5113
1018
1013
1094
3236
31924
13
3193
26078
27
143
76
692
31925
521
159
34
522
1427
2406
129
2349
8070
17210
2
548
28712
1492
244
5885
18
185
24
437
13
157
14
434
1595
61
642
1185
334
332
6823
61
334
8715
8342
1046
9
502
87
2965
411
412
331
352
607
119
8715
1520
331
125
4948
5
7599
10573
432
10415
5690
278
100
2540
14
3319
76
17210
331
397
14
3340
61
24
1206
57
8070
17210
1094
1506
515
32
23
890
5113
516
709
849
30500
89
14
432
10415
13
157
218
334
332
61
434
1595
61
1185
642
1536
218
1221
1347
1222
24
19999
288
8767
5
24
31926
31927
27
1031
6672
13
32
23
190
69
31928
1300
71
23
941
61
14
582
8715
31929
5575
1615
27
9841
27358
13
1454
1438
411
412
352
607
61
1520
24
8715
27
842
183
663
25431
24
2366
13
502
31918
14752
13625
5690
278
3068
1687
1474
1440
5
31930
2
24
1444
57
24
437
27
1312
24
1397
1392
57
24
3802
87
3466
9
709
710
834
822
183
31931
122
10994
61
5113
2831
503
1454
89
14
432
10415
61
14
2755
3306
26983
1185
218
14
471
3189
1348
8495
1687
21783
13
1018
818
91
14
642
798
23
31932
28832
358
2831
31933
122
4086
61
193
3847
5
157
24
411
1573
532
122
2534
880
1145
542
27
119
20343
23
5690
28712
432
30701
5
2755
23408
1506
515
1222
358
22551
122
10994
358
825
107
1805
76
14
2145
8070
4447
9
2479
2555
218
122
1392
3306
61
1520
24
8715
27
119
1392
57
24
3802
1520
2406
2831
503
5885
18
1222
21783
13
1018
818
91
14
642
798
23
4316
251
2349
57
17210
1506
515
32
23
190
69
31934
1300
71
57
24
31935
8715
273
8369
516
45
1728
23
14
2755
3306
26983
13
1119
411
1573
13
6823
61
5721
13
2707
32
23
360
69
31936
1300
71
23
941
27
119
4368
87
24
503
398
57
24
1428
575
2755
3306
31937
278
100
4837
76
5690
3400
237
87
1622
13
1454
1533
6078
1853
24
1566
27
1427
1428
9687
3486
5113
1389
4846
61
3559
13
1389
1114
1222
590
362
3970
1267
61
34
5773
14
432
10415
27
162
941
61
24
4447
2479
87
1389
10560
61
15717
13
1389
2744
34
1920
2078
27
10306
23
941
855
24
1271
1222
358
1728
23
14
2755
9
3306
26983
27
10306
1018
3235
1533
3539
13
1645
133
31938
31939
13
442
411
1573
185
122
880
61
76
2707
170
69
31940
1300
71
3539
13
738
218
471
10123
5
2707
14
188
69
31941
71
3539
1300
13
14783
24
1890
9816
13
748
542
25242
61
1347
3400
358
645
2786
3098
13
11376
91
24
642
5
131
185
122
8009
61
64
758
64
14
3486
27
24497
13
1728
104
14
471
14752
3189
718
3340
23
14
1389
1469
9013
4447
10654
166
131
61
24
1271
64
34
2059
27
5756
61
1413
133
57
493
69
31942
1300
71
377
358
516
1013
5336
449
432
30701
61
471
10123
61
3306
31937
61
1890
13343
61
1185
2423
47
185
13
24
13734
1222
334
411
1576
4995
13
444
139
27
8715
5359
31943
8720
330
262
1687
1307
183
726
13
411
1573
2169
23
7402
14752
61
594
5113
1019
262
1687
1447
40
34
24
10527
57
8259
738
610
1221
652
61
24
1462
227
61
515
411
1576
44
107
34
30280
27
143
515
87
1607
594
8715
273
5
622
5113
825
4031
24
3317
57
14
4447
2479
13
1813
14
17558
941
87
24
503
398
57
24
1428
575
2755
3306
31937
278
100
4837
76
5690
61
3400
237
87
1622
13
1454
6078
1853
24
1566
27
30717
31924
825
331
30063
185
24
3317
13
9714
17210
331
1687
842
23
4699
401
3096
432
10415
61
2755
3306
26983
5
3031
14752
3258
31924
825
30063
24
2539
13
3393
133
14
4447
2479
27
31944
61
405
5113
1492
1013
1550
24
4031
5
183
503
1410
32
13
1337
5
6314
47
334
332
1185
434
31945
808
8720
2936
262
1687
119
7599
5
13177
10573
13625
5690
377
515
358
1550
89
3229
24
9886
57
334
185
9
1724
411
1576
484
19194
14
4447
3043
27
842
23
9427
515
87
401
1502
45
24
31946
6194
642
8429
185
1579
1490
515
2406
2831
1687
817
150
13
2735
411
31947
27
187
1520
262
1687
1307
723
4192
24
19999
1185
850
31927
10123
61
1812
13
5986
24
1576
5
4082
24
1923
515
183
1099
1550
27
16600
1193
6350
2175
13
157
183
6823
61
40
107
8934
45
13
31948
1193
14752
8151
1185
1444
57
24
437
27
1687
187
3545
262
1687
8682
262
1769
1576
5113
369
27982
8769
5
278
4806
13
24
3802
515
723
1018
1013
278
61
818
723
1393
45
738
218
471
10123
1185
1890
13
1119
542
13
6823
27
331
31921
2831
45
1687
5645
1185
12595
31949
61
23483
24
11322
61
1185
5885
9
18
185
1185
438
13
14
8320
61
4590
1185
8743
18644
57
24
437
27
3156
932
5717
99
1642
13
6757
122
13625
57
432
30701
27
187
6520
646
369
1687
14
1478
346
57
1107
1348
183
87
422
13
6246
14
432
10415
27
331
31950
237
87
1687
1348
21783
13
1018
818
91
14
642
798
23
31951
27
5298
1107
183
6091
2581
262
13
1790
14
9479
1185
20040
23
24
437
806
13
5189
445
1185
2854
47
14
2315
806
7773
922
24
1123
57
24
2421
806
1185
13
6246
1185
4472
14
31952
13
14
2309
2930
27
187
3545
262
1687
162
704
597
183
87
1622
515
24
817
23
24
432
10415
87
64
954
64
6528
3156
3428
515
1222
14
2421
87
4598
2590
14
432
10415
13
1687
22768
14
1576
502
5570
700
89
14
83
437
61
935
24
7160
825
1687
3163
621
501
185
1579
27480
5
1812
13
9701
14
1474
1440
31953
10306
825
278
1011
31954
1687
31955
1914
23
24
10415
61
183
330
262
1687
119
2421
57
1155
14
1695
2831
5448
515
24
1923
33
133
57
24
432
10415
87
3466
484
11855
27
331
162
594
597
24
12008
1011
1012
7096
825
45
107
31956
246
10306
129
5885
18
34
334
332
1185
434
9
1595
1805
76
2145
17210
246
8715
1520
2406
129
369
331
10823
1030
31922
369
361
279
1030
31957
331
246
19148
6770
2
13625
548
99
319
331
26078
331
445
9668
246
19624
28712
87
15044
125
4948
5
1409
7599
331
14
3319
331


