2425
2426
6866
6781
19223
99
45
417
47
840
57
2505
34
5492
156
27
119
18354
9
2033
99
45
1039
34
9266
28160
647
14
2778
9
2459
3491
18
465
23
5492
37
230
1060
2544
104
35
506
37
2118
2434
23
4440
27
19223
61
129
99
242
890
3276
23
6727
5210
647
2540
54
5492
3649
190
494
495
61
598
185
54
6697
262
331
1427
57
723
369
574
846
1508
1267
449
24
4094
4156
77
27
2425
2426
6866
6781
19223
69
174
71
87
9024
34
14
4699
13
24
5492
2438
19223
99
2469
6727
607
34
5492
5
99
2048
24
5828
3271
5
24
2118
2434
19223
69
174
71
35
2469
34
5492
23
122
230
267
2118
2434
112
61
14
1060
2544
75
465
331
397
628
600
377
61
628
278
100
821
539
13
2502
5
13
81
14
2118
2434
5
14
5828
3271
61
13
17401
23
24
594
752
16034
61
40
628
629
373
3432
64
24
55
257
27
331
628
1835
13479
515
628
629
23
14
2829
636
23
707
2526
1915
5
628
2391
2237
13
151
28161
5
13211
1533
4228
76
707
4156
77
27
331
1031
37
496
628
223
34
705
257
61
1986
5
2505
13
24
15390
61
3108
13
1018
24
512
628
718
27
331
4338
515
61
3885
61
24
1785
87
24
32
129
14678
24
110
34
705
2544
27
331
419
1094
628
1550
1508
995
1267
13
151
1950
61
64
628
330
61
40
628
663
14865
445
5
557
14
2549
27
331
19223
61
129
149
11004
64
2426
37
136
57
24
751
34
563
91
24
2439
120
61
87
537
2237
13
2540
334
5453
123
24
15040
57
24
531
27
331
628
1028
13
4457
612
128
34
24
16378
57
24
28162
11432
34
563
61
331
215
330
27
331
187
37
100
14
751
76
1793
3604
6613
5
14
11391
57
4372
34
24
77
27
331
397
628
600
377
61
851
2002
87
15706
34
703
3555
331
408
369
23
24
35
1679
57
24
9710
61
76
144
533
3133
206
262
533
48
192
13
9055
575
610
825
2113
1650
185
24
197
27
331
19223
99
242
374
3276
23
666
10215
4441
201
5210
237
36
13
442
2426
5449
185
2510
34
14
908
9
1413
2837
5
16971
34
1462
36
37
200
201
2482
27
331
28163
61
628
1019
7306
612
3276
2544
58
2544
87
24
700
1017
13
1018
61
331
24
791
5535
136
330
27
19223
69
116
71
72
2548
16369
558
76
24
4094
4156
77
58
9535
6783
23
24
230
19223
69
700
71
2256
2426
37
10283
18
2461
5
11066
369
692
15908
34
122
3192
192
19223
149
11004
2426
37
136
57
24
751
34
563
91
24
120
57
24
2436
2437
2439
331
28164
13
81
64
3096
57
542
64
1243
5
7004
24
5146
256
1508
316
10283
21691
11066
5
2461
27
331
628
418
24
6488
5
628
850
1413
124
192
34
703
23
3192
262
1530
10293
61
2425
932
61
5535
5
16118
27
331
993
57
542
369
124
4484
5
610
1028
13
3193
515
610
718
1004
542
61
3431
1015
13
612
74
5
663
2540
612
128
108
27
331
246
6781
19223
99
45
2469
34
5492
647
122
230
267
2118
2434
2544
246
119
2425
2426
111
87
9024
13
444
33
89
24
2438
246
15068
19223
149
11004
2426
37
136
57
24
751
34
563
246
23193
262
3348
2992
3349
3990
91
54
791
110
6868
61
4115
24978
5
28165
28166
246
2105
2106
34
704
24
2107
2425
2426
2108


