7578
9
12444
543
126
23
247
23
259
30
5466
31
1913
134
153
7
0
424
64
82
2
798
998
163
0
245
6
126
808
197
259
4
591
1015
7
286
39
4086
8732
784
30
20289
31
17863
150
190
2
15
998
11
2873
197
414
4
835
1015
11
994
9
1797
3763
928
134
153
2
798
998
163
0
245
6
126
808
197
259
4
591
1015
7
286
39
4086
8732
784
30
20289
31
17863
150
190
3702
4929
17
2753
20
0
998
1
310
31
15
1143
1387
2
13372
2072
1
771
6
6043
4
559
11
0
841
1920
38903
22
0
478
172
14
126
43
1073
49
7
7261
994
9
1797
2
96
78
15
1143
16
35
139
30
202
510
90
2
57
13
0
9874
6
0
1964
172
4
125
6
261
9874
33
38904
258
2072
22
0
13422
478
2099
93
247
75
576
7
0
35
4220
29053
2
38905
12
2873
199
23
5065
1
345
4
164
147
34
9420
90
45
35
0
478
172
13
3744
38906
2
96
176
16
35
57
13
29054
38907
1920
75
474
5
4220
906
3
11585
5
1569
2341
12
637
1500
2127
1
4429
0
1595
265
4
0
122
990
6
280
2
35
3958
44
1014
5
1599
133
1599
121
133
50
131
24
29
8282
6
280
4
48
13
129
24
233
2
135
474
0
252
11
4220
17890
4
92
13
100
2908
156
29055
258
2072
22
2
15
478
172
30
61
803
5
111
837
11
5065
2
96
22
16
35
101
0
83
230
66
445
124
7917
20
164
45
66
76
165
102
4
2296
0
917
2
836
247
75
33
12
0
391
80
0
71
4
92
13
100
716
49
12
25
4
25
5676
0
38908
26
6187
6
126
197
259
4
591
1015
11
994
9
1797
49
31
17863
26
3702
16091
39
1758
1083
31
1913
134
153
7
79
64
82
26
5374
11
3103
197
414
4
835
49
31
928
134
153
1
798
5976
1750


