258
1704
50732
261
262
37350
264
61
2195
534
1268
268
269
262
50733
264
61
1526
534
1268
16428
159
262
3255
909
2465
22294
3138
13
278
168
9823
362
24
21793
251
6633
943
6558
61
129
87
5519
159
58
361
44451
34
7025
23
1305
57
568
61
3138
1671
13
278
168
9823
362
24
21793
27
909
2465
22294
330
503
1687
32
1185
34515
57
54
1960
288
9813
13
54
7768
7095
27
396
2325
133
58
361
417
14
989
10015
91
3849
1702
3850
3849
3322
5
3850
6628
1172
21799
34
20103
3761
27
1178
7781
91
24
2918
34
18610
11852
61
24
1816
515
50734
24
2726
57
7606
61
105
1142
54
6249
5
3830
22563
288
1687
27627
76
54
20103
50735
27
2226
534
24
2964
9925
909
2465
13
1550
14
4224
499
58
215
105
21260
449
24
1311
5453
57
485
217
9
47
185
272
61
6182
50736
61
5
289
34
6076
2002
34
568
27
909
2465
61
129
12875
485
597
64
808
3850
22294
61
44
278
1903
34
2276
360
494
5
149
10616
441
133
27
396
330
262
1687
628
516
1030
13
21248
24
45682
6173
515
707
1382
7606
369
9813
13
496
628
278
100
2931
27
543
32
1185
316
2440
358
278
100
821
61
1222
20940
61
50737
909
2465
330
215
149
14
16543
129
4995
13
4081
133
75
24
11410
57
485
562
27
396
383
54
829
13
1431
159
64
14
6558
23
3192
1221
14
17826
4934
505
237
506
1221
149
2275
13
54
1857
1761
13
4081
47
34
568
27
909
2465
1481
47
24
28731
4571
1019
8081
13
9968
24
2573
185
14
4156
12645
5
2645
1687
4518
61
2317
31404
27
396
330
215
14999
18551
76
24
7781
912
9684
515
54
1687
22604
1105
185
24
80
5538
2536
57
485
10685
1185
707
1857
2002
34
24
28731
4571
3580
13
3761
1185
4186
24
21793
89
50738
27
50739
262
909
2465
99
21260
449
24
1311
5453
57
485
217
9
47
185
272
61
6182
50736
61
5
289
34
6076
2002
34
568
69
394
467
71
119
6558
359
262
1687
20388
628
1019
24
23175
87
602
27
1687
999
1185
316
273
57
24
1857
1099
50740
707
5133
34
122
2534
3396
1107
61
1621
122
375
61
40
61
33786
91
24
2002
628
278
309
61
515
87
45
24
1772
57
24
50741
396
330
54
223
76
24
1019
8081
2290
107
1687
1151
5
36397
34
14
50742
40
183
105
45
22110
76
54
223
23
24
10006
27
1687
50743
1508
9874
3071
2403
34
372
57
703
129
639
1533
449
542
1284
2938
2359
9715
13
8804
24
231
4864
5
1018
50744
909
2465
330
27
331
628
516
1030
13
21248
24
45682
6173
515
707
1382
7606
369
9813
13
496
628
278
100
2931
27
543
32
1185
316
2440
358
278
100
821
61
1222
20940
61
4069
331
909
2465
22294
396
330
215
516
3003
24
6633
943
104
26430
61
5612
262
1687
628
44
278
658
185
34
14
321
360
494
1221
5
100
3539
13
1306
542
1221
40
183
87
45
2236
34938
1222
628
278
13
2391
18
707
2345
705
227
628
1028
4864
13
2002
24
28731
4571
1185
1579
223
27
1003
134
516
1510
7185
39015
2226
632
909
2465
598
334
4144
23
24
463
464
23
502
215
330
308
129
1545
13
107
448
2831
444
477
5
359
515
14275
568
149
1687
1465
612
11374
709
849
3083
644
1185
2969
13
50745
27
396
330
262
1687
119
1217
87
515
24
414
594
15706
5825
61
91
420
61
23
24
2046
5342
57
272
87
14
2101
61
4518
7316
1411
122
50746
246
396
2325
133
58
361
417
14
989
10015
34
20103
3761
246
47363
5
22563
369
331
27627
76
54
20103
11665
331
246
909
2465
99
21260
449
24
5453
57
485
217
9
47
185
272
246
2742
6182
50736
5
289
34
6076
2002
34
568


