1478
1218
41
118
53791
0
3099
197
59
4
4803
2884
39
901
0
1198
1661
3444
1
21
30
61
27042
5
257
585
2
2455
15482
3830
19
11680
1035
313
7
440
316
82
320
1
5
10930
50
100
130
30
592
373
3
1949
2
89
39
317
0
14481
2220
7
6669
1
1218
30
1200
755
17
0
4231
172
1501
1
4
46
1347
3
677
0
585
90
0
267
6
0
236
2
1478
1218
1904
901
0
1198
1661
3444
7
6669
12
302
1218
30
27042
2455
15482
18
257
585
6
1280
1035
3177
53
15482
137
7
440
1
3127
51
1218
1892
515
6
2454
174
9
2430
4803
2884
4
4190
0
2918
28
53792
3408
15
4730
9
83
13
98
834
860
515
6
2454
174
9
2430
4803
2884
1
4
34633
54
67
1035
313
171
177
59
154
0
1700
8
4320
11
0
200
71
2
1218
18
87
1035
313
224
7
79
19
3625
1035
7
3719
238
20
0
4421
1661
3444
1
4
21
1182
0
1098
236
17
146
8475
2
5521
58
1405
7
954
1
64
7
746
1
105
7
468
4
411
1
146
7
190
1
54
7
151
4
53793
86
416
48
236
2
318
313
7
1304
10
61
19
1455
7
8469
1
4
100
700
30
732
3
313
0
4320
39
8618
14
10930
2
1218
413
19
87
3719
238
1035
20
0
4421
1661
3444
7
1098
26
1478
1218
1017
4803
2884
3
313
0
1198
1661
3444
26
1218
6265
667
28
454
3
1911
7
6669
26
5893
27042
2455
15482
18
10930
6
1280
1035
3177
26
1218
413
19
87
1661
3444
7
2225
7
1098


