65
669
145
9
6
9
64
30
40
572
17
1640
1577
6
1283
39
2703
3
248
5
707
573
17
54
6
27
2791
263
18
1154
280
2
11410
11196
1
2537
1
30
2794
5
41
578
3826
3
0
231
1577
6
3195
1283
39
36
490
3
248
345
17
5
3856
9
83
567
2
96
61
482
0
567
1
761
540
30
41
40
310
114
6
0
2069
6
0
1871
1
6481
3920
50
1182
49
973
3
27
1348
2
55904
16
11410
11196
1
2537
1
490
14
8
457
14990
55
6
742
8
45
2794
5
41
578
3826
127
0
231
635
6
3195
1283
14
36
902
15
493
69
0
276
467
56
5
693
20
55905
3381
714
7
27226
1
2310
364
14
0
567
10
1045
103
0
1841
799
14
11196
34
482
59
2
15
2563
4708
607
14
0
567
78
106
21
34
845
34
345
17
11196
4
44
34
8119
1841
947
2
96
10
192
2164
31
811
4
490
14
44
34
345
12
5
245
6
2646
45
0
5087
245
6
707
9967
30
41
40
310
2
11196
22
36
34
649
0
567
64
187
90
44
492
9437
1
4
21
34
78
27
63
0
1210
14845
21
219
162
39
8
21
342
19
145
20
5
247
512
8
2
8
249
24
592
20
59
1
21
107
41
1236
109
5
3856
9
83
558
21
4385
109
5
2316
130
1
8
36
22
2
378
54
547
390
7
0
2172
573
1
21
10
1054
20
27
260
4
44
8
43
9140
4
14
36
10
4895
59
77
19
2562
8
2
22275
16
96
34
649
0
567
1
38
10
280
17
27
2791
263
1
64
187
90
44
309
248
5
707
573
4
21
78
27
129
21
2217
56
21
342
19
3013
20
5
247
512
8
7096
14990
55
6
742
1
8
22427
689
607
1
9199
0
3200
1960
2
135
87
34
345
7
5
195
7
0
2807
396
6
5
27226
9
329
1247
12
359
834
2
15
2563
4708
607
14
36
3164
0
3153
20
0
567
11
317
0
55906
3
0
208
755
1
324
14
21
10
0
54
3
2135
44
124
5
646
471
150
92
10
300
0
1350
14
27
263
76
1097
7
12
88
56
44
43
20
0
260
2
15
567
10
280
17
11196
8
2791
263
45
0
512
4
345
6
27
108
284
33
4142
2
11196
4
0
567
3518
5
471
20
0
487
35480
646
12
359
835
1
64
230
39
42
29231
2
8
96
22
44
492
373
1
4
36
1691
3603
14
36
10
41
1987
6
1
8
0
106
365
1585
1
301
3
0
22427
689
2
55907
16
15
87
71
11196
4
0
567
34
345
10
7
5
5457
195
4
0
200
71
10
7
48
35480
646
339
42
5212
6
27226
1
2310
8
96
22
36
469
3
20789
45
14
54
551
531
3
216
2
8
11196
98
902
231
1577
6
3195
1283
4
762
6
5
284
1
54
766
6
284
55908
4
54
766
6
27159
21716
2793
3
5
2111
2
15
3195
1283
635
33
31
416
0
148
645
1
23
0
7390
2494
11
277
3610
4472
5
259
70
582
905
1
1891
14
36
76
225
1205
82
374
2511
112
36
13
115
578
2
96
30
40
6266
31
5
2841
1540
4
532
7
186
12
470
7
22427
3
2667
27
41
578
3826
2
11196
10
4263
31
27
1564
4
5
130
14
58
118
2917
430
23
5
117
848
2
387
3441
78
0
22427
689
14
36
8
30
0
412
337
6
27
117
8
2
26
11410
11196
30
40
572
17
231
1577
6
3195
1283
39
2703
3
5
707
2356
17
5
3856
9
83
567
26
96
2794
5
41
578
3826
11
80
6
0
635
158
609
36
22
14
8
457
14990
55
6
742
8
26
8
249
24
592
20
59
1
21
107
41
1236
109
5
3856
9
83
1
8
36
78
106
26
19899
20
19
1269
164
881
0
493
39
216
693
364
14
0
567
10
1045
1841
3920
36
482


