258
1421
4495
261
262
24691
264
61
2195
1372
1268
268
269
262
49855
264
61
2195
1372
1268
251
627
129
10087
28240
58
361
19775
64
14
2889
99
22100
54
986
15727
13
1510
14
2211
11905
5
5285
27
305
54
17108
1290
35
506
61
2972
49856
61
2010
61
2
49857
61
277
61
2196
144
49858
49859
27
396
516
2673
20896
496
215
24863
61
2706
133
2575
2204
61
5
935
11351
64
822
64
215
44
13
23355
445
14552
27
396
516
663
1790
49860
23
334
1761
13
15271
54
2536
2
485
5
486
27
49861
47
262
2972
625
2196
49858
1507
3583
61
174
61
40
1094
215
99
14
190
9747
58
9535
28240
396
330
262
331
628
1153
13
1018
2210
628
44
13
1790
1449
5
8838
6906
2467
82
144
45
13
1406
27
628
149
19073
13
24
2141
5
1222
628
149
244
2189
1290
628
516
5547
707
11351
27
16772
628
516
738
218
24
257
76
144
14
49862
5
15134
3268
27
331
628
149
14906
76
1290
5
2706
707
1449
27
628
516
1406
24
1271
1022
4270
64
707
1816
1999
16057
19072
1508
1475
27
331
2972
4042
834
54
28240
2859
58
215
149
19775
104
276
5
215
331
1850
1449
64
24
503
1017
515
628
44
1123
27
331
12821
262
396
149
625
19775
104
276
5
17957
1434
13
1354
405
1123
18
54
562
40
1094
99
24
4372
13
5285
162
1372
558
61
215
1949
14
751
23
14
18671
116
34
308
76
986
12817
58
4047
288
5794
104
834
12863
215
105
1510
5
5873
54
44
503
278
454
13
761
27
119
817
623
158
1292
54
17107
1795
1449
5
1481
158
185
24
437
13
11608
27
396
935
497
1919
23
48909
58
5049
834
14
549
105
10736
122
32325
58
3477
47
24
8162
27
396
3832
1222
215
1545
13
444
14
17615
1816
61
215
516
278
13
1406
1533
9
13
748
54
1816
3870
13
223
133
5
1480
13
1199
4513
5
11281
54
11608
2
11351
27
396
330
262
331
628
2193
1022
105
13
1292
5
628
105
600
10922
24
48909
32325
27
628
2193
1222
628
149
13
444
515
1211
57
1816
935
628
516
2296
13
1406
5
8063
8023
818
628
2859
2050
13
24
2042
27
628
510
183
1166
104
55
5
1163
707
880
47
4033
5
3477
5542
2
486
5
622
2042
10887
27
42870
111
262
2972
1094
5120
24
685
57
14
4518
2128
13
748
158
14
12802
61
12803
1816
4303
14602
262
49863
49864
262
999
49865
262
5638
1185
14
18174
1585
14602
262
49866
262
47300
3121
1416
76
49867
49868
262
49869
262
49870
61
33692
5
17201
33851
262
251
1480
11383
27
396
825
663
1550
14
1265
57
18905
49871
22664
5911
24
257
331
628
149
2931
14
1842
57
11351
1348
628
149
3233
23774
1094
628
639
24
685
57
22489
5
986
8023
13
157
24
1816
15397
5
1503
27
331
2972
37
5244
9
12416
2494
64
758
64
54
4513
19033
5
215
2114
13
221
14
1915
133
57
54
582
4290
91
5000
13
107
14
2211
11905
27
396
5960
361
644
13
442
622
308
444
24
49872
358
1028
218
14
11655
2128
5
21290
11351
27
396
330
262
331
628
1094
442
5
2402
819
13
1004
122
986
15727
64
25492
1434
87
45
24
880
2237
27
331
396
1094
13400
2198
5
330
54
4372
87
331
9498
175
331
9
818
822
818
515
215
99
319
47
9134
34
13409
349
54
37860
61
18905
49871
61
5
54
582
74
87
13
19102
23
4462
16034
27
246
2972
49856
2
49857
61
277
61
2196
144
49858
49859
1348
215
149
1011
246
396
1129
13
5190
54
1449
5
149
331
19073
13
24
2141
331
246
396
105
13
738
13
14
25549
116
34
308
76
986
12817
246
1585
2010
61
215
13400
2198
5
99
319
47
49873
246
396
37
1510
2211
11905
13
442
819
22100
986
12817


