408
369
704
3253
57
3477
24
3581
50033
4345
858
61
107
183
3108
13
8653
24
44890
5753
57
15394
61
1185
331
4919
331
24
908
57
14
3332
27
999
39715
23
3396
5120
834
286
14
2176
12853
718
738
61
58
215
717
14
467
4166
57
158
331
500
331
24
908
57
24
32469
5753
5
1414
4163
13
442
2468
54
858
27
618
14
3291
2158
13
6846
61
3350
1449
25971
52741
3356
9506
52742
2045
34569
7420
104
372
4345
52743
5
510
14
540
57
520
12895
500
405
57
24
1533
186
20379
27
4355
638
215
639
215
516
1510
334
3207
30140
61
58
54
858
76
24
32469
5753
11286
331
40023
183
331
149
4132
13
52744
1490
52745
27
1877
935
18
1469
46584
520
278
9202
47
52746
26200
54
4681
76
24
4632
57
24
186
4346
61
5
183
638
244
1728
646
820
52747
183
3555
52741
3356
9506
52742
61
1823
61
4132
237
544
185
5538
833
23
14
4233
13
26948
7420
57
24
10911
4345
520
14728
4133
3555
1178
21949
185
858
9
3992
1783
52745
3073
4163
4231
54
4681
76
24
908
57
24
1829
61
64
3096
4345
520
3631
13
10861
119
2052
9
2033
330
215
648
183
516
107
23753
13
12895
221
7420
57
24
10911
520
76
186
10305
27
331
119
1617
520
23
502
846
5
707
486
331
40023
183
331
288
334
14729
1805
76
707
486
64
387
64
628
717
542
185
592
61
331
3356
9506
52742
330
27
331
1447
288
308
515
648
610
144
510
103
520
40
2088
594
57
707
486
639
226
27
331
3315
24
3207
105
1465
13
377
449
24
520
5
58
1463
4132
24
520
13
52745
61
4163
2
704
18
24
9947
14616
122
2534
331
2474
331
1575
57
3356
9506
52742
37
520
27
29860
3224
11191
2
24
18783
61
76
24
14933
2979
1829
10640
18
13
4919
54
13005
4681
61
13
24
19196
61
76
3356
9506
52742
9981
89
52748
37
50441
57
11076
61
8780
133
1795
24
32469
5753
27
119
52749
40908
15599
496
14
3331
513
24
3207
87
61
5
834
709
32
37
2176
520
369
5309
27
33036
1829
3555
119
1829
4123
13
278
52750
18
23
24
2157
3943
61
2540
14
7717
76
24
1449
25971
37
4681
4992
133
3555
4360
4126
24
2052
9
2033
61
54
4681
87
1610
23
6849
23
237
467
3555
8353
46569
12772
14
26135
1829
716
54
4681
61
604
1027
449
24
10774
669
4608
174
1778
3555
1613
1487
3555
52751
24
1829
9757
15287
61
5
1432
54
12249
23
334
52752
172
288
1353
1129
13
331
2468
331
24
467
2134
2637
3555
162
14
32167
9
1030
172
61
45
503
99
3356
9506
52742
6021
18
24
32469
5753
61
40
663
99
183
29963
23
316
3680
3356
9506
52742
87
1089
40
4091
47341
104
24
17753
352
13
54
2176
520
27
331
628
718
2509
377
515
610
278
105
64
822
7420
3477
1508
10132
520
64
610
278
105
24
632
58
52753
24
23753
5355
27
331
2906
57
24
46584
520
369
144
3331
27
331
32469
5753
12464
3356
9506
52742
3555
1134
858
3567
185
511
52754
76
24
1829
31521
500
716
158
32922
646
3555
251
849
12249
87
704
183
1410
13
23433
24
965
4345
3447
816
23
3259
61
52755
24
52756
69
174
71
61
1185
1018
64
594
308
1018
5
1650
3867
13
24
548
3555
1335
1607
45
5408
1533
4942
3680
69
700
71
13
1358
13
24
467
778
3944
45
144
23316
24
17233
4942
4681
704
18
24
32469
5753
778
69
1958
2241
183
2540
6849
3555
71
6982
1058
3555
1031
1001
3555
3627
503
1308
215
4919
24
908
61
215
1308
183
1587
23
237
467
251
30685
99
3748
24
4632
57
24
1829
13
52757
438
24
25971
37
2769
818
215
718
4919
24
4632
3944
45
4377
24
4942
620
704
609
61
5
144
52758
183
185
908
778
21571
456
3555
69
174
71
1335
1607
45
10292
24
1617
544
778
69
700
71
419
21914
3555
119
1617
3447
99
100
9981
185
14
13549
7810
185
14
12779
1843
52749
9558
2
24
3207
1046
158
52759
3239
14
10886
33163
119
3207
10283
156
3555
3356
9506
52742
69
64
8259
71
8780
133
34
24
32469
5753
69
64
111
71
23
42791
37
186
9398
61
119
50441
57
11076
52760
3555
3356
9506
52742
11590
14
52761
52762
91
14
12664
76
13643
8466
57
24
32469
5753
246
14575
25971
3356
9506
52742
1545
13
26948
7420
104
4345
35496
520
246
999
57
54
4681
500
24
32469
5753
285
4133
185
52745
246
6899
1469
30154
278
46584
158
716
24
14933
2979
1829
4632
246
5311
5347
946
33247
57
158
23
3096
1356
23753
16128


