1178
6989
490
450
1074
99
2043
159
23
2959
58
361
3218
13
316
494
5672
58
16796
2707
2947
17013
23
28710
27
22961
9
2033
57043
57044
4137
24
7627
10943
943
185
3354
5
3252
3253
13
24
3258
484
3360
2725
449
24
2510
57
815
27
19002
25725
57045
2104
159
24
316
9
506
5672
6578
502
87
13
107
1085
58
166
454
586
515
24
18249
2726
149
737
5
28048
27
22961
9
2033
57043
57044
99
100
3218
13
15
494
3254
58
16796
2707
2947
17013
23
28710
119
3258
1850
22961
9
2033
61
57043
57044
24007
24
4810
4813
133
57
2947
57046
18
2431
454
27
1882
13
24
19002
61
57044
2057
14
331
5780
57
57047
331
167
7568
3253
5
53
2634
57
24
1217
515
926
105
198
14
402
880
13
444
13
223
27
579
99
45
1521
26304
24
3245
5
87
185
24
3030
57
7605
58
2074
704
57
24
7719
7346
185
8840
2062
61
3898
5
11556
14768
27
331
9971
723
369
14
103
1785
57
851
2211
6965
5
278
1949
3225
515
420
27251
851
6919
61
331
119
11613
1341
19002
57045
330
27
57044
149
4872
91
490
450
23
1972
13
442
76
24
1581
6161
58
24
4813
37
10643
45875
1156
149
1459
515
174
15121
8860
76
853
1185
709
3896
27
119
50981
893
3252
3253
13
24
1517
5
87
373
13
3864
24
2947
57046
64
926
99
1949
183
704
119
2959
149
750
515
24
50981
893
1099
278
100
776
2
22079
2
223
9707
119
2959
149
750
515
24
50981
893
1099
278
100
776
2
22079
2
24
2243
223
9707
27
19002
57045
750
24
2959
515
57044
105
14
11965
2133
76
334
11282
30233
129
926
430
104
24
1029
57
175
276
5
1094
1436
525
2255
27
4360
525
9171
5
14
22987
14708
2
525
582
21567
61
24
19002
330
926
105
55796
3225
515
926
105
709
700
13
27
57044
331
3509
61
2006
2553
330
926
87
38448
449
525
7280
5
99
11640
24
6553
515
926
1688
13
21248
24
1517
27
119
8193
5
40135
7613
840
13
1153
57044
64
334
5127
13
622
1857
13355
27
331
187
87
3769
3117
515
1857
3225
149
23647
2
622
5572
450
412
502
2831
826
704
43136
61
331
10823
3608
57048
30106
330
27
331
816
1857
5918
8860
25381
24
8058
61
358
718
5928
13
107
433
5
11372
27
331
246
4810
1074
3218
13
15
494
3254
58
16796
2947
36724
23
28710
246
57043
57044
3252
3253
13
24
3258
515
640
18
2431
454
246
119
22961
9
2033
99
45
1521
26304
24
3245
5
87
438
7605
246
19002
25725
57049
330
57044
105
14
821
11965
2133


