251
4662
111
1914
14
31229
185
4669
11736
149
301
31049
91
54
635
7967
1348
215
1805
14
8590
5
16613
24
15852
61
1775
54
715
982
5
54
1093
5
54
688
37
695
500
61
17960
330
27
17259
12360
61
12414
61
57
1747
6196
61
301
978
13
23591
1348
215
389
24
3031
8590
40
1805
24
918
3182
61
4948
330
27
119
1757
515
640
104
1145
4884
1835
2272
1745
54
715
61
31230
12360
61
5785
27
742
1093
61
8182
12360
61
2010
61
5
54
688
37
695
61
15192
26070
8693
61
905
61
57
21724
61
4662
61
369
500
23
24
1229
27
13705
262
119
31231
2421
37
1093
61
8182
12360
69
174
71
61
2010
61
5
54
688
37
695
61
15192
26070
8693
69
700
71
61
905
61
57
21724
61
4662
61
369
500
23
24
1229
779
4543
262
31230
12360
69
174
71
61
5785
61
149
1745
1348
525
583
61
17259
69
700
71
61
1668
24
31232
215
149
1914
19782
262
119
31229
61
502
149
6534
145
7967
61
2268
89
14
8590
5
16613
18
35
2272
27377
3793
14
19447
11131
76
14
548
13
1713
34
24
500
2282
4386
23
24
31233
9
1005
1229
438
31234
31235
13802
27
842
358
1663
89
11821
3071
5
105
13
1724
445
24
6828
61
1489
13
656
31236
61
8567
34
24
26269
31237
3052
31238
5990
515
31239
4669
11736
27
579
330
24
4662
12973
22199
99
100
1414
13
1415
23
1240
2
24
1282
4669
932
351
61
5
24
1713
87
1622
13
5183
1750
27
1486
57
24
308
1260
24
31229
61
502
149
6534
145
7967
61
288
485
273
2
7485
4662
61
17960
330
27
4885
185
24
8590
149
2352
27
187
37
45
18298
34
31240
13
14171
133
1920
23
24
296
655
24
2715
57
4669
11736
369
9395
61
330
16898
2916
2963
37
8024
27
5692
31241
27
9057
262
24091
369
373
537
34
1420
12360
129
149
1717
2
14
4631
515
1668
23
31234
31235
13802
61
324
119
5510
111
9
53
8267
61
31242
91
31243
11234
5
22353
2302
27565
61
87
14
965
13324
34
8590
31244
27
23838
330
24
1060
149
1794
13
31245
2306
3401
26972
64
24
2704
1969
2685
2262
23
24
1146
3401
1348
24
1719
640
27
27377
105
13
1714
405
5284
2
24
1229
61
31236
330
27
993
57
24
190
272
1260
288
536
562
17629
61
948
330
27
17259
12360
5
54
7652
9
2033
10166
288
27433
13
14
320
23
31246
61
31247
61
655
14
188
1066
149
319
13
24
320
91
332
27
119
31248
331
485
5
486
23
24
2321
57
1747
6196
288
174
1959
2
24
2108
57
24
755
27
9525
4321
262
779
486
377
8182
12360
69
420
174
71
1733
13
107
1420
3699
5
14
5538
2230
1348
926
2494
47
5985
24
14444
262
8182
12360
2494
47
23
24
31249
5249
61
5
525
571
10452
64
14
125
31250
34
24
20602
7314
8160
482
331
187
37
100
2928
1131
13
1550
61
331
2967
13984
31251
750
24
924
4687
27
331
143
628
639
646
37
14
1842
57
308
515
369
2236
144
5557
5
23
1025
18
24
1016
1017
27
31230
87
14
31252
5
516
1018
1407
34
2295
104
10091
27
331
17259
12360
10452
64
24
31250
57
24
12647
7314
8160
5249
37
31253
22442
12211
23
1747
6196
27
3689
377
24
1016
485
369
7166
31240
5
31254
185
4669
11736
1502
27
808
31251
61
129
1910
438
24
31248
34
1011
494
61
330
64
14
635
730
61
8182
1545
13
107
14
715
5
1420
3699
1348
926
2494
47
27
926
663
1733
13
1510
14
5538
2230
27
331
4816
14
2508
635
893
61
331
31251
330
27
331
143
496
14
755
13
850
237
2191
27
331
8693
37
486
330
926
149
997
16563
5
1689
722
7420
27
7871
57
24
2222
262
15192
26070
8693
69
700
71
149
958
91
372
129
2193
525
64
334
16563
5
7420
9
2628
635
893
23627
423
6504
262
15192
37
31255
330
24
10998
9
2033
1689
2074
227
185
4669
11736
5
105
100
537
2237
13
525
10747
76
24
31248
34
454
331
579
825
107
818
1996
652
1348
926
31256
24
1547
61
183
11590
1751
61
331
330
29804
31257
10253
27
331
187
11590
11536
27
143
610
603
525
27
331
7948
31258
6107
330
15192
105
100
31259
2237
13
24
4669
11736
2158
34
3133
5
454
27
579
3629
1778
14
468
2179
27
119
1719
640
23
14
13911
14
540
57
5905
12247
6279
23
4669
11736
27
1707
1014
24
2421
1099
278
132
868
2
575
215
149
1794
58
14
318
4534
2
24
918
13
24
33
57
24
4631
61
4687
330
27
5692
31241
61
2
16898
2916
2917
37
3789
61
330
515
64
1463
12908
331
5992
331
24
2421
132
47
13
850
14
8590
23
122
12778
27
397
215
978
13
23591
61
12360
31260
24
8590
76
1487
765
13
3337
54
2213
7967
31261
27
1707
383
24
190
272
185
4767
105
100
536
562
17629
27
31262
262
4669
11736
61
575
24
31232
6534
145
308
16613
18
61
87
14
965
13324
34
13895
15558
251
10200
77
657
34
24
500
2282
641
741
5977
35
2356
27
119
1713
825
5183
8262
27
27
119
1229
23
4669
11736
87
449
7366
896
1005
104
24
1719
1783
61
1489
13
2095
463
1840
27
5991
5971
1099
278
13
1153
22526
1240
13
532
24
2282
27
331
1134
227
57
506
61
24
8267
718
444
435
5
1508
5350
57
18786
61
1347
3400
358
2354
45
1296
61
358
1018
278
14
2508
3027
34
2298
133
646
61
331
808
31241
330
27
246
364
500
2282
1324
64
2976
9
2033
8182
12360
5
10998
9
2033
15192
26070
8693
246
12360
37
2314
9
2033
2255
1077
23
4631
9479
23
4669
11736
246
31263
1129
13
1812
13
532
500
7967
58
1719
104
8267


