119
166
38247
1674
1727
769
23
14
1719
23
24
38248
6729
237
632
288
901
34
24
55
227
902
64
1737
6628
8719
15148
902
590
591
13
24
1830
27
808
15148
330
1659
1660
38249
23235
105
100
1745
61
5
1906
6381
29291
9152
5
1659
1660
11076
11587
288
373
500
9585
982
27
331
1003
2030
9
5
61
628
1835
4149
61
372
57
24
6922
1385
9
369
76
122
1689
5303
104
237
1098
227
61
5
76
24
5887
416
57
24
38250
2933
23
24
315
61
129
87
370
23
14
4238
40
2317
4382
23
320
61
331
215
750
3846
27
119
2390
9865
9
90
1719
445
24
7328
9
528
5945
57
6785
1411
24
316
1894
38251
1099
278
100
1515
91
16842
61
183
149
3138
505
237
632
27
1659
1660
38249
23235
61
174
61
149
1745
23
24
1894
38252
1719
655
1906
6381
29291
9152
61
700
61
87
500
9585
982
1659
1660
11076
11587
87
663
500
9585
982
58
24
1894
38247
1719
23
24
38248
6729
7328
9
528
5945
57
6785
23
331
12884
16842
331
119
316
1884
1221
621
6534
14
1666
5
38253
1221
288
45
1048
609
40
9837
8588
104
175
1890
23
1021
5097
27
119
1830
516
45
278
4598
621
622
185
122
3456
652
183
3669
24
1675
5
45
24
453
20371
27
1134
6101
24
5815
358
4140
11011
89
621
622
23
16842
12884
1487
13
14757
24
1714
4046
27
7941
262
251
485
6020
664
104
38254
38226
256
24
5182
515
316
38255
369
9585
982
5
32
383
982
256
24
9479
1411
5017
1884
999
1804
57
7781
825
107
1720
5131
1727
1414
1675
3456
8226
1222
622
1148
288
1317
27
1843
87
25817
27
21663
57
1203
9896
104
1894
38254
377
122
1689
5303
288
21079
5
25775
652
57
38256
27
1894
4190
377
1508
1400
369
331
286
5
11533
331
27
1847
6460
825
663
2679
24
18255
57
15720
10834
61
14
12758
12230
5
3078
17159
27
5953
262
251
416
57
24
1714
77
185
14
34381
76
405
57
24
1669
7661
58
183
149
17541
18638
262
251
5982
34381
524
3465
57
14
1668
38247
33
13
5984
58
316
57
24
1148
8588
23
9865
9
90
18
7328
9
7074
6785
143
3103
12470
2
24
22227
8847
3909
825
2391
104
24
824
4748
57
24
38257
104
24
3848
57
24
1884
27
119
28635
939
89
24
38248
6729
449
666
2313
527
57
38258
185
207
58
24631
14
4972
17840
8731
185
14
1736
57
1737
3014
4623
27
364
57
24
1413
38257
288
17638
2
24
1229
5
27433
13
320
27
187
87
1722
358
105
978
13
1808
2
122
16881
38252
484
183
1805
24
1229
27
999
149
981
982
40
24
622
87
23
11033
4014
104
6587
1741
21625
27
119
1713
34
24
316
500
38257
149
17599
35
2356
91
24
21269
5
5938
15667
61
2214
1193
840
57
768
542
2257
27
4429
262
5401
7661
2
32
57
24
1668
1884
87
658
2
24
34381
58
183
2084
33
23
38259
61
14
2321
1015
13
575
24
315
640
27
364
38257
288
8401
5
316
369
373
500
38260
262
26482
57
12931
2854
218
24
7661
6247
1671
11384
262
999
57
24
5982
5895
502
13843
76
1671
37
1713
5
1714
4851
1963
1964
4415
6131
61
24
38254
924
8842
61
330
24
798
383
982
149
2
2431
69
13656
71
1906
61
502
15907
1830
5
8044
1124
31505
13
1681
24
1389
22567
38251
27
331
364
5185
9896
5449
13437
34
27
408
1393
107
16131
61
331
215
359
27
331
10967
24
675
57
227
515
99
38000
647
24
1757
61
646
87
709
21589
57
59
500
9896
2257
27
331
187
87
752
515
610
3109
24
12472
57
496
640
5
183
87
15706
515
24
643
87
3748
13
1550
1579
2510
27
331
842
24
10779
1094
87
13
5448
515
24
775
57
372
2933
1522
24
2002
358
2296
104
237
594
1098
57
607
27
331
1847
262
119
316
1894
1884
1668
23
24
38248
6729
445
24
10021
5945
27
187
87
1722
358
288
185
14
1986
11351
5
24
1719
640
23
12884
16842
27
187
87
45
1969
1222
14
11821
9992
87
4723
378
23
24
1385
57
9809
61
1543
5199
590
591
13
24
38257
27
119
3463
5856
330
24
315
149
14
8690
57
24
13922
1203
9896
510
23
1986
64
758
64
185
5909
27
331
187
37
1610
14
821
4238
315
61
331
215
359
27
2226
2356
14
4635
57
14
38261
104
38254
330
262
331
119
106
515
1508
1263
369
2298
87
652
10792
87
38262
61
24
9644
369
21079
27
331
119
1884
369
401
2033
27
691
718
709
849
5610
542
8023
27
331
187
37
722
14
2529
5453
830
185
451
831
652
1348
358
728
1048
61
358
728
38263
27
331
1447
37
818
822
2050
2535
23
122
6256
1348
358
728
1048
1094
515
183
37
821
61
821
1098
13
16760
185
1048
27
2355
2236
175
23
24
1894
87
45
586
13
24
8058
61
2344
408
847
244
1018
515
2346
27
331
119
1400
288
37177
11640
91
1203
4190
27
8806
262
119
1047
8401
288
1893
104
1894
38254
61
324
61
5
278
100
319
13
320
23
38264
251
1736
57
1737
1609
330
262
331
251
1751
643
89
237
315
825
658
133
91
24
22227
8847
3909
61
502
825
107
334
3103
643
537
104
704
24
18255
57
496
2290
278
640
27
331
18638
2
24
1884
99
100
1142
5
24
38265
369
5562
13
107
17541
237
4581
27
119
38251
288
1722
13
107
185
14
2330
9
1048
11351
104
24
227
57
24
1757
27
22227
4190
330
515
24
316
28635
105
8588
123
24
11351
40
6460
825
663
2391
104
1720
5131
1669
4508
14
11821
20115
1185
303
4329
89
24
1252
27
119
1217
515
316
22488
105
100
4818
76
38266
5
38267
8962
358
105
1789
13
7988
133
57
24
17050
1148
484
183
4430
24
1229
27
9149
5856
6889
18651
330
262
331
1134
87
1610
14
821
4238
315
5
707
2030
369
76
24
1689
5303
57
372
5310
27
331
628
2294
1714
412
278
456
704
358
718
13
442
76
24
4918
5
5605
707
8815
13
704
372
2933
27
119
10021
8058
3362
2472
13
5605
1193
9683
410
61
5
610
825
221
14
321
376
625
1533
952
369
383
27
331
38248
3817
13772
10253
61
24
26307
912
155
1609
61
330
262
331
1003
55
2030
369
76
24
1727
61
122
775
5
1960
27
9939
23
38248
99
14
7717
76
24
1894
5
237
315
825
107
1999
700
1853
24
356
27
331
119
10779
1393
1094
107
34
24
2002
57
24
5310
775
5
34
24
4948
13
3911
24
1755
57
237
315
5
5448
24
712
451
57
1048
5909
5
9896
27
331
1894
38254
87
82
13
36222
1906
9
370
3269
23
1904
9
2213
69
29008
71
1906
5
2431
69
13656
71
1906
61
502
15907
47
13
2424
38247
1830
5
1727
27
119
38247
38268
87
14
316
9
7208
239
1148
502
87
10194
57
6261
14
1265
57
22710
5
22707
61
349
38269
61
38270
5
32861
6614
61
99
14
15390
13713
57
6471
896
5
14
908
1890
57
1891
22937
27
119
38247
99
100
23
333
76
24
1894
647
1878
5
24
17553
38271
369
17368
57
14
3760
57
5823
76
919
57
4615
1048
824
27
187
55
1850
9216
23
5810
123
24
6585
20246
3623
5
99
647
100
14279
23
14281
23
13444
61
24
535
6538
57
5810
61
1904
647
427
61
5
35
506
9204
24
709
9
1681
5314
18
4853
27
38247
1148
278
100
2933
23
1263
23
6785
23
3291
494
27
162
5657
35
506
316
1894
1727
288
8401
58
122
38247
38268
1674
650
159
23
24
1252
445
24
7784
5945
57
6785
27
119
1727
61
2
1894
38254
61
1721
2
24
1669
484
183
1010
23
24
2715
104
29553
38272
61
438
38273
61
38274
11564
27
162
1078
427
334
1894
1666
5
38253
288
1745
1348
122
38247
1674
1668
89
14
38275
23
38276
27
1659
1660
17833
15036
61
2154
61
5
1659
1660
5078
17877
61
5783
61
1077
23
24
1719
438
24
1696
57
38277
27
119
1148
149
14
1894
38278
9
1893
38247
38279
185
14
8487
1941
27
38280
262
119
316
9
17535
38247
38268
87
14
38281
5
2612
9
2884
239
1148
10194
57
38282
5933
119
316
9
17535
38247
38268
87
14
38281
5
2612
9
2884
239
1148
10194
57
38282
5933
27
187
99
100
8459
23
4606
57
38283
123
1203
5909
647
9270
61
349
5810
61
14281
61
1904
61
5
594
970
61
4853
27
1894
38254
23
7328
6785
87
82
13
166
57
24
190
38271
1893
23
24
1428
9
2213
69
29008
71
1906
61
36222
1906
5
2431
69
13656
71
1906
27
119
622
166
61
2779
69
29008
71
1906
61
4504
1906
61
5
15
69
8090
1570
9
4046
71
1906
369
1893
104
1894
38284
23
20219
27
1882
13
24
1894
1490
262
331
119
38247
38268
87
14
6073
23434
61
316
9
7208
61
257
1185
2356
61
704
9
5097
239
1148
61
10194
57
6261
14
6279
1265
57
6300
27
331
2847
316
38285
38286
38287
38288
1887
621
1493
38289
57
1889
27
187
87
38290
896
69
38291
2979
71
402
61
99
14
23090
57
38292
896
69
38293
2979
71
5
99
14
15390
13713
57
6471
896
69
2431
20038
2979
71
27
38247
38294
369
10194
57
1048
104
1891
22937
61
502
87
1145
38295
2288
27
331
119
1148
718
1681
8997
104
2330
1191
2590
38296
1947
38297
69
38298
71
1348
103
5097
20356
16146
1941
27
119
1148
87
663
11131
76
16481
8958
38299
69
38300
71
5
87
7263
17521
38301
69
38302
71
38303
61
331
24
1894
1490
330
27
119
38268
1500
524
47
13
360
38270
28886
18148
6300
1185
316
32861
6614
6285
22707
27
187
87
663
11131
76
24
32861
6614
6286
5
316
1641
57
24
38269
6286
61
5
718
107
20218
13
1645
622
1356
6300
61
12460
27985
5
38304
27985
27
993
38268
1148
718
1645
24
1677
11774
14211
9
32241
38305
69
38306
71
61
502
3861
185
13
24
32243
19602
57
27125
3456
1124
5
718
107
1129
23
24
38307
57
38308
1677
38309
69
38310
71
511
27
187
87
663
11131
76
334
26961
2154
8080
38311
25334
10194
57
3014
23944
15163
1299
67
27
246
119
1884
61
1893
104
1894
38254
61
8588
9865
9
90
445
24
7328
9
528
5945
57
6785
1671
246
364
38257
288
17638
2
24
1252
5
319
13
320
246
999
99
1094
1077
5
316
622
38257
373
500
369
5873
982
246
119
9896
288
391
13
107
185
14
2330
9
1048
1986
11351
246
9057
149
289
445
104
38312
35
2356
343
13
1021
5097
5
12884
16842
246
12512
1400
1830
369
331
38263
331
5
1048
2033
1240
343
13
15883


