65
3956
145
9
6
9
178
30
40
5454
7
27
643
4
13
1931
2659
11
41
14050
27
284
2
1354
0
796
1776
77
4802
4
22638
1
22639
3246
1
6
7076
2097
283
1
4
27
315
1
975
1
116
25
270
14
54
6
27
1242
30
41
40
6386
2
96
22
14
146
6
27
178
126
1
808
64
3
697
82
83
1
34
40
6386
4
105
6
88
556
1641
6171
2
57
18
41
536
50
5628
3246
18
126
4929
3
9
609
0
1801
6
11263
6618
12982
5
19434
6
3241
14051
2
1772
1064
9
8084
12070
547
5
3153
20
0
36160
8902
303
9
50
36161
11
4802
1
17164
4
17165
2
1354
0
796
1776
77
4802
4
22638
1
22639
3246
1
6
7076
2097
283
1
4
27
315
1
975
1
116
25
270
14
54
6
27
1242
30
41
40
6386
3246
22
14
146
6
27
178
126
1
808
64
3
697
82
83
1
34
40
6386
4
105
6
88
556
1641
6171
527
117
309
23
5
6386
117
4
25
10
385
3246
4
27
315
43
8
128
2187
7
8
1
301
3
17166
2
89
3246
22
36
408
2781
1486
7
0
433
6
27
126
4
327
54
284
30
556
11264
4315
2
1475
1191
75
14
54
6
27
126
13
41
6386
1
108
869
29
1141
8903
88
3
17167
4
326
3957
2
3246
4
27
315
9
455
17
108
869
7
0
643
14
29
41
6386
42
126
9
29
61
214
37
15467
6
478
5065
2
8
24
858
34
75
812
121
14
24
171
32
364
3
4687
17168
4232
11
41
14050
95
126
4
11
41
317
462
6
88
1
8
3246
78
17166
2
507
491
3958
1561
55
3
3246
11
1183
1
45
36
107
41
505
5
827
2215
1183
2
3246
4
27
315
9
455
17
108
869
7
0
643
14
29
41
6386
42
126
9
29
214
37
15467
6
478
5065
2
1188
158
1930
3
448
4687
17168
4232
3956
781
6
4687
4
1769
4232
78
17166
1
967
1
14
14050
13
41
1894
31
537
4
14
8
48
1054
58
41
1118
0
12071
11
5
284
762
62
6172
493
8
2
3246
176
14
112
27
1242
33
2360
1
36
1351
74
158
154
88
3
2022
2
191
98
1
114
108
869
1351
74
207
49
15468
17
27
126
1
3246
18
1242
8
118
326
17
277
108
2
96
2033
14
27
117
30
617
0
774
4
14
0
14051
1107
84
74
147
17
27
1242
8
5316
11265
2
96
931
27
1242
9
4
815
1162
18
9
3
32
8
1660
1
989
4
41
495
17
261
7370
8
2
15
2192
6
125
296
3636
3
15469
42
126
496
23
0
1715
9
19435
6
0
4802
17169
0
250
1520
2
3442
349
27561
33
17170
5628
9
1785
2190
23
2957
6
75
29
2429
1312
28
5
4802
3784
14
309
20
8904
7
405
4
1956
2026
0
4473
1247
2
1398
75
38
84
74
15469
42
126
161
44
1681
5
8902
5628
11
4802
1
17164
4
17165
13
1497
11
2968
1000
6
5455
9
5
4316
1687
36162
31
1713
2741
2
6847
20
80
851
14052
6
0
422
6
665
46
32
1894
3
32
12987
11
12072
4
6386
11
4802
1
17164
1
17165
4
108
7370
182
5
111
433
951
207
3
154
1593
7
6387
1
0
1596
22
12
437
2
22640
6
0
1173
586
1
50
1110
2026
0
36163
4317
1989
369
1894
6
80
36164
17171
613
1
496
2520
4802
27562
14
29
2742
67
85
639
75
7
665
4
77
5
3350
67
7
835
108
321
1585
4
1934
150
405
2
17172
4
1864
4
433
694
20
0
796
1
349
4
487
1080
29
115
784
2264
12988
3
0
1715
9
19435
6
5
1505
5788
1324
14
34
40
2658
12073
23
5
4930
9398
17173
2219
7
2649
1
39
1612
6
36165
1916
2
238
6
155
1934
18
1404
270
164
19436
1
1885
27563
1
46
454
22641
19437
613
28
1108
2962
44
29
5
12074
349
22642
1
0
251
6
0
164
1103
22
12
437
2
15
612
22643
9
49
30
10531
22644
7
665
1
5629
4
1134
349
3
2428
2294
3
143
25
4902
11
296
5066
3
8443
55
6
14050
164
9
808
126
2
17174
7
418
108
1585
1
173
155
331
1
17175
4
336
3112
1
58
36166
5067
2
321
14053
1325
4
418
686
2699
3154
22645
5198
0
1092
48
149
1
2827
5
8085
1776
77
296
8
122
3
36167
22646
6
42
126
4
1993
63
1168
243
1830
2
3442
349
27561
33
17170
5628
9
1785
2190
23
2957
6
75
29
2429
1312
28
5
4802
3784
14
309
20
8904
7
405
4
1956
2026
0
4473
1247
53
1630
783
51
15
1885
27563
2660
7112
296
48
149
14
156
613
38
1521
49
9
3
9
1277
14051
62
27564
27565
349
19438
11
701
62
2629
2329
46
32
9929
28
1108
1536
12
15470
834
1
1103
519
2160
36168
22
2
15
2660
30
41
1571
129
169
6
97
14054
613
33
19437
62
369
19439
1
21
22
2
15
2660
684
496
23
155
1934
5967
5
6814
1083
7
5628
19440
120
0
424
64
82
1
49
834
1757
28
190
3
526
3
36169
126
2
660
1430
781
479
7093
27566
22
19438
3932
499
85
54
1757
6
164
9
808
126
19441
1
609
0
1917
30
7092
1976
77
0
3366
2
1217
54
4802
276
30
40
729
7
155
1934
48
2025
1
37
19437
442
38
10
12075
7
405
4
30
150
3443
1
27566
22
2
57
10
0
349
18
87
276
150
190
2
15
9930
6
0
284
18
3577
13
4142
1
21
22
1
45
0
276
10
14055
3
0
665
3784
114
97
15471
7
632
484
19442
0
87
8904
3577
2
665
270
433
694
365
17176
75
29
40
1463
17
4802
7
0
349
1
169
1440
3
5317
3
37
2742
447
28
363
0
264
38
1588
8904
7
632
405
2
1553
0
17171
8084
951
1
50
0
1596
22
30
40
7
0
926
11
5
70
1
80
10532
613
33
539
3
32
36170
127
4802
1
17164
1
17165
1
3716
36171
1
36172
1
27567
4
17177
14056
1536
7
2699
2
89
0
951
46
32
10506
12989
1536
7
0
1219
6
6387
2
26
22639
3246
4
27
315
6386
146
6
178
6
42
1242
26
89
105
6
0
7076
2097
283
295
18
126
556
1641
6171
26
238
284
556
11264
4315
39
91
6386
26
1769
2091
5454
4
1242
33
100
879
3578
12
326
3957
26
871
75
1930
3
448
4687
17168
4232
12
0
295
26
3956
18
4687
4
1769
4232
22
14050
13
41
1894
31
537


