258
11793
15606
21697
87
2050
1687
50771
91
16947
1579
16208
354
13
1687
9688
9
20563
9640
15630
6439
362
316
494
27
143
91
24
1029
57
24
754
363
133
57
890
57
24
24147
1611
354
825
278
24
3092
57
5260
47
2
24
19979
13
2468
122
3870
15881
5
4030
122
175
14322
14323
91
47
13
3190
1299
1300
27
187
1506
24
16208
50772
44
387
278
14323
64
2330
64
14
9023
1076
15620
35332
27
1605
9382
262
21697
825
14865
1579
16208
354
13
331
9688
9
23
331
9640
15630
6439
4308
262
119
15630
1156
825
5605
14
6439
5547
57
47
13
666
1299
1300
609
76
14
3190
1299
1300
8938
23
14322
14323
10579
9
47
262
119
354
61
502
370
12045
13
3940
1371
2313
13
24
45022
61
825
107
1533
3870
25458
76
24
9640
13381
119
16208
1536
9
14614
87
45232
24
9677
1094
1629
13
2406
647
24
4204
57
23554
912
2331
9
9640
31033
61
13
221
1347
1579
2511
5
594
16210
10797
1533
26624
5
4305
27
653
825
112
1579
13226
2331
1887
13
334
185
9
4767
9640
10321
502
718
107
2940
2
24
19979
61
40
663
1153
9640
6439
18285
2
33660
27
21697
3187
104
50773
377
515
58
14
1751
2479
61
122
1687
9688
9
20563
5038
825
107
644
13
1876
185
9640
6439
2574
34
47
13
1114
2313
27
187
663
1506
515
354
502
1094
12045
13
3940
1371
2313
13
24
45022
825
738
3096
2313
321
1299
4350
9
47
27
28395
262
21697
1520
1579
582
1389
27613
1546
21708
1576
825
107
331
24
594
28689
5
1590
1546
21708
1576
185
24
4939
331
50774
262
119
38845
9
25458
5285
825
278
24
1271
2231
1625
64
24
5285
183
87
1893
185
61
24
42867
50775
262
119
5285
61
502
4183
14
14305
17519
61
825
107
644
13
198
34
1114
2313
185
3821
2574
21697
87
13
18897
1579
582
9677
104
24
17703
4450
9674
41656
23
12641
185
2414
2590
14
11140
9640
15630
21697
42867
27
21697
1520
183
825
11391
3368
5
15881
2241
19920
16208
27
842
24
55
5159
1536
23
502
9640
6439
825
2457
87
24
3952
912
582
50776
1546
21708
1576
13
107
807
23
4735
27
21697
1520
1579
582
1389
27613
1546
21708
1576
825
107
1687
24
594
28689
5
1590
1546
21708
1576
185
24
11853
5
9579
13
1532
5435
14
506
27
187
825
107
857
91
14
582
1687
44411
21697
61
24
7482
5285
23
24
4623
27
21341
262
21697
1400
24
582
9382
825
11391
3368
5
15881
2241
7609
1577
5
16208
48870
262
119
1271
50776
9677
1129
23
24
2639
9
15630
1540
825
107
13537
5
3879
185
24
1536
251
21697
1609
330
262
1687
119
9688
9
23
15630
1156
825
5605
14
6439
5547
57
47
13
50777
1300
609
76
14
50778
1300
8938
23
14322
14323
61
365
2241
1193
8868
13
24
26902
16208
61
24853
9382
5
3855
9
1330
50779
34
502
21697
99
1510
18119
27
1687
21697
5038
825
663
107
10194
57
1914
104
306
50780
185
9640
6439
2574
61
1924
34
14323
9
2801
1032
1914
76
24
3092
57
10829
3368
185
24
3098
437
27
1687
119
21697
15630
11140
87
1893
185
24
1136
1389
46383
42867
27
119
6646
5285
99
14
46835
50781
42835
2331
1595
4048
502
33045
183
2
557
13
4846
2288
23
144
40936
7404
47
13
14
908
1890
57
23890
2288
27
50782
262
187
825
107
644
13
5498
5933
57
47
13
23890
2288
5
825
5498
4846
2288
23
144
40936
7404
842
185
3870
15881
183
7401
144
14
406
9
28592
50783
2313
13
45022
76
4337
14322
14323
57
50784
1299
49140
27
816
334
9640
15630
4203
6599
24
6470
3190
1299
1300
8938
23
50785
14323
61
237
516
1550
183
159
13
1145
50786
9831
1746
1221
1185
449
24
1271
64
14
9023
33031
50781
1076
15620
1185
334
14292
50787
35332
27
119
1533
26624
50788
1076
15620
7401
50789
9831
1746
27
21697
99
253
4934
1469
582
693
5
1264
21640
57
1389
50790
58
4043
183
825
107
35345
1579
1590
1887
3609
34
24
55
227
23
1579
2079
1221
349
13
6258
1221
2
1462
506
27
21697
61
502
87
398
57
24
2804
29980
1963
61
87
13
1510
14
1687
116
57
50791
34
704
1581
50792
50793
1595
5159
502
825
107
1201
34
1153
23
622
354
23
24
45031
50794
1221
349
50795
5
50796
9
2
24
1029
57
1462
506
27
21697
50797
8844
23
50773
87
82
13
704
57
1579
5909
349
9382
61
1319
5
5342
61
2001
5
5159
57
24
1565
912
166
5285
6278
61
33304
61
1908
50798
5
42867
27
119
50776
825
107
24
5887
5285
5
24
2155
1687
44411
21697
24
7482
27
50799
262
21697
87
13
18897
1579
582
9677
104
24
17703
4450
9674
41656
23
12641
185
2414
50800
262
119
582
1156
13
107
3879
23
24
1536
825
663
1510
398
57
1579
395
27
21697
99
253
4934
1469
582
693
5
1264
21640
57
1389
50790
58
4043
183
825
107
35345
1579
1590
1887
3609
34
24
55
227
23
1579
2079
9
349
13
6258
9
2
1462
506
50801
262
119
13415
61
502
278
14
1428
4618
23
50773
61
5928
13
1532
5435
1540
14
506
5
825
4180
24
9382
47
76
14
21697
331
4203
331
246
50802
87
45232
9677
57
23554
37
15630
5285
61
24
31033
61
13
221
122
354
1533
26624
246
16252
15630
1536
61
502
825
107
1893
185
24
1389
46383
42867
61
44
278
14323
64
2330
64
1076
15620
246
1605
1546
21708
1576
825
3958
1389
27613
5
825
107
331
24
594
28689
5
1590
331
185
24
4939
246
7801
107
644
13
198
50780
185
9640
2574
5
718
5498
5933
57
47
13
9582
2288


