14635
24
35471
16244
868
9
646
37
14
582
35472
23
2321
27
119
35473
87
24
821
2107
23
3219
7132
9677
9
5
183
44
21012
24
880
515
402
9
7096
10754
13849
12317
27
35474
64
24
7132
515
99
10736
35475
61
24
35473
35472
718
107
5362
14615
13
14
10732
5
6736
17672
61
1302
515
372
441
13
377
35476
4205
22724
44
1094
850
122
545
2356
2403
3195
34235
47
27
119
35473
87
14
3219
7132
57
316
3465
9
32
61
14
6116
9386
4301
35472
34
24
9143
61
24
622
61
14
2412
11915
9
9386
1188
27
119
5578
402
9
7096
3219
7132
778
119
35473
87
7601
64
24
2107
23
35475
9677
2281
34935
369
9631
13
14
9019
515
718
107
1814
13
24
28402
9574
185
14
35477
35478
2600
1123
27
16155
24
3952
37
24149
35479
9677
61
24
1188
87
644
13
21012
24
14857
2035
91
621
12804
89
22295
14633
5
3307
542
13
2276
8903
1188
1221
5131
23
24
1271
1547
1185
18
24
3207
27
32749
4140
23368
24
6350
1154
61
35480
89
621
622
37
35481
2590
22724
61
5
24
9886
57
365
35482
87
6816
47
27
35473
377
122
331
1816
35483
331
278
100
965
76
10754
441
13
3531
402
15856
757
16155
24
12640
57
122
2534
31983
61
24
4163
718
935
2502
76
24
35484
185
122
4068
37
35472
61
34127
24
21313
1185
3477
183
159
64
4700
27
419
24
1533
32
4068
9288
122
32617
61
24
1533
24
622
4068
37
825
35485
27
999
540
441
13
3531
190
454
757
343
13
223
6239
377
24
35473
99
10736
122
7316
27
35486
61
307
61
330
262
331
1003
4068
99
100
1950
23
3699
34
24
139
190
454
61
5
610
696
100
35487
91
22724
27
331
842
646
87
503
818
402
723
718
151
14
24762
2050
23
14
7316
2241
5704
6849
27
331
3779
35488
278
2236
21557
582
562
89
612
2403
27
119
3331
1017
87
515
183
87
45
144
3872
14
35489
824
27
331
408
718
1123
621
622
37
1188
91
3031
612
2534
9
5
183
37
515
3551
515
4063
183
818
692
27
331
408
2245
818
5362
61
1347
3400
610
369
185
24
622
83
57
24
1146
27
331
119
1565
87
45
24
55
13
34374
14
16653
89
24
1146
57
818
9
289
331
35490
331
61
40
87
2765
24
594
2046
13
1987
27
3520
122
24492
61
24
1565
1520
262
331
119
32595
57
32
1188
369
10736
89
14620
23
24
622
61
17612
1924
723
13
614
24
35491
76
2938
61
10348
23
24
1146
27
331
331
32749
23
1015
3749
40
10070
91
7096
34
402
35492
278
100
24
594
7051
5
369
537
13
35473
13
1415
17381
33
89
122
3749
1185
144
151
542
2050
1347
5863
1348
8053
151
542
757
27
331
17517
262
119
1783
1400
24
5324
87
14
1146
55
3997
251
35493
35494
35495
2106
262
246
35473
35472
87
6736
91
24
622
4068
2590
192
26058
2600


