34659
257
21930
64
14
880
13
1153
47
6559
14555
23
24
30420
13
1790
33686
123
34660
27
842
32
2425
900
99
2043
76
2849
91
349
503
24
16569
14555
23
122
1389
8977
34661
27
34662
76
18055
61
34663
5
34664
61
5
4627
76
14762
34665
6134
34666
18133
61
34667
219
5601
6952
34668
99
5347
24
594
16210
34661
1541
27
119
594
16210
34661
23
24
1146
825
107
787
104
2425
900
34667
119
1389
8977
11876
4183
10021
34669
9102
61
8944
34670
34671
61
5
14762
34665
1084
119
3240
1146
1264
8685
149
5347
104
24
1271
900
23
427
5
3958
1389
31859
4360
503
361
104
24
34672
29791
34673
4319
9
575
24
900
87
1893
9
34
166
494
61
5621
6952
99
2339
24
3240
34661
1264
57
1389
31859
1481
23
427
91
54
26835
27
396
330
262
331
408
648
57
2931
14
10790
34661
652
610
2193
34659
7314
149
2467
47
5
610
648
610
44
221
1465
14
2549
796
133
57
183
27
331
408
1129
503
24
16569
14555
13
748
183
515
2243
9
4155
5825
27
628
2357
2236
1735
57
496
610
2342
5347
61
24
2806
1219
763
47
13
24
1623
8992
27
331
993
610
1545
13
1018
149
221
24
16569
34661
723
44
1541
2806
5
183
912
1802
89
24
1146
912
594
16210
27
331
10282
5601
6952
34668
61
129
5347
24
34674
34661
61
99
100
104
24
969
34
166
494
4360
2590
405
57
24
1146
37
594
16210
14555
61
5621
6952
663
4183
7768
1395
61
3589
5
1499
23
3023
13
221
24
34661
119
3393
61
502
1410
1011
146
13
221
61
87
45
787
185
24
1551
11865
40
992
718
8497
183
5621
6952
503
1410
1011
146
13
5408
24
1687
34675
34661
5
5960
18912
76
16210
14555
27
396
330
262
331
162
704
707
494
64
14
5601
628
2342
604
53
14
34661
818
16210
27
331
397
723
639
2185
57
1508
14555
369
9740
5
183
4063
723
14
821
1735
5601
13
107
644
13
223
542
27
331
1477
183
718
107
14
853
13581
13582
23
24
3403
64
723
1219
1018
1013
1028
13
444
334
3023
1030
237
286
27
331
119
34661
87
1013
185
24
11865
40
610
718
1550
8821
3458
34
308
129
516
603
13
1812
183
27
331
119
3017
14555
34
24
31203
9
1921
3393
87
10021
34676
34669
9102
61
8944
34670
34671
61
64
758
64
34677
34678
34679
61
10021
34680
5
34681
34682
27
34683
207
61
1533
34684
1969
64
34661
257
61
149
6116
1129
13
1406
47
6559
14555
23
24
30420
484
13
1790
33686
123
34660
34670
34663
87
24
3722
57
24
34685
34686
61
4448
13
24
34687
5908
61
5
5291
15483
34
1145
1389
3897
34
334
28428
119
34669
9102
5
34670
34688
76
14762
34689
6134
34666
663
4183
24
1533
7768
14555
57
3722
61
34690
61
1499
5
9341
27
119
3240
1264
9
1083
34661
149
53
76
29441
29927
27985
4277
1389
2778
621
5
34691
34692
5046
31318
104
1389
4884
14
13991
27
187
149
1903
76
18158
34693
10654
11152
53
2
14762
34665
1084
104
1389
32065
14
2839
27
34683
207
61
4394
1969
64
34661
257
61
10677
24
35
257
484
34660
9
14
2424
257
1272
57
34694
27
119
2704
34661
149
5347
23
23551
61
2425
61
1428
23
8908
61
91
24
1570
9
34695
5040
61
6944
34696
34697
2979
69
5791
896
2778
23
71
23
24031
5
15785
2710
69
16
23
71
12884
61
24
34661
2196
2778
18475
69
34698
3583
71
27
870
15932
5601
578
12290
61
129
5173
24
1264
34
594
34699
57
14
34661
23
32
67
61
31472
47
22656
1314
23
4846
7404
123
334
836
23
7058
23
558
27
10630
34700
53
14
24093
1293
2706
34701
2979
69
4504
896
16
23
71
104
24
15446
34702
10339
23
34703
61
1605
1606
61
23
4824
1972
13
5408
24
498
1541
34661
34130
27
119
594
308
34704
34688
87
34705
5
149
6599
104
334
836
23
4445
61
1747
34706
23
266
558
27
569
16151
14
34661
10963
23
14
34707
18138
61
3607
9914
6720
34700
1841
14
2265
1034
14
10349
23
14
227
57
2778
34708
15
34709
2154
34710
185
507
1372
13444
27
246
5621
6952
34668
99
5347
24
1146
37
594
16210
34661
246
34711
4183
10021
18055
61
34670
34663
5
34677
34678
34679
246
187
663
726
76
14
14762
34665
6134
1084
34666
18133
246
13784
1264
149
1389
31859
5
184
91
24
1271
900
647
427


