258
8396
12920
261
262
51094
264
61
2154
1372
1268
268
269
262
51095
264
61
265
1372
1268
13913
57
3976
342
369
361
3250
14
16714
897
61
14
1435
7176
902
27
1322
34
36293
4085
4050
1142
515
837
166
9
5746
57
3976
342
129
1077
23
320
20173
105
1545
13
3531
122
35
1267
23
24
3058
57
122
2534
3861
27
1134
12022
13
405
50769
308
14
506
1221
1185
837
1469
14
257
27
11408
262
4617
166
9
5746
57
3976
342
129
1077
23
320
20173
105
1545
13
3531
122
35
1267
23
24
3058
57
122
2534
3861
61
1319
34
36293
4085
4050
1142
69
394
467
71
2906
6784
1299
1300
57
2670
4863
330
515
122
1689
5303
288
45
600
279
76
8834
5
1643
123
122
230
320
817
27
143
775
288
503
170
64
5562
13
5830
1029
9
57
9
562
4014
23
320
1687
51096
1185
1687
14441
64
4014
104
82
27
36293
4085
4050
61
502
1129
1366
2
24
2918
34
3052
5848
185
384
57
897
5
1366
2
16555
2670
61
330
646
87
709
310
106
1607
1463
76
3976
718
45
1067
104
82
1222
358
1028
13
27
842
1222
2002
87
45
646
61
349
6252
2
4791
16536
61
372
1015
13
897
278
13
107
3818
13
37179
162
622
597
405
4047
51097
104
24
5483
57
6485
897
1185
342
369
4140
45
750
496
2002
87
787
27
119
1435
3119
5538
4014
61
349
3066
5
4256
61
13
107
53
2801
13
704
57
372
23
24
35
1267
57
562
27
119
10451
149
53
91
14
8058
9
28885
3728
57
28745
4014
316
494
495
40
99
1521
13
107
20216
27
19210
51098
61
8789
7164
57
36293
4085
4050
61
330
262
1687
397
24
8058
4063
47
1579
1027
449
1720
13
4289
5
10905
2801
5538
4014
104
24
1029
57
562
61
4606
57
308
76
20668
3976
369
361
174
13
1067
23
320
20173
75
122
15195
27
10953
262
36293
330
646
87
709
310
106
1607
1463
76
3976
718
45
1067
104
82
1222
358
1028
13
27
842
1222
2002
87
45
646
61
372
1015
13
897
278
13
107
3818
13
13099
69
394
467
71
1687
1134
87
933
334
7957
6081
185
612
13099
13910
652
308
369
45
3431
1167
13
5538
4014
34
2786
1185
34
122
8898
502
516
5428
542
13
107
4911
34
23
24
3058
57
122
2534
82
27
1687
187
912
4140
45
692
1487
13
3896
2739
333
13
237
1190
9
610
2296
13
850
2175
27
816
24
8058
3119
24
6670
13
16356
1146
9
415
4014
104
24
1029
57
562
23
24
1428
61
183
5150
13
56
91
605
308
14
1189
3532
449
575
358
40009
331
13913
57
308
76
20668
3976
369
361
174
13
1067
23
320
20173
75
122
15195
331
19210
51098
61
36293
4085
4050
11335
10559
61
4504
61
2
2974
9
3858
9
11824
61
4911
34
525
571
129
1077
57
219
5
6512
3976
23
558
27
579
330
262
1687
4885
11243
750
707
2495
215
149
104
24
1029
57
54
562
61
1185
4042
496
2290
107
787
23
5967
57
2002
27
1687
408
516
278
4306
13
278
100
417
1533
4083
185
54
4014
9
496
358
44
1018
61
496
215
149
4039
13
61
1185
496
3027
3862
2290
107
2933
27
1687
408
516
704
278
12418
158
13
1067
5131
104
82
1185
23
14
28741
61
575
215
516
278
1999
1533
22580
251
3789
57
4810
1609
330
262
1687
408
369
2101
13
14418
5
4724
24
3532
787
34
342
104
24
1029
57
122
562
818
358
718
4330
575
13
3531
122
35
1267
27
1687
397
398
57
612
223
13
2468
1029
57
562
4014
61
24
6646
1156
34
17154
28745
4014
87
361
15663
61
76
24
6758
13
10728
14
582
1156
23
51099
246
1134
3865
12022
13
405
50769
308
14
506
9
1185
837
1469
14
257
246
36293
262
951
310
106
1607
3976
8888
847
244
1067
104
82
246
10856
1015
13
897
278
13
107
3818
13
13099
1222
2002
87
45
646


