10204
57
237
4581
37
4441
201
2175
61
8154
825
107
8115
723
76
704
723
2296
13
639
449
705
2521
61
76
77
2108
61
945
10205
61
10206
10207
5
10208
10209
27
10140
87
704
24
1366
723
2296
34
1202
10210
37
82
208
76
6582
820
1202
10211
10212
4488
6582
932
69
119
10213
71
1744
2108
1202
10210
1202
10210
219
220
6607
10214
837
99
14
5896
2250
2438
13
2854
2
34
54
55
10215
4441
201
2544
23
2479
27
1539
10216
10217
87
2558
34
24
10218
58
10219
4002
5
87
14
2347
3133
445
1905
27
10220
10221
69
700
71
2831
4699
34
1202
10210
58
361
10222
34
24
2432
2434
81
18
10223
10224
10221
87
5562
13
4699
58
361
10222
34
24
741
9
2459
81
2432
2434
18
10223
5
10225
10226
87
2250
58
14
366
10227
2536
27
10228
2438
262
8219
61
10229
61
10230
61
10231
61
10232
61
10233
61
10234
61
10221
61
10235
61
10236
61
4379
61
10237
61
10238
61
10239
61
10240
61
10241
61
10242
61
10243
61
10226
61
10244
61
10245
61
10246
27
6582
10247
10248
10249
87
1481
13
708
6582
37
2158
13
1202
10210
185
1750
76
14
10250
60
4508
23
24
2432
2434
252
104
243
27
6092
10233
825
107
33
23
24
2438
1204
58
500
1793
3133
76
14
10251
2536
655
1382
6114
62
972
10252
69
2924
71
2831
663
107
787
58
500
24
243
2544
27
6092
10233
87
1481
34
14
6582
4699
722
100
133
34
14
751
76
14
10251
60
4475
10253
69
10254
71
61
10255
10256
69
10251
71
61
10257
10258
69
10227
71
5
10259
10260
69
2924
71
5449
133
27
10228
2438
262
10261
61
10262
61
9132
61
10252
61
2389
61
10263
61
10264
61
10265
61
570
61
10266
61
10267
61
10268
61
10269
61
2792
61
9912
61
10270
61
6782
61
10271
61
10272
27
10273
9
445
262
1750
2778
5977
10274
69
4868
13
1292
71
262
1202
10210
10275
10276
10277
6582
10278
10279
262
8449
10280
10281
262
6607
10214
69
1202
10210
71
61
1704
570
69
6582
71
10282
9
13
9
219
191
1264
262
1202
10210
10283
2584
61
10284
2431
61
6582
10283
2584
10285
112
10209
69
10286
91
10208
71
1202
10210
278
2048
144
32
57
122
35
890
4441
201
2542
69
10287
10288
10289
71
27
6582
932
278
4942
13
9284
23
533
57
122
35
2213
10215
4441
201
2542
27
10290
10261
99
4273
704
166
10291
6770
215
99
4137
349
32
23
24
10292
2521
27
6582
5
1202
10210
278
2011
3983
607
23
24
191
76
365
3346
2548
2584
192
27
1134
825
107
24
188
227
1508
316
3346
278
2011
237
36
64
757
2
24
2459
9
2459
4441
201
2554
61
24
10218
2048
2778
9
15
23
24
4444
999
2434
33
23
891
104
24
10213
27
1202
10210
278
2048
144
32
191
2544
647
24
56
57
4824
61
502
650
23
14
16
9
2459
17
18
1530
10293
104
24
10213
23
534
1348
1041
4379
4430
34
24
10218
6582
369
10294
23
122
35
190
191
192
75
24
10218
69
10295
10296
71
27
119
6595
278
8315
374
2919
445
24
1804
23
24
4441
201
237
36
61
1533
1284
1193
622
83
27
6607
10214
99
105
24
226
57
54
219
13
219
4531
76
1704
570
64
14
4441
201
220
76
1413
10283
5
144
316
6122
23
533
4531
27
1202
10210
278
2048
503
1413
57
122
35
507
4441
201
2542
104
24
10213
69
10297
10298
10299
71
27
119
10218
278
503
242
166
3276
23
122
35
360
4441
201
82
192
27
246
1202
10211
10212
369
1015
13
5896
2250
76
503
10216
10217
133
246
6607
10214
2472
13
1550
2479
57
55
10218
4441
201
2544
246
6092
10233
1481
13
4699
34
6582
932
58
32
9
751
6213
246
10248
10249
825
708
10218
2158
13
24
10213
76
10250
2536


