258
14198
14199
261
262
53641
264
61
905
1372
558
268
269
262
53642
264
61
905
1372
558
6159
32680
37
38554
22139
99
100
12443
91
53643
61
76
2060
23248
12794
9
16212
1853
24
922
27
119
2600
669
9
16861
2930
87
648
13
107
575
24
18822
3484
11000
1099
278
10850
2172
57
272
18
24
4757
27
331
6159
24
25758
331
149
781
185
24
4515
57
54
2176
82
922
24
1696
57
53644
5
24
1116
149
10492
2311
27
521
159
34
522
3026
262
6159
32680
37
22139
99
100
12443
91
53643
61
76
23248
12794
9
16212
1853
24
922
12663
262
119
2600
669
9
16861
2930
87
648
13
107
575
24
18822
3484
11000
1099
278
10850
2172
57
272
18
24
4757
53645
262
251
13688
171
14
23690
76
334
5267
702
183
27
187
37028
24
13351
57
44919
1129
23
53646
41871
251
13688
171
14
23690
76
334
5267
702
183
149
22165
185
32
4515
9
183
37028
24
13351
57
44919
1129
23
53646
41871
119
315
149
1341
1671
28220
91
14
19233
9
91
27
251
1609
34
24
5789
31712
765
330
331
11282
26118
331
288
16212
185
24
11234
57
24
2930
27
2036
38554
31716
29356
18547
9
11623
61
129
763
23
6734
53647
61
750
119
7244
262
331
628
53648
1193
1211
57
7280
1030
515
27
331
842
1348
308
278
330
1022
278
640
23
515
1563
61
183
1308
244
221
183
36992
61
40
308
825
1550
2175
1348
358
369
818
6725
27
187
516
107
226
1222
24
39172
4975
182
5
444
183
6586
5
89
24
680
57
1214
129
718
3051
24
34579
515
912
185
183
27
331
9155
262
251
1609
34
24
5789
31712
765
330
358
369
2335
8269
262
119
2600
22139
149
8699
35
632
91
642
14483
262
957
1850
166
43
23
122
10003
2397
24042
104
24
1563
5
12794
9
9398
24
11234
1726
6785
4857
26499
28169
330
215
105
100
750
515
2395
1850
166
43
23
122
10003
2397
24042
104
24
1563
5
12794
9
9398
24
11234
27
396
330
14
2060
1536
149
719
23
918
57
24
1563
76
24
1161
6279
3098
27
2226
632
355
657
24
22139
13
2391
34
331
1193
4121
57
1193
819
361
2933
23
1193
17233
76
158
27
331
11691
23
227
61
54
30224
61
5434
61
53649
5
1347
54
1449
288
15366
1145
24
6208
82
144
64
215
174
542
27
5298
18784
23
24
22139
61
575
215
625
47341
178
10385
18
4545
61
5443
53650
20173
5
14
1058
5282
704
53
47
27121
76
1285
5282
27844
27
368
1014
32680
37
22139
61
289
53651
9
631
9
53652
61
44
6314
15706
2376
515
44
442
24
643
27
9057
262
32680
37
791
38554
82
99
100
8699
91
642
652
183
87
391
215
1099
278
10850
1533
1284
1011
646
9360
5484
262
993
18784
23
24
22139
61
349
24
2797
351
1057
32680
37
3062
5
197
61
105
100
8776
647
54
897
35
506
53653
32680
105
24
178
57
5713
1145
34
4545
23
13444
5
4872
166
53654
23
53655
76
31007
22977
89
542
27
119
5789
31712
61
502
11
24
8731
61
330
358
288
759
24
11380
76
122
22901
61
655
6785
3894
330
358
516
45
2951
185
24
7201
643
27
32680
9762
183
149
54
725
13
761
23
24
50085
5
215
1949
80
16798
31533
24
82
61
5612
929
11234
61
19979
1229
5
28083
64
758
64
48733
1579
18323
5911
27
7598
24
3036
262
1134
467
1046
14
1481
57
53650
20173
23
14
8700
23
24
22139
575
1533
1284
1011
308
1099
278
100
10850
53656
262
119
22139
553
64
183
149
1348
32680
1077
61
5
3492
2542
61
30224
61
53649
61
48270
5
1347
14
5642
13010
13
24
20340
41755
262
119
11229
5
11226
1547
99
14
53
5282
5
14
414
1478
467
9228
185
24
4515
20385
1116
262
119
2930
37
2736
87
1253
23
24
9171
76
1793
168
13832
5
14
53657
76
24
3403
17685
5
53658
23
24
39488
8006
262
543
24
50085
218
32680
37
33
1116
237
858
1046
54
13368
5
8295
18623
53659
7860
24
22139
553
8776
647
54
897
61
183
87
26383
1751
57
876
61
2220
5
5434
61
502
44
68
13
5755
1533
5284
1185
442
372
129
278
253
53
3762
57
4325
27
32680
4936
24
53644
2930
61
502
87
14
1034
2
24
9227
1563
61
23
9269
5
1129
183
64
14
41907
47
641
54
897
27
396
4936
183
58
1068
23
603
76
24
351
185
14
24507
2176
23
17664
27
53660
262
32680
37
3062
61
14
34820
8733
5
405
57
54
13368
18741
449
24
1547
26131
262
119
2930
149
449
13
107
6586
237
506
40
149
2072
91
24
32680
3236
129
1545
13
221
183
89
14
18860
34
24
3045
396
497
14
1551
23
53644
1696
61
76
8895
586
215
149
334
331
311
51496
331
129
516
29939
1145
23
14
38554
53661
1054
104
5112
4323
27
999
111
2
24
351
958
834
215
105
1414
34
24
20340
37
40636
5
2053
2168
14
9337
843
2
158
515
1869
331
769
7079
331
2831
3613
158
27
119
22139
149
13
107
6586
237
506
34
1389
4650
40
237
149
13914
91
54
24003
3236
61
129
1545
13
9189
183
89
14
27446
116
34
24
3045
27
23508
6802
262
18903
23
1751
38554
53662
61
909
6159
32680
76
24
178
57
5713
23
53644
34
14
13444
3613
857
91
4545
104
24
20340
37
82
53663
262
119
1047
663
1794
34
24
125
5016
2964
13
2597
24
7908
23666
262
32680
149
1969
13
3193
445
1348
23
53644
61
3458
13
4323
61
324
109
3269
23447
13
3607
863
540
3726
5
43075
53664
104
14
38554
900
842
237
87
1094
23
3259
58
183
4934
183
87
13
1015
159
27
19789
105
773
24
2930
9
32
57
503
316
23
24
53644
26576
9
44
107
1129
91
48727
3085
27
842
24
53665
5717
57
6785
330
183
105
105
709
321
6849
647
484
24
11851
5145
27
2994
262
6159
8479
3762
190
494
495
104
334
4860
23
54
38554
82
820
119
2805
26800
34
6159
32680
1520
926
87
331
18994
5957
331
91
54
13096
27
26320
34074
55
2011
32680
23
24
545
8887
218
54
1435
223
655
926
149
14
4857
34
14
125
3830
23
54
6584
57
14992
61
1202
5749
27
579
285
185
13
1346
54
15399
7844
61
1687
6914
912
5818
1031
61
53666
27
842
647
24
8632
10042
23
3291
3133
61
26320
99
3283
515
926
373
718
45
1014
515
32680
99
423
2
331
2133
2637
13
9350
331
61
5612
262
331
3116
532
133
215
149
45
496
628
648
215
149
87
18994
1311
27
331
12901
24
55
227
926
285
13
54
1563
61
26320
598
23
32680
912
24802
515
926
4863
1720
926
516
107
5309
76
158
331
167
24
9632
331
27
579
330
262
331
397
14
2108
4857
23
54
82
1032
820
628
105
944
24
53667
1105
5
53668
449
54
31567
34
635
7079
27
331
1307
926
4916
158
449
24
9632
61
215
331
7217
542
445
331
61
4749
331
64
1622
76
14
758
9
53669
6270
262
577
187
1652
76
24
8442
577
27
331
331
396
149
28172
61
64
1222
496
628
149
586
149
4530
61
331
926
330
27
331
396
285
185
13
3204
846
334
26457
449
834
215
105
100
13
748
4162
14416
23
14
14992
8623
276
5
61
405
227
147
61
316
853
7079
1519
449
2978
61
6021
185
24
1116
57
54
6273
5
215
157
542
23
61
65
542
14
2538
57
23447
5
1391
542
82
27
331
396
330
262
577
187
149
24
53670
1017
628
1541
638
64
32
57
122
44039
650
2535
2965
13
6457
846
577
27
331
143
26320
99
525
2534
7966
57
6541
502
1094
3083
33812
27
331
628
12474
61
1348
215
1129
13
193
20940
104
24
33
57
290
7836
912
292
34465
61
496
215
648
449
27
7424
215
8234
778
331
579
359
515
104
55
926
44
45
1014
24
9632
61
586
262
331
119
181
61
318
9
17454
32680
24
1146
99
944
818
822
449
34
24
35
2347
3133
61
149
45
24
111
610
648
610
2193
818
758
27
331
842
58
956
4900
2
2282
55
620
61
628
1094
278
13
1104
24
3554
4878
27
331
187
99
663
100
3283
24
3034
57
14
2328
116
23
14992
99
1949
1389
6471
2125
53671
24
966
57
32680
912
3584
58
183
149
4073
2
32680
912
260
13
1605
13071
260
27
246
119
2600
669
9
16861
2930
87
648
13
107
575
24
18822
3484
11000
1099
278
10850
2172
57
272
18
24
4757
246
331
6159
24
25758
331
149
781
185
24
4515
5
24
1116
149
10492
2311
246
53672
640
185
1750
2356
5
149
1341
91
19233
9
91


