258
2006
4159
119
55
520
57
8444
37
822
11749
11108
14639
278
100
3283
9
5
3193
445
24
1413
5690
1129
13
5408
14
331
21013
3389
331
1426
27
18315
13
107
7539
23
3094
61
24
1188
825
1153
33406
9
8993
9677
13
221
3224
185
24
6487
37
1686
3235
13
331
1287
702
24
3389
1030
14
33407
5
3235
166
9
32497
104
704
13774
27
331
119
2107
3224
663
1367
14
9866
10526
14639
9
637
4157
23
14
501
13
21547
1579
602
9382
27
521
159
34
10113
18315
13
107
7539
23
3094
61
24
1188
825
1153
33406
9
8993
9677
13
221
3224
185
24
6487
37
1686
3235
13
331
1287
702
24
3389
1030
14
33407
5
3235
166
9
32497
104
704
13774
27
331
119
1188
99
14
918
5860
548
23
621
3182
57
24
3389
27
3779
2243
5690
369
1129
13
2073
24
134
57
24
12804
912
855
5
1009
23
8478
13
24
2956
912
1686
27
1134
9993
8444
912
1154
13
221
1993
17531
13
24
29875
57
185
9
3389
28080
61
33408
24
6425
57
33409
185
24
3389
5
2540
542
3235
13
107
23
11108
9
2241
24
2296
34
24442
27
331
12573
61
610
278
8514
898
876
57
14
11140
57
24
33410
1188
61
605
24
1146
1579
55
2391
104
8444
912
17269
12907
2956
61
2722
1783
33411
330
27
331
397
718
107
719
23
24
3224
61
24
1188
87
4157
91
14
8923
9344
5473
13
2297
308
2241
10863
2
5049
24
5704
9382
57
24
2956
27
331
119
14639
825
107
3283
23
3094
5
807
23
891
61
24
2401
1400
27
187
87
1622
13
278
14
33412
3389
27
1134
516
16637
183
8123
75
4164
37
11103
4245
608
61
502
87
663
1622
13
738
185
1560
23
891
27
33413
7553
9678
33414
9
33415
30081
663
5224
24
3952
825
4204
14
2956
27
331
408
2789
8444
69
2572
71
825
4204
1579
2534
5577
6487
23
2778
9
608
454
61
2590
24
1271
1218
14527
64
1129
34
1579
13755
9
18951
5
26047
61
331
215
970
598
27
331
119
8051
7721
825
56
14767
47
9248
23
33416
267
34
5159
27
331
187
726
144
3133
58
24
3952
807
14749
3484
61
14
1481
908
3306
515
33417
64
14
192
26058
27
119
3306
9993
4163
13
23368
11703
5
3484
1046
61
1817
76
14662
27
3116
2502
192
61
4163
718
1153
14
2600
61
1185
4658
14
3833
2544
18408
34
2947
2424
27
119
14639
87
1253
23
14
796
8923
501
13
21547
1579
230
9382
27
1295
61
24
1413
5690
369
1610
7927
23
621
3182
119
14639
2391
837
1030
33418
37
33419
31287
76
1579
1581
61
16709
9344
9
637
515
87
391
13
107
4140
13
9935
24
230
9382
6720
33420
2
8444
9884
330
621
2544
825
107
25036
1030
14
2956
4195
61
4277
185
3940
2947
15
27
9884
787
104
4204
825
2581
33421
61
1914
2544
33422
4884
5
55
1066
31146
33423
33424
61
5347
91
24
192
12779
1058
33425
22758
4936
970
27
804
7589
2
8444
330
24
3952
1545
13
331
12780
5
21667
331
76
24
3306
27
331
187
37
1088
1590
61
5
183
37
25485
3334
61
331
215
330
27
119
1454
516
16637
8444
23
14
2051
76
5383
5
4164
61
502
87
1622
13
23429
1579
2107
4245
23
891
331
16245
3306
61
80
33426
61
16161
57
6841
61
1225
1623
3401
308
369
2050
13
603
14749
3484
61
2346
330
3918
24469
61
8823
26216
5
5171
27
119
333
4183
8444
37
10639
3463
3484
5
1045
185
5100
333
61
1817
76
33427
19613
27
119
12589
61
4277
2947
6197
61
87
6271
6272
104
8444
5
26011
37
1430
1817
76
33428
37
26021
27
1947
8444
37
33429
89
24
26047
4939
76
24
14748
14749
5
14748
14749
14750
9
361
1253
445
109
91
5171
3918
33430
9
24
1565
87
330
13
1094
107
1950
185
14
6487
76
14
11108
3389
119
3952
330
183
6993
13
1358
1533
412
23
24
712
27
8444
253
2971
185
9
5100
3484
1046
5
3493
2801
13
1864
129
369
273
57
8444
37
12239
18521
333
3463
61
23
365
24
1428
5
2572
27
9629
449
8444
19640
1770
23
555
27
246
31287
11749
13
3193
3224
515
331
1287
702
24
3389
1030
33431
331
246
7801
738
185
1560
23
891
9
24
1271
227
4164
87
1622
13
23429
1579
4245
608
246
1160
13
464
4698
82
246
1160
13
24
844
723
650
2


