119
2118
2434
1099
278
2291
27526
34
327
61
40
23
144
14
2347
454
14931
16447
37
83
278
2045
14
10809
1292
23
27527
27
4347
174
4440
267
2241
14
17
61
24
8341
6119
278
1094
2048
122
35
360
192
349
1413
16369
4782
20510
27
327
825
1094
2391
13
1029
24
506
76
14
1937
1594
81
64
358
8409
13
6785
13
855
331
24
2033
27125
331
23
14
10144
104
19563
3274
185
207
27
14931
16447
24
327
1785
12709
24
19563
3274
8751
58
7520
23
16873
16447
3362
2065
382
3277
24452
185
24
19563
3274
9201
206
57
207
37
10144
327
50
1786
16036
1734
14
21263
76
16447
64
24452
61
27528
220
1543
9331
5
10604
16041
2391
185
23
24
9171
14931
16447
149
704
547
64
215
510
334
1920
2391
104
24
19563
3274
8751
9
709
3259
12625
515
24
3291
2526
2469
185
24
1301
149
45
57
24
3607
1211
27
119
327
110
132
23
692
4420
206
57
1048
133
13
16873
61
76
243
2237
6889
27529
9
27530
866
14
467
185
5592
76
77
9
78
655
1461
185
14
15831
432
735
13
107
8052
13
122
1941
27
10896
10962
185
24
8751
64
16447
3362
2574
484
327
37
55
2544
23
6785
647
13444
19563
3274
825
4093
24
10144
1411
327
5
6785
76
24
8341
6119
2838
24
9201
3507
16399
69
116
71
5063
24
327
77
185
13
24
1669
484
1048
133
13
16873
11076
11077
1652
13
584
47
24
2171
64
215
5585
13
1681
133
34
24
8341
6119
331
10144
76
6785
327
16756
33
2
14
74
159
13
81
2778
9
16
23
122
35
8152
75
27531
61
14
3340
502
6039
542
908
122
16369
4782
5000
1060
91
190
131
27
187
3629
542
23
334
3563
134
13
5498
24
11958
23
3424
27
842
311
825
1094
1456
13
24
208
76
6785
61
64
327
198
7328
57
24
8404
34
24
55
227
647
2465
27532
242
1587
23
14
15
9
2459
81
34
24
8341
6119
23
14
16369
1900
2502
9
445
23
13444
27
16049
12189
69
174
13
700
71
61
2512
2513
61
10604
16041
61
6889
27529
9
27530
61
6196
2449
5
16417
27533
3447
34
14
858
6329
484
9008
24
1941
13
16873
327
225
14931
16447
87
2456
13
1029
24
506
76
14
1937
1594
81
47
23
6785
327
278
244
2469
23
6785
647
2465
27532
69
169
174
71
242
1587
23
14
15
9
2459
81
104
24527
3274
23
14
4824
13444
5000
2502
9
445
34
16369
1900
246
327
537
13
81
1937
1594
112
64
358
1810
23
6785
246
8341
6119
3376
132
23
175
4420
484
1048
133
13
16873
246
327
970
650
2
1778
13
1004
27531
2778
9
16
185
1750
246
14931
16447
37
83
198
7328
57
8404
34
55
227
647
13444


