258
22661
51444
34
2952
691
369
7298
23
14
14021
2051
13
7818
24
311
57
14
5536
9
20052
5786
50036
27
842
215
1308
45
3235
13
107
1919
23
24
51445
215
99
1515
9
537
26456
91
24
14643
1686
1411
24
316
603
4987
51446
27
119
753
5784
3607
51447
21170
122
12744
5
7487
621
622
76
122
28923
64
358
1694
18
14
8281
51448
5
14
3027
4985
23
8230
27
251
5784
51449
5602
14
603
4987
445
24
908
51448
23
8230
64
14
51450
5786
1577
185
999
57
24
753
3607
51447
29679
14
1590
8804
13
525
4987
61
17910
525
445
24
51448
119
2051
149
686
91
14
5536
20052
5786
76
2578
8609
42896
185
54
12744
9209
1785
5
398
9
227
12469
4114
61
36772
33245
61
1062
24
9653
348
655
140
54
2255
129
1910
1317
27
119
19111
9
2033
2
8202
61
8230
61
330
262
331
628
105
2182
91
14
8405
37
10422
575
628
6068
544
7267
5
19721
27
331
628
149
2456
104
55
13
532
24
19721
129
51451
24
351
40
628
389
1463
105
164
159
14
2347
7473
5
24
12758
149
423
27
331
628
149
3316
515
1463
516
26310
525
12456
5
628
149
3431
2472
13
221
707
880
13
707
2255
37
61
1348
628
389
316
3607
51447
133
57
24
3182
57
707
5267
27
1312
14
2347
146
61
24
753
5784
3607
51447
9917
24
8281
51448
23
8230
14466
9
227
12469
4114
61
36772
33245
61
330
262
331
187
3469
64
1222
24
316
24346
288
2278
18
24
5786
655
215
516
144
2995
331
119
4114
5910
13
2995
24
3651
641
32
149
2113
2046
5
16429
34
525
4759
331
628
2182
5
4800
1667
5
1142
133
183
149
1644
166
9
32
5786
5
316
24346
27
331
187
3469
64
1222
24
316
24346
288
2278
18
24
5786
655
215
516
144
2995
27
331
119
1047
5910
3108
13
1876
621
622
445
24
51448
61
753
45
13
157
24
622
444
3867
13
24
5786
27
119
4114
5910
13
2995
24
3651
641
32
149
2113
2046
5
16429
34
525
4759
27
808
33245
330
262
331
628
1142
133
147
1348
4150
47
185
122
2726
61
515
237
87
1465
358
1018
1348
45539
14
4985
27
331
119
3607
51449
61
663
1969
64
24
51452
51453
61
87
14
1478
19798
5
24
503
51449
1142
23
24
17150
27
691
369
1142
23
14
6279
1265
57
15713
61
40
369
594
1474
23
51454
2788
5
3098
1566
76
51455
7473
502
5736
51456
1348
183
87
15749
27
305
144
1526
2710
13
6324
2710
402
61
358
663
24
2605
19785
23
5748
3699
27
119
3607
51449
20578
91
45106
23
24
90
76
15775
6790
22331
1185
43469
5
11150
24
1675
34
23865
27
2847
2128
1500
9011
57
51457
61
51458
61
25069
61
5
1478
7445
27
3607
51446
503
4985
76
32
6348
61
22161
14
168
5
5703
2949
27
119
24346
718
15599
9440
2726
1348
5391
34
14
4985
246
9209
1785
36772
33245
4598
24
7445
2278
23
8230
246
364
5784
51446
7487
621
622
76
122
28923
13
81
908
51448
246
251
5536
9
20052
5786
686
61
537
26456
91
24
51445
246
3607
51446
4985
34
562
5
163
14
168
2949


