144
1179
2439
4218
6
5
1602
3564
288
29
489
193
2659
77
678
3
3097
103
5
4174
3
922
5
10687
5692
588
37217
1
480
5520
80
0
6255
46
165
991
6473
1916
2
15
1790
13
8972
1640
2659
116
127
464
6
0
3661
5378
1479
50
678
3
3097
0
4174
2721
3
88
31
0
2117
264
6
12029
12
377
2
15
288
18
1074
771
1
1417
5489
1
22
63
5
3350
2048
1515
43
482
31
1944
4
633
12
0
304
18
587
2
37218
5692
16
65
1602
3564
288
30
489
193
2659
77
678
3
3097
103
5
4174
3
922
5
2363
28180
1
6
50
92
33
118
37
1834
3
32
3510
2600
7
0
2952
23092
16
15
3661
5378
1479
22
80
0
6255
28
0
3097
58
32
157
11
6473
1916
1523
1515
29
40
93
17
288
11376
15739
337
11
0
6052
2
8
24
382
34
193
2659
12
95
117
1
8
68
5489
22
2
8
104
382
34
5
245
6
193
2659
3
136
464
4
53
2659
63
51
110
58
1342
112
60
1380
0
4174
2
15
288
18
1074
771
1
1417
5489
1
22
63
5
3350
2048
1515
43
482
31
1944
4
633
12
0
304
18
587
8
871
4577
3364
1
8
21
22
2
1790
479
7443
28181
22
16
8
15
1790
13
1591
6
0
2659
1
8
28181
22
2
8
281
5
7097
6
1827
537
13
1571
1
2971
684
62
493
23
2857
46
154
242
2
8
15
3097
13
91
477
2520
17463
606
23
196
6
0
288
18
105
9
132
1717
15740
7
3661
1
50
13
539
3
1203
63
14301
75
2
15
304
734
7
436
14
25
58
3097
0
4174
1
54
6
118
178
1031
9557
31
12029
2
15
4174
13
61
0
87
3
32
116
720
11
3223
363
6
14
264
2
563
1834
3510
588
8183
1065
7
0
2952
1
94
28
7190
7
0
6471
2
5523
10080
33
7
12029
1
301
3
0
15741
288
2
23093
189
29
2989
80
2449
6
6694
1
13199
11
97
11425
1
50
13
4123
12
0
708
588
842
2
4579
6
0
5045
28182
1
0
782
12258
7
28183
4
37219
1
0
11425
30
40
157
7
37220
4
11
14302
5693
1
2931
7
3147
2
15
339
9
17464
6
0
2449
61
30
40
14303
3
9041
983
2
68
5489
22
0
4174
76
6846
201
275
341
2
89
11426
610
3
20
568
677
0
1033
232
1228
11
54
6
0
12029
9937
1
50
13
201
37221
2
6672
1562
29
9042
0
4954
6
5
2631
4995
37
5692
913
1
45
68
5489
22
25
18
1413
3
15742
3743
8183
7
37
1921
3
1231
0
2006
5524
2
65
19811
8602
49
4436
3
37
2117
3423
251
1
207
49
11
0
3661
5378
1479
18
7106
4
13200
23094
52
22
0
12029
2631
46
1364
12
37
1446
1
37222
1154
17
5
7426
6
9558
3952
108
8183
2
68
5489
22
14
2608
1638
161
10711
5
5524
13
37
5497
9041
2385
1779
2
8
249
66
29
0
2644
4
8603
374
25
1
4
75
84
74
188
3
3297
4
79
383
1966
1
66
79
4996
129
75
18
4997
147
1704
1
8
21
22
2
2044
37223
1
813
6
0
12259
2758
6
0
250
1520
1
22
10711
5
5524
13
5497
11
5
1390
14
18
17465
1
45
41
11
5
2449
12
0
1827
5692
2449
874
2
28184
16
37224
207
49
11
0
3661
5378
1479
7106
4
13200
23094
20
0
3661
7106
1801
397
65
6069
37225
1109
8577
13
4845
162
0
37226
1928
23
4807
207
49
11
0
3661
5378
1479
7106
4
13200
23094
8
104
382
34
5
2104
11
67
85
775
82
14
66
84
74
1811
37
913
14
18
5692
1
8
21
22
506
2
7191
28185
1
820
513
6166
771
6
0
2310
9
428
1147
8184
11
3479
9559
1
61
22
506
14
10711
0
5524
13
0
821
2156
1
289
0
2588
245
6
588
8183
7
5379
2
15
419
2156
13
3
1231
0
6694
31
10712
5
2477
9041
14
17466
0
1788
270
3
1106
0
913
1
21
22
2
8
139
3097
13
1191
0
172
14
37
513
46
503
711
3
922
42
2449
1
8
28185
22
2
8
139
13
1
7
725
1
371
5
23095
6
1003
37
5692
2449
2
8
26
1790
8972
1640
2659
116
127
464
6
3661
5378
1479
26
15
288
678
3
3097
0
4174
1
2721
31
12029
1
12
377
26
65
3350
2048
1515
482
31
1944
4
633
12
288
587
26
6378
771
1417
5489
22
0
4174
76
6846
23
194
23
201
275
736
26
2007
3510
588
8183
1065
7
0
2952
1
94
28
7190
7
0
6471


