65
1826
10
805
5
4161
10170
7
5
22162
9
118
2798
6
11031
114
44
33
11329
7
1187
4
445
10504
1229
12005
2
2567
16954
10
2229
5
2798
6
0
1798
626
1962
7
822
778
18
14624
51107
1
2432
1
56
21
348
3
256
5
4161
10170
2
89
481
22
44
107
41
2913
6520
114
44
33
11329
7
1187
1
50
13
1438
7
2223
2
2567
16954
1
2934
1
93
1
10
805
5
4161
10170
7
5
11031
22162
9
118
2798
7
2432
1
137
122
65
479
11
11031
30
150
22
14
0
358
10
5
8655
4
14
1187
9
428
4161
6520
33
41
1438
31
0
298
2
68
16954
22
16
8
135
78
121
25
445
10504
108
801
2
24
1159
14
25
58
74
2914
121
2
8
101
725
9
24
78
88
24
109
1187
1
86
25
58
74
12956
121
7
0
16729
2
249
44
58
74
355
121
54
1
24
10
8059
2
24
46
202
32
159
3
11031
311
2
8
15
6430
9
83
176
16
8
24
382
202
2040
711
109
48
90
1
24
76
74
354
110
24
10
942
2
8
3778
171
74
24
32
867
5
10170
11
95
844
218
135
256
6520
7
286
1
110
2317
56
60
454
91
78
60
516
74
29
6520
92
218
24
79
516
74
1190
25
2
8
15
244
9
6
9
64
1
38
630
7
1554
1
10
346
7
2432
12
0
3284
6
5
111
1229
643
528
56
0
358
175
242
2
15
2798
1
7
822
778
18
14624
51108
22
25
76
41
355
55
4161
6520
114
44
3844
1187
4
445
10504
1229
801
65
11031
479
22
0
298
34
40
831
5
22162
9
118
644
150
468
7
1061
113
92
30
40
1959
28
801
2
52
176
14
1
7
217
1837
1
125
1729
28
0
3685
8580
33
41
720
2
52
22
48
1787
1340
1145
97
4161
6520
114
25
10
15045
12
298
1173
2
1772
4161
6520
33
1187
9
428
2
65
11031
479
22
0
358
10
5
8655
15
479
22
0
2798
30
98
40
3825
14
13
13
867
3
2913
1187
9
428
4161
6520
4
30
369
696
125
69
0
1058
2
52
22
16
8
1232
1187
9
428
619
6520
33
3589
11
256
7
80
136
3574
1
173
217
38
33
196
6
0
22162
644
2
8
221
10
5
8655
20
0
1058
7
1332
1
45
0
6520
33
98
91
157
311
2
104
929
2426
11
0
1826
47
702
2
8
34183
51109
1
479
11
0
2432
9
428
5726
6
1229
51110
1
22
16
8
24
183
1187
13
11221
7
0
1229
643
1
45
24
84
74
1190
459
66
516
74
256
619
9
6520
9
92
18
739
821
17
25
2
8
5269
1187
254
74
1409
66
352
9679
25
2
57
1181
109
37
1876
595
3
32
116
2
101
725
1
25
4388
3599
2
8
34183
22
199
3328
2846
7734
125
75
3
454
8
16368
55
8
20
0
1229
643
2
8
24
382
202
226
357
711
109
48
90
2
11031
29
116
5
3078
595
3
84
48
1
4
98
0
1229
643
46
225
11434
2
8
101
9521
0
1415
51111
817
35
51112
62
35
51113
4
17679
711
14
13
867
62
13219
301
3
0
7316
2
57
13
473
157
3
6435
626
133
1303
2612
133
14
30
40
1534
7
9987
17
1229
10384
4
5371
2
101
299
1
1003
37
913
340
2735
2189
13
2172
1
45
0
537
1727
721
22642
3
1229
4
2073
2612
10510
12
0
2329
6
3519
2
26
2567
16954
1
2934
1
1588
1962
7
822
778
18
3590
1247
1
2432
26
52
10
78
4161
6520
43
41
5655
114
1187
13
1438
7
2223
26
11031
479
22
25
10
5
8655
4
13
41
298
1173


