258
2791
2792
261
262
52336
264
61
2010
1072
1268
268
269
262
37041
264
61
1656
1072
1268
119
6458
9
2033
4232
30480
129
14594
185
1002
515
926
105
6021
14
4535
445
54
4563
99
3199
13
24
25768
27
12879
6945
1683
3715
330
926
149
2404
5
3283
515
525
1915
1099
107
104
4031
652
57
24
315
502
99
105
17958
4234
27
1683
1391
14
11297
5552
515
926
105
331
611
6021
14
4535
445
54
27730
505
9
628
278
700
57
880
215
1308
1013
1347
3896
437
6591
4182
52337
331
21378
262
1683
3715
69
174
71
4151
926
331
611
6021
14
4535
445
54
4563
505
331
27
25374
52338
69
700
71
61
905
61
650
2237
64
24
4535
2933
23
24
9479
5
330
215
149
331
539
13
107
2257
331
256
24
1719
842
525
6725
593
99
6903
525
57
8632
1914
58
525
1536
17722
139
158
61
6819
54
17520
5
3223
158
1228
89
14
42526
27
1420
3715
330
262
331
187
149
5410
57
24
987
3242
11297
9
646
369
818
3096
57
542
1048
1145
27
331
842
628
604
3832
183
516
1639
1030
237
9
183
87
1094
4156
5
24
5538
7815
278
3557
183
47
133
57
704
5821
27
331
628
144
648
215
105
31260
707
6790
25633
5
1222
215
149
2352
23
1193
880
935
628
1835
821
2404
27
331
628
1835
3431
14
1021
3584
652
57
183
5
707
5834
369
3431
2403
5
13755
9
52339
27
628
278
100
1085
5
628
1019
707
1915
1099
107
18
27
331
12568
262
1134
15166
91
12804
1683
3715
149
2011
76
1025
5
7199
334
643
91
20219
642
1683
99
1094
8523
13
20219
642
449
24
315
5
87
735
13
4192
1222
1193
321
2175
825
107
319
75
525
34
14
1243
1914
3258
27
119
4563
25768
25374
52338
61
905
61
149
3477
398
23
14
437
4474
438
52340
4474
2073
104
24
4581
1348
24
1757
640
27
396
330
262
331
579
1805
846
2236
1131
5
628
1835
539
13
107
2257
9
628
4508
14
11272
2924
61
14
13947
20868
5
52341
31067
27
331
579
2831
278
2182
5
1253
405
1643
34
622
437
4163
9
91
18275
449
183
61
183
87
837
64
1222
926
87
1735
57
496
926
638
27
3627
6725
262
808
52338
61
39488
61
330
215
105
45
100
2235
1193
321
2175
484
215
149
1143
13
24
11297
331
628
516
1030
525
13
444
14
2496
445
2
24
642
1537
1284
1407
515
87
2050
13
1476
525
562
27
628
1018
1013
1028
525
13
1248
525
8009
9
144
334
3090
27
331
251
1609
34
525
5834
20220
52342
52343
52344
330
262
331
408
369
832
32
57
612
8860
717
405
4171
17295
13
334
315
185
122
2211
4225
3229
27
331
3933
107
4007
237
87
45
14
1772
6638
91
703
5
610
1219
1018
1013
18847
1150
57
2726
27
331
408
369
371
24
315
821
2351
5
14
1751
5
5715
643
825
107
658
133
5
6350
2175
319
27
331
246
1002
12804
1683
3715
22718
449
9479
76
4535
23
20220
246
331
628
278
700
57
880
215
1308
244
1347
3896
437
6591
3555
331
24
5016
359
246
25374
52338
61
905
61
650
2237
3091
13
107
24
4535
2933
246
396
330
215
149
6021
89
42526
91
24
1536
5
87
331
539
13
107
2257
331
246
20219
642
807
334
643
5
2325
13
365
5546
2933


