674
70
18
6525
9
49
26321
16883
366
5
3749
4701
1023
77
21920
26322
26323
7
5
525
3896
1592
69
0
390
269
6
0
415
20
0
26324
1147
2
12028
2085
7
988
601
1710
4733
3
326
192
7
0
132
4
477
49
48
200
9
726
1981
7
50
1745
9
23805
1036
16883
1117
26325
17
5
399
9
691
53
399
9
802
51
1
691
9
399
53
691
9
314
51
1
399
9
463
313
127
0
247
1198
7
77
64
4
5
272
269
2
16883
18
4914
9
7
5
525
14
1892
39
463
322
487
71
9
207
49
5
1636
9
368
525
127
26326
19018
1
38
4146
408
103
151
1426
26327
16884
17
5
1907
1513
2
26321
16883
1085
14458
1023
20
48430
127
21920
26322
26323
7
988
16883
395
12
560
16
8
508
3608
80
166
189
1
1911
95
525
20
48431
307
8
6187
105
16884
1
38
1328
21921
16885
840
4252
758
0
23054
370
1
413
0
87
207
127
0
6519
45
123
342
0
208
64
23
19018
312
99
11
5
463
9
399
1
691
9
399
53
691
9
441
51
1
399
9
314
4914
2
65
33287
16884
22
6
27
4700
16
8
24
181
36
30
228
205
1168
2
8
24
181
274
132
36
18
508
228
205
3608
1
419
3608
1
4
2539
0
3608
14
60
33
159
3
177
194
67
6
7
0
594
2
8
1268
18
26326
19018
3949
5
303
120
27
200
9
726
1023
127
26327
16884
2262
3755
28786
28787
7357
28
0
1706
515
6
27
1973
525
17
48432
48433
12
426
434
3
31895
2095
2
15
48434
1
38
10
2301
7
0
1203
31
513
1726
24504
4717
15908
1
1388
3
32
1660
11
0
962
1420
1
609
2
96
22
16
8
308
202
183
17
0
2309
1
45
5320
7
64
62
105
230
24
893
32
1309
3
326
311
2
4695
98
24
79
252
3
181
63
3617
1
123
24
46
2973
63
1893
192
2
8
9130
3755
16884
556
5
105
9
207
1513
3
19018
20
0
26324
1147
101
12
9
186
684
1
200
3755
14524
15993
1824
5
3744
2203
11324
23
36
1017
33288
25579
399
9
275
1
691
9
483
45
64
6
27
1341
12837
865
31
0
48435
2
17280
3755
48436
48437
2580
55
248
413
0
87
207
23
6058
2126
9
48438
224
99
3
585
5
441
9
399
1
399
9
275
1
399
9
441
4914
2
29630
3755
23544
23545
76
61
29
1050
0
874
6
200
9
726
8303
45
36
2185
99
127
48439
16809
3
1017
0
1036
463
9
399
1
399
9
463
1
399
9
463
2
48440
48441
48442
4
48443
48444
61
413
42
1893
2
14524
15993
20274
0
1730
39
901
27
525
127
1044
18
33288
25579
65
1454
1106
6
0
2935
23
0
2508
1110
94
77
988
1542
727
12
426
101
0
266
18
770
1
3649
629
6995
13862
116
5
901
505
3
9658
5018
684
39
472
5
70
55
23
21
5638
20344
20345
7
1307
2180
2
15
4867
9
83
26328
30
40
11234
150
81
488
17
5
5639
709
45
21
738
305
911
6
48445
23
21
467
0
1480
6
19
988
993
17
5
399
9
463
1
691
9
399
53
691
9
441
51
1023
2
6995
13862
22
16
8
57
10
5
400
638
11
121
2
8
24
181
24
545
168
7
95
87
525
39
259
187
2
24
1773
168
2
581
11621
13
170
346
55
2
788
14
18
5
205
6014
11
0
594
2
3649
629
6995
13862
1904
39
901
19
4701
525
127
20344
20345
8
24
252
3
147
128
504
12
95
48446
4
95
5128
1
45
24
181
98
13
71
3
181
63
95
4701
4
1659
48
638
5
396
2
8
15
746
631
1420
1501
1
38
30
1376
94
3
48447
7
0
172
1
46
225
235
3755
20718
48448
7
0
200
726
2
6995
13862
176
16
8
24
181
0
5639
13
5630
2
24
46
32
1309
3
326
2500
11
662
2
24
46
84
520
241
25
1104
121
109
37
889
274
132
2
8
6995
13862
9666
55
3
19
93
3
326
5
12398
120
19
87
9
726
525
7
988
1206
610
4062
33289
1
38
10
2176
31
6995
13862
7
81
70
18
368
248
413
0
993
7
151
1
61
3871
8924
3
0
200
726
23
21
5305
5135
3124
6509
16668
33290
399
9
275
1
399
9
314
7
79
2297
379
2
11129
3755
2224
48449
13
61
162
1
0
5151
1265
103
1883
48450
399
9
441
1
399
9
441
1
45
25
10
41
199
5
205
132
11
245
398
629
10840
1
38
10
2862
55
7
182
37
889
23
13443
20347
1799
5
399
9
441
1
399
9
441
313
2
16885
10
1922
3
0
2940
31
102
610
1322
33291
90
7723
0
1426
7
79
77
64
269
2
962
4062
33289
2925
5
12398
120
19
1307
9
2180
1023
127
16668
33290
15
8541
1
2541
28
1408
19
264
2800
0
23054
370
81
872
1
23543
162
0
1489
207
45
123
342
0
200
12
5
2584
9
677
3
19
2963
9
83
4700
2
15
7393
207
61
219
0
2195
90
16885
1117
4567
49
5
399
9
275
1
399
9
691
53
399
9
802
51
1
691
9
399
53
691
9
483
51
313
2
20342
14641
1
11559
48451
4
33292
8343
43
543
0
108
335
3
2651
2
1322
33291
4414
12
19
24526
3104
4
18396
3
1178
120
5
2085
3671
7
988
12
426
26
26321
16883
1017
26322
26323
20
0
26324
1147
7
988
26
15
1036
1085
26325
7
105
2180
39
64
4
5
272
269
26
26326
19018
2459
55
439
3755
26327
16884
26
3649
629
6995
13862
945
17
1023
127
20344
20345


