15353
40356
40357
53
54
55
2959
2504
3354
185
3762
515
215
1399
14
12779
7164
23
14
40358
5
7502
525
1853
14
15214
197
655
215
149
23
4662
34
24
40359
8871
1678
27
119
331
40360
24
10885
331
3022
2937
13
2951
3354
922
2959
23
3274
932
27
742
5700
8449
40361
1520
40357
87
3880
25193
58
2050
13
25549
27
521
159
34
522
12202
262
40356
40357
149
12957
5489
256
14
954
2959
2504
185
3354
23
3274
932
61
4662
162
2959
262
15353
40356
40357
61
1114
61
2057
47
13
14
4662
2959
185
3354
13
855
1517
215
38413
1399
14
1045
7164
23
14
24197
104
14
15214
23
5657
5
7502
525
1853
24
674
119
1040
87
2940
76
5671
2943
3401
502
87
17272
91
47
13
360
494
23
5672
5
14
2947
15777
3486
27
396
87
663
5860
14
35660
13597
57
23793
27
251
6495
12400
40357
61
129
1802
1114
185
4386
61
517
14
3847
9
668
2060
10186
76
14
669
654
5
2060
2137
27
396
19248
1594
206
64
215
2287
218
14
1478
40362
57
6219
61
12987
5
4341
104
24
3274
932
21958
27
396
149
11953
91
316
20614
5
14
549
27
4338
54
954
2504
484
1779
3255
40363
40364
61
40357
149
15682
13
584
1462
1116
13
24
2963
37
2964
13
444
54
6686
2876
319
27
396
87
244
4700
13
107
104
24
1462
2959
1987
1481
34
3192
145
27
119
893
215
37
6903
57
10667
185
7183
666
87
34950
40365
61
334
7164
34
24
40366
7013
40367
40368
7013
27
39000
13
5498
40365
5
525
21567
288
45
2046
27
40368
7013
13014
24
5262
40369
9
1542
4244
3500
24049
599
61
502
149
663
185
12012
3555
7371
7279
27
40370
11013
778
3354
5019
40357
37
55
2959
2504
58
361
2940
76
2943
58
7983
933
11083
40365
23
14
40358
5
19452
525
1853
24
674
57
20434
15214
23
3274
932
119
1040
512
1969
34
54
1330
511
23
40360
24
10885
87
2940
76
5671
2943
3401
502
87
17272
91
47
13
360
494
23
5672
5
14
2947
15777
3486
27
396
87
663
5860
14
35660
13597
57
23793
8196
593
262
119
893
215
37
6903
57
10667
185
5657
666
87
34950
40365
61
334
7164
34
24
40366
7013
40367
40368
7013
40357
149
104
40359
34
24
32634
57
24
3592
331
1815
30232
8160
61
331
14
3441
23
502
215
4123
2065
7638
40371
5
40372
40373
61
1348
215
7983
5217
11083
40365
61
334
7164
34
40366
40367
40368
7013
40357
3509
7714
21352
99
330
24
1040
105
100
3181
7157
5
1308
244
2422
24
815
27
21352
663
330
35
751
515
40357
3881
89
25549
362
1267
57
24
315
27
21352
149
45
409
787
34
2951
3354
27
40357
87
512
1969
34
54
1036
511
23
40360
24
10885
27
396
663
3469
23
13801
37
8729
8730
3592
40374
19273
61
804
19535
37
3229
57
14
7532
7066
1203
4046
23
1904
27
40357
149
104
40359
34
24
32634
57
24
3592
331
1815
30232
8160
61
331
14
3441
23
502
215
4123
2065
7638
40371
5
40372
40373
27
5953
778
40357
37
5700
8449
40361
1520
40357
87
3880
25193
58
2050
13
25549
40357
149
2940
35
751
76
2942
2943
61
502
87
17272
91
47
13
360
494
23
5672
5
14
2947
15777
3486
27
396
87
663
5860
14
35660
13597
57
23793
943
5434
377
24
11165
392
104
20434
40375
23
3274
932
61
1348
40357
61
537
10884
61
4322
40365
5
1414
1607
926
132
331
818
886
27
331
396
663
330
926
149
14
331
5006
5090
129
2831
45
107
104
40359
61
331
24
5434
377
27
8247
377
40357
8268
40365
5
926
7345
158
868
27
396
174
5
7427
76
486
484
2467
33
5
2737
24
893
2
1778
61
24
5434
377
27
579
149
1399
23
14
40358
5
31
1853
24
197
484
40357
1010
185
908
57
525
185
24
674
61
4948
330
27
40365
750
4948
926
1850
1022
2050
2350
5
2290
278
5275
133
40376
27
40357
61
57
40377
61
2097
61
750
642
215
638
244
639
40365
40
149
722
334
10020
76
525
27
40378
262
4338
54
954
2504
484
1779
3255
40363
40364
61
40357
149
15682
13
584
1462
1116
13
24
2963
37
2964
13
444
54
6686
2876
319
27
396
87
244
4700
13
107
104
24
1462
2959
1987
1481
34
3192
145
12202
5
407
262
15353
40356
40357
61
169
2
24
174
61
3629
24
21197
2916
6572
58
361
5489
5
407
40357
44
855
47
13
360
494
1778
2132
5
4606
23
17210
1222
215
37
560
57
2942
2943
246
119
40360
24
10885
3022
7983
7502
11083
40365
61
4504
61
1853
24
674
57
20434
15214
23
3274
932
185
5657
666
246
40357
61
129
1802
1114
185
4386
61
663
2881
14
13597
57
23793
34
515
2356
5
99
330
218
54
5700
515
215
37
647
423
218
25549
246
40357
3509
7714
21352
99
330
24
1040
105
100
3181
7157
5
1308
244
2422
24
815


