144
507
491
1215
293
16
24908
138
1
463
460
151
291
287
16
30789
138
1
463
460
151
65
3026
9
83
2938
211
30
239
28
37
3069
9256
343
1
4
301
3
4223
47
8263
1
27
280
107
739
3
185
2026
13077
27
265
12
0
243
6
5
538
2
1214
475
10
115
420
7
21055
339
5
8794
1132
102
79
94
0
538
28
0
3445
1034
2
238
130
30
150
40
856
7
2602
3
0
276
1
4
105
605
33
1418
686
635
2
297
94
11
167
4049
16
15
265
6
1214
475
53
122
51
1
316
1
137
323
17
27
145
1
10
2862
31
27
280
12
0
243
6
5
538
39
36
34
239
28
37
3069
9256
343
852
3
2244
1
475
10
1051
71
17
125
280
77
0
872
56
36
556
37
9256
343
1
0
652
30790
9
438
364
2
2242
6
2215
701
185
11
0
3026
9
83
1
42471
655
4223
47
694
161
0
75
36
10
17
1680
3
11217
27
17
5
1690
4313
4
0
208
415
2862
27
9397
265
103
1748
3032
2
9506
1
967
1
34
18485
4207
1
50
867
0
2938
8506
6
5185
3
1370
94
0
3847
2
11078
21123
1
2537
1
30
40
432
4
572
17
17253
5
193
1
15004
6
5
265
4
10722
17
530
2
52
61
902
642
4
6832
2489
1577
2
24134
193
16
203
161
39
475
18
13657
469
3
11217
27
17
5
1690
4313
1
44
93
27
265
363
48
8794
5254
455
1748
3032
7
21055
1
2938
10508
16
11078
21123
1
2537
1
30
40
432
7
0
276
12
5
19434
6
1577
1
543
88
17253
5
193
1
15004
6
5
265
4
10722
17
530
8
294
5
145
1
24
351
2365
2
24
351
86
2365
14
44
1015
27
0
152
44
107
1
8
22
4738
475
1
1214
18
145
2
271
475
1
38
6677
23
5
16250
17
0
8130
8055
203
781
1
78
0
652
14
27
263
1
5
179
13685
20
42472
899
714
1
34
404
3
702
35
42473
90
12414
69
5
8
1260
142
2
8
1214
34
556
28
9256
27
1600
142
1
4
27
7124
145
22
14
34
27
280
3431
4496
63
27
1
44
76
29
2054
27
31
317
27
3
5
286
62
1441
4207
2
8
96
107
74
3777
79
3
32
2862
12
0
243
6
0
538
1
79
114
44
107
74
183
110
1162
3
84
1
8
4738
475
22
2
9702
4
5226
16
1214
18
145
1
106
544
4738
475
1
931
27
263
18
86
9
180
280
3
503
11
2036
3
2806
701
1120
11
0
3026
9
83
8128
16
4738
475
202
213
0
880
3
161
6835
3
27
263
53
137
51
1
38
36
22
107
41
3777
3
32
2862
363
96
176
1
35
25
5
5111
551
3
124
3
161
6835
4
24
2708
14
14
10
204
28
42474
1
4738
475
931
27
632
263
18
86
9
180
280
3
503
11
42
13343
5060
2
2625
1347
3
143
2971
4061
7
2602
3
475
18
193
2
3958
1484
6435
14
11078
21123
30
5
1020
585
1
50
1358
5
4831
1348
12
5
766
6
24631
7563
2
12975
5775
15446
27825
17137
30790
9
438
26
1214
475
1
316
1
10
115
420
363
8794
1132
102
455
1748
3032
7
21055
1
2938
26
895
13685
10
3737
55
17
146
280
56
36
556
9256
343
26
11704
161
475
18
13657
469
3
11217
27
17
5
1690
4313
1
45
107
41
448
4207
62
688
3
154
27
3
5
286
26
11078
21123
1
2537
1
572
17
17253
475
18
193
1
14191
27
265
4
10722
17
530


