258
3311
4379
261
262
26973
264
61
1656
891
1268
268
269
262
25007
264
61
1656
891
1268
8341
308
369
59
23
320
902
58
361
2352
1348
14
582
21288
21289
2339
89
14
19165
57
23241
14752
27
119
1389
26974
346
2978
432
149
185
1579
55
257
23
333
502
183
2268
89
14
316
622
21289
5
14
1804
57
354
123
24
190
1576
5215
9
47
27
10375
34
941
99
383
24
432
149
45
256
1579
2360
1923
9
1411
2461
6423
5
14440
1863
61
185
891
6324
9
1348
24
1719
640
104
449
16
5977
1671
5535
2306
6036
27
8194
262
251
2353
17513
24
348
575
166
941
21289
5
316
354
8588
185
5535
2306
6036
61
941
1815
24565
279
7967
104
24
348
5
941
14749
14288
1129
21024
2215
1240
13
2801
104
306
32
1066
2
24
7661
27
119
26975
9
2033
432
2421
149
94
24
166
2351
2352
61
76
14
321
2213
308
279
34
366
947
27
251
26976
9
2033
111
5
17951
9
2033
893
61
24
9724
57
14
26977
1536
174
23
14
8765
26978
57
8222
256
24
13293
61
902
4411
23
320
27
251
642
1609
330
262
331
305
237
1920
1679
183
3235
24
2421
57
14
577
1605
24571
34
941
577
8588
76
14
1804
57
23241
14752
2
24
1580
27
23905
1359
13
3109
24
7773
57
24
315
27
26892
262
119
1389
26974
582
21288
432
8588
76
14
1804
57
23241
14752
61
349
316
622
21289
61
1489
13
341
15702
262
119
9479
185
5535
2306
6036
61
941
61
174
12337
7661
18741
1853
24
2266
331
941
328
329
663
731
5
2213
308
288
279
34
366
947
27
331
251
321
166
308
61
316
43
5
32
893
61
288
1533
2351
2352
5
319
13
14
6114
941
320
575
358
5449
9
2185
57
122
947
369
391
13
107
562
2965
27
331
6720
26979
61
8846
13539
34
941
26980
61
330
262
331
408
718
1740
32
57
1508
21289
149
14
1605
24571
34
941
1576
27
331
2686
55
4814
87
61
57
2510
61
34
24
2421
61
7967
5
819
2933
23
237
315
5
718
1740
24
411
412
288
23
1848
27
331
1447
825
107
14
10941
643
89
237
315
64
14
710
57
16279
27
331
10808
278
807
334
643
58
334
8812
1844
3138
32
57
24
21289
105
100
2050
401
1006
5
1663
14
471
3189
27
10808
330
24
432
516
5291
278
8409
159
15471
26981
6423
61
484
5570
174
89
26982
6036
27
842
185
237
6018
24
432
658
1594
185
14
24
26983
89
5535
2306
6036
27
1134
582
432
87
32
57
15453
10808
4227
13
278
185
941
37
4374
91
4782
104
14
3958
57
1389
26984
27
119
21289
61
958
91
941
6897
6892
6893
64
331
14
3331
21737
57
1611
2001
331
61
288
55
24223
185
1923
13449
3401
575
1793
1359
13
17484
2065
13226
1058
9
26985
27
1847
262
287
5
434
1887
4410
13
24
348
57
24
1719
13
442
24
2352
7967
618
4225
61
26986
330
262
331
1134
149
709
6056
432
61
628
1850
14
432
76
496
132
1030
14
2169
10355
9831
709
20351
61
124
5453
61
26987
2236
13841
3555
3555
26988
331
396
147
4151
262
331
1719
23
5535
61
628
1846
334
133
57
1123
432
1876
14
471
3189
5
935
1719
61
369
582
21289
5309
778
331
999
111
61
129
638
45
1028
13
107
901
61
330
1463
105
719
14
432
2059
139
24
6134
5
3222
3142
4071
484
24
1719
27
396
750
24
22598
12603
262
331
628
1018
1013
639
1222
24
432
149
185
1579
880
33
24
26989
61
1185
1222
183
105
100
23647
343
13
24
21254
4474
61
40
183
1219
105
709
3104
361
185
515
437
61
183
912
45
24
346
2978
1923
27
331
119
11380
1707
278
53
709
7509
27
1605
7210
262
941
6897
6892
6893
807
24
582
21288
4255
432
61
502
3958
1389
26974
621
61
13
2508
10111
246
1605
21288
1805
19165
57
23241
14752
185
5535
2306
6036
246
8341
308
2351
2352
123
190
1576
5215
47
246
5868
2978
432
149
331
445
1923
331
1348
1719
392


