144
1756
30293
293
16
41317
138
1
414
436
190
291
287
16
41318
138
1
414
436
190
65
712
257
6059
782
30
3196
19
1056
39
91
780
16468
14
21
76
762
19
1056
3
185
1942
7807
313
7631
1480
5806
2
4559
1495
741
375
24577
1
0
796
813
1
865
12
19
14913
39
91
9050
7
0
35
235
14602
11
41319
3606
2
15
1778
544
11669
21
76
256
19
754
20
0
841
3
185
1480
1771
7877
3650
4
1113
998
7
0
257
765
2
41320
16
712
257
6059
782
4559
1495
741
375
24577
53
137
7
5174
7
41321
1
15827
4
24578
51
865
12
19
14913
39
91
9050
7
0
8
235
14602
11
8109
8
3606
15
20902
14759
3056
158
562
0
6059
47
1717
10330
1490
9
50
2615
266
4
223
285
4
41322
1990
0
264
9
23
5
35
6037
4972
41323
2
741
375
47
3176
43
2207
31
3258
3782
23
5507
6
5
407
6566
2015
5872
350
3
9924
59
3
185
1380
10148
5414
1367
3
0
255
956
2
52
4248
7
6869
397
39
2703
14
25
58
32
35
30294
3
1065
23
0
6059
47
813
2
101
5
723
3
0
796
1468
375
12390
1
0
179
251
6
0
3239
2476
22
21
34
116
35
13222
4
10053
30295
63
19
3959
7
9657
11
1480
5806
2
89
21
1155
21
34
887
19
1056
17
0
6059
35
3971
41324
28
19
656
3725
2
52
4257
1949
24579
1694
2
741
375
1
3699
1
10
54
6
418
1778
765
362
5846
2207
31
0
302
1143
719
1262
44
76
2603
595
9
371
77
1942
3322
2
52
116
19
5736
39
91
1031
72
13632
5
70
28
6773
2
41325
16
741
375
366
21
76
256
10330
302
3
7877
3239
1027
4343
9607
101
0
14514
1222
1
741
375
13
958
324
21
76
2276
0
2558
839
47
3725
17
0
751
564
7
5
747
920
20
0
3497
6
10330
208
215
20
0
712
7504
1982
2
52
61
366
21
76
256
10330
302
3
7877
0
3239
1027
2
35
308
33
1433
92
1136
11
0
927
17
739
1162
3
1071
63
3
4343
9607
85
41326
21
22
2
30296
16
741
375
366
21
76
124
19
427
5730
7143
564
1186
30297
53
137
51
3
2428
10292
31
1480
1771
1406
2015
3
0
394
15
1454
7213
19
754
20
0
4900
825
265
498
59
235
9
755
1220
20
35
1713
1631
14480
30298
2
52
1159
16
35
281
24
469
3
672
7
3
29
5
935
12
5159
6
5
298
1
24
1131
58
141
124
424
0
41327
741
375
366
21
76
124
19
427
5730
7143
564
1186
30297
3
2428
10292
31
1480
1771
1406
2015
3
0
394
2
52
22
16
35
24
58
124
69
19
853
31
324
1
1166
294
813
6
0
257
6059
1
66
183
1
25
47
71
1319
558
4
14
47
56
66
30299
0
41328
139
10
1243
31
0
4216
6
3239
2
741
375
1
38
11335
1480
839
41329
1147
1
61
7213
63
24579
11
5
72
41330
1237
120
0
35
41331
894
56
0
12492
13
1438
28
4696
10292
2
101
19
7566
723
1
741
375
22
21
300
887
19
35
754
6
796
813
1274
1443
28
156
656
20643
2
52
176
21
34
35
202
157
156
1220
5172
23
813
3
1251
0
2239
6
1
62
3065
1
156
656
3725
11789
1
716
1054
3
143
20397
12
5159
6
4354
2
35
89
24
116
13222
4
10053
327
3
0
14740
1
12628
17
95
24151
10546
3
1439
94
7
405
1
741
375
22
25
10
35
7
0
6059
47
237
20643
11
59
3
3196
1006
2
712
257
6059
771
1454
789
20421
22
741
375
3176
43
35
55
6
30300
2
41332
16
101
0
14514
1222
1
741
375
13
958
324
21
76
2276
0
2558
839
18
3725
17
0
751
564
7
5
747
920
20
0
3497
6
10330
208
215
20
0
712
7504
1982
53
137
51
89
21
176
16
35
15
6059
47
147
1
173
10330
1490
1
392
32
887
456
6
156
6629
14
44
76
32
157
11
3078
62
1323
2995
2
741
375
47
3176
1273
41333
8
15
6059
47
147
1
173
10330
1490
1
392
32
887
456
6
156
6629
14
44
76
32
157
11
3078
62
1323
2995
2
741
375
47
3176
1273
4048
8
789
20421
1
712
257
6059
771
1454
68
9607
30
881
5
1622
6
1694
17311
1220
3
3650
4
1990
362
4
4044
3
35
2296
24580
4684
14
76
32
214
23
3421
2
52
1155
100
5806
34
40
2510
23
5
768
6
363
2603
2
52
603
125
179
362
6
35
41334
49
42
41335
2
15
108
1778
362
38
7213
6
42
2603
43
179
12492
18253
782
6598
7964
1318
41336
241
8698
741
8970
41337
1
268
48
70
5352
9
7
9
782
6
0
712
2854
241
1127
9
1539
2299
1495
1302
30301
4
1495
741
2419
2116
241
4
179
251
6
0
5730
7143
1302
41338
2
828
1243
156
821
9
500
2
26
4559
1495
741
375
24577
9050
7
8
235
14602
11
8109
8
3606
26
41339
21
76
256
712
257
6059
754
3
185
1480
1771
26
11766
10330
1490
23
5
8
6037
4972
1683
8


