258
2006
10755
5
3929
10756
61
10757
10758
10759
261
262
10760
264
61
741
266
1268
268
269
262
10761
264
61
741
266
1268
10762
10763
262
2036
8428
6628
1543
3967
61
3983
61
149
433
133
655
1951
185
24
941
10764
35
751
162
32
57
54
1533
10765
4071
61
791
2734
6209
1543
3967
99
100
4598
3477
14
10766
185
24
10767
27
3904
37
808
3967
61
3983
61
149
433
133
655
1951
185
24
941
10764
912
10312
1804
104
2778
5977
35
751
1411
6127
9693
5
1747
10768
27
10769
10770
10771
61
265
61
2168
185
24
676
5
7427
3000
24
3817
34
1747
9849
61
129
149
4150
14
767
9
40
146
147
215
1770
10772
76
54
10773
1681
10774
3098
27
808
10771
61
57
7784
941
61
330
262
1687
4352
822
64
387
64
24
676
1481
445
61
215
2396
54
767
5
1399
54
219
185
54
620
5
10775
445
27
331
396
149
8023
10776
61
628
10777
27
628
149
6484
13
2208
449
183
10092
61
641
628
389
54
1681
149
159
9
935
183
149
144
10778
808
3967
10775
23
14
10779
7208
9027
34
3045
308
5
372
1511
644
13
1650
61
637
24
10767
149
45
435
104
24
227
1348
215
149
1951
9
104
2778
5977
185
14
257
35
751
27
396
10775
641
24
676
2182
104
1747
10768
61
575
215
10780
9
2241
9120
54
10781
149
373
10782
27
808
10771
61
129
149
1951
82
2
223
61
330
262
1687
628
44
244
1014
54
1681
149
159
27
187
1211
57
1410
24
10783
868
2
158
14
853
2549
27
842
215
37
373
2168
1533
10783
1284
54
10784
2318
6892
6893
4705
3355
6916
13
4180
808
3967
912
5127
5
1153
24
10767
27
119
941
6897
149
14
10785
185
5855
6611
3955
3956
912
10786
1827
2956
9
23
902
61
5
10787
908
3846
2168
133
57
122
10788
9
5008
354
13
824
562
185
1857
10789
27
808
6893
330
262
1687
628
144
1028
13
1095
723
1348
369
723
2050
13
444
704
372
8058
6916
133
57
122
10790
10791
5
2334
1857
10789
1030
10792
2359
778
10793
262
941
6897
6892
6893
4705
3355
6916
13
4180
808
3967
37
5127
5
1153
24
10767
1687
6914
718
610
3633
5928
8058
13
9298
34
10794
23
10795
2074
502
610
2296
23
237
1032
5
10796
24
10767
61
502
610
704
2296
61
1348
358
193
23
122
10788
9
5008
10797
9
590
34
91
24
7181
9
1537
1284
3431
159
185
1857
10789
76
24
557
57
703
778
3955
61
444
542
133
57
122
10791
3555
6892
61
18
5
10798
808
3956
61
5532
54
3193
185
10799
10800
61
7149
24
5167
105
10801
2074
185
354
91
1145
3190
1299
1300
40
3843
24
2296
34
8940
23
10795
27
1134
632
10802
6628
1543
2968
149
4373
1687
10803
5
1687
10804
58
215
1129
14
10788
9
5008
10805
13
198
1469
1012
2
54
2964
13
10806
6423
5
935
33
156
27
808
3967
149
9314
13
24
5016
57
3904
3965
91
54
469
3966
61
5783
61
23
891
1972
5
99
647
319
14
420
1511
1857
511
23
24
2222
61
64
14
9843
3817
5
3104
1685
27
396
99
53
837
1389
10807
185
908
57
54
3817
37
6660
647
2189
24
6094
6330
27
251
1609
34
1543
3967
750
2952
902
262
331
1543
516
1030
13
4457
421
104
10808
69
10375
34
941
71
34
2540
54
8999
14
10809
5
10810
32
27
331
246
2036
8428
6628
1543
3967
4598
185
676
35
751
246
10769
7427
3000
3817
34
1747
9849
185
10312
1804
104
2778
5977
246
3967
4598
1951
2
6127
9693
13
1747
10768


