144
9904
940
293
16
19840
138
1
259
359
151
291
287
16
32501
138
1
485
359
151
65
48956
189
4937
10091
373
31
0
1177
12
377
166
2
33054
79
231
230
320
1
4937
151
17969
1317
11600
724
28
1177
20
802
48957
15411
2
57
10
63
6503
278
23
416
184
23
0
3639
1
50
7
837
1281
13
5
373
11586
2
8
15
5851
196
6
48
54
13
14
25
18
385
60
107
74
158
183
63
1
8
22
2640
48958
1
813
6
0
33464
3655
13420
1
16156
12
495
628
6
0
4937
1189
424
204
28
5
6532
7
0
8276
6711
2
297
94
11
167
10589
0
6532
16
16301
151
17969
23
214
28
0
8276
6711
12
359
15597
23
25
10091
31
1177
580
1869
16
580
54
34
1738
0
4937
1
50
10
23
425
23
5
486
2059
10
159
3
1812
86
373
3
0
1177
268
231
230
320
45
10795
12
0
8276
6711
1397
0
787
8192
20
5
1361
6
63
13318
724
134
889
1
0
4937
76
29
7243
55
5
670
403
112
25
34
312
0
1177
1
176
33464
6532
3251
636
4066
2
924
108
501
10281
1
234
63
0
912
6
0
1198
10989
1
46
61
32
7
1177
18
4612
48
872
2
16301
151
48959
316
1317
79
33465
724
184
12
377
1
50
4066
1159
13
8
5
1988
18
4487
8
28
1177
2
380
302
1
16301
151
48960
316
46
1412
63
48961
724
28
1177
2
1461
43
658
79
105
230
320
2
8
104
183
14
0
3555
571
13
5
2112
242
1
8
22
48962
41
1572
323
12
136
11928
1
1211
10869
12
136
220
7
2120
715
2
8
8
139
171
32
5
2115
49
448
3
5943
2
8
16301
6228
16
3049
161
60
33
1265
169
67
261
230
23
10795
718
0
5338
28
80
77
0
172
1
109
48
1222
28
0
48963
16650
6904
7
48964
1
1465
1
6
446
18
4937
982
105
33
196
6
5
695
6
837
4204
3
1812
339
0
3883
800
2
16301
151
17969
1
50
1317
12
377
166
1
10
743
398
278
2006
85
0
971
9
4112
4937
14
4865
12
488
414
77
9200
1
1304
2
15
794
6
0
2506
1
5377
3
63
19048
48965
6
48966
1
803
5
1907
4576
14
5435
3226
4
2133
2063
1
10211
67
85
6429
75
2
6470
43
900
56
37
48967
10683
6
837
2261
4865
77
0
16299
7
1304
12
488
414
151
15
2261
312
0
3131
20
5
1361
6
20
568
33466
1606
15
48968
10683
6
837
2261
4865
1
2320
5
35
31306
48969
14
5435
3226
4
10858
2063
380
0
222
132
216
2397
4937
180
20606
1317
2517
3
0
1177
85
4113
4
1431
4374
15
81
71
385
753
1519
0
1177
10
7
26057
1
56
37
4937
63
713
2252
1456
4865
77
24194
3792
639
10799
6
2793
28
837
312
1177
274
132
2
65
3039
5158
163
13
61
98
12
0
152
48970
48971
206
226
373
3
48972
0
3639
7
484
4000
14
132
1
216
501
4937
1
330
23
20606
1
1317
63
48973
724
53
48974
2288
51
28
1177
1
2517
85
0
14663
3732
6
4113
4
1431
4374
2
13545
30
40
1122
31
0
321
2271
3
325
4
1370
80
339
9
1177
3330
48975
724
62
2006
7
10280
1
4
6418
63
6673
1757
29
40
1459
2
360
1
118
63
259
1757
6
2397
10281
29
40
658
1
13545
1909
29
22
2
15
1921
13
2457
3
355
1909
4
6667
23
194
71
23
686
3
4306
112
37
4937
62
5158
13
12
5
3815
733
17
1177
1
7
1388
6
2093
49
5
5201
3
48976
13002
2
24479
648
1347
37
7300
63
0
912
6
110
312
1304
3
1872
0
2960
63
274
639
82
2
33016
1947
16
15
10989
13
214
748
5
11347
1844
1948
7
0
16299
403
6
9200
7
5
167
303
81
215
26
1722
10281
1317
373
31
48
872
26
238
4937
12
377
10
8
79
5
1988
18
4487
8
184
28
1177
26
57
76
29
7243
55
5
670
403
112
25
34
2087
12
5
8874
329
26
24479
12
0
8276
6711
1397
5
167
6
54
1189
424


