258
28727
10669
261
262
55758
264
61
916
3094
558
268
269
262
15891
264
61
916
3094
558
11380
7203
7541
31313
9
28819
330
515
54
355
6555
144
890
308
1671
34
366
10437
1707
278
53
144
890
7509
123
24
19344
96
23
941
61
24
1566
912
594
3355
798
330
902
27
11380
7203
7541
31313
9
28819
330
515
167
32
9
5
9
14
9
170
5720
308
361
133
185
24
4374
23
941
1671
13
850
24
16250
45396
61
54
355
6555
144
890
308
34
366
1857
3023
10437
1030
45695
27
251
321
6912
308
288
1622
185
24
4374
57
941
902
13
2995
24
5261
922
10307
10308
61
215
330
27
9294
23
3440
61
642
288
51189
61
8394
334
7745
19344
2222
23
1955
5
23
55759
355
288
441
13
26863
185
334
7745
24846
731
91
8333
308
27
378
64
215
44762
76
24
1873
23
24
10339
61
808
31313
9
28819
330
215
773
24
14272
184
445
34
24
557
57
902
27
396
330
262
331
408
278
105
3330
709
3071
104
704
1521
27
187
1130
13
278
423
2236
758
27
408
105
32
5
14
170
5720
308
133
1671
5
53
144
890
7509
818
515
87
45
1021
27
331
408
105
405
402
4615
1671
5
183
149
7634
5
6481
40
707
355
53
4149
308
2168
82
5309
27
331
408
144
2236
840
24
5097
5173
47
5
308
718
4199
237
4293
5261
23
918
57
10307
10308
27
2686
3017
1086
87
13
151
308
5309
5
221
4149
358
718
4199
2786
27
331
1707
20556
76
6725
21119
64
358
35153
13
1015
159
24
7745
19344
2222
185
1955
41612
61
23
1955
61
14841
27
251
12082
1651
2333
2844
5
32421
104
355
1348
358
45943
2
1778
40028
13
30063
14
1274
1156
27
271
57
355
22439
13
1015
159
24
24846
58
5405
4942
13
1456
445
6552
4162
515
149
12241
133
34
18
334
2277
27
251
642
798
10902
334
5267
185
1873
91
12553
2306
64
358
2995
24
10110
1671
7744
120
15599
438
5753
2306
61
23
6114
941
61
686
91
642
355
27
1447
288
503
890
7509
23
24
1032
1671
364
57
24
5405
5
54357
288
6555
61
11360
5
1399
23
24
33
57
14
642
2992
76
24
12716
4162
9926
5
25482
24581
27
842
358
288
182
407
2241
321
2175
27
368
105
505
100
25608
1317
39748
6036
13
1728
334
331
36187
5
13821
331
2222
3477
513
27
18396
129
2084
104
24
437
6329
58
2778
5977
1142
5971
57
355
30103
104
365
11007
61
129
4705
542
13
738
13
24
1474
27
11380
7203
7541
31313
9
28819
330
515
167
32
9
5
9
14
9
170
5720
308
361
133
185
24
4374
23
941
1671
646
288
503
890
7509
251
642
1609
902
330
355
105
23647
308
2
24
4324
13
24
1474
40
7149
358
288
750
183
516
107
7745
13
2502
55760
4162
2241
14
8009
27
396
359
515
14
3165
9
2033
111
2
1955
149
6555
185
15070
57
1286
1857
27981
27
1843
3144
9
2033
111
2
1955
149
6555
185
15070
57
14
1857
3023
3258
27
2281
288
35
2356
184
23
2946
34
8477
64
642
5910
13
9176
24
1474
27
162
55759
61
642
288
441
13
217
47
334
7745
24846
731
91
8333
308
27
1707
20556
76
6725
21119
64
358
35153
13
1015
159
334
7745
19344
2222
185
1955
41612
61
23
1955
368
1481
47
437
2320
58
5415
354
47423
185
24
2600
351
23
5919
185
1750
27
16948
288
373
38412
104
24
24846
185
2414
296
9
40
355
2113
1789
13
3051
421
2
24
1783
104
55761
1173
61
438
55762
91
24
1680
27
7637
308
288
663
6555
34
7152
2674
10437
5
288
23
2946
185
2414
2356
27
251
1609
34
5919
5
7874
1707
383
515
24
1810
87
967
91
24
55120
7613
5
709
5683
105
100
1642
1185
12427
91
542
13
6314
237
24846
27
43961
26269
55763
330
262
331
1134
87
334
836
502
4123
13
107
12957
8050
91
14
1565
34
26294
1354
5
99
1515
835
27981
13
125
2407
27
331
246
1007
288
6555
34
366
1857
3023
10437
1030
45695
246
1707
217
9
47
7745
19344
2222
23
1955
731
91
4278
308
246
162
55759
355
5145
47
334
7745
24846
731
91
8333
308


