3462
11401
38
4574
49
10366
7
42
11950
17
1923
2052
3
1380
12
12
0
588
842
33
1547
4564
8
630
20
759
1
106
763
209
2
135
161
1297
6
792
6
1642
907
6
3849
4
13816
13
91
1923
28
2052
3656
140
0
264
2
2614
1681
169
75
76
32
285
112
54
6
0
11950
2580
12
5
6941
4
29
2033
108
1700
3
718
55
11
0
1633
50
29
40
3273
35
54159
54160
2
34449
2383
16
203
161
2052
5220
38
4574
49
2038
10366
549
11950
33
34076
5
645
2506
10313
1971
17
6497
2052
4033
2046
33
18437
7488
11950
17
381
10366
4
123
54161
7860
88
49
2
5482
28
283
6
160
203
47
577
9069
5505
8506
53
35079
51
29
40
2497
1689
63
7868
2052
13236
2
135
22
25
13
3418
3
3517
0
5087
2698
6
0
863
45
54
298
1054
30
369
364
6030
6
72
7081
48
70
2
3462
11401
1
2931
28
5790
1201
4
21962
21963
1
33
317
2213
6
0
18284
606
12
6497
2052
2046
50
84
74
29
4901
4
8870
1128
2
135
8109
189
54162
11950
1
473
319
9421
1815
2046
1
4
123
4574
0
99
17
670
381
10366
1
705
3
217
157
31
18751
2
15
700
7086
23
373
23
686
3
0
2052
12147
4
21271
21757
0
10366
162
0
14331
1856
917
23
37
10056
2134
28
549
2
34259
6
2052
5220
33
3836
3849
4
13816
907
1297
6
792
6
1642
274
149
30705
362
29
1436
3847
1221
189
9782
8305
4408
103
20
472
274
3849
652
12
0
152
3
4574
0
3337
990
686
2
15
3257
1879
6
13236
154
242
12
54163
8305
69
160
1
17
8528
4
8337
9582
0
1476
9
312
1061
7
0
264
2
10313
1886
1024
49
4
94
0
22260
4
27097
1
23
168
23
0
54164
4
54165
1
4408
103
20
753
5104
3
703
274
3849
652
2
54166
23
27098
7
32910
9656
1
44
73
5080
2052
907
72
6429
7
54
919
90
2582
3
2357
25791
3
54167
4
1058
42
5875
2
101
54
276
106
658
5220
43
319
5
4144
5508
5
160
1948
6
8442
3
1058
3984
7944
6
3849
2
16606
29
40
763
3
402
42
1069
20065
11
0
2052
5220
1
38
473
1221
7488
11950
249
44
806
44
115
5
13820
133
38
107
41
183
63
0
2052
54168
5
3473
23
21
157
37
3035
408
363
2
871
6
0
2052
13
786
20
4076
2458
12
0
588
842
1
45
0
1879
13
1258
3
10112
3315
38
54169
25
4
1016
0
3088
17
0
5220
2
375
54170
1
6
0
35079
1
22
16
35
104
29
213
3621
624
49
4
94
136
34695
17
80
6
48
2052
54171
140
7
0
99
6
42
1144
2
35
221
13
37
3217
759
3
0
1454
270
2
238
16206
3473
62
37
974
76
768
7
7110
4783
2
35
378
0
664
6
48
830
33
2052
2046
50
33
91
13100
114
44
84
41
29
0
776
606
1128
2
35
982
3621
33
54172
54
643
39
216
1
132
7
1
132
55
2
104
252
75
3
185
282
2917
88
2
35
281
2052
652
801
62
481
1167
261
11950
4
75
2901
32306
44
171
448
0
106
22611
1315
85
1913
75
1440
3
0
13236
29
40
432
48
70
23
0
863
1575
3
2114
2
203
61
1681
14
1633
206
32
2133
112
4564
13769
1160
54173
2052
116
49
6
410
4004
62
50
13
11769
17
11528
2
18550
916
1
6
0
8975
1
22
16
35
57
13
37
974
14
13
340
5
1685
1136
3
1342
2
54174
199
670
9996
6
10757
13829
13
2286
1116
2
35
57
228
54175
3536
14
3621
33
159
3
48
5051
1
1547
42
630
4
217
6
605
20
1825
759
11
0
11286
6
3088
2
35
16606
171
202
1160
4076
2052
2
24478
1
25
76
32
11769
1
4
32462
25
13
6101
48
1084
6
1116
1020
54176
26
283
6
160
203
18
577
9069
5505
8506
6008
6
11401
26
135
256
7488
11950
2645
17
2038
381
10366
3
3079
2052
26
135
503
17
6497
2052
2046
50
84
74
29
4901
4
8870
26
577
863
964
25791
1297
6
792
6
1642
5
70


