144
1432
10764
1544
0
51075
22160
7782
183
129
717
25
73
32
3
402
1370
6
1486
7
7732
1080
2
861
48
7
1516
1
5
1422
174
30
16223
5
6054
7551
14
3270
7852
487
7732
4
663
1737
9728
2
982
9728
33
3495
17
478
1196
3
3545
7782
63
11480
2218
5
2799
1055
2
297
94
11
167
15
12866
6054
5834
6
37
1055
53
137
93
51
4
37
7421
7551
53
122
51
2
15
2427
9
3869
7551
3270
7852
487
7732
4
663
1737
1080
4
46
365
1486
7
1080
3
0
1055
101
2272
3
2370
21832
9728
1
0
1055
73
61
3545
875
3
154
3321
1
62
3
1605
1569
1061
113
42
22160
58
32
1303
849
2
12866
5834
6
37
7421
7551
14
34177
17
5
2799
1055
2
139
4651
9
4546
9
9781
7551
73
32
1284
7
5
1255
1
62
363
5
260
62
853
3
3270
3409
487
7732
4
663
1737
1080
2
982
9728
33
123
3495
17
3224
950
7732
1196
4
1431
10983
2
15
1055
1828
5
1902
914
3047
571
3
3545
875
63
838
1
6653
62
232
1080
4
5792
88
3
585
129
44
352
1299
2
101
2272
3
21832
9728
1
0
1055
73
61
3545
875
3
154
3321
1
62
3
1605
1569
1061
2
9939
12866
1
0
6054
10
803
31
1554
9
428
3598
3609
26729
2
12866
5834
6
37
7421
7551
14
34177
17
5
2799
1055
2
139
4651
9
4546
9
9781
7551
73
32
1284
7
5
1255
1
62
363
5
260
62
853
3
3270
3409
487
7732
4
663
1737
1080
2
982
9728
33
123
3495
17
3224
950
7732
1196
4
1431
6620
2
15
1055
1828
5
1902
914
3047
571
3
3545
875
63
838
1
6653
62
232
1080
4
5792
88
3
585
129
44
352
1299
2
982
14376
51076
73
61
32
157
3
143
0
487
9728
67
6256
4
2834
2
15
12866
7551
53
137
93
51
73
32
1284
7
5
1255
1
62
363
5
260
62
853
2
3531
9728
33
3495
17
3224
950
7732
1196
4
1431
10983
2
15
1055
1828
5
1902
914
3047
571
3
3545
875
63
838
1
6653
62
232
1080
4
5792
88
3
585
129
44
352
1299
53
137
122
51
15
451
61
16849
5
2130
47
1210
22160
9881
1
199
23
50
4213
6
7732
2914
88
0
148
1
4
73
1386
2834
8640
63
261
9881
2
12866
13
5
6054
53
718
4353
137
51
1
1093
3
163
110
3336
4
6715
33
2533
6
3420
8
15
1899
7732
10983
1209
31
0
3224
950
3379
0
264
17
7181
10320
1346
6
232
1
6653
62
838
3945
1
45
25
18
473
2834
4453
62
7732
4213
14
773
0
148
33038
51077
22
0
1422
174
20
26729
2
15
12866
451
61
16849
5
2130
47
1210
22160
9881
1
199
23
50
4213
6
7732
2914
88
0
148
1
4
73
1386
2834
8640
63
261
9881
2
12866
13
5
6054
1
1093
3
163
110
3336
4
6715
33
2533
6
2
15
174
20
26729
84
141
29
156
1043
678
3
1013
0
1149
2
26
12866
13
5
6054
14
5834
6
37
7421
7551
4
1055
26
51078
33
1284
7
5
1255
62
363
5
260
62
853
533
26
57
13
3869
3
0
2427
4
7852
487
7732
4
663
1737
1080
26
10572
33
482
3
0
2799
1055
3
3545
7782
26
51079
11274
73
61
32
157
3
812
7782
3
154
3321


