258
15659
18411
2819
331
51161
851
2534
213
7170
331
51162
13
31115
61
603
51163
5
1533
61
646
37
709
38752
57
7684
28304
23
185
24
25128
25142
3520
7170
38859
27
4360
24
1265
61
594
278
799
2241
24
8142
57
8764
51164
972
9
641
1094
27
119
512
9
4935
18837
99
51165
76
8476
172
1563
51166
13
5408
14
4623
57
14452
1893
185
24
767
27
3683
23
12384
2060
27159
5
21914
8609
671
61
24
3952
377
24
6492
369
1751
57
9403
13
24
767
37
5442
61
213
7170
5
46486
27
521
159
34
522
968
262
19613
2146
5285
51167
51168
1577
18070
23
525
25128
25142
3520
7170
14452
5
21746
8958
692
262
119
582
4623
3492
14951
61
43787
61
51169
61
4256
14769
5
14
50228
671
21746
119
4623
3492
14951
61
43787
61
51169
61
4256
14769
5
24
22575
50228
21746
9
704
787
23
14
331
14
3532
57
9248
5
50161
13
10186
2282
57
704
16602
5
7408
331
61
1489
13
51166
27
378
449
24
582
4623
61
51164
972
330
262
331
187
99
100
1088
5052
5
3602
13
107
2933
23
24
2532
61
2
24
5159
57
24
10689
218
24
9382
13
24
230
5470
27
331
628
278
100
10655
2933
104
704
5851
61
5
707
2030
5
5614
369
1610
7927
23
24
5470
37
18923
27
331
187
87
648
24
8764
149
663
2933
23
24
3532
57
5285
61
502
18003
34
14
14452
531
61
4128
14
10654
9
2146
893
27
51170
262
8880
51164
972
3366
76
51166
185
24
1804
5
1520
525
7852
87
8812
23
24
9382
51171
262
1882
13
51166
61
594
57
24
4623
726
23
28481
57
8609
76
14
37773
57
2060
5
51172
1042
3584
2290
45
2158
2537
445
24
20845
40
3293
369
61
723
696
719
8476
10654
2146
5285
51167
51168
484
27
588
13
917
24
1851
25142
531
61
24
1507
896
2978
61
2146
2213
9
3970
5285
61
129
23546
2
2928
51173
23
1202
11874
61
3423
23
14
4396
3484
6428
34
4873
38819
5298
10536
2581
223
34
51174
51175
5
51176
27
1882
13
10654
2146
9113
2213
29596
61
5285
61
51167
51168
61
14
2146
2213
13
3970
61
20250
24
331
51177
32325
5
2685
4108
830
515
4063
525
831
2829
23
24
511
57
24
51178
41619
515
24
531
3119
13
3193
27
331
119
172
1146
3885
278
14
821
1245
40694
57
24
10541
331
10654
2146
331
652
926
1577
821
51179
8550
13
703
27
51180
51181
61
5124
5359
57
4623
5
9382
104
51166
61
330
262
331
2281
12012
12893
972
5
51166
1999
515
183
149
752
34
704
2282
13
107
644
13
2245
16057
5
729
655
536
24
18923
27
331
3627
17613
61
24
18923
799
23
28481
57
8609
76
31988
9029
1155
64
471
5
2060
27
119
18923
369
38648
76
671
952
34
14
3705
1634
27
331
408
369
600
537
34
582
1246
13
2975
612
1864
5
237
87
24
55
227
515
51166
99
5682
89
14
23679
57
237
2745
27
331
187
1213
703
334
2539
13
5605
612
1864
14
1634
57
16208
5
51182
23
122
4270
763
27
119
1029
3340
87
226
1284
610
44
278
1541
773
5
610
369
821
108
76
24
2025
5
10089
1253
91
12012
12893
972
27
331
7801
358
2242
183
778
8218
6893
5
10591
46492
369
13
3022
23
24
11103
1045
3496
57
24
767
246
1605
14452
87
223
57
8476
9606
9016
51166
246
3495
1520
128
825
6985
9403
13
44544
246
8880
51164
972
2933
23
9382
57
24
19907
4623


