119
2682
37
2704
29369
57
1229
87
244
185
24
1301
57
24
2790
61
40
2053
87
8809
1005
362
1579
6156
61
1141
278
1142
27
691
3820
24
14555
34
1229
369
7453
47
23
1005
9480
61
5
1232
1014
24
8287
1099
1168
24
2790
37
2704
1229
18587
27
16751
6654
57
29370
288
1142
2590
29371
7472
1339
5748
3699
61
5
237
29370
87
330
13
107
14
3466
1862
57
1229
27
119
9886
57
25480
1229
185
24
1301
87
496
4063
612
331
2412
2790
331
29372
61
5
1232
278
402
100
3108
13
3865
133
144
834
822
1229
1099
107
24507
1411
2682
37
1301
5
1625
29373
218
19340
29374
27
691
1094
1014
29373
7366
2313
101
24
1301
6314
24
3604
27
1134
1229
87
45
23
14
163
1629
13
703
8227
183
87
45
25480
61
1234
1185
29375
27
1134
5887
163
87
1229
12561
810
24
29376
10533
57
24
29377
23
24
6156
2302
27
119
1290
57
8416
2313
57
8294
2302
12772
1155
175
102
61
1817
76
13737
702
4291
15287
29378
61
515
14
1229
29379
1235
13
163
14
29380
6406
69
29381
71
61
502
718
107
7453
89
14
29382
37
18684
10533
27
419
420
61
1141
3820
358
503
278
4121
24
1229
6302
1339
24
4744
842
358
4734
13
1645
133
321
2826
13
850
1222
183
19112
1145
24
6922
2790
27
119
9886
57
25480
1229
185
24
1301
87
496
4063
612
331
2412
2790
331
29372
61
5
1232
278
402
100
3108
13
3865
133
144
834
822
1229
1099
107
24507
1411
2682
37
1301
5
1625
29373
218
19340
29374
27
29383
29384
1704
2853
5
1956
57
1605
4745
29385
16740
29386
377
24
1342
61
13
107
784
3094
145
23
24
1320
1954
61
825
11281
1232
23
1343
834
24
2682
21072
61
496
1579
6646
26559
5
2923
29387
369
5
834
822
1229
87
12561
23
6156
2302
27
331
29388
16848
185
24
2682
37
1301
61
1155
64
29389
1185
29390
2773
61
369
334
11120
57
496
87
2050
185
810
24
2682
61
133
57
612
1774
61
331
330
2853
61
14
3564
9
8764
57
24
2886
27
331
628
1019
610
369
2113
5049
4121
34
14
1016
9
2682
1229
21254
61
502
1099
442
3934
24
5510
1479
57
25480
1229
185
24
1301
57
612
29372
2790
27
331
1250
278
100
537
34
237
500
1005
1229
34
4757
27
331
1250
278
402
9695
515
1229
87
12561
23
14
24329
12662
57
24
2682
37
6156
3875
1411
24
4224
6156
5
619
6156
61
104
2767
1411
8416
2313
5
13448
2313
27
2853
5
29386
369
24
55
13
5736
17078
4121
515
646
1099
107
1229
23
237
351
57
24
6156
61
1969
64
24
331
4070
5314
61
331
185
14
4109
4638
27
119
6605
10199
1853
594
57
24
1625
57
24
2426
4715
27
251
19631
9
29391
10190
69
1871
1507
8080
1853
71
27
14908
24
5533
57
1508
28623
28223
61
3869
12929
185
1005
9
6156
29377
288
658
133
104
367
2381
13
29392
1746
22528
61
1185
449
7366
2313
546
24
1301
27
29386
61
334
382
3770
57
29393
104
24
1956
57
1605
4745
61
4183
29371
7472
2
29389
13
3911
24
10533
57
24
1005
26267
5
6156
27
2853
61
334
13094
3770
57
2682
5
29394
27292
104
29383
37
29395
733
57
3742
5
2595
61
1129
8857
23
24
24033
13
221
23462
449
29396
16848
29397
420
2217
612
17078
20137
27
119
1344
1269
2853
37
21017
12929
23
502
215
4729
6156
2302
101
24
20609
175
772
57
7366
2313
546
24
2682
37
1301
76
29386
37
8857
2590
5510
3580
57
29371
5128
2
24
29398
61
14
9380
7279
57
1533
1284
4291
29399
1853
24
2426
4715
27
1134
395
1046
14
175
9
102
19631
10190
57
24
29382
29400
29401
61
1185
2412
18684
27
1307
400
76
14
8771
61
14
29402
1381
24567
5
29401
149
10736
13
5138
102
29377
27
1031
29402
1381
149
9468
1339
5748
3699
91
2590
29371
7472
331
29403
57
2302
104
237
22528
87
11566
652
594
14406
23
24
6156
23125
822
29404
61
23
24
619
1851
2313
61
331
330
29386
61
14
3564
9
8764
57
24
2886
27
331
816
646
87
14
8599
1479
57
29405
23
24
4070
5314
61
935
405
14406
2831
1550
513
23
2788
575
646
87
5940
89
24
4224
6156
61
5
515
87
4947
76
496
610
1142
27
331
816
144
32
4807
57
24
1290
57
6156
2302
3875
23
24
4070
5314
87
29405
61
515
516
107
12019
13
2707
166
607
24
1479
57
1229
23
612
1249
61
24
1141
330
27
29386
5
2853
37
1342
1199
185
14
8287
1341
23
563
23
24
1320
14499
23
502
1232
743
14
2418
57
24
29382
29401
810
14
19631
3793
47
2
14
22528
57
7366
2313
91
14
18443
23
4440
27
1031
2575
2418
57
29401
9
24
503
3611
23
12490
2
362
24
2682
9
5443
14
9963
1479
57
1229
7453
23
8294
163
23
24
29382
27
24036
57
24
2412
9
29406
29382
289
29401
61
29407
23
24
24033
27
1134
29382
87
648
13
6043
23
24
6156
104
2767
1411
449
5415
5
21646
1746
22528
61
5
4975
4975
64
14
29408
34
1229
331
13606
1185
45
237
4293
3611
87
8637
57
24
2682
37
1625
26559
87
45
1969
61
1204
61
331
2853
330
27
331
1585
610
278
1142
4121
34
5021
14406
1339
5748
3699
104
24
1271
2767
21672
13
24
29402
57
29401
61
502
87
6526
496
99
100
2298
23
707
12929
27
331
1312
24
1344
1341
23
1954
61
2853
17460
54
29407
29401
13
367
1145
7366
2313
546
24
2682
37
1301
5
1142
183
13534
1478
3580
57
6941
1288
1348
7345
13
1508
367
27
331
1307
14
2302
76
14
1842
57
29405
9288
2
24
4070
5314
13
24
4224
6156
183
5150
13
444
3945
57
24
29405
9837
61
818
183
29409
14
853
2549
61
331
29386
330
27
331
1134
87
289
29402
14406
27
331
331
5340
24
1229
87
407
61
822
57
183
1099
1510
12561
646
23
24
4070
5314
61
331
2853
359
27
246
29410
34
1229
369
7453
47
23
2302
1005
23
24
2682
37
6156
246
1250
3820
24
532
1099
1168
24
2790
37
2704
1229
18587
246
187
87
391
13
2244
594
57
24
4753
9
7366
2313
546
24
1301
246
8920
825
1094
1645
133
321
2826
13
2683
1222
24
1229
19112
1145
24
6922
2790


