258
4577
2905
3968
251
6558
6671
185
3354
515
13916
13917
2831
107
3074
61
13921
5
33104
655
14
2959
9
7360
5700
33105
24
450
57
24
31676
1827
13038
58
54
1093
4534
13
10905
1029
57
562
3774
27
13917
61
129
99
8885
61
87
23
1147
4382
23
14
4772
320
27
742
1093
13936
13917
61
129
99
100
7918
23
10354
1123
57
54
322
61
32873
76
4047
5
2114
23
3291
1267
13
1728
605
525
571
1449
61
1229
5
32277
61
20614
330
23
2959
27
251
6558
6671
185
3354
515
13916
13917
61
324
23
535
61
2831
107
3074
61
13921
5
33104
655
14
2959
9
7360
5700
33105
24
450
57
24
31676
1827
13038
5165
5166
8309
943
3255
487
12196
6671
515
13916
13917
2831
1522
24
14490
655
334
5700
7360
91
24
6558
4451
76
13917
5
54
4047
23
4772
1779
27
13936
13917
37
5700
33106
481
330
24
829
13
2430
1029
9
57
9
562
3774
149
53
58
4047
753
515
3066
5
33107
24
15932
105
1510
7185
7894
27
481
330
24
6558
37
10625
87
5562
13
384
24
791
3607
2871
2424
4093
1533
8638
27
13916
13917
37
715
57
6727
494
61
11472
13917
61
3469
23
2959
5
330
926
5892
12196
37
10625
5
825
1095
13
107
19383
64
525
583
37
19671
27
33108
57
5017
262
11472
13917
61
715
57
24
31676
1827
3022
61
174
61
5
54
1093
13936
13917
61
700
61
278
100
2278
23
11374
23
4772
1779
5
5165
5166
18
54
4014
1687
1539
8259
5120
1348
13
1550
33109
926
330
27
579
21053
133
104
13936
13917
5
7606
129
278
1142
11472
13917
23
10665
34
4710
13
23227
76
525
27392
61
129
149
901
13916
13917
37
10354
33110
35
751
58
215
149
4534
13
4772
1779
27
11472
5
13936
13917
278
100
2278
23
11374
23
4772
1779
5
5165
5166
18
54
4014
27
12196
4011
14
956
34
4386
13
1522
334
5335
449
13917
37
450
27
11472
13917
37
5700
61
1704
33111
61
330
183
149
7724
834
822
849
13917
105
13
761
27
13917
76
14
1060
57
486
27
396
20449
2
14
6113
163
57
8885
61
1474
13
308
57
334
7574
636
4360
24
485
19569
61
12196
330
13936
5
11472
13917
8158
13
107
2931
496
149
512
34
13916
13917
27
1687
187
4123
13
24
2959
515
704
5546
278
24
512
2975
57
10002
13917
104
12613
24
6558
330
27
13917
2515
14461
76
54
1827
4162
33112
1046
61
3607
2871
2424
5
13916
37
2871
2424
27
396
663
149
24
10489
57
28371
23
24
9387
33113
33114
27
246
251
2959
9
7360
5700
87
3758
24
450
57
13916
13917
58
54
1093
4534
13
10905
1029
57
562
3774
246
13917
61
129
99
8885
61
87
23
1147
4382
23
14
4772
320
246
8492
13936
13917
61
129
99
100
7918
23
10354
1123
57
54
322
246
1042
5700
330
24
829
149
53
58
4047
753
515
3066
5
33107
24
15932
105
1510
7185
7894
246
13917
37
715
11472
87
3621
13
107
19383
64
525
583
37
19671
246
331
1539
8259
5120
1348
13
1550
1463
61
331
926
330


