3075
518
30
15562
3
1714
962
11387
4711
2975
2
10604
28
234
2549
6
4171
921
3
4152
11
0
407
962
15519
1
38
239
81
149
39
91
1519
7
0
251
119
508
127
155
407
970
2
15
751
564
209
78
5982
14
4711
2975
8
93
282
253
760
8
2
297
94
11
167
751
564
1961
3898
4
8943
6403
1598
12223
29
234
682
2347
3
2429
11387
4711
2975
7
440
18
5982
12
446
4711
2975
7
4269
684
11
440
2
52
239
81
149
39
5
3465
3
0
251
7
5
3779
22969
525
508
11
407
440
127
19
102
349
155
407
970
8
52
10
5
400
11387
2
318
193
30
86
1792
75
114
25
510
20
0
13149
6
142
148
28032
1
8
68
3898
22
2
8
1188
33
41
2528
3
1530
508
136
796
229
1
53
19
193
738
51
14
142
13
234
5111
4
10664
1
60
14233
17
19
117
1
60
12006
17
19
174
9
2821
1
1303
509
3326
38
30
958
199
3021
1
60
474
11
4610
3898
761
142
73
202
32
810
0
222
311
2
8
1961
3898
78
5982
14
8
75
33
41
2528
3
1530
508
136
796
229
8
1598
12223
180
4711
2975
8
5
2748
174
130
8
4
8
5
264
567
38
1174
508
11
19
264
8
8943
6403
1598
12223
3066
6
8
0
264
567
38
1174
508
11
19
264
8
2
52
1002
6
4711
18
8
22970
4
1168
1
0
1484
21
2384
4
0
1484
21
58
29
207
8
2
8
4711
2975
34
5062
1
19728
4
37
3217
147
17410
2
65
2748
174
130
1
4711
10
2568
15676
4
4900
31
19
5055
1
8
68
12223
22
2
4241
6
0
518
1
28033
1875
123
180
11
5
977
6
4148
7
5982
3
32
7161
31
80
5507
1517
2
4711
2975
8
2308
46
32
477
12
506
7
102
704
1
17
19
83
232
164
539
3
32
3349
31
54
6
0
1192
4300
3
2047
5
2674
7
169
82
2
26
751
564
1961
3898
682
2347
3
5
247
130
38
8
93
282
253
760
8
26
52
22
75
33
41
2528
3
1530
508
440
18
796
229
26
1598
12223
176
14
4711
2975
10
4900
4
1174
31
174
9
2821
4
5055
8458
26
4711
2975
239
81
149
39
91
312
7
0
1897
119
17221
11
407
440
127
19
102
349
6
3179


