251
18893
5216
87
24
2107
1189
562
5285
13
3022
23
14
531
34
7479
9016
18894
61
23
502
926
1540
14
1265
57
525
17279
4299
18895
27
5661
16004
61
70
61
14
5165
5166
9
1893
18837
5
5244
9
8192
331
16028
14120
331
61
99
100
14
4381
57
18894
37
11134
34
494
61
5
1502
7043
520
57
2151
536
24
7479
185
24
1565
37
12419
18896
61
334
3098
172
6245
575
1864
718
18897
834
358
278
18898
621
8303
13
10186
122
2534
2211
3390
27
187
149
218
1508
3224
515
5661
433
24
5267
57
24
9016
37
18899
61
129
288
1165
13
6849
525
449
1036
64
32
57
18894
37
18900
5599
18901
531
3376
61
14
1060
57
11354
129
442
24
5577
13
444
1853
24
843
515
172
87
34
421
61
709
710
496
122
2146
61
9400
1185
16028
27
5599
3022
262
10970
5661
16004
69
324
71
87
24
18902
3022
57
18894
37
5599
18901
531
18903
13
3347
262
119
7443
9
2033
5165
5166
5663
99
402
9
100
14
4381
57
24
5577
37
7479
5470
61
5
4173
7043
3224
57
2151
185
24
18894
3098
172
6245
331
12243
494
495
902
61
628
650
133
57
24
18904
61
331
5661
4042
185
24
18894
1490
27
331
724
61
1508
369
24
2220
515
650
133
57
707
18904
27
331
628
1812
13
278
582
12273
1185
1018
1022
515
5156
846
27
1031
912
496
707
3302
9
1566
9288
830
2
6319
13
1605
1606
13
18905
831
288
449
61
5
23
14
124
880
61
707
2467
133
64
18893
27
331
628
3556
2859
3431
1189
3098
5
3339
18906
23
707
4975
61
5
32
257
628
13595
628
44
1013
2236
107
3339
1222
628
149
2797
14
4925
27
419
628
12336
515
912
496
24
594
752
1017
87
13
846
61
2797
334
3339
61
1189
562
5
45
1083
33
27
331
628
3805
494
34
1463
13
799
1817
5
3204
846
515
183
149
5316
13
107
2208
484
628
2113
13595
515
1463
149
846
27
1031
912
496
172
87
704
449
34
846
9
3477
834
723
2245
5
2590
851
4255
64
334
11120
57
515
27
331
569
4485
13
24
5577
449
24
531
61
5661
4042
834
5529
37
9542
3763
525
99
4073
647
926
53
24
829
13
799
133
64
14
18893
61
6331
515
3096
308
2245
515
358
369
4039
13
5218
525
11341
34
2931
818
27
18907
133
262
5661
61
129
650
133
64
14
18893
1348
926
149
2154
61
1520
515
331
2797
334
3339
562
331
87
24
594
752
1017
13
525
18908
4255
262
999
57
5661
37
17279
6492
2
24
18894
4623
87
24
18909
18910
18911
69
12893
71
61
40
926
3577
926
9142
18912
76
525
4255
331
628
1019
24
18913
594
18914
1017
87
1348
308
6273
133
144
1095
846
449
707
6993
34
18915
61
5291
405
18916
185
1222
628
12142
13
278
4002
1185
45
61
502
87
334
997
2211
5218
1222
723
217
183
159
27
187
912
14070
2344
419
496
912
47
76
851
17658
778
2346
331
926
4042
27
331
187
912
663
334
1190
652
183
16025
334
9771
185
4143
14490
64
361
18917
57
1222
1463
87
1185
87
1013
577
2236
577
18918
27
1031
718
107
14
2236
1169
9542
13
1876
89
34
1463
129
912
144
2467
13
5967
76
2786
1185
185
24
9797
57
2467
133
27
331
1307
183
726
13
525
1440
57
4255
61
5661
3577
515
926
5960
18912
76
1245
4272
5
14822
27
331
830
1003
1440
57
4255
831
18919
18
227
40
628
1019
700
1094
707
512
880
57
8282
183
87
14
2549
57
14
13253
1185
18152
18095
185
3645
61
331
926
4042
27
331
628
603
18920
9
2745
4309
1185
5525
18921
515
278
3602
18922
185
542
27
331
119
316
18923
628
370
444
24
594
841
18924
13
369
707
18909
18910
18911
2
18894
5
707
18925
9
1038
5525
4336
27
628
2342
389
23
24
35
506
1185
818
1533
5
1533
57
707
18921
5
662
278
7420
18922
27
842
1348
628
2357
1211
57
144
537
34
14
1533
5148
61
18926
2391
628
3289
89
14
1533
3767
18927
27
331
18928
18929
262
5661
149
1975
13
2457
23
24
531
91
18894
37
3564
9
18028
16923
18930
4520
34
1292
262
18894
37
5599
18901
531
4227
13
3382
515
172
87
18931
13
421
61
709
710
122
9400
61
2146
61
16028
1185
4255
162
17383
57
525
1036
511
23
24
531
61
5
525
7201
603
57
172
61
18894
99
1644
901
14
670
2
1579
4623
58
5661
61
24
18932
9
901
993
5818
5661
18911
27
18894
37
5599
18901
531
149
55
807
33
23
891
61
18933
104
24
227
515
24
1565
516
18934
13
2457
18935
61
1189
562
1540
61
5
5605
14
1265
57
7479
7408
5
18895
27
869
237
506
61
24
5577
1129
14
1060
57
1579
2534
8860
64
1540
34
1579
594
3291
18936
531
61
76
24
3631
57
15640
515
1579
18895
288
2250
34
1189
308
57
704
16602
5
7408
27
331
119
1189
840
1145
237
87
515
610
369
933
24
6553
23
421
37
6256
515
705
2146
5
9400
5
1816
61
705
414
1066
9
705
893
9
87
144
729
61
331
18894
1074
9
1802
9
5285
18937
18938
330
57
24
531
104
24
227
27
331
143
64
402
64
926
87
3108
13
107
24
512
4203
57
2151
61
502
610
377
14
1842
109
104
18894
61
515
37
2829
27
408
840
515
237
87
2075
24
1551
18939
23
612
5529
262
515
24
512
4203
57
8681
87
24
512
4203
646
87
27
331
246
5661
16004
61
2
5165
5166
61
149
1975
64
32
57
24
5577
37
18900
5599
18901
531
3376
246
119
7443
9
2033
5216
1502
7043
520
57
2151
536
18894
7479
185
24
5577
37
3098
172
6245
61
502
87
834
926
149
4598


