187
149
14
987
515
1089
8156
1853
24
9947
9
123
24
2118
2434
3224
2057
11817
3018
6856
6857
1037
13
11508
6838
62
14016
14017
123
14
112
1411
24
316
14715
27
143
2590
582
26990
2431
2544
405
128
278
29867
9137
24
13098
987
27
162
520
717
13
1002
128
278
3138
24
2544
87
1687
818
29868
34
5664
542
16588
24
987
515
1850
24
5493
3018
1377
2
2526
34
1413
454
27
521
159
34
522
7105
2
24
26990
2431
522
2544
3235
13
3193
24
11817
3018
14015
622
2526
110
69
1253
71
27
6857
149
5515
1377
34
1413
454
123
24
2118
2434
34
29869
13
11508
6838
62
14016
14017
61
5
128
278
319
13
1002
6429
24
3018
76
3224
2
24
2544
1687
14004
2431
87
818
29868
29870
873
1339
334
395
515
6039
6857
25459
54
2750
89
14
136
27
1687
16391
2505
24
14004
2431
29871
505
2168
13
377
1579
2928
29872
29873
29874
330
101
14
2381
395
27
3520
2510
61
24
7410
13
11508
3567
87
45
1644
14
2457
57
24
582
2544
27
24881
61
24
26993
278
1129
24
2544
912
14996
24912
13
2697
405
3581
136
9479
4071
23
24
2544
27
119
27013
3083
13
3193
6857
912
8270
25459
89
110
61
5
183
1308
1013
442
54
501
515
23
405
54
1009
369
2396
5
2750
14020
23
334
8812
14015
2175
27
4360
361
15240
331
818
16131
331
24
7410
13
11508
622
110
183
45
2236
14
582
2457
61
40
1537
144
14
3340
57
26993
29875
110
23
24
2544
13
221
183
2391
1030
2276
14015
315
6857
4494
34
5493
2
2461
58
24
2118
2434
167
24
315
27
1295
215
87
373
1521
13
221
54
3649
64
215
5923
13
8819
54
1433
34
14015
14017
27
143
515
87
13483
23
14004
2431
61
64
128
17639
47
24
2544
825
107
1103
13
1153
6857
23
24
2544
912
1915
24912
34
24
22974
57
54
1433
27
1295
2505
32
57
24
2544
37
622
25617
515
99
1751
10205
787
2241
27550
9
1155
64
334
11943
32
9
185
9
32
75
2276
29876
9
9993
24
23753
3224
13
107
319
27
6857
4494
34
5493
2
2461
58
24
2118
2434
167
24
315
27
1295
215
87
373
1521
13
221
54
3649
64
215
5923
13
8819
54
1433
34
14015
14017
27
143
515
87
13483
23
14004
2431
61
64
128
17639
47
24
2544
825
107
1103
13
1153
6857
23
24
2544
912
1915
24912
34
24
22974
57
54
1433
69
1253
71
26990
2431
149
407
13811
35
632
27
10140
11066
29877
37
6
29878
3567
14
2544
57
14004
2431
76
4378
21545
104
24
29879
2077
23
29880
1051
932
23
941
246
7105
2
24
26990
2431
522
2544
3235
13
3193
24
11817
3018
14015
622
2526
110
246
6857
149
5515
1377
34
1413
454
123
24
2118
2434
34
29869
13
11508
6838
62
14016
14017
246
12862
278
319
13
1002
6429
24
3018
76
3224
2
24
2544
246
187
87
45
2236
14
582
2457
3400
61
40
1537
144
14
3340
57
26993
29875
110
23
24
2544
13
221
183
2391
1030
2276
14015
315
246
162
24
2544
37
1915
24912
6857
87
3269
54
1189
9
562
1433
641
1372
246
1295
2505
32
57
24
2544
37
622
25617
515
99
1751
10205
787
2241
27550
9993
24
3224
13
107
319


