12494
783
87
5670
91
11021
64
215
31600
13
16959
24
6997
23155
2434
2019
215
3577
215
105
13
24743
34
27
2426
4715
50
3311
9331
149
6182
34
19853
163
110
1155
64
1172
9358
5
11887
44282
1348
215
901
783
64
32
57
54
166
14678
34
34301
27
1447
149
14
1634
515
783
149
6816
3872
185
24
12645
57
54
139
10108
61
15971
372
104
24
558
23155
2434
5
54
2572
6927
17
505
515
506
27
143
783
99
1094
3283
515
215
4456
2325
13
9331
23
24
1920
4615
57
24
257
215
4934
54
46991
13
1779
54
501
34
23379
27
12494
783
149
32
57
2572
50
3311
9331
37
166
95
714
14678
34
23155
2434
77
23379
1702
94
54
15994
149
54
6545
13
442
24
77
54417
34
24
8332
189
358
4508
185
24
230
257
104
50199
316
494
495
27
783
61
905
61
330
262
331
396
289
846
104
26771
23
24
296
8202
227
61
5
215
2193
628
149
244
5104
652
628
105
36680
158
27
331
628
14070
7643
1690
628
44
13
157
158
639
834
1021
628
1545
13
107
185
24
77
27
331
628
978
13
19007
515
183
149
14
886
829
34
158
27
1172
9358
105
144
2048
61
11887
44282
99
100
2505
692
15500
5
5214
24886
105
45
1996
14
164
704
506
27
331
628
2193
183
149
14
886
829
61
5
23
5967
57
54418
61
628
516
244
278
100
5246
1222
215
105
6816
24
622
4310
27
331
187
149
1211
57
32
57
372
1022
575
628
2193
185
2886
61
215
105
14
2347
2236
692
12846
27
331
842
628
53
707
230
11571
61
628
750
158
61
331
628
1028
11021
185
496
640
23
558
5
628
2236
61
2236
1028
13
107
185
515
77
331
27
331
396
2114
61
2210
628
330
9
5293
183
149
455
628
330
9
40
215
6816
846
27
628
1019
24
20071
288
5352
5
14985
27
331
783
99
3283
215
2325
13
9331
23
14
54419
2956
1724
61
7568
54
501
34
14
16453
23
24
77
783
61
129
21072
14
168
5480
76
20529
9331
104
50199
61
5120
24
102
87
1094
185
158
13
3864
9331
37
14444
64
24
2175
232
101
880
23
6785
185
4386
27
396
330
262
331
628
611
2245
1030
628
1028
13
1018
707
398
27
396
391
23
846
40
1219
215
3119
846
13
738
133
5
1018
707
2534
1017
5
2502
1030
628
6068
1018
61
5
748
183
707
512
2876
27
628
696
2168
13
81
158
405
131
27
331
783
149
42655
91
24
230
257
57
24
35
5136
61
64
24
13325
1694
33
2
890
9
608
159
13
1264
14
11566
17
27
1486
57
24
6795
129
288
2933
278
237
632
2469
159
24
11021
17348
61
40
783
1130
23
15143
76
9331
37
8653
34
331
23465
331
27
783
149
23
24
2572
77
1348
358
769
23
14
15328
13
255
23
496
37
1094
289
24
27172
104
50199
783
330
262
331
628
2422
515
1634
2414
1680
61
183
149
1533
14
1025
1284
1407
652
610
288
704
2505
1155
692
15500
27
408
288
818
2246
61
64
758
64
122
77
149
2505
61
610
144
391
515
183
149
2050
13
107
612
632
27
331
2015
1348
628
1636
2414
183
149
537
2928
692
34
703
27
331
1312
846
4456
61
628
847
244
2502
237
632
2241
2372
449
24
880
183
1999
13
1248
27
331
413
227
50199
726
47
628
850
542
6832
9
5
628
144
1028
515
818
10492
34
612
77
27
331
999
111
23
783
37
10310
87
4415
21638
61
129
497
24
7743
57
24
5828
77
76
54
42159
3368
104
50199
27
783
4508
54420
5
29482
6122
104
24
680
57
21638
5
156
215
516
1030
11021
27
783
3629
24
1679
58
24
2805
73
57
24
267
23155
2434
76
54
715
3605
331
628
769
316
2542
13
21638
104
50199
61
818
628
516
603
13
2502
158
156
61
1812
13
444
372
131
33
61
331
215
330
27
783
37
77
9
4985
11828
8187
61
14
9746
61
516
663
1030
24
3317
13
2502
54421
21638
722
100
38785
91
54
10108
23
24
139
27
8187
61
507
61
2469
2065
24
23203
104
24
37714
3271
23
3772
23
558
5
1142
158
8155
1565
27
8187
330
262
331
408
105
1155
14
2508
227
27
396
53
723
4072
17612
24
6922
2195
7925
610
2469
61
183
149
600
144
32
9
54422
5
54423
14
853
2549
27
331
396
149
14
1842
57
7420
61
1189
159
9
13
9
7090
5
1166
13
2502
76
27
628
1999
1030
1222
628
1949
405
1533
227
76
158
61
444
14
540
1533
10753
5
2502
405
692
15500
27
331
246
12494
783
37
23379
23
24
2572
23155
2434
77
149
822
9
31489
246
1964
3311
9331
7458
783
18
23
9
163
1172
9358
5
11887
44282
34
24
11944
104
34301
61
4800
185
4386
246
783
1520
215
3252
54
501
13
9331
484
77
5182
246
396
330
215
3119
13
54417
34
2572
189
13
255
23
24
27172
104
50199


