258
3929
10756
61
10757
10758
10759
261
262
39350
264
61
666
1078
1268
268
269
262
42056
264
61
666
1078
1268
3955
3956
2881
14
174
9
6790
18706
2
7010
6752
273
1982
215
163
14
5167
76
3904
58
24
1462
6330
27
119
5855
3463
5856
87
2522
10648
54
48308
13
6737
13
531
23
5392
185
14
9825
13
17530
1389
6472
1387
1388
27
842
64
582
6918
2057
6928
6929
10025
99
25579
91
14
188
23
166
494
61
14
8342
57
7814
3283
594
516
6513
13
850
3904
912
3966
3967
3879
64
3463
5856
1462
227
2535
27
4041
262
6928
6929
273
22745
6513
24
6553
57
3904
1905
13
6439
58
24
5392
6330
4041
262
3955
3956
87
101
102
2
6928
6929
273
13
5655
14
582
5167
76
28732
1543
5199
69
174
71
13
163
14
6439
9
3992
2528
76
3904
37
3966
3967
69
700
71
251
8342
57
273
91
6928
6929
10489
1046
2424
1299
1300
1028
13
122
2222
13
163
14
1751
5167
76
3904
58
24
5392
5781
6330
61
4982
13
144
145
1299
1300
129
1028
14
4541
57
24
6439
9
3992
2528
76
1543
5199
912
6668
27
251
321
2431
1299
1300
516
1030
14
1687
4372
5
38868
5495
76
3904
61
502
516
1728
4539
57
14
5167
5
996
24
6928
9842
2801
13
9298
185
334
1190
9
91
9
1190
12645
61
40
12830
45
13
1415
159
24
4929
1185
9298
75
1579
22329
27
187
1506
1533
1284
170
69
2310
1299
1300
71
57
6928
6929
273
1028
13
850
405
163
57
19457
76
3904
4982
13
8896
1284
16
23
1507
69
2195
1299
1300
71
129
1028
13
4699
13
6439
76
24
6668
27
3904
37
6919
23
558
149
1145
1389
48309
1533
1284
515
57
24
9853
5
7010
6352
1269
27
3966
3967
37
2222
105
14
2488
6919
57
144
18
1389
45593
5
1949
1145
1389
48310
5720
27
187
4982
13
334
6919
57
1389
48311
5720
5
44681
57
1389
48312
5720
34
1543
5199
37
6668
27
2318
61
3955
3956
37
7010
6352
510
23
144
18
1389
608
5720
5
1949
1533
1284
1389
28469
5720
1295
24
4198
61
407
91
24
41048
7613
61
663
3904
37
10025
663
130
61
2
48313
23
1972
5
48314
23
555
13
48315
35
506
27
3904
37
6919
149
47
2
1389
48316
5720
23
555
5
6755
7346
663
472
2
1389
48317
5720
61
655
6928
9842
1850
14
1478
980
2
1389
35723
5720
27
2281
24
10021
3052
4139
5
24
1428
20300
4139
17002
24
4815
57
1068
10025
6918
27
119
26307
1850
10025
25419
2
48318
23
1972
13
48319
23
558
61
185
24
33
57
24
2222
37
8065
57
5760
1123
23
41047
61
655
5078
9847
37
9808
99
624
2
48320
23
1972
13
48321
35
506
27
2318
61
10025
57
24
420
9
700
1611
3052
4139
5910
13
2741
61
2
48322
23
1972
13
48323
23
555
5
144
48324
23
558
27
119
26307
105
334
6919
57
1389
28661
5720
23
558
61
9808
1389
1892
5720
5
24
48325
1389
48326
27
2153
48327
61
8937
57
48328
61
330
262
1687
48329
61
183
4063
1440
34
24
6928
9842
13
1028
13
4330
3904
1462
227
262
183
516
3193
24
2222
87
1013
4140
334
48330
13
24
6668
40
718
223
76
365
622
4396
5546
1222
515
912
834
24
1857
6225
27
1687
618
14
44068
12645
61
3904
912
134
185
14
4623
57
124
5859
452
9
6591
9
15883
34
24
2330
9
590
61
24
1687
11447
29070
61
2214
29432
9818
34
15444
16326
9
99
4534
1795
24
6928
48331
23
3291
38132
16972
5128
2
24
41048
7613
2057
24
7010
6352
510
23
144
18
1389
608
5720
23
15209
23
558
61
5
1949
1533
1284
1389
28469
5720
27
119
4198
663
2057
3283
14
14874
15763
23
10025
34
24
7010
6352
61
159
2
48332
23
1972
13
48333
23
555
5
48334
35
506
27
119
1679
87
1481
34
2276
1650
9
445
1411
808
3956
5
54
273
104
24
2222
912
6248
2328
23
16873
23
891
27
119
2222
3965
9937
13
738
89
24
5781
6330
76
334
3220
9830
13
151
6248
3733
1387
1388
57
1389
6472
27
6928
9842
825
107
1414
13
33
24
6993
13
6651
24
6997
1388
61
14
1454
502
516
1119
183
13
1510
14
16916
9825
27
119
21830
57
24
3125
18
1387
1388
99
9228
18
24
2222
647
183
1694
24
1972
6330
25354
10794
484
21851
11658
13
10728
14825
5138
3862
27
808
3956
147
3199
34
2058
24
9830
23
14
522
515
149
182
45210
5
285
4133
185
24
2722
27
2226
751
61
215
750
2222
273
515
24
5392
16916
825
221
14
3466
6132
1411
1687
6239
331
5
331
7143
331
5
825
663
6191
133
24
2222
37
471
6278
34
1193
5167
6318
27
12050
2593
278
100
1872
47
91
24
6928
6929
5138
4747
1950
1060
61
11
91
13767
19882
48335
61
502
7189
2403
13
4030
24
1388
13
1389
3838
1185
6867
542
76
14
3753
6591
27
187
4246
40220
24
1389
6472
9816
76
14
582
4929
935
8331
24
1398
27
4139
4190
330
515
223
516
6858
185
834
6949
24
1398
105
100
27
2520
6928
6929
1444
61
13193
1393
107
3843
104
1579
2328
13
1510
2222
1398
27
251
1609
330
262
1687
1134
825
107
31489
104
48336
3627
156
262
1539
145
1299
1300
57
6928
6929
273
8369
91
48328
1028
13
850
14
4541
57
24
5167
76
24
9853
251
3355
6928
6929
4855
750
119
3906
262
1687
408
639
515
610
1393
45
738
89
24
1462
6330
2540
25398
10060
515
610
1492
244
107
644
13
151
27
1687
9939
2
7642
9
12746
7814
13
8058
6916
99
319
17940
185
237
5
610
704
953
2
515
824
11272
61
818
610
369
753
45
13
4541
24
3873
27
1687
1031
824
99
3759
703
704
24
685
57
16131
61
48337
3740
515
610
718
107
2246
44
107
11250
23
4929
27
1687
1031
37
1607
610
278
9141
8461
24
6646
1156
5
24
6098
5
278
8346
515
610
2831
14848
76
24
6646
1156
5
3728
183
625
183
99
100
417
14
6124
3317
13
5282
37466
246
16498
57
7814
516
6513
13
850
3966
3967
37
2222
23
6439
246
6928
6929
10025
48338
13
48339
61
159
91
6727
1504
647
1972
246
3956
2235
1650
9
445
76
2222
18
9830
13
151
1389
6472
1387
1388
246
3904
37
6919
1533
1284
6668
331
5
6928
9842
331
1269


