144
507
491
1215
293
16
24366
138
1
483
484
190
291
287
16
26206
138
1
483
484
190
9998
16
3855
15263
30
1184
41
578
3
0
5145
6
4643
5129
2975
4
4643
5349
11730
3855
15263
30
1243
4594
64
1052
106
362
38
239
7
5
1158
4
11798
343
2
15263
1
966
1
1184
41
578
20
502
904
372
3
0
5145
6
3604
338
203
14467
5129
2975
4
5349
11730
2
15
362
43
285
23
44
2404
3
5
365
6
5
4056
7
22052
1
3604
338
1
12
460
542
2
12093
6
0
64
106
362
1327
0
942
13186
31
106
117
17065
362
2
30321
43
477
20
338
10398
11
0
64
28065
12
64
5475
230
81
215
17
1297
14977
0
1777
3
503
42
7420
2
4643
11730
47
4180
4643
10748
49907
682
2347
3
0
8
1595
106
544
8
2
52
22
16
8
5349
10
2214
2
96
10
2214
20
1637
1732
8
5784
232
17
27
10908
2069
2
96
10
2214
63
4745
11
605
2
8
5349
4163
0
237
14
5973
30
3
1005
0
172
45
14
750
27
983
158
2418
2
8
1336
20
0
2308
6
18381
2975
1
203
31929
3295
3267
22
16
8
96
10
7439
4900
4
1174
31
27
1732
38
58
33826
3845
27
23
1965
1
412
6
142
1
300
2874
3
11361
5
619
1
23
1912
23
17798
1
23
3865
23
44
226
8
30292
782
10383
741
1114
32590
682
2347
3
234
362
1
324
16
8
5129
4
5349
53
11730
51
692
14
0
106
451
30
0
222
5975
6
1052
362
23
1154
362
2
8
8464
12
2102
16
4643
5349
11730
53
93
51
4
4643
5129
2975
53
122
51
43
285
4760
3
5
365
6
5
4056
378
186
16
5742
203
362
20
502
904
372
209
11
0
3826
4
10563
942
6
3855
15263
38
13
603
6
0
5145
6
18381
18
5349
11730
1
1903
1
4
5129
2975
1
928
15263
1
6
100
3812
49908
1
38
532
31
29363
1328
697
1011
9
5229
1
1243
216
452
635
1
173
0
466
6
975
6402
1
928
1
12
417
896
1
4
0
466
6
68
6402
18
244
292
1
2233
1
12
522
259
2
52
61
1243
146
1577
6
1680
466
4
5
54
3610
6
1298
37
2506
2
2666
49909
1
918
1
28
22052
1
4
5641
6830
1
2473
1
28
31438
1
1184
41
578
3
0
466
6
975
6402
4
105
1577
6
1680
466
2
1796
10827
1
2064
1
28
49910
1
1243
0
466
6
292
6402
1
2389
6
5
8356
17
4525
3
22053
142
1
1680
466
4
1298
37
2506
17
5
619
9
11798
2
3442
106
11950
43
5457
363
502
904
372
120
0
942
9998
16
15263
13
603
6
0
5145
6
292
6402
53
93
51
4
19
198
975
6402
53
122
51
8815
4085
1
823
1
1243
0
466
6
292
6402
1
54
3610
6
1680
466
4
37
6074
6
1298
37
2506
17
5
619
9
11798
2
135
43
7763
7
1330
268
42
644
20
3521
904
372
12
488
441
2
15
2600
5229
1
1744
523
1
1560
18657
1
4833
6342
1
3391
5120
4
7489
4326
1
43
41
348
3
2667
42
9979
20
0
942
2
523
1
2064
1
6
10956
241
18657
1
999
1
28
10741
9
182
9
33827
241
4
6342
1
2125
1
6
10565
9
24006
9
49911
1
33
572
17
0
466
6
975
6402
4
105
1577
6
1680
466
2
5120
1
2473
1
28
0
30732
329
1
13
572
17
0
466
6
292
6402
1
1680
466
4
1298
37
2506
2
4326
1
928
1
28
31903
1
13
603
6
13434
37
3302
2
135
43
7763
7
1330
3
505
3
502
904
372
12
405
316
3
2667
42
9979
2
2577
60
33
1129
3
2005
685
11
620
1425
2
26
338
203
14467
5129
2975
4
5349
11730
285
119
4760
3
5
365
6
5
4056
7
22052
1
3604
338
26
15263
1
966
1
209
1184
41
578
20
502
904
372
3
4626


