258
8583
45300
408
696
105
119
13031
1611
28442
12216
61
1094
183
37
496
723
2290
1724
119
13031
1611
38136
12216
64
14
582
1726
3193
16680
1533
273
57
24
1857
9
237
227
20680
9
75
621
622
23
24
4290
358
603
27
143
119
9525
45301
4525
87
45
34
24
5242
9
10545
61
4315
24
9889
9
646
369
1583
57
617
94
24
45302
5
45303
27
331
1134
87
24
886
1029
57
9427
7249
61
331
1520
45304
45305
61
14
5005
3197
1785
129
15251
23
24
3193
23
5480
76
54
10699
5802
715
45306
27
45307
21390
76
24
33786
5584
57
119
9525
45301
4525
61
2
174
13
700
61
45307
21390
61
15445
45308
61
45309
178
61
5364
22743
331
187
37
455
1030
372
45310
9
45311
32801
18393
27
1134
149
1413
454
57
8294
24780
61
5
421
472
13
24
238
27
331
162
24
190
9
398
3232
61
8739
91
45307
21390
5
971
35
506
123
24
5726
36
61
363
7688
57
20680
369
417
14
14785
57
1675
23
24
45312
17645
57
45313
1385
23
17608
27
45314
45315
251
1741
23027
8930
6558
5
791
219
57
1741
45316
45317
61
15445
912
14
80
4381
57
1503
9
851
9
2534
5
87
14
1551
1774
1145
24
1566
33786
43813
1493
23
54
2024
30426
3351
27
45318
45319
3546
5
8764
45309
1129
13
3235
185
3711
61
45320
3546
5
87
512
1969
34
525
14413
185
45321
5
45322
27
579
1949
493
494
2329
14
27524
276
23
13192
5
1094
763
23
941
27
30904
45323
251
5663
57
24
45324
7681
5
32
57
3440
912
1330
27052
1554
61
15445
99
100
19929
5
25325
8156
76
54
26189
61
39081
5
8214
34
1533
1284
1011
494
27
691
621
278
2431
3133
13
223
185
122
43813
34
47
13
1114
4615
14
632
23
14
4233
13
799
47
76
5398
9
2548
2202
61
17201
61
664
5
18088
27
1486
57
24
27063
3531
122
6922
12325
646
58
14
632
2931
122
257
1086
27
143
45
503
1018
358
278
13
107
4305
9
20692
9
358
1393
663
3193
3550
5
12757
9
19439
9788
27
5115
632
24
27063
855
166
2524
61
20953
2
171
445
122
45325
5
2540
37679
2
664
358
696
624
13
2467
47
76
2858
45326
53
2
122
1493
27
1447
369
166
5589
7606
262
24
1741
23027
8930
37
15445
45308
61
129
1577
104
24
2820
57
122
1493
61
27052
5600
5364
22743
61
129
1213
24
14455
185
122
12757
19439
61
5
15932
3399
45309
178
61
129
3390
122
45327
5
45322
27
10548
9
10549
15445
99
253
100
9810
24
2465
9407
57
24
20679
1146
61
5
1793
27063
738
14
2549
45328
18
158
27
331
9940
61
628
1825
56
14
15445
45308
4381
2439
61
331
1520
9059
26635
61
14
2255
9
57
9
316
2
6735
23
1787
27
331
396
99
14
880
449
158
723
144
847
244
442
2628
27
1447
37
334
4346
646
515
594
2282
825
444
27
396
99
24
498
6600
23
43817
40
215
37
604
23052
27
331
842
24
1189
3376
369
24
2508
1611
1857
61
64
22439
91
24
3536
27
16600
45304
61
5555
61
5
45306
61
9757
61
129
64
758
64
3108
13
1503
1493
185
14
10786
45329
278
24
2243
21633
57
3108
13
227
122
20704
23
15143
76
24
5375
37
24240
27
35446
9
45304
45305
5
54
715
45306
331
408
696
45330
23833
9
45331
64
14
4290
34
2471
14
2347
494
1094
61
331
1520
45306
27
331
1447
37
14
316
9
632
3036
1348
723
718
11171
705
751
61
5
723
728
2150
13
11171
1245
1022
9
664
61
17200
61
12746
9
185
1245
1267
27
187
37
704
8727
133
76
283
61
537
104
24
3189
4748
5
3828
13
748
542
122
512
45332
27
331
842
515
87
244
334
1166
1156
13
4180
1348
723
728
2797
1533
1284
334
2277
868
2
24
14785
723
728
29896
27
331
1312
24
3484
3232
61
610
503
1789
13
1018
449
1851
1299
1300
57
612
5726
23833
9
45331
61
331
1520
45306
6034
27
331
408
365
223
818
610
288
244
600
644
13
444
646
1348
610
4995
13
27
331
1295
61
24
540
278
14
3515
8044
262
45306
37
10699
45333
61
502
926
15038
13
24
2625
13
748
542
692
3828
27
331
187
37
1465
628
1018
23
24
45334
104
82
61
331
926
1520
27
331
45335
369
2797
1022
5
358
1030
515
3828
27
331
143
496
638
122
20
1019
57
237
178
10385
9
1030
2726
778
331
45336
61
358
648
183
149
14
2549
1245
61
331
1520
45304
27
842
358
369
244
24
503
36397
43813
45337
94
24
3193
37
27063
27
9059
26635
5
525
2255
9
57
9
1413
2179
9
23
9
3802
23694
2007
61
365
5667
61
369
7442
61
5108
5
1030
13
2242
3645
662
5
21247
655
20679
27
331
408
1153
612
21247
64
20694
5
1439
12572
13
37269
47
43205
27
408
728
1219
45
18394
20680
9
1348
610
55
1802
47
185
612
43813
610
2168
405
13015
45338
26635
331
408
1153
612
21247
64
20694
5
1439
12572
13
37269
47
43205
61
331
1520
9059
61
6484
27
331
408
728
1219
45
18394
20680
9
1348
610
55
1802
47
185
612
43813
610
2168
405
13015
1577
61
40
625
308
2168
13
639
703
358
44
850
515
610
2193
496
610
288
2931
27
579
5923
61
331
1447
369
4348
57
11403
449
20680
806
185
3484
358
728
5291
43
536
6273
9753
27
408
1028
13
3382
14
222
9
515
2938
718
990
27
628
444
4703
57
24
1046
575
503
6666
9
415
43
369
3748
13
278
334
18223
185
20679
27
331
777
16031
34
20679
2859
1348
9059
37
448
2168
334
43813
27
331
1307
358
55
2859
610
704
330
61
2344
2186
278
723
2168
334
43813
34
778
2346
842
935
610
906
23
603
76
183
27
187
37
14
3331
880
57
3431
18158
2202
5
2203
2241
3886
2082
9001
27
331
691
4886
13
722
100
94
24
45339
57
24
27063
27
331
1447
288
4348
57
617
61
3458
1348
1463
105
13
738
61
331
1520
9059
27
842
926
3545
61
331
408
639
610
2391
14
2549
28482
40
610
2193
610
44
1153
24
1217
515
308
516
12951
703
13
612
3275
27
331
6386
278
3515
6300
57
122
2534
27
1312
5802
7273
24776
5
525
512
549
57
18
1114
494
61
4644
3733
18954
10158
45340
61
183
37
45341
45342
27
119
1047
61
2
39817
61
14841
61
365
4593
61
621
278
14
45341
262
45343
69
901
58
24
5241
45344
45343
2
14
11262
45345
16170
71
5
45346
69
981
331
45347
331
61
23
24
4094
172
71
27
23694
2007
5
525
2179
9
23
9
3802
9059
26635
331
628
1142
133
24
15284
57
45341
45342
1348
628
285
13
14
45341
12597
5
24
8405
12606
405
61
586
183
718
1532
185
24
3207
34
14
6201
1623
61
331
1520
7273
27
331
251
2347
494
495
707
583
5
628
2168
24
3317
13
4658
14
2897
37
1698
818
610
648
610
44
244
1018
226
1284
4658
334
44124
45348
9
14
45341
27
419
610
4936
316
634
61
5
10158
5
628
6546
122
45342
5
1153
183
185
612
990
27
187
37
692
34
1690
2
11980
17201
13
518
5
149
612
3515
8044
806
610
2193
709
32
2359
516
278
183
27
331
2318
61
2229
14804
5
512
486
3277
45349
61
3837
61
5
22209
3605
61
3845
61
278
1533
57
14
2544
4734
1284
14
3515
8044
27
119
1047
61
129
614
334
43813
23
29009
61
326
6194
61
4886
122
3017
3631
87
13
45
799
35
27
331
408
45350
23
2931
64
853
64
1243
40
722
2046
838
61
331
1520
22209
27
331
408
278
612
2534
1490
502
1046
612
36123
5
612
3106
806
610
728
3098
449
834
2192
610
369
27
331
24881
1284
1950
61
358
2045
24
5538
17348
57
24
3193
806
704
24
27063
278
799
868
64
3952
486
58
2074
818
3096
12325
609
27
331
119
7289
610
650
13
1131
223
149
1667
421
2359
2931
183
61
331
3545
22209
27
119
1047
369
14
11822
13
24
247
24
819
3134
24
594
2525
262
5802
3966
973
61
1823
61
5
54
715
37
512
549
37
571
6889
45351
61
129
37
4644
27
119
10936
1047
105
604
45330
609
484
24
3193
9
6889
61
9192
61
9716
23
1348
3966
37
55
4068
31
133
652
57
24
227
10089
4995
9
40
358
182
1142
14
1474
603
23
6048
27
569
622
27063
45352
122
6993
185
24
15787
57
11437
61
1508
316
278
45353
27
331
3944
516
723
6246
14
2482
5
45
1028
13
81
778
331
1520
6889
27
331
408
288
2525
23
334
3098
880
5
1222
2938
1414
703
449
612
6993
610
1825
3745
3204
542
27
143
610
623
2276
77
133
1348
358
769
405
45354
27
628
1825
377
14
2347
57
24
5971
288
2765
1347
1533
2525
40
76
14
1533
17468
4255
27
331
2015
1508
316
105
122
45355
9
22169
4071
61
3400
27
331
45336
3537
61
1348
610
3832
610
288
6181
34
32304
5
663
1348
405
57
612
486
285
61
331
1520
6889
27
842
167
24
3594
5
617
61
237
4123
13
278
100
14
45356
10144
2482
27
331
1833
61
646
288
2195
57
703
5
610
288
704
821
1245
23
3096
1246
61
40
610
105
32
1017
23
1474
61
331
1520
7273
27
331
408
704
603
5726
27
331
119
9525
45301
4525
10486
185
2431
3192
104
4884
5977
185
6937
27
119
19042
767
87
784
91
45357
1569
45358
185
2272
61
1389
1011
27
246
251
582
3232
185
6937
825
1399
20680
13
24
4090
246
119
4305
20692
27063
825
15599
9788
2
2203
5726
13
12757
19439
246
35446
185
24
3193
13667
515
646
825
107
14
2347
617
5
35405


