16366
10246
87
24
503
908
1941
10563
13
112
7515
16898
912
3425
57
890
3276
34
2439
5
1566
237
36
27
999
87
361
2140
34
334
327
1724
9
47
61
24
622
25509
87
1013
27
842
58
14
3351
9
3352
185
2272
2356
23
11066
912
25510
1507
9
16
81
18
25511
25512
61
16898
99
1481
54
10310
185
14931
16447
912
2438
27
543
327
912
5828
3271
5000
1060
537
25513
25514
61
16447
44
2021
14
2347
76
54
2019
2532
18
24
1462
506
27
816
215
5150
14
116
2237
61
1202
10210
10697
10246
2831
1013
107
24
503
32
185
54
3456
27
7515
16898
8018
868
9672
1923
13
79
14
3351
9
3352
23
11066
37
1507
9
16
25515
57
25511
25512
119
11069
2237
149
441
13
2502
23
74
58
25516
25517
69
8670
71
149
1391
445
23
24
16410
201
208
16898
61
552
6201
3368
149
2707
25518
91
14
3371
1687
25519
12230
2
16124
25520
185
2272
61
99
32
6557
27
842
24
6458
9
2033
87
373
1500
18710
27
1687
830
327
831
87
3885
575
628
1028
13
444
13
61
515
912
24
3631
61
24
3355
25521
215
330
27
1687
842
628
2342
144
2168
13
151
25522
185
707
2439
2526
5
3108
13
9284
61
5
1222
628
1018
758
23
227
628
4997
444
24
25523
842
144
374
4441
201
10486
101
54
7662
5
507
23
704
16034
4063
158
14
5996
1521
18967
2429
27
16898
99
16061
47
890
3276
34
2439
5
1566
237
36
64
215
25524
334
327
1724
47
11066
15033
16124
25520
69
2852
71
25518
704
57
54
9930
76
54
3371
331
25525
331
74
842
215
503
99
13
2391
1853
24
11069
4256
1547
104
25526
25527
34
334
5127
57
327
3477
14
3317
185
24775
27
119
15033
105
2469
1656
607
23
24
4441
201
484
215
149
6816
23
16447
912
2438
35
1372
61
79
185
54
3649
27
16898
87
15049
13
5615
25527
912
12778
27
1687
396
638
821
758
61
215
2168
54
192
61
2469
758
61
5
2168
54
13566
27
6984
1222
628
151
2931
496
628
2357
2931
61
515
718
107
24
712
27
1687
842
628
1019
2520
6324
2526
87
752
61
3458
5396
27
408
2342
456
2508
76
515
61
628
2357
537
2237
13
16369
25528
16366
10246
61
24
503
622
10563
13
7596
890
3276
237
36
61
3285
75
2425
2426
16898
87
2456
13
4180
9911
25526
25527
37
69
2852
71
1923
13
4228
76
327
119
1462
124
1431
34
16898
87
3360
14
1551
24955
23
24
908
1941
101
11070
11071
27
1447
278
100
2185
237
36
61
24
18180
2053
25529
380
25530
1185
16448
25531
27
16898
61
129
718
2502
64
14
68
3018
61
169
3018
1185
185
24
6790
61
87
832
24
908
1941
87
575
54
3584
825
107
53
27
396
4997
107
22872
496
2359
215
5150
13
1018
1222
215
1308
1013
56
75
2974
104
1705
7657
8007
185
1750
27
1687
3315
24
4441
201
87
24
908
191
23
24
1146
5
515
912
496
421
87
1667
5
515
912
575
723
1028
13
1805
851
3276
27
1687
842
705
227
628
444
24
3317
628
278
13
1018
496
628
718
61
64
3096
3276
64
628
25532
246
7515
16898
242
3351
9
3352
75
25511
25512
23
24
16410
201
246
11066
3018
99
54
10310
1481
185
14
55
1724
47
91
327
246
11069
2237
87
2456
13
12367
25526
25527
37
5342
246
1202
10210
3018
16366
10246
87
503
622
10563
13
9284
890
3276
237
36


