19913
10990
8121
21667
7318
960
7
19
296
8
10327
102
114
25
498
59
5
1817
9
200
2213
907
1628
6
1642
9
4
5
1168
72
10949
9202
6365
3344
2
318
117
18
2335
9
7127
260
7
7946
336
160
13
2517
3
37
1066
17538
157
31
54
6
0
753
1316
14748
1
1075
59
5
32369
2213
77
3139
7
0
283
2
318
792
6
232
9
10248
14494
76
32
8760
3100
85
217
28
7807
7
2782
160
1
1075
59
5
1825
3078
2213
2
7318
1
2118
1
10
3273
0
8
45968
6
18859
8
39
25
1172
21
960
20
102
17
19
296
1
480
719
371
72
45969
7
79
146
82
6
1853
28
42
102
2
19913
10990
8121
21667
7318
53
11369
51
960
7
19
296
8
10327
102
114
25
498
59
5
1817
9
200
2213
907
1628
6
1642
7318
18
117
18
2335
9
7127
260
7
7946
336
160
53
137
51
13
2517
3
37
1066
17538
157
31
54
6
0
753
1316
14748
52
10
432
12
426
20
0
2804
6
631
811
1
38
29
603
59
6
1408
3
4389
0
2891
824
8
13824
8418
8
6
468
1
7
50
472
5
10360
3679
10
7243
28
1852
1016
1764
2
15
179
25867
422
693
719
116
72
45970
7
178
379
12
0
132
6
0
8
13824
8418
8
1
0
1192
54
9
132
3901
7
2891
824
683
2
52
13
603
6
319
1140
6035
3
1014
8
10890
8
14357
12
0
2572
45971
8484
1
4
902
635
50
76
1256
5
45972
582
905
2
8574
16
21667
10978
7318
13
603
6
371
72
18681
31
8
45973
8
0
2913
842
28
19
296
8
2335
7
18859
1
1849
160
52
444
5
439
166
7
1330
81
166
39
2036
3
503
0
72
12050
25868
4178
31
0
3393
3
5486
59
2149
2
3126
45974
1
38
7
1870
840
1001
7318
7
19
87
5383
431
20
21668
7
25869
1
2736
1
22
21
34
923
383
54
6
97
148
1369
20553
1
4
14
0
117
18
102
7
18859
10
3520
2656
11
7318
18
1012
2
52
78
0
507
491
16
8
238
6
0
3701
11568
13
428
20
6072
2
15
20861
66
33
0
3100
212
554
6610
2
8
52
76
14326
3169
28
0
283
1
1891
21
10
419
1284
3
3088
12
1929
11480
7
0
842
2
57
18
118
45975
45
261
29861
3508
6
71
33
5731
907
5
4369
3
20553
2
2866
32369
1577
2
8
221
13
100
6629
6
156
9465
31
7318
120
19
71
20
21668
1
50
21
93
7
954
2
852
3
15
1143
19
298
1863
163
14
21
682
72
32370
3
37
2208
1193
2440
216
72
13269
8
6493
3667
8
9
5
1950
6
606
9
10
61
682
7
1
317
25
373
3
72
10949
2
65
179
4180
78
1112
209
16
8
52
10
5
3770
996
8121
9
60
43
7
12799
6
19
1650
3
143
279
2
249
21
93
21668
21
175
72
21103
28
19
1063
17
59
2
387
10
20511
6
2
8
104
43
80
4009
3
207
49
9202
1863
2
281
21
30
23
194
279
23
75
181
123
14
18
113
25
893
32
8
2
7318
53
137
7
186
51
444
5
439
166
7
1330
81
166
39
2036
3
503
0
72
12050
25868
4178
31
0
3393
3
5486
59
2149
7318
719
18860
133
28
19
102
1140
133
0
2891
824
35
13824
45976
6
468
7
50
472
5
10360
3679
10
7243
28
1852
1016
1764
2
89
0
5823
6
19
932
72
18681
3088
13
5
5487
2
7318
494
395
3
5
2383
1518
1262
21
116
197
72
3684
4
72
45977
277
132
1
45
179
1732
22
0
8121
34
32371
5089
11
0
45978
6
19
1216
1
576
5
14878
142
2
52
13
22
3
29
8
1174
371
279
1
41
1051
25
8
1
4
427
78
1112
21
58
143
72
5333
5
132
5383
2
997
19
932
4627
21
58
1024
3
147
632
86
21
76
1160
103
9
4804
2993
1
118
29
2051
112
21
76
325
615
968
8042
4
32372
1289
7
8099
11
12954
6
1783
20
19
5282
2
7318
1
38
10
32373
4
45979
7
0
4307
120
19
7154
942
12
506
1
10
344
3
1005
5
72
12050
25868
3
2477
11493
2149
9
45
25
13
602
3
32
682
2
15
25867
422
3008
13
22
3
32
8
32373
8
1
8
41
20548
8
4
254
41
220
5
195
86
1828
5
7455
9
49
3867
9
45
13
1704
214
7
19
296
8
5950
17641
2
1901
18785
1
5
1341
8121
38
2367
208
7318
11
398
187
1
22
16
8
238
551
24
46
161
13
19699
157
3
1802
5
16408
274
132
158
56
37
390
6611
307
8
52
176
16
8
3475
25362
12
63
19
7331
915
915
915
915
915
18859
260
2
1754
110
6902
1714
19699
118
1174
371
279
1
41
1051
25
8
2
1366
431
16
7318
309
19
5383
673
20
48
853
7
25869
113
179
1732
562
59
30
5
8
6123
8
8121
38
116
676
7888
6
279
21626
16
17640
20
0
155
331
7515
8484
718
7
9354
23
0
4639
14090
120
0
8
13824
8418
8
178
82
320
68
18785
310
14
7318
34
444
72
639
12
2562
4224
6604
45
21
192
116
72
4971
12
5
957
465
52
22
16
8
249
0
2383
224
99
21
175
80
19
1482
99
2
8
1094
179
4180
78
1112
16
8
19699
13
5
706
109
17183
1914
2
52
58
202
226
55
1289
1
202
14582
1
24
351
41
662
21
34
280
1
45
21
10
810
3353
20
19
431
2
8
101
231
187
7
19
81
431
90
159
25
1054
24
183
21
116
49
3
72
13628
7
231
187
4
20
21668
21
116
72
5333
5
132
20
278
2
1188
43
7
12799
6
59
4
19
843
2
8
89
21
10
61
330
11
91
3009
1
21
58
1802
0
222
6442
2020
1
34
5
7455
49
3867
114
21
34
100
195
4
58
1447
1783
28
5
2009
20
19
5282
2
360
1
164
280
22
7318
34
6197
960
5
45980
2341
56
21
467
371
279
7
19
2762
6033
2
45981
10978
1
2118
1
5
179
13060
1
22
16
8
52
157
3
165
3
4158
1808
113
21
58
6291
19
1357
4
503
11
19912
2
8
24
84
74
181
21
18
388
34
5
1028
2
52
107
74
1608
3050
7
935
995
2962
25
10
20222
7
261
2511
2
8
101
5
526
1944
3
0
255
5342
14470
4046
1
7318
22
16
8
24
322
5
8121
38
1486
19
1516
128
1
128
923
1
54
200
24
351
1534
3
1160
0
2940
6
3058
1
0
208
200
24
206
586
95
1516
4
124
55
2
8
139
13
110
13
2555
63
95
5383
1
24
2383
128
670
45
586
95
1516
7
5
200
2
8
7318
562
430
23
8
37
83
164
547
4
8204
8121
8
1
324
21
157
19
1140
9794
3
242
277
2383
133
50
1088
3
19764
631
1448
21
157
1140
6035
3
21669
4639
2
26
21667
7318
960
7
296
8
10327
102
7
7946
336
160
26
4534
6
19
8
232
9
10248
14494
8
76
32
3100
85
283
7807
26
8312
9
83
10107
77
72
18681
7
79
146
82
576
20
42
260
26
52
13
603
6
319
1140
6035
3
1014
8
10890
8
14357


