41231
8348
10
572
17
3195
833
39
0
358
7
3167
1
1602
65
130
5386
17
19
1127
9
1028
2534
67
85
10010
724
28
1044
3
1602
3
7281
11
5
200
880
1
45
1898
27
7
0
225
17
5
11032
56
36
3040
59
2
30243
8348
10
432
81
506
12
0
422
6
1602
3776
39
91
477
31
108
613
38
3624
0
343
2
15
903
70
83
34
6259
3
0
631
28
19
102
7
1044
7
0
610
6
20882
19
179
1028
3
41232
42
573
2
89
39
36
3040
19
8948
1
21
719
1200
55
5
11032
28
19
4071
4
5759
25
69
19
1127
18
225
2
1523
613
306
0
290
1
38
30
41
40
909
1
3221
4
1933
3
185
2
41233
7270
1736
24552
10
0
693
38
1922
8348
103
0
211
8
24
1130
55
4
2755
0
2407
18
5639
4
1922
59
69
0
1884
3
124
59
103
0
290
4
216
2407
1130
77
4
3219
0
290
8
1
24552
78
41234
2
8348
10
477
20
0
548
7
3167
1
1602
1
4
0
4351
11032
3443
2
15
290
556
22832
3276
3
27
1958
4
10
1015
7
286
2
8348
78
2244
21
34
40
7
5
573
17
0
211
119
44
43
234
3095
20
1596
7
1044
2
52
22
19
1028
9616
7
5
2991
1895
733
20
0
422
6
1602
7
3167
2
8348
20883
0
20171
1991
11
430
86
21
76
325
55
110
2675
19
1127
9
1028
58
32
317
2
41235
1736
24552
53
137
51
1047
49
0
833
31
7350
8348
18
5639
4
3799
59
127
5
1884
20
0
1596
3776
52
123
6259
3
0
321
4
3635
363
1713
24409
20
0
1596
268
21
1085
649
49
17
27
363
0
11503
9
6154
533
2
5482
161
0
583
1680
3
14361
8348
4
763
59
14
36
58
448
106
112
21
107
74
517
27
1054
2
8
135
34
3168
705
2675
11
27515
2741
4
86
21
34
5
205
961
6
110
2675
36
10
159
3
32
317
1
8
22
6005
1253
41236
2
8348
10
3518
69
1034
4
572
17
3195
833
1298
645
7526
709
2
318
2921
10
207
20
201
2669
4
21
10
1122
3
41
29
156
965
17
0
211
4
764
20
568
1887
3329
184
28
27
2
26
30243
8348
10
432
20
0
422
6
1602
39
0
343
26
52
10
856
11
3195
833
1298
645
7526
1797


