144
507
491
1215
293
16
29665
138
1
575
409
151
291
287
16
29665
138
1
575
409
151
22701
1758
29
2479
31
67
85
5
439
7
0
424
2318
1
774
2579
2
15
1219
13
91
3233
12
42
1220
3
626
91
2515
31
5
983
6
20594
1
2006
1368
3587
4
2418
256
6
1255
12462
2
7218
1838
4
190
1
8281
31
0
1188
47
2313
11
24171
17108
115
14
6228
6
12549
7
5104
4
2760
357
299
34
2429
31
2473
134
153
2
17295
16
18124
6
12549
7
299
29
2479
31
2473
134
153
197
1838
4
190
15
990
6
6325
720
11
0
9084
3
2378
12
30
2429
434
3
0
256
6
17651
1
119
7
5350
1061
1
12229
1
29666
4641
30
61
6060
3
42
8589
2
3702
29667
354
0
5132
7
1758
13
1440
3
0
983
6
2705
40101
4
0
40102
6
12336
2
35
3063
0
81
316
82
62
86
1
0
172
47
20287
1390
13
273
3
29
40103
22
8281
544
292
24172
2
35
1100
44
33
128
410
832
4
92
33
169
3070
29668
93
7
0
2952
1
0
725
14
60
33
1414
12549
7
299
23
923
171
2987
2753
10706
23
11635
2
8
104
33
128
1689
2
40104
33
810
41
40105
29669
1
86
44
171
32
344
3
124
31
158
7
5
849
70
2
19471
16
15
2781
1219
7
0
1390
6
54
299
18
148
3560
1255
2849
13
91
3233
12
5
983
6
20594
1
2006
5048
3587
4
2418
256
6
12462
8
788
5
1219
7
1758
2135
5
2959
863
1
1303
17
0
8213
6
4565
7
136
5084
4
0
433
6
0
1018
2
8
15
1192
1092
13
0
983
6
9041
1
199
23
20594
1
4
2959
40106
9
40107
5048
2
101
5350
1061
1
0
256
6
16039
750
169
4641
20595
1
119
29670
4
40108
33
41
205
3564
640
2
8
101
37
1921
3
5509
557
1196
63
12549
1
0
1193
13
6362
11
4620
3
154
196
7
0
22701
40109
10985
50
2150
12
437
275
488
2
8
40110
4540
277
70
13
2904
3
185
282
1349
5
67
1046
604
6
0
349
6
0
255
18
2952
14012
9407
1
8
22
68
24172
2
26
18124
29
2429
31
2473
134
153
197
1838
4
190
26
8893
6
20594
1
2006
1368
3587
4
12462
3
2840
26
8
104
352
128
1689
8
131
8281
2014
292
24172


