258
11076
15563
261
262
15564
264
61
2779
4824
558
268
269
262
15565
264
61
2779
4824
558
1447
369
253
15566
5958
23
24
1146
34
15567
61
15568
61
15569
61
15570
5
1347
9341
5
14547
15571
9
40
32
13445
8303
1533
752
1284
704
57
372
105
100
15572
15573
27
8117
1094
27
119
1146
37
55
331
2885
529
2083
331
99
4032
23
6259
61
14
9337
15574
13
15575
15576
5
1690
610
1399
89
183
27
119
331
15577
15578
3274
331
23
15579
99
100
4032
23
4567
5
591
13
791
6915
15580
15581
9
15582
61
15583
1969
64
331
808
15584
331
61
129
551
54
6922
562
13
2468
6259
37
1502
15585
1857
15586
27
119
15587
778
1134
12928
5241
87
32
57
3096
2885
9
2674
15588
1145
24
7899
5503
9
8148
11943
262
119
529
2083
4128
14
1686
57
2885
9
2674
15589
15590
3079
262
1134
10446
12535
87
922
24
7899
633
262
1134
635
6972
232
23
24
7645
15591
13
24
15592
262
1134
87
24
2885
9
9386
1563
13010
13
15579
37
791
6915
15580
15581
9
15582
502
99
100
1559
89
24
1146
37
55
2885
529
2083
11430
262
15580
15581
9
15582
4249
54
562
13
14418
24
1779
57
1857
3039
23
6259
5
7049
24
2118
15584
3111
143
237
9653
513
15593
1690
215
6599
9
5
183
1219
1130
6259
1410
58
3440
23
5967
57
331
2885
10501
27
331
2819
24
8252
15588
57
308
1461
185
24
2885
15594
1145
922
61
13
24
1559
2885
9
9386
1563
502
14658
334
11943
185
3039
218
24
1412
61
1690
109
87
1038
58
32
1017
27
1447
87
1347
14
1547
4249
13
2885
9
2674
8148
9
668
23
14
1032
502
5173
24
6248
5467
15595
8148
3615
27
187
2290
45
3083
1030
24
594
8363
4345
13324
61
40
3325
15596
9
15597
61
129
1001
104
24
2083
61
4169
2292
27
579
750
24
1726
262
331
408
144
6858
185
986
4270
61
610
8838
15598
24
685
57
24
2885
27
331
408
253
639
3858
5281
47
23
24
296
610
2831
738
13
24
2885
40
308
1018
244
1028
13
4174
449
237
27
331
419
610
1545
13
15599
13
24
1857
133
331
2885
5387
331
27
119
2885
87
45
144
14
2885
61
183
718
107
14
13466
1584
27
331
830
691
369
831
818
752
34
450
61
15576
5
1229
12425
27
331
808
15581
9
15582
3806
9
215
149
6934
3132
23
54
3246
37
15600
61
64
237
301
4186
692
4578
61
5
1949
822
57
54
1950
562
3108
13
2468
3061
27
396
7049
24
2118
15584
3111
5
7539
54
6133
2885
9
9386
1563
185
24
15601
57
24
6048
37
55
4053
15602
4463
23
10714
27
119
308
57
15579
1550
2508
2863
23
542
401
5
405
369
1347
4345
15603
27
691
663
15604
47
24
3212
818
54
1389
1892
2979
2885
9
9386
1563
44
107
1559
89
14
529
2083
58
54
897
27
9360
825
3204
1222
183
11590
14
1393
9
3613
13324
27
246
119
331
15577
15578
3274
331
99
4032
438
15579
23
15574
13
791
6915
5
2885
15605
15580
15581
9
15582
246
119
9337
529
2083
4128
14
2885
9
9386
1563
1559
89
14
7899
5
334
11943
57
2885
9
1038
8148


