1179
52880
12
502
18
5056
39
15927
11
4682
48
236
338
283
33
2263
16395
12605
20
7037
23
42
208
528
9
99
3223
2
15
8172
393
13
3449
5689
23
0
237
1647
1692
7
1465
4
30
40
1436
3426
31
338
250
1
435
4
671
7
612
82
2
7037
682
72
406
736
3
24608
11
59
118
81
535
4
21
30
921
3
163
459
21
13
86
168
273
6
17
4826
3853
4746
4
37
2461
1350
20
207
9
2058
2
11738
20
0
99
16
283
33
2263
5
356
11
16395
12605
53
93
51
1
45
1293
29
25388
7
6247
5585
16
12605
13
1407
54
6
0
237
6979
7
1465
1094
3149
16
283
33
61
1359
3
864
1692
9783
7622
283
29
40
1272
2243
17
5285
77
9783
7622
38
13
3951
5689
3
32
77
9
11727
119
92
13
5
705
1081
17
52881
52882
20
7632
11611
38
1293
29
61
29920
63
2
864
9
529
12605
13
5
6624
1737
561
38
58
745
5
11246
6395
17
4605
14717
119
2354
0
2211
6
52883
52884
3
1682
2
12605
34
5
644
20
435
120
2247
2151
18
87
3206
20
0
288
4
2201
7
5
260
17
11674
10960
4
16060
52885
2
360
1
480
91
1031
5
465
1
21
10
74
1912
12
199
5
425
356
20
14
986
6
19
673
4
2201
17
13101
2
2985
207
3
1005
3320
22272
5
111
465
1510
33
7624
3
1005
5
111
1237
3
4025
22272
38
4149
2297
12
302
2
15
513
30
40
5
52886
1313
20
857
2387
3032
4
0
288
188
59
3
722
23
99
9
49
3
580
275
5417
16365
892
44
206
602
9924
216
3341
3
61
2268
0
5151
2
29993
16
4025
22272
76
1065
5
2985
561
208
236
20
0
512
6
2297
1466
5085
9
11297
1
543
605
1
1065
1912
12
16365
4
1510
29
37
1062
7
2159
283
18
5057
3145
292
11443
23
84
2355
671
2
1510
18
3832
3341
34750
16989
22
19
16138
3
52887
48
149
4
46
32
456
3
325
216
288
2
10640
1070
3
6169
336
10029
10030
46
233
3
2990
1281
17
3343
6169
77
0
627
230
2
15
4398
9
83
3434
93
1952
48
149
2
57
13
2157
19
260
13
49
11
1078
4
21
30
369
622
99
3
0
2875
329
2
336
2836
1065
1912
12
6169
18
179
174
9
2430
1306
21531
45
1009
4
1765
29
61
5186
5
1168
356
11
0
3165
9
83
2
380
0
356
16
336
3130
33
350
3
911
3343
6169
4011
1912
12
4636
1508
14535
4636
1508
523
14535
13
543
0
335
404
31
2868
9
8697
4011
2
4919
4610
15913
58
5637
3
9924
335
17
589
328
62
944
702
4
14535
13
5
561
1309
3
1439
99
69
0
235
795
39
740
55
48
535
2
1765
449
6290
5014
13
61
37
52888
2
589
880
16
523
14535
76
32
99
7
0
235
795
208
236
17
4011
14535
1
896
1
30
64
82
93
12
19
1043
465
4
4636
206
41
1380
21810
45
46
3976
0
561
18
3452
3
326
7
0
235
795
2
65
1228
7
0
1252
6
72
483
736
2440
1985
9
16452
76
207
0
873
6603
2
1643
1
1765
18
4857
854
52889
52890
30
93
0
288
20
0
267
6
19
1237
2
3124
393
15111
12
250
18
5056
338
250
1065
3050
7
5
356
11
7037
1508
1424
15111
2
15
3486
130
13
55
6
0
353
370
39
4464
2784
34422
45
1567
1144
1696
13
170
1912
12
18741
0
3165
9
83
3
19
111
1086
2
15111
10
5
1649
11
292
6416
119
21
10
508
11
9701
17919
4
6416
10
1765
449
2
10781
3124
16
1424
15111
76
1428
1567
1144
1696
20
338
250
15
6303
10
1912
3
154
59
3
1355
2231
1
253
1
48
535
515
6
1392
8003
6
13200
14204
2
15111
18
709
7
359
817
21
46
1947
0
454
6
0
236
45
76
32
1123
31
436
2
7037
58
188
5
7419
3088
12
0
72
414
736
44
682
81
70
45
2243
33
3119
197
19
5507
4
3050
1995
2
1643
1
6024
29
21375
42
1062
7
250
18
24031
24030
2
15
6156
9
83
46
32
1031
5
64
70
465
4
13
2874
3
2005
3059
14
2666
3311
46
2855
20
1355
2231
28
1460
39
0
353
370
2
11779
9
70
9
83
19209
207
11
3377
2012
9972
3377
33
473
24716
11
42
1650
3
25536
8866
17
0
3660
2644
6
3377
15617
1
967
1
80
1069
48
872
33
12
458
44
46
355
5
2012
3
3856
9
83
34751
19209
2
15
5988
653
30
40
6951
69
42
87
174
1086
2520
1062
28
108
235
2274
2549
4
1050
550
12
426
2
281
19209
750
19
2012
127
52891
12
302
1
21
58
383
0
288
18
4063
388
561
2
1920
393
16
34751
19209
76
143
19
2012
11
9972
3377
20
0
512
6
414
52
58
61
383
0
1745
4063
561
3
1032
7
1465
18
235
795
1
374
52892
52893
1
20817
16372
1
52894
9622
4
52895
52896
2
19209
369
30
77
19210
3362
12
560
4
472
7081
2211
12
461
1
113
21
1886
2495
1938
6
19
6233
2
5415
29
369
1301
5
4428
1237
119
21
61
30
5
28406
2522
17
1541
3516
2
52
4149
598
208
215
2
26
283
12
0
233
55
11
111
528
99
17
12605
4
9783
7622
91
1407
26
4025
22272
76
326
11
2985
424
34752
1716
17
111
465
12
0
1639
26
4011
1912
12
4636
1508
523
14535
26
1424
15111
12
250
18
5056
3
1428
1567
1144
1696
18
3124
7861


