144
5928
2678
287
16
29405
138
1
608
409
190
57
13
4412
0
172
77
23
5
7518
6
299
18
13830
2
89
0
1422
6
0
1809
2220
76
32
1362
5260
112
654
3177
97
2939
2
15
3722
925
1
599
4
1211
1422
20446
0
9460
6
0
7915
13714
6
246
1
654
4
1488
2
89
340
0
3700
1211
6
654
18
822
1186
18
47228
1
79
0
925
1842
6
822
778
4
0
30526
925
1842
6
822
2640
1
50
4896
1488
1
58
1065
2
15
7915
30917
6
970
1
822
292
1
13
41
4163
7
0
1809
2220
23
25
13
9546
69
0
8108
265
6
246
4
970
2
15
2220
30
40
6265
21202
11
2226
82
4
13
54
6
0
67
6732
9096
0
7053
4
299
58
29
3
11735
112
0
4059
5092
219
515
2
155
1422
16
139
13
110
0
1809
2220
58
233
109
340
0
3700
1211
5970
654
112
25
413
97
2939
577
7518
16
15
1809
2220
13
54
6
0
237
330
7490
7
0
172
2
57
30
40
140
11
63
2226
82
4
128
305
30
1362
7
97
1422
1287
1
2516
1027
509
3134
1
0
1558
1709
1240
848
6
0
255
4955
1
603
5036
1077
1401
3491
6
8
8907
4
18919
125
7465
1294
8
77
0
2302
1092
2
52
78
0
749
2618
441
1287
1238
16
8
2161
0
75
6
654
188
3
29
0
4314
1
0
15116
62
37
3084
8630
218
8
2161
0
75
6
654
188
3
29
0
222
755
6
3396
2081
23
0
936
6
0
250
5328
218
23888
16
1240
1366
564
1401
3491
1
93
1
13
4812
31
2368
751
564
47229
7093
20
7424
7241
209
4
2797
751
564
1322
2590
13
61
137
7128
19
619
2
68
3491
30
1301
3
1227
2243
17
292
524
4
68
2590
12
0
3074
1092
8
2161
44
188
3
32
196
6
0
222
1793
14
30
5
257
26107
10055
4
5
577
1430
1395
218
8
2161
44
188
0
712
2854
4
257
1539
3
1065
6098
14
47230
22654
1299
4
17712
1
62
84
44
188
3
47231
4
1443
88
218
8
654
18
822
1186
18
4375
2
15
1211
7
0
1809
2220
58
32
342
5260
112
654
756
3
383
1805
52
2033
0
1240
956
3
2005
5
8
8898
3860
62
100
1332
8
11
0
11757
2
1287
68
3491
1031
3
1227
2243
17
751
564
292
524
4
1322
2590
8
7
2905
1
7
160
62
8067
8
12
0
208
3144
7
0
15475
6
5
3074
2
68
3491
18
1005
224
23
21
649
2797
751
564
1322
2590
11
5
4592
6
0
257
9
2368
1153
7
7424
1
79
269
39
21
603
0
255
956
6
8
5065
8
0
75
6
654
77
2939
2
68
2590
3040
0
14236
6
5065
4
22
21
4
68
524
34
116
25
536
14
44
188
3089
2243
17
0
1240
956
12
0
3074
2
68
3491
532
1328
68
2590
20
5
1382
1059
7
7424
20
0
6448
6
0
4592
1
50
3512
386
5507
6
796
4
18259
5943
28
357
0
257
47232
2
15
1366
564
734
14
21
46
7113
19
4622
11
37
2939
3074
7
0
5180
6
526
12
409
575
4
46
32
596
3
1118
68
524
39
14
2
32867
16
2516
1027
509
3134
1
93
1
0
1558
1709
1240
848
6
0
255
4955
1
603
5036
1077
1401
3491
1
122
1
6
8
8907
4
18919
125
7465
1294
8
77
0
1092
11375
0
7053
32
867
3
402
0
4314
112
44
383
1805
218
101
37
772
3579
1780
90
0
935
1
0
1366
564
763
14
21
58
41
32
1922
140
31
3067
16
8
47233
4
47234
0
1240
75
28
160
19918
74
7333
7074
147
2
8
939
60
352
1265
13
0
148
3217
1101
3
20703
4
14983
654
31
3067
4956
2
8
3323
63
19
685
1
68
3491
22
16
8
380
0
2239
6
654
18
8108
594
1
0
255
956
116
4622
81
426
1
0
1240
956
46
32
4345
136
6542
3247
5
149
12
506
9
5
6542
3247
17
0
1030
643
6
654
2
8
104
354
1
60
183
1
4
24
181
25
18
3951
5634
14
60
29
213
37
47235
1323
13184
9
14
13
37
5263
1879
7
5
47236
6167
571
9
3
2489
5
3074
12
654
18
8108
594
2
8
939
24
29
22
3
0
2797
751
564
1
50
24
181
13
705
3
110
0
751
564
22
7
0
518
6
2177
1
13
14
1
494
60
382
933
0
1240
956
18
6542
3247
1
24
322
128
596
3
1118
0
751
564
62
0
2797
751
564
7
2905
1
7
160
62
8067
3
1071
162
261
457
7
5
1503
152
2
15
8
1809
1306
8
10
87
2687
182
0
32868
6
916
523
275
7
47237
4
10
330
23
8
0
257
2220
8
2
57
10
1122
3
32
4067
20
0
47238
6
80
6817
4
10881
6
654
4
246
2
15
1415
8
1306
8
10
157
3
3845
0
20256
7797
2220
45
31
47239
5
501
1809
1306
10
4067
7
48
1056
2
871
161
25
10
330
23
0
8
1306
19450
8
62
8
15
1306
8
11
418
82
45
31
47240
25
10
5296
180
0
1809
1306
2
15550
92
30
40
125
1776
77
458
0
2220
171
32
180
0
1809
2220
9
2962
25
13
4067
28
5
7562
4
123
25
73
32
180
0
1809
1306
2
89
301
3
0
19450
3182
1346
13
1226
2
57
1585
16
8
0
796
2220
6
0
250
5328
1
0
904
47241
4
32552
47242
13
0
1809
19450
1
50
206
61
32
180
0
1809
1306
8
9056
419
1
2958
136
2016
12
1490
6
612
230
1
14
60
73
226
3
5
30026
15968
2
24
181
14
18
110
0
75
58
1347
4
24
181
14
73
154
282
653
2
8
2143
60
7113
136
4622
1
2505
125
6
0
1993
14
75
29
46
32393
7
0
914
6
261
4622
91
933
2
8
68
3491
931
3
210
0
3074
1332
9
62
1294
9
3
0
1146
7
5
11757
18010
31
5
1240
265
4
661
3
3263
23
247
23
598
2
68
524
1031
32869
0
4081
785
3
1126
5
8
620
8
3074
18010
31
0
26108
3121
2520
5463
421
48
149
14
25
58
29
3
32
477
647
542
187
2
2241
1
778
4820
1165
805
3
161
458
0
7053
58
32
344
3
402
26109
112
44
8443
3
677
49
0
2809
2
191
0
4834
763
14
5
356
3
99
68
3491
47
1228
11
2939
58
1753
1038
0
1240
2330
2
68
4820
78
2811
689
16
35
1401
3491
30
22
21
1494
188
654
3
1428
0
15116
4
66
29
3
1821
2979
13
14
0
8630
66
188
3
32
2827
20
0
47243
3323
458
0
257
394
58
716
654
402
0
4314
1
68
4820
22
16
35
828
261
1157
33
159
3
32
47244
55
98
4
47245
12220
52
176
16
35
15
5036
13
159
3
29
3
2832
110
97
678
33
11
0
8630
6
654
1
110
97
678
33
11
0
1480
6
654
56
25
254
141
29
0
2647
6
0
255
1
110
97
678
33
11
0
1240
2330
56
25
47
41
196
6
5
2006
23424
15
956
7
160
30
22
14
118
25
73
11384
5
5066
21522
3074
1
50
0
5036
13
1329
11
526
2
10200
16
4834
778
4820
78
654
25
76
32
680
3
355
49
0
4314
112
25
492
1805
6
0
936
6
0
255
2
52
13
137
421
48
149
120
5
703
3
0
10642
21390
569
7
5366
281
654
1110
25
1054
1
68
3491
58
29
3
3659
11
6670
6
0
2278
4
58
32
539
3
1428
0
15116
2
68
3491
327
654
58
1097
184
17
1579
134
153
6
820
2746
1699
4442
1
45
517
944
7405
3
3053
0
72
47246
5317
3
0
712
2444
6
654
2
68
3491
22
0
75
1497
11
0
12817
20
9260
35
43
0
160
47247
1
1453
16
35
24
659
4153
75
46
29
3
154
2267
11
0
424
3571
44
47248
681
179
4834
18955
14756
22
3491
3717
15209
0
465
31
9260
14
2362
86
6417
89
25
192
1172
21
395
5
723
3
9135
179
9260
814
741
7487
17085
2370
59
35
156
4106
95
853
73
47249
7
0
3223
6
47250
47251
1
0
465
14
11740
0
1276
47
8940
2
895
681
4834
18955
14756
1050
0
766
127
654
47
1366
564
16
35
57
13
4269
6
19
23066
2
52
73
41
23368
0
725
14
21
3717
15209
0
465
31
9260
14
2362
86
6417
2
35
15
2885
14
13216
0
1276
10
116
7
2905
1
41
47252
68
4820
763
14
13298
77
2939
13
369
4464
0
1240
2330
2
52
22
16
35
221
33
3315
14
33
3184
63
13472
7
654
56
44
84
141
183
63
97
8108
15097
15
8611
77
0
3074
1092
158
14311
77
69
458
0
7053
58
32
344
3
402
0
64
1462
21817
11746
31
1044
3
2905
4205
2
15
1411
29
116
25
536
14
0
4846
33
35
5
2720
3
0
75
6
0
32870
2
281
654
3477
1805
1
125
161
21818
21818
4
7930
47253
445
29
3
517
0
264
2
26
68
3134
131
654
392
181
112
25
931
0
4314
1
0
798
1
222
3396
2081
4
3
1443
0
257
1539
26
47254
1240
394
3
2005
5
8
3240
8
62
8
580
8
1332
11
0
11757
26
1401
3491
2010
3
1227
2243
17
292
524
12
5
3074


