144
14551
14552
293
16
30948
138
1
414
522
151
291
287
16
17374
138
1
414
522
151
281
66
352
8309
113
80
0
205
266
33
1
111
774
58
6281
66
3
251
1171
9
20
568
112
1528
2019
33
110
66
352
39
2
1810
13
0
242
113
66
893
4130
299
18
237
4611
1
301
3
1339
6
0
5399
2018
50
115
487
266
4698
26178
55
6
259
7
0
12823
9934
2
6153
4611
1
17
37
955
2277
6
14935
55
6
851
1
43
2943
0
568
15974
2
3288
28
357
0
1793
43
61
348
50
266
43
148
25797
6
5
211
18
707
1026
2
1754
48
1
25
1088
6153
3461
688
504
53
44
224
200
11
32995
1
17
5
26178
2277
51
1
45
3
305
1593
2
3304
266
4698
37
955
235
2277
6
13304
11
42
32996
1
119
21850
6397
224
1857
6
0
874
17
79
18975
2
3458
576
17
42
4491
7
1810
668
0
1558
7
12823
1
17
26178
55
6
259
15
625
1104
5
233
69
0
1528
9107
4
11756
6
217
140
0
255
241
5623
1528
12823
5325
266
4
223
2
1315
85
1803
53
47606
51
223
648
7
5
1011
9
28795
573
1
808
542
4
77
1
175
196
2
828
11533
43
1894
3
349
50
3445
1239
1252
7
0
255
44
4
42
1079
648
960
7
2
15
223
317
196
43
1878
348
3
1526
42
1079
7
1281
6
707
12823
7
0
1528
1
17
275
1891
42
1528
8557
43
74
20
80
12309
11
88
2743
241
4
259
1891
14
44
43
1631
5247
2
275
51
1810
9
47607
51
25865
9
47608
51
3592
9
47609
51
15138
9
47610
51
26179
9
47611
51
26180
9
47612
51
5980
9
47613
51
3970
9
47614
51
6955
9
47615
51
6328
9
21155
275
51
6153
9
47616
51
6524
9
47617
51
2312
9
47618
51
160
9
47619
51
7640
9
47620
51
1543
9
47621
51
5147
9
47622
51
5366
9
32997
51
13642
4
6873
9
47623
51
4989
9
47624
1810
4
7129
266
73
12244
784
12
0
99
23
44
668
1558
1
119
6153
4
6524
3461
107
41
165
94
86
168
7
0
12823
10627
3288
43
61
348
110
42
4491
273
6
88
197
0
6871
16
1205
134
153
809
42
3466
10
8
128
5247
8
17
42
345
142
241
119
79
399
134
153
273
14
42
130
10
8
128
47625
8
2
15
1879
6
261
1
3511
134
153
1
609
1521
6
345
76
32
3
2840
2
275
51
3304
9
47626
51
6153
9
18976
51
26179
9
47627
51
1810
9
47628
51
25865
9
30817
275
51
160
9
47629
51
2312
9
47630
51
2283
9
47631
51
18977
9
47632
51
7640
9
32998
6153
266
43
200
148
32999
1
45
33000
12309
2529
3318
6
47633
1
0
478
11768
21017
7
707
433
38
5929
0
774
1
131
16
8
33001
12823
13
2904
11
156
1660
1
707
573
241
23
5
1245
62
6049
345
142
73
773
744
455
0
621
2
8
57
1181
14
0
820
26181
810
5
12309
3466
1
17
24865
28
0
407
336
61
6963
810
1505
7
1281
6
12823
4
32995
7
0
1528
1917
2
6654
217
7
0
403
252
3
154
5
305
71
4
210
125
2418
1921
7
9
160
1890
838
7
234
4260
1
86
92
206
168
32
5
18759
197
403
142
4
1528
5133
307
8
26
6397
568
1689
17
223
18
707
1026
26
6153
266
200
148
32999
1
45
33000
12309
26
2607
28
3304
148
25797
7
1266
26
1205
134
153
6
223
161
42
4491
33
596
17
42
345
47634


