251
5553
57
17669
5
729
12748
369
48395
237
632
23
24
2704
4638
11573
11943
1541
3151
104
465
37
40736
11512
27
331
251
18342
48396
262
48397
5
13886
331
87
14
4396
14063
5
172
11943
18176
3486
48398
7683
502
23090
1853
21228
5
5387
27
618
1686
104
24
11512
57
48399
3742
5
2595
61
24
3371
2019
3492
11573
874
91
186
870
2282
61
349
9407
6864
27160
27161
61
8583
29430
5
5600
11047
481
27
119
5470
87
365
19599
5
21445
61
14544
1296
5
17669
7683
502
3302
14857
24647
12609
48400
61
3190
37
48401
61
21969
5
5424
21231
27
119
11943
825
2679
32844
349
10029
5
11687
61
603
5
897
61
1992
5
5387
61
5
48402
5
1292
27
4716
57
24
3648
1039
6492
2581
14
48403
874
91
8583
29430
23
48404
48405
37
5381
1045
48406
22343
61
14
1146
9
186
19631
48407
874
91
27160
27161
13
24
24860
61
5
14
3022
9
11930
11915
2
1146
9
18119
172
5600
11047
481
27
119
186
331
48408
331
48403
874
91
8583
29430
23
48404
48405
37
5381
1045
48406
22343
87
1039
23
24
3371
5470
8583
29430
23
48406
22343
61
536
24
331
48408
331
48403
1039
23
24
331
48397
5
13886
331
5470
104
24
40736
11512
1134
19631
5
48409
12708
48407
719
109
149
1564
91
12667
48410
5
87
7348
13
107
1586
2947
39739
119
48407
149
874
91
27160
27161
13
24
7066
2594
19805
61
575
926
2048
525
55
3443
34
512
14275
1167
61
2505
8708
24834
23
24
1045
119
48411
27
119
1044
57
327
37
19631
331
48412
331
48407
61
1973
91
465
185
525
55
48413
8419
13
24
1566
76
525
583
178
7866
23
2483
870
172
5600
11047
481
37
11915
69
174
71
87
32
57
24
3371
7683
362
237
5510
5
18322
5470
27
481
61
715
57
48404
48405
61
48414
237
3371
2418
2
525
2211
5470
27
119
11915
87
53
76
472
9
164
28223
61
5046
61
5
2412
41654
61
4533
2
449
48415
27
331
1523
37
38715
331
262
1523
57
33106
16212
185
18313
91
909
10984
259
48416
23
48417
27
48416
30338
1523
69
20745
91
965
1611
3442
43976
48418
71
23
11522
215
21730
288
48419
24
22475
1044
61
552
855
149
330
13
278
331
807
14
4606
1318
331
2819
334
18322
48420
48421
11915
8302
23
48422
91
6783
37
19994
48423
1145
15121
37203
61
5
4293
7683
57
7986
4499
11573
61
13
37188
53
2
14
48424
27561
5
14
13514
53
2
48425
48426
61
237
5510
5
5134
5470
99
1465
34
421
27
251
3486
7997
48427
7829
48428
9
48429
1520
24
11943
825
12417
13
2938
76
331
334
2975
23
16955
11573
2
1245
15856
5
5462
61
5
23
12748
57
7287
4108
515
47234
61
2021
5
14929
24
12303
331
27
119
5470
10440
18
21646
7683
61
76
1304
719
32953
2
24
7899
37
5006
31632
8134
5470
27
48430
64
420
33
64
15121
35404
76
14
8285
2
6800
22283
31557
17190
61
622
10440
2581
10439
11256
5
3541
12748
349
48431
53
2
48432
5
10428
48433
27
331
1134
11943
87
14
5134
3036
89
612
139
61
4194
405
57
24
21096
1267
57
16955
11120
61
5
10440
24
685
57
612
16184
16310
23
35724
24
4951
13690
5
4900
57
1605
1747
5713
5
870
5387
61
2079
5
10543
61
331
330
5856
34
24
3742
61
33106
2225
27
3627
503
369
24
18322
5
18311
7683
787
34
12508
61
40
24
2079
1778
3096
57
24
40968
6492
369
5715
61
574
24
5218
57
1607
24
12417
57
11573
553
818
24853
5
29432
27
331
1134
3371
11943
4186
609
12748
2
24
11512
912
2534
5006
5470
515
278
1304
1185
604
100
719
61
2065
6080
13368
2
14
4623
57
1409
5
1857
17647
2
465
5
6180
61
331
330
11512
57
48399
3742
5
2595
13539
61
6134
48434
27
251
3486
7997
262
48397
5
5744
61
3890
104
24
40736
11512
2
507
891
267
1221
1011
891
5392
27
999
57
24
1533
1151
7683
87
237
21969
331
41270
331
1564
91
804
9392
5
53
6308
57
21921
48425
32421
48435
1385
57
48397
99
100
2540
26902
7683
647
24
15121
37
27
4716
7683
1039
64
48435
11522
69
2611
71
5
9806
8685
69
908
71
27
3779
18322
48436
4008
17450
369
5347
2
21921
17539
1499
2844
76
41049
16518
61
1564
23
48437
61
4343
91
48438
331
48439
13
25180
331
61
87
14
7133
1564
91
44144
48440
23
1972
27
16155
620
164
5
21072
24136
76
16518
37195
61
24
2418
25656
48441
57
48442
48443
61
334
12422
870
4448
12757
246
14401
1690
2
19631
37188
5
8972
48431
13
14
13514
53
57
48425
32421
5
48431
53
2
48432
246
48444
10554
2
15121
35404
13
21969
11573
1554
246
119
2704
1686
57
11573
1541
1039
104
24
40736
11512
246
618
1686
34
1413
3133
641
1029
57
1372


