5493
5597
4
27277
1
15053
438
2422
2224
2196
4
19
179
9
797
227
116
5
1473
925
6605
1300
20
0
27278
81
166
2
2224
1
2796
1
2141
17
5
5658
2083
140
6058
1
775
1
38
10
17060
7
5
32380
34004
1
56525
3186
4
588
27152
14159
1007
1
50
1
1763
3
7467
10324
1
61
738
103
27
189
13211
1673
2
334
608
82
386
1
120
50
71
2224
5723
35617
651
1
0
295
9
38
29
105
126
9
592
4238
85
388
2
297
94
11
167
2224
592
14005
4
27277
12
0
925
6605
20
81
166
18
27278
17
6058
1
19
227
6
406
82
6058
20401
7
5
3186
27152
56526
4706
119
2224
887
5
5658
2083
140
27
6747
15
295
649
7
2767
56
6058
39
12200
17
0
943
5032
36
669
11
5
2353
1212
3696
0
1876
2896
374
42
984
2685
109
37
3805
28
2224
18
994
9
5283
163
2
101
2767
1
6058
33738
9
123
5
4946
9
83
797
9
2794
5
1212
389
31
0
56527
2353
652
7
1554
113
2224
10
346
1
3
4247
5
943
5032
2
9939
924
56528
191
65
10705
1
36
10
4069
3
2584
0
5611
17
4445
56529
1
5
6350
2956
31
0
652
1
45
105
187
192
0
984
10
77
4
36
467
1829
2224
2
2224
192
78
15
56530
1387
16
8
24
29
300
22
24
1274
4
7253
9129
17
0
1212
4
24
10
54
6
118
64
27175
38
58
29
739
3
84
17
25
2
8
24
649
27
105
187
192
4
36
10
109
5
7842
7
0
11476
2
96
58
812
66
7
27
56531
18972
14
25
10
446
1
25
10
409
1
36
34
40
2862
4
10
6905
77
1
4
27
2430
22
1
240
3778
84
74
60
165
11
25
218
240
8
135
60
7141
7
1870
1
29
40
8410
669
388
150
4
29
105
126
9923
1
406
1
18995
1
697
1
4
2003
1
231
1
386
2
2224
18
984
3
6058
1
137
7
1098
1
13
5
4615
28
0
13583
17665
12
19
5268
163
14808
1
37
3805
6
15
2196
35618
18153
12
2811
2997
7
50
2224
1
119
2780
5
3738
63
1775
423
2565
27279
1
13
1156
17
6956
4192
56532
117
9
21793
1
2224
78
0
4492
14
19
227
4
117
43
8
0
547
8
6
19
142
1
324
16
8
581
142
7
231
1271
558
6058
1
56533
1
9923
1
18995
1
2003
2196
2
8
249
2224
10
1463
17
35617
651
7
190
1
6058
10
31
19
243
1
2768
59
162
0
1012
4
6593
2949
2
2196
1002
7126
63
0
2343
6
27
25096
337
1
56534
19
227
17
1408
59
162
0
520
2
52
78
15
3728
20
0
71
16
8
57
18
40
5
2894
71
9
5
128
28713
702
9
45
98
24
79
474
1726
3
32
1733
2
8
24
474
1726
14
24
351
323
11
117
4
73
177
95
1242
2114
49
2
997
0
1876
2896
6
42
935
1
2224
4
6058
29
40
669
11
608
82
8
930
32
3354
1
24
273
1
240
387
18
25
1
24
351
420
240
2
15
391
448
24
116
3
6058
10
54
6
0
148
717
6
95
142
2
8
6058
13
2224
18
200
227
2
318
87
984
3
16627
56535
1182
7
5836
39
5
70
386
4
0
584
29
5
3165
9
83
263
9755
2
14808
1
37
3805
6
15
2196
35618
18153
12
2811
2997
7
50
2224
1
119
2780
5
3738
63
1775
423
2565
27279
1
13
1156
17
6956
4192
2
101
0
163
1
2224
13
1360
94
5
2112
1004
56
19
1069
454
3
10228
4
19
2757
3283
2
65
56536
24590
1
4833
1
775
1
192
490
21
34
18894
0
2422
114
21
809
0
1238
10
1045
27279
7
5
849
914
2
26
2224
1
2796
1
592
5597
4
27277
17
227
6058
1
775
1
20
27278
81
166
26
3224
56
6058
669
5
943
5032
7
5
2353
1212
7
2767
26
14916
4
179
797
669
7
1870
4
29
105
126


