327
5910
122
6133
56
13
16369
4782
16971
76
14
1507
9
2459
25510
81
75
2780
39946
185
2272
2356
27
1539
53904
128
731
327
37
24371
17
75
122
3295
3400
61
2540
183
24
17108
9
1541
1651
34
14
8341
6119
331
112
647
24
73
57
24
582
25111
23
1073
27
8154
37
1111
50281
15680
54
112
5314
2667
27
327
1663
133
16057
1507
9
2459
7597
75
2780
39946
23
122
16369
4782
16407
185
2272
2356
327
110
278
1094
2859
13
9514
621
622
61
7935
1145
621
53905
338
19110
61
1348
3706
24
4156
16909
27
187
912
3477
14
2549
57
227
13
5607
185
61
1204
27
1964
1786
16036
11
24
880
5
110
857
10186
159
24
1804
27
842
34
14
655
10604
16041
5
6196
2449
288
174
61
164
41332
104
24
1029
57
24
1804
1221
45
2471
24
5473
843
57
38983
5
51078
1221
641
358
2113
389
5
4458
23
24
77
6153
27
1786
16036
69
174
71
61
2454
7657
69
116
71
5
16049
12189
69
700
71
9514
123
24
4156
16909
16387
31210
53906
149
1013
2931
2780
39946
912
10783
104
237
1191
334
2209
1842
57
692
1348
837
54
55
5133
149
13
748
868
14
2801
9956
810
54
2534
4447
351
34
3791
24
233
1587
1221
334
17159
1533
3854
13
2414
201
27
742
15049
26425
104
3507
16399
61
502
2291
76
158
219
25593
24
16118
62
912
33
9
83
64
327
4032
24
79
61
638
1013
442
16705
27
119
6945
104
35
17773
53907
3383
76
14
3486
1813
2
2512
2513
185
3845
146
27
2780
39946
2448
31210
53906
5227
14
30617
4896
75
327
104
25111
1687
7637
243
110
23
24
327
912
4800
1804
9
53908
4151
3277
53909
27
1687
9499
648
628
3556
21621
372
53910
69
19063
4485
215
638
1013
21621
542
262
215
598
542
71
27
2512
2513
61
10604
16041
61
16037
16038
5
16049
12189
288
24
43
185
2272
2356
5
6889
27529
9
27530
53
14
7482
1348
215
650
185
104
170
227
27
1160
23
266
61
13444
61
1543
34257
61
481
43699
61
6607
9723
5
3325
13070
2859
75
1146
6844
3424
104
25111
27
187
638
1013
1018
1193
692
1027
723
27
327
288
2469
445
24
2083
5
769
15
9
2459
27
10604
16041
69
700
71
149
32
57
1413
243
110
23
327
37
4800
1804
9
47
75
2780
39946
16041
149
1899
91
2439
77
9
4985
2512
2513
69
174
71
129
242
54
1566
37
188
185
2272
2356
53911
24
16265
61
1029
704
372
196
603
9
22225
262
3633
24
594
835
838
185
2272
2356
650
23
24
13358
575
327
912
2520
1011
83
1004
6258
16
9
2459
61
8815
13
14
6761
53912
2534
74
27
12516
2432
10053
11161
39438
87
1622
13
1761
13
25633
405
57
24
7642
12746
13210
23
1566
912
1155
64
6258
147
185
4386
1348
54
16265
42852
1579
169
53913
57
13210
515
183
15195
13
850
23
24
2544
27
842
5293
610
278
405
692
2568
253
27
119
594
9
10116
12907
3865
57
24
2356
149
45
24
346
57
3276
40
24
1848
1221
53904
27
1031
53
183
3731
24
2190
9
731
2525
327
112
647
24
582
25111
149
4032
61
9535
24
3240
17108
61
57
53914
75
53915
23
3094
427
185
24
2356
57
14
13260
12230
27
1031
330
61
58
14
11604
2118
2434
5
23
24
306
9
3602
16971
2532
1541
22424
61
183
373
879
1465
57
14
3491
515
818
3096
825
373
1456
133
34
327
27
327
37
1848
75
2780
39946
149
53904
9
24
17108
647
24
582
25111
149
4032
1447
149
14
7734
29020
1348
24
25111
28094
650
13
10695
24
111
57
24
112
27
2454
7657
149
1330
24
4166
9298
76
5555
1299
1300
40
24
28094
3195
285
995
9865
6578
61
4926
3195
24356
24
29830
57
24
9298
27
251
2347
146
147
215
4712
9
953
13
10695
515
10604
16041
149
23
1217
111
57
24
112
61
14
18829
16266
57
24
965
9298
27
8440
14004
44
3911
778
2994
12189
53916
64
327
1805
360
246
327
26945
2780
39946
1507
9
2459
185
2272
2356
104
25111
246
23280
9762
122
1469
1299
1300
56
23
122
16369
4782
20510
246
25111
1848
57
53904
149
24
7224
37
17108
647
183
4032
246
13784
2190
149
53914
75
53915
23
3094
427
246
7637
243
110
2859
185
2272
34
24
55
227
647
13444


