48765
1211
3429
53
748
51
1
21946
4
33396
29
80
40
115
3
29
5121
1080
6
3742
871
952
1607
10087
3844
67
3742
85
1099
381
1
161
5334
2
155
774
115
33396
1
5
21947
3429
1
13348
1211
3429
4
4857
21946
34
3742
1080
33397
26371
1
119
7273
3429
34
0
5273
2
65
625
61
332
670
12582
7
3742
2167
543
0
222
4213
6
3429
2
871
4213
6
19033
9
0
148
952
1533
543
3371
9
34
194
1506
1080
6
3742
85
605
1
17
3348
220
4004
248
1611
1080
85
2410
6851
2
563
493
69
67
85
3229
10087
786
7
0
235
452
255
7217
115
0
955
3742
2167
10
13735
2772
134
639
2772
6
3429
2
33398
4
13348
1211
3429
3640
19481
2772
1
4
21946
6503
2772
9
4195
26371
13
5377
3
6503
2772
134
639
2772
6
1639
3742
2
9270
1956
1
473
289
3
126
1
3640
48766
1239
134
639
2772
6
3429
1
119
7273
3429
34
0
568
3742
20
48767
1239
134
639
2772
11311
22
0
111
625
1
933
7
0
4299
26372
1420
1
332
125
3429
7246
33
41
159
416
511
3
1789
3742
1080
1
1547
42
28289
433
20
759
2
997
169
3429
7246
935
0
4734
781
6
1430
3742
3811
1
146
55
6
178
10087
43
232
7
3742
2
9270
13
54
6
0
259
1192
24673
6
3742
3
0
255
2728
9
19033
4
19033
9
876
3429
91
148
952
133
4
0
955
447
20838
870
3985
53
316
1642
7
730
51
6
3429
274
70
2
380
955
1
3742
2167
9572
3
32
1506
7
2410
53
48768
2772
51
85
7
0
3348
220
5101
53
48769
2772
51
19033
4
19033
9
876
10087
133
11520
134
153
1506
2
15
2089
7
3742
2167
197
3348
4
2410
1729
817
25
13
10966
686
3
2254
3429
17
499
3742
1
161
5334
2
48770
3742
13
5
753
19034
3
232
777
906
1
973
3
664
1324
4
3331
2
1100
255
12087
30
2429
7
612
82
1
0
955
1899
12087
6
25842
2772
1053
748
0
1649
755
6
399
2772
2
155
3811
4434
0
255
3
346
991
5
3337
483
2772
5
132
31
11114
2
10724
1011
9
2305
570
48771
48772
1
28
927
1675
422
6
160
1
38
13
61
33350
11
0
618
304
48773
10813
12
7076
4
1430
53
33399
51
1
22
16
35
982
1339
987
530
14
0
255
3742
5833
4454
1
428
12
5
695
6
3742
3811
11
410
626
1562
1
13
346
1
45
14
0
3811
252
3
32
194
67
12924
112
60
33
3
124
3742
24036
94
3
499
85
399
2772
5
132
2
35
982
425
4004
252
3
429
10885
42
5150
4
2596
49
17
0
7217
98
1
62
44
46
32
93
374
2
35
57
47
907
350
20
0
5101
4
6698
5
1611
3742
4
4034
1373
6
212
1545
3429
1
62
419
602
1
3
1616
128
501
3508
2
35
1759
47
10087
33
473
33400
23
35
48774
1
602
73
3844
20
568
0
5377
6
2881
134
153
26371
134
639
2772
12
955
9
261
10087
171
118
32
289
3
126
7795
1
62
41
20
18081
33399
1468
1953
2567
33401
22
16
35
33402
3742
13
54
6
0
148
752
9
2560
2190
3
1789
0
245
6
75
1029
4
2835
28
48775
1
664
1150
4
664
2002
2
35
9270
13
5
425
19034
6
3742
3
0
255
2728
4
25
13
2904
14
0
781
6
1430
1244
0
3429
1321
3
7815
0
111
3811
22611
570
23221
48776
1
1986
6378
6
9249
255
1
0
265
14
4896
0
1321
1
22
16
8
7076
13
7
37
11776
196
6
0
48777
1087
11
4185
4
715
1425
2
8
101
37
1921
3
987
257
3904
17
33403
1
1161
4
21293
10087
1
0
8414
1321
30
116
1710
3144
653
3
1789
0
3742
2167
6
8414
1729
77
0
81
333
82
4
3429
7850
29
614
128
504
3
5410
4185
9097
3
3742
5833
2
8
360
1
10637
3742
1080
26023
58
1251
5
245
6
1335
11
0
3429
1321
7
1281
6
626
715
4
1737
2
8
9270
13
118
54
626
50
14796
3
30818
3742
24036
4
108
626
1562
8037
4855
67
2
8
48778
3429
7
1787
14796
3
118
275
134
153
6
3742
12087
7
0
255
9
499
85
148
626
1562
2
8
26
3442
952
10087
3844
67
3742
85
1099
381
1
5334
161
26
33398
1
4857
21946
4
13348
1211
3429
22
3
29
232
3742
1080
26
13478
3429
30
0
5273
3742
1080
1
301
3
0
776
774


