15
211
9983
31
5
1229
7788
10
5
2408
38
34
342
27
102
7
5
4291
1
25
1172
209
2
9019
2396
2718
1
384
1
13
603
6
1003
11396
8561
1
3123
1
4
5672
13161
779
1
2297
1
38
1708
43
1156
13088
20
0
6865
7822
3197
7
3019
12
470
1
39
21
10
1582
28
19
431
8561
1
38
34
40
669
11
575
82
1
34
342
27
117
102
7
0
3019
4291
2
9019
2396
2718
1
384
53
93
51
1
13
603
6
2461
4
1003
19
1011
9
1634
11396
8561
4
10211
216
13161
779
1
53
122
51
1
12
470
20
6865
7822
7
3019
1
2128
1
39
21
10
1582
28
19
431
8561
1
3123
1
38
34
40
669
11
575
82
1
34
342
27
117
102
7
0
3019
4291
527
2355
562
27
23
8
2319
3
2545
8
4
22
27
315
1670
27
49
28
0
626
10309
2179
274
166
4
21
10
363
56
21
115
55
36
34
40
285
2
1287
25
10
310
14
2718
34
1773
499
85
64
82
6
5
231
9
70
582
905
11
2389
6
2709
17
4525
3
14244
1
607
689
4780
2
852
3
1484
21
219
3
582
359
259
1
411
1
3
454
5
64
9
70
905
11
1719
2389
4
216
64
9
70
905
11
4352
5
10092
4348
20624
1
0
587
364
2
52
467
19
231
9
70
905
11
2709
2389
555
896
1
411
1
1484
163
9
434
3
3826
12242
17
2527
1
21
10
867
3
1850
0
105
582
3677
20
0
222
71
2
32495
16
9019
2396
2718
1
384
1
1156
11396
8561
4
13161
779
39
21
10
2792
28
6865
7822
7
2128
1
106
22
2
4087
1
2718
53
2292
51
1708
11144
1761
18
54
9
3153
9339
8
13195
8
16
15
1400
1365
9983
11396
8561
1
3123
1
4
1898
13161
779
1
2297
1
90
21
10
303
4
6089
31
103
9
2102
4223
18
2496
4
839
2240
975
6865
2
4087
1
2718
3346
0
7316
2499
6
13125
1
21
10
344
3
1046
80
105
582
3677
7
79
64
82
4
21
10
443
12
359
903
1
151
1
1484
163
2
8
1232
4525
10
3
46221
59
194
879
85
5
70
4
485
187
1
8
2128
655
2077
3037
292
32496
22
437
2
8
139
276
3520
32497
0
863
17
0
781
6
11332
2
8
281
25
18
41
37
5841
1757
830
1
60
29
100
961
129
189
5
447
46
882
1125
7
582
1
8
32496
22
2
2718
10
303
31
4223
18
2496
975
6865
1
38
13
61
0
839
18
2240
2
101
9641
16
57
30
1172
14
2718
53
214
7580
51
1708
4022
3272
1
8697
2223
4
46222
1356
9
1936
7
5
695
6
2495
12
461
7
0
187
973
49
3
0
932
1003
378
147
16
1643
1
7
216
1
21
3361
5
783
6
0
24465
17
5
827
15841
0
8
16277
8
321
11
41
1408
0
75
6
4759
127
1498
2
4087
1
2718
13
137
18437
626
1095
5
6986
20
147
101
1330
16
3063
5
54
9
70
894
1
2718
61
1708
633
628
6
6898
2248
3983
1
2749
19591
1
5
6202
2191
8
2223
46
17706
0
172
8
4
126
2163
129
3
1811
3807
1419
7788
16
1523
2495
408
2718
2191
0
7316
1
16755
1229
2629
2562
53
137
51
1
7580
7
5
5660
4
6974
3694
0
54
9
1313
9339
6
0
1419
660
2936
304
52
30
98
10643
8542
4
10
3310
31
3733
377
2
203
6650
2
2224
1478
22
14
2718
46
32
572
446
17
87
9
1895
466
4
833
4
2639
17
5
2749
1998
4
14
21
206
61
225
1827
635
2
1643
1
5
479
11
37
2128
283
1419
304
22
377
14
2718
10
5
10012
46223
20
5
5660
0
304
7136
4
14
21
15572
0
1400
23
8
5
305
6465
2
8
8
52
10
5
2120
1
2154
1
838
9
1185
2407
1
8
22
28056
7489
1
771
6
597
11
0
1419
2758
6
3604
2128
283
2
4118
16
380
437
1
4207
992
310
0
5326
6
2564
1
17
5
10043
1191
0
14250
16
8
135
352
7
0
853
1
376
853
6
0
533
2
10323
1
60
73
1487
5
396
6
3221
2
4087
1
0
548
20
6865
7822
22994
16
975
6865
1
137
748
1
303
0
1400
1640
278
3
210
37
267
3
19
1003
8228
2
68
6865
13
0
179
813
6
0
298
1
93
1
4
5
7355
4223
18
2496
1
11623
8
52
4385
5
305
5619
1
8
7489
22
1
609
21
176
14
2718
18
5060
202
941
156
8
925
7490
2
8
7489
22
2718
467
28398
20
54
6
0
304
18
22905
7
5679
52
131
2718
10
74
8244
4
14
19
5060
107
74
1251
156
925
7490
2
52
61
22
14
2718
1327
825
113
22993
43
2719
127
17420
109
217
1654
31
1419
660
6
1507
4
1434
1
62
1761
1
3133
1
607
2882
689
2
1478
22
2718
10
1582
122
90
0
343
1
4
14
21
123
1992
28
0
533
14
2574
0
298
18
996
3412
1917
3
97
1248
6146
2292
2
2143
549
1
21
1156
6463
9
83
11396
8561
17
5
1537
7
0
2292
18
8487
853
329
1
1117
19738
27
251
1
301
3
106
2
2718
123
1687
1898
7703
9
83
13161
779
90
975
6865
1
5
7355
4223
18
2496
4
0
298
18
782
2765
544
1
303
59
1
106
22
2
779
10
1015
11
27
579
20
0
422
6
2128
2451
1801
1
113
36
10
443
377
1
22
46224
46225
1
8274
16554
11
0
701
2292
2
10898
16
15075
4
280
1604
374
5
4450
11
1415
6
1174
1935
23
106
2235
12
470
21188
16
7292
938
7
4148
363
6865
7822
23
44
1604
3
517
262
0
13061
343
20308
16
65
1634
28
6865
7822
13194
39
27
4180
10
9983
120
0
343
1478
22
779
10
61
3310
377
2
203
1974
2718
10
1582
11
8
2701
1425
8
2289
8
3274
1157
1
8
1478
22
1
1453
14
21
107
74
183
0
22836
2
203
348
0
1790
3
185
2235
2718
39
1011
9
910
78
2244
21
34
800
309
450
3
7788
418
2564
3
2223
2
1478
22
106
348
0
1790
3
233
69
2718
18
3170
114
6
0
2069
6
0
343
1
50
1180
5
695
6
232
9
1709
17234
17420
31
1419
660
3133
2
7489
22
2718
34
1327
825
113
22993
43
2719
9522
199
1150
2
8
101
100
152
1
1705
62
745
107
21
3932
2223
7
48
10053
1236
1
8
7489
22
2
101
5
565
1
1790
4932
13734
7
24775
523
12763
32498
22
0
12212
11
0
343
34
41
40
1571
1
45
14
92
13
100
1164
3
354
92
10
5
1350
3
767
1162
2
8
104
84
74
29
156
1164
3
354
92
13
156
2463
3
0
329
1
8
1478
22
2
852
3
2128
781
6
11332
1484
1
2718
1773
71
7
582
4
13
12
4324
11
833
4
2639
6
5
106
544
2
52
61
10
1025
6
2709
2389
17
0
4525
3
14244
7
411
2
15
1484
163
14
2718
30
110
1032
3
32
2629
6957
1
173
54
14400
3922
4
54
7
9521
14
817
8
3235
32
17
66
2
8
26
9019
2718
1
384
1
719
285
11396
8561
1
3123
1
7
3019
1
2128
26
8561
1
38
34
40
669
11
575
82
1
342
102
7
3019
4291
26
527
2355
562
27
23
8
2319
3
2545
8
26
2718
34
1773
499
85
64
82
6
5
231
9
70
582
905


