258
463
464
3968
261
262
57158
264
61
2213
3094
1268
268
269
262
57159
264
61
145
3094
1268
251
1565
289
57160
87
933
14
582
9
57161
24
25167
9
12857
185
14
57162
9
2033
1578
262
24
11517
27
48870
61
64
594
421
5120
61
369
2535
27
842
45
57160
37
24232
26857
9
1537
61
14
24232
26857
61
1564
34
57163
61
87
21072
1145
14
57164
4051
61
502
1579
9385
1400
9993
183
13
2115
2289
5
26661
1284
851
7768
2535
45665
11517
27
162
622
720
61
24
1565
99
17612
26880
24
11517
27
6228
6229
6230
2994
57165
3555
119
11517
9
26880
24232
48870
331
1307
1129
185
1131
18326
61
24
24232
26857
10717
14
2330
24050
499
2381
13
14
175
3368
61
2330
2912
15732
41306
61
331
24
1565
1520
185
1579
29832
844
27
331
1134
9993
34
1511
3828
13
107
1129
64
24
6849
14785
87
821
1478
27
40832
61
14
11517
515
516
6068
223
758
64
14
2330
15732
11517
516
5056
11977
23
1465
1030
13789
2721
27
331
24232
48870
369
53
47
57
166
61
57166
9
9386
12286
515
61
1348
2912
61
163
14
57167
4391
8084
1348
358
221
6849
76
24
1675
27
1134
8084
9993
24
11517
13
2909
2289
1284
14
7768
2535
11517
61
24
1565
1400
61
5
15680
226
3791
185
20674
61
7634
33531
27
119
111
129
26880
24
11517
262
1543
11828
1520
215
37
100
334
7166
57168
704
54
562
331
187
2072
185
2050
331
262
11828
1520
215
130
237
331
57169
331
303
5
389
515
183
12483
331
1307
46464
13789
18326
61
24
24149
9382
57
24
24232
26857
10717
14
822
5772
61
175
24050
499
502
12772
14
6279
1301
351
5
57170
14268
61
24
1565
1520
27
331
1134
7410
13
198
185
13789
18326
87
821
2381
13
24
880
14
57171
2763
9288
218
24
2721
27
331
24232
26857
9385
1543
11828
1520
215
2168
24
6553
34
24
11517
1348
215
1129
190
1245
16602
13
163
14
2829
32502
27
396
130
24
32502
303
5
183
12483
27
331
3627
503
638
183
2909
61
331
215
1520
23
14
11898
522
34
24
24232
26857
61
331
183
2072
185
2050
27
119
57172
9400
57
183
149
5536
11655
818
709
710
496
24
33531
61
183
2072
185
2050
27
331
24232
48870
57173
262
2535
8018
369
29244
19346
47219
57174
262
11828
1520
24
24232
26857
1001
2381
13
834
14
331
57171
2763
9288
218
24
2721
331
119
1565
970
2859
14
531
185
29832
9
334
4166
6612
1490
575
24
5781
1857
718
1361
3225
13
16955
14961
9
515
253
99
25995
1533
1284
2947
18438
23
890
1267
27
119
1565
37
4044
6612
74
149
2947
5430
27
11828
1520
24
1565
253
99
6993
34
24
11517
1564
5
5169
27
396
1520
183
825
1153
24
3225
2
29832
13
56
3152
9
4087
24
1033
9
9386
8018
387
27
246
331
24232
48870
331
369
53
57
166
61
57166
9
9386
12286
515
61
1348
2912
61
163
14
57167
4391
8084
1348
358
221
6849
76
24
1675
246
119
9385
57
24
24232
26857
1520
215
650
47
76
24
6553
303
246
119
1565
253
99
11258
1533
1284
2947
18438
5
6993
13
56
3152
9
4087
24
8018
387


