4816
3133
58
3389
3695
16003
21449
912
994
897
23
744
525
7648
688
99
4934
515
215
87
13
610
7379
34
14
188
227
27
2153
21450
61
24
503
688
2
21449
912
21451
568
13
1382
9407
4219
21452
21450
61
825
610
7379
11415
21453
23
1605
1606
932
23
4824
27
21450
99
3283
515
215
105
100
2235
24
483
104
24
227
54
2255
912
994
897
104
24
636
57
21454
58
776
14
13077
104
525
7703
82
185
2213
744
27
521
159
34
522
2153
21450
61
700
61
24
503
688
2
16003
21449
912
21451
568
13
1382
9407
4219
21452
21450
61
825
610
7379
11415
21453
23
1605
1606
932
23
4824
119
15125
9831
18837
750
24
1605
1606
3801
515
215
87
5957
54
4620
638
1013
761
402
1487
13
107
104
54
20771
27
1687
187
37
707
188
568
61
525
169
820
579
37
334
7164
76
830
1366
21455
831
21456
27
628
2193
11415
402
495
61
40
610
10070
935
21457
27
628
629
12164
61
926
37
21458
215
750
24
3801
27
1687
408
728
609
21459
40
820
10792
37
4339
27
2015
612
1762
1077
27
15334
61
4620
149
3431
47
646
27
2686
4824
526
149
1015
9
5
926
1077
27
1687
579
149
244
1347
4703
27
628
1825
8523
13
525
144
484
27
1003
2179
37
2467
2
21460
1003
469
37
7520
2
2814
27
331
21461
262
2153
61
1519
15
5
14
170
61
324
76
54
448
21452
21450
5
16003
21449
16771
3442
16003
21449
99
174
525
1535
13
525
166
272
69
2
174
71
21462
21450
61
4481
21463
5
2153
21450
27
691
369
324
104
24
21464
19805
21465
23
9407
23
427
2036
1605
1606
932
6897
1543
21466
87
21467
24
1478
483
27
4338
525
897
61
183
149
4934
515
21449
37
2947
21468
5720
1535
516
107
10066
1411
525
166
272
9
2153
61
54
2179
21462
5
122
170
9
7396
4481
21463
27
119
3443
9
2548
3442
663
1481
16153
2947
5430
818
515
525
701
1762
61
3080
61
516
107
758
132
58
64
758
27
251
6565
57
2947
8911
149
174
13
21469
6782
61
129
3366
64
24
791
5285
37
21470
34
24
35
3970
494
27
331
187
912
3541
9
628
604
648
926
516
1018
1465
34
846
61
331
6782
61
14
21471
15464
61
750
119
1605
1606
3801
185
4386
27
1843
7191
61
3379
15905
61
149
174
2947
11913
27
9407
21472
262
16003
21449
5
21452
21450
9514
23
119
9525
21473
23
13568
251
1646
398
57
21449
37
3225
149
2228
47
23
525
5665
104
119
8218
185
1968
3274
1202
61
502
87
1586
2947
2779
5720
27
579
105
1910
646
647
21474
10071
21463
23
13520
27
21449
55
477
21452
21450
23
7849
61
104
24
636
57
1011
27
2906
666
494
525
3355
61
21450
1077
57
8490
3976
23
11446
27
119
540
105
316
272
61
2153
61
12164
61
14
2108
15125
5
9175
1045
14614
61
5
21462
61
6015
61
14
10699
18017
27
21449
477
525
169
583
61
1040
10071
21463
13092
61
23
13520
27
4636
358
105
14
688
61
4481
61
5555
61
129
87
663
334
1040
27
21449
5
21463
8225
23
5528
27
246
2153
21450
825
610
7379
11415
21453
23
1605
1606
932
23
4824
246
396
99
3283
515
215
149
2235
24
526
1348
54
2255
16003
21449
1077
3195
1519
21454
23
744
246
21450
61
12164
61
87
21474
34
24
188
227
61
655
54
550
61
4846
61
99
663
100
477
484
246
21449
37
2947
21468
5720
1535
87
13
107
10066
1411
525
166
272
9
2153
61
54
2179
21462
5
122
170
9
7396
4481
21463


