144
5039
5363
65
14909
7
0
2770
5985
11
7755
1
0
435
8826
163
30
40
1327
31
6232
464
6
299
18
973
117
77
0
82
2
15
770
1
3576
3
4819
80
457
7630
1
30
204
242
472
274
70
150
34524
262
0
1216
6
37
708
21950
2988
3593
31
0
712
13513
2758
53
22483
51
7
15747
2
57436
7
0
1338
2329
6
0
712
855
1
435
1
25
13
37
1717
770
53
17
0
9523
6
125
82
120
0
1366
4
3101
353
8576
51
4
1104
242
7
632
5679
294
7915
6
0
712
13513
2758
53
22483
51
1
0
927
30
1327
472
274
70
150
36
224
3
0
9092
7
8129
2
96
10830
0
1489
6
0
163
1
50
3181
17
1583
1022
12
0
446
1
4
13
123
289
64
747
2016
455
17
22483
464
2
96
13
473
4263
31
108
464
6
0
712
1769
2
15
3948
6
0
20696
13
3
2029
80
457
7630
4
3850
4694
9709
6
80
2503
3
688
3
3822
705
4746
20
102
4
23
5
1912
9283
0
927
13
473
214
20
27
148
4498
23
36
9214
0
12326
4746
5325
125
6
0
172
18
148
5389
1264
5960
2
2307
21423
5447
0
927
18
435
8826
3301
783
5307
558
151
16
1037
847
1727
19
2408
0
927
5
1746
6
0
1255
21
840
1422
12
5159
6
19
841
27349
151
16
927
1546
2740
3795
0
435
8826
3301
7
160
17
27
315
1037
4343
4
4941
1037
847
15
927
1527
2671
20
0
721
8928
14
34
40
116
3
2074
27
5050
7575
20
0
163
56
36
1327
81
70
927
1546
1
214
323
2229
0
4641
20
0
468
22483
435
8826
3301
1
13
473
20
27
148
4498
4
596
20
0
770
927
1546
13
5
7915
6
0
712
13513
2758
50
3581
0
5696
163
1
4
13
168
330
11
27
361
6
0
7919
15
927
3602
1037
1253
17
5
712
13513
2758
18
1432
14603
6
14256
120
27
703
3
435
8826
3301
7
746
15
927
14369
27
4105
20
37
10585
1255
20
0
1686
163
1
609
25
13
41
330
110
36
273
6
0
8318
6
57437
4
108
8
11255
18427
15513
4565
8
7
48
82
163
221
13
100
911
6
0
927
18
8864
11
0
163
57438
23
36
4028
1
323
137
2691
0
20696
7
2581
53
122
51
4
1870
53
93
51
15
927
18100
54
6
0
4882
17107
12
1352
20
0
4859
53
93
51
4
3648
53
122
51
435
8826
3301
15
927
20
0
4484
163
1
7
0
70
36
492
5
2408
11
0
1455
71
2234
0
878
6
1037
847
1
38
48
70
175
196
7
0
163
430
139
70
3367
0
57439
6
0
163
4
927
1546
47
3076
10
1303
13582
23
27
220
4941
10
553
2
1037
847
614
17
19
841
27349
1
50
1388
97
2117
9
1784
1255
46
5999
97
147
22434
10984
7
0
23245
32833
6
32834
2
15
927
1527
2671
23
27
4941
738
27
0
1255
1
4
27
8864
107
141
57440
23
0
36
175
7
0
936
6
0
163
1
1328
169
108
464
6
0
2770
117
2
401
57441
1
38
30
40
346
12
0
1422
150
81
522
17
847
1
22
3582
16
8
15
927
3438
25
2
15
1037
6
970
58
109
0
3852
7
0
1269
3
165
3
0
57442
20
57443
2
15
927
2965
25
1026
25
133
25
1026
125
57444
2
788
60
33
159
3
1386
88
94
2
8
96
176
16
8
96
30
40
627
323
53
3
435
51
11
743
1205
82
2
96
22
36
273
25
445
32
27
57445
70
2
8
15
927
157
3
2047
0
163
473
17
1945
3753
53
93
1
7
6115
51
45
1474
5236
0
132
50
388
464
6
27
117
33
1517
101
4742
527
7075
4832
11
13330
13290
6168
4
5303
2826
7
2615
6
0
3020
15
927
350
20
6681
57446
5
7878
6320
3763
909
7
19654
6
27
6681
7575
7
5119
15
927
30
1327
472
274
70
150
36
224
3
0
9092
2
14816
323
2653
5
17574
20
0
5119
163
15
927
91
958
0
4746
20
0
12607
435
8826
3301
31
0
13228
1302
57447
4
4766
57448
2
96
30
118
1552
178
332
150
1621
927
7
16643
14527
2534
99
28
5
872
20
28613
3
4080
1199
4
498
37
2627
3
0
751
564
90
2229
0
8826
3301
7
8333
15
927
21912
0
27100
23
36
4883
140
0
6067
163
53
93
51
4
0
7702
435
8826
3301
4263
31
26316
2
292
57449
9
7522
53
122
51
65
247
927
3795
0
435
8826
3301
17
15
21943
3072
7262
11005
7
16643
1
79
5
70
39
36
492
927
262
0
2287
193
6
27
244
916
778
1
4
90
27
26772
7
8129
57450
16148
4
6302
7
27
876
9567
1
0
927
473
12108
3
1802
1876
21460
3
0
332
23
5
24683
2369
127
0
22259
1105
2
57451
0
163
11
0
29529
71
81
70
120
27
5050
7575
1
0
15695
9
83
4832
11
5
699
410
1533
6
251
1802
1
3700
11
25
18
18761
16
5
6975
27350
2
15
57452
883
1442
10
87
1093
31
0
927
18
20633
8239
1868
2
57
13
116
6
5
1226
588
11491
50
887
527
7075
18
883
7
242
119
36
15125
0
2329
2
15508
8089
0
927
47
3685
21460
1
25
13
41
536
459
36
86
473
12108
3
15774
0
11491
11
0
163
1
45
11
435
8826
3301
27235
1
1546
47
1374
1068
30
383
23
194
5
14909
6
0
163
23
27
10607
2545
2
657
0
1043
927
18
361
11
0
712
13513
2758
18
1717
770
13
4444
36
13
31
100
817
0
118
848
6
0
117
38
5236
0
163
2
57
30
383
472
5
4910
14
0
1052
464
7
1787
2047
1886
1
2505
11479
28
0
927
2475
18
57453
11
7585
4
0
163
1403
2
139
70
408
9141
1
2342
6
3592
2047
1
455
17
0
927
18
2841
2193
14347
5533
4
16585
3390
1
262
0
189
4910
6
712
337
6
0
163
2
151
16
5986
0
423
309
16
15
927
18
9499
16585
3390
1874
0
4115
23
0
435
8826
163
1904
97
10638
1716
151
16
15
11657
197
0
1037
6
970
4
19
244
0
2926
6
2905
13
4444
23
44
1016
37
663
5886
7
0
14388
9
4272
9
1169
5002
5462
16
5493
128
247
7
27
7630
3355
1
25
10
17574
71
11
0
927
2475
7
0
2329
6
0
712
855
12752
16
15
927
2475
816
5
2781
64
9
57454
3355
4
2586
3122
56
7167
0
163
17
0
916
2649
16
1945
3753
107
74
716
1312
433
429
27
4154
0
163
9621
16
2529
2342
6
331
1050
27
7075
20
0
770
90
27
984
3
1037
1186
1182
57
13
1728
41
385
1614
214
12
0
2770
251
1
45
11
169
82
98
927
1546
30
2956
3
1802
5
15039
27350
56
36
10830
27
3560
5696
163
2
30356
23501
12
459
36
9581
12108
0
2731
3599
2927
1
45
169
354
25
13
3
1695
27
883
28
7115
69
27
225
1
23
194
6
0
163
13
477
363
7
0
4641
6
0
712
855
1
435
2
360
150
25
13
10535
100
67
57455
85
0
6232
108
8409
19551
1
25
1181
0
1533
206
32
67
5
9870
3
0
1374
21950
3806
6
0
132
2
6704
14187
17
1929
25494
62
2399
1
62
7111
17
5
57456
3355
1
0
927
18
27350
30
2671
4
14293
11
82
2
190
6115
9621
5119
4859
411
26
15
927
30
1327
274
435
8826
3301
1
1344
178
1
150
36
224
3
0
9092
7
16643
26
96
1552
27
87
163
23
57457
7
8129
434
3
6971
11
27
23713
26
65
168
330
2069
3466
0
927
1474
5236
7
0
4131
50
2029
639
82
48
70
26
13064
137
4498
1
3647
4
3585
20
0
7412
4641
12
1352
26
527
4941
847
175
196
430
48
70
17
19
841
27349
1
194
3
527
7075
18
8437


