144
7531
8641
293
16
50502
138
1
870
417
190
291
287
16
19633
138
1
870
417
190
299
18
1404
1254
5221
1
2273
8575
13
207
3
1208
97
666
11
4386
39
97
1192
7435
22
25
46
794
25
69
1723
192
209
2
15
5221
1
50
10839
67
85
6385
481
1
11787
33988
17736
4
33989
26658
1837
1
4
30
6369
14
97
4390
32
1410
12
0
160
7515
8484
2
15
356
496
39
97
3238
9
3537
4
6201
9
2655
712
2444
6
654
9
786
0
298
47
72
1314
341
6
7935
3
97
1192
7435
1
513
15275
2
899
824
15497
16
17736
13
0
255
18
1192
1254
5221
4
10839
67
85
6385
481
89
9196
0
3238
34
21018
1331
19114
1
513
15275
30
22
25
46
2276
0
298
69
1723
209
2
15
2046
4
3180
5221
7792
3
2667
1723
1
1621
0
776
11386
12
0
257
232
1004
39
97
1192
7435
513
15275
1082
49
7935
28
97
3238
4
10906
180
88
7
2
2273
8575
22
7
5
565
5669
0
5255
6
5383
7
97
4390
14
25
34
40
7
3105
6
125
1105
3566
3
72
1314
341
53
201
32301
341
51
907
6
7935
4
14
25
10
41
7
5
1056
3
10516
88
2
15
304
22
25
34
40
3825
3213
14
97
3238
3537
4
712
2444
6
654
1
50
34
289
25
4081
19438
77
0
12431
1
34
786
0
7935
2
2273
8575
22
14
25
34
41
40
423
3
4814
973
49
3
0
465
45
14
25
34
5698
513
15275
58
5810
0
19438
2721
31
0
3238
4
454
2243
17
5
1106
3
2768
25
2
8
360
1
248
3830
742
6
0
2738
1
513
15275
1006
3825
0
1103
14
25
2457
3
16541
0
1331
127
0
298
4
0
1103
30
2756
14
114
25
13
1129
3
10516
0
1331
25
30
100
3149
45
3
50503
17
513
15275
3539
3
242
0
298
4
97
50504
69
1723
1
8
0
304
22
7
506
18
565
2
50505
9193
16
15
298
734
7
359
14
25
34
11014
3
5
87
272
983
4
763
14
97
9631
11
0
200
272
43
2471
85
2764
5698
17736
18
2593
2324
5
13583
894
11
299
18
232
1004
2
674
215
50506
14429
639
431
56
25
1619
639
1837
2
1094
6
0
50507
18
3722
1837
33990
18
1
11720
7
954
182
676
2738
2
57
10
0
87
7
5
4576
6
17982
14
10858
0
264
18
232
1777
2
689
6
33990
18
8589
224
12
0
222
132
23
6976
1962
50508
22
25
58
32
3735
97
3494
2
11569
17982
29
383
4476
546
11
0
3590
3968
119
5
245
6
3109
29
734
678
3
5597
99
42
2101
2
22112
5221
50509
800
734
25
13
3
373
6454
6
50510
1837
77
0
208
105
82
2
15
1187
842
30
61
40
312
17
103
9
3527
304
1366
50511
1
50
3930
50512
4
10972
50513
1
5669
25
46
373
67
85
11920
1837
7
746
17
0
983
6
743
3058
1396
2
7011
9
4112
50514
1962
26659
2837
69
1723
7
409
1
50
46
667
3
12130
1396
357
97
1837
2
15
839
1
50
14494
28
63
33988
2273
8575
1837
4
33989
26658
9596
1
34
40
434
3
7113
0
1339
6
5
12152
1622
69
129
25
46
4141
17
1905
5383
1105
4
3432
1212
28
7217
4
0
2945
2
15
298
734
7
359
14
25
34
11014
3
5
87
272
983
4
763
14
97
9631
11
0
200
272
43
2471
85
2764
5698
2
21433
7
2273
8575
1
50
29
342
67
85
1711
134
153
6
42
2343
150
0
454
6
468
1
1619
20
33991
20426
12
426
1
50515
0
304
20
63
591
341
1642
53
201
50516
341
51
2
6388
20
513
15275
76
1006
32
1561
11
1183
2
861
257
2903
8
26550
7943
12843
31
3303
1764
1
13703
6299
2733
4
394
11812
2190
1
1058
6341
29
1667
1905
1105
1
3799
5
2216
6
5717
3
0
10502
2
15
1962
10
3977
7
8044
56
8197
22113
1151
0
87
1058
7
16171
7
2312
2
318
198
2273
22113
1
38
21
909
0
1058
39
1
13
648
0
1599
18
4527
771
2
101
5321
25
34
6562
1837
56
25
25387
12
0
2913
842
2
3506
1058
1758
43
18740
31
2701
50517
173
50518
8575
4
0
26658
1854
1
50
34
33992
1837
1
7
1686
2
15
546
226
23
998
310
209
0
33993
555
12
585
50519
1959
11
535
1068
23
5717
556
42
1192
1385
4671
11
67
85
5
70
2
2838
9
11
9
109
1385
1376
5
8
5069
8
18975
134
153
9
0
1476
1124
150
359
411
9
2930
31
8
5096
8
4671
11
1482
5717
4
0
1476
11008
5383
150
409
954
1
0
257
14624
21072
53
50520
51
22
2
1769
656
16
2273
22113
1
4527
771
6
2273
8575
9
0
1962
10
3977
7
8044
56
19
244
8197
22113
1151
0
87
1058
7
2312
1643
9276
47
4979
0
1216
6
97
968
9
5303
2333
209
23
25
2719
5
419
85
539
1083
7
1717
4019
2
15
255
47
439
1404
3348
1
50
30
67
85
1803
1837
1
22
10992
4019
1735
50521
134
153
3
72
50522
341
7
0
70
3
359
834
1
2501
283
10983
11
5
483
134
153
1083
2
15
304
22
3157
1385
15110
9244
3763
20691
134
153
3
72
50523
1261
1
317
97
842
1016
3
0
1558
755
11
743
5
2318
20
50524
134
153
2
57
10
840
31
97
4569
7746
968
2333
1
50
33800
3
525
6092
4
3689
12
14054
2410
3380
2
360
1
0
1962
1
50
1151
4693
3531
6671
1837
81
70
23
196
6
15585
341
12436
1057
6
111
837
1
22
25
46
3023
97
1526
6
1058
9035
28
79
77
691
134
153
3
63
483
134
153
7
0
1043
1316
70
2
15
304
47
4019
2733
4896
5
23923
12
0
870
980
1048
5
70
320
45
13
170
194
419
85
3689
1
50
800
556
97
87
1219
7
255
4019
11
316
82
1
119
22114
81
149
633
97
87
1219
7
109
9
11
9
109
1385
7
452
82
2
15
3348
968
868
30
2492
7397
7
612
187
39
6092
881
5
6493
3
32
259
980
4652
85
3139
1
119
3689
4127
97
72
2034
341
1529
4829
14211
618
2
89
9276
47
4569
7746
2333
1
881
7
436
1
11540
17
97
4042
3600
590
7344
3504
618
1
30
840
25
55
9
1957
0
9271
842
2
2838
9
11
9
109
1385
15110
2052
45
173
9244
43
49
33994
134
153
1
840
31
5
989
368
1636
2
1986
1074
3125
916
22
16
1166
104
33
20850
31
3236
110
136
801
188
1
2768
4
11607
88
3
4042
3600
590
7344
2
8
4569
7746
1
3495
17
136
256
6
50525
20
0
11575
1
30
3698
9276
47
968
6048
4699
21770
0
2081
6
136
6482
7
1737
4
451
2
8
26
17736
13
0
255
18
1192
1254
5221
4
10839
67
85
6385
481
26
9276
47
13524
0
1216
6
97
968
9
5303
2333
23
25
10350
5
1083
7
1717
4019
26
899
824
94
18975
980
39
33993
555
12
585
31745
535
1385


