378
81
25
47
12
2
1169
118
0
10048
6
0
7019
45
0
1078
6
2993
11
10675
5425
7593
12608
10397
2
15
5017
1666
7
5
920
853
50
125
273
445
2056
0
5664
12
0
5996
666
6
80
71
30
5774
77
2
2607
13370
2993
46
32
12
1078
20
802
826
12
470
39
347
6
44060
4
4601
197
5425
31536
4
10397
47
10691
3151
21402
2
16533
11
0
666
197
10675
5425
4
12608
10397
33
12
1078
12
470
10397
633
5
604
6
59
350
7
205
1705
259
230
90
0
666
139
31537
978
10
4366
20
5
935
197
21402
1
5425
47
23010
2898
44061
4
2882
1402
9663
8932
44062
38
25345
0
465
11
0
666
1403
2
15
1157
77
0
245
6
2993
1
14444
4
646
1968
3
32
116
720
3
277
1568
43
80
5940
2
1475
48
1894
5
1443
1237
17
0
18176
92
10
3868
14
0
666
445
32
7
19680
2
101
1674
417
314
7
0
1661
5002
5249
10
300
159
3
154
242
2
5425
3405
17
19
4719
2978
120
5
559
8740
7
4186
4083
81
149
10397
13
204
12
0
31538
31
3607
11106
44063
7
376
6
0
1559
559
1544
21402
1
7356
23
21
10
31
4733
21
3233
12
0
5425
243
11
371
0
2993
1013
416
192
85
11
156
425
666
388
1
34
22
16
35
221
47
253
194
20
6870
11
0
5664
3
32
1200
2
2838
272
9
1261
3679
50
25
13
98
539
3
6676
1
17
5425
4
10397
207
3
1276
20
568
201
44064
4
201
4045
736
6486
1
21402
2139
16
35
828
0
3916
29
40
1301
4
0
1237
13
91
2257
11281
15
3257
1879
6
0
20266
2993
43
300
14871
3
32
44065
49
197
0
64
44066
1
0
64
4959
3732
3108
0
503
9
134
9
1106
3579
4
0
18176
646
304
11
42
4354
4
232
31539
2
2007
5
19760
10237
3017
33
159
12
270
1078
1
20
197
201
6429
53
72
1803
51
4
201
16036
53
72
2992
51
277
2
89
2998
11
0
3770
9
31540
2993
4924
201
1688
53
72
31541
51
2
221
33
607
14
217
3017
46
8119
844
12
35
0
3084
19774
11
8568
6
201
4301
53
72
44067
51
294
169
23
2669
2993
46
32
720
3
718
0
666
20
1713
18176
3228
2218
1619
9
5789
1402
2
30439
20
201
2732
53
72
639
51
1
44
46
32
12
1078
20
485
826
12
470
2
26
16533
11
0
666
7
4186
4083
165
12
1078
12
470
166
26
3563
10237
2993
46
32
12
1078
11727
197
201
6429
4
16036
277
26
15
18176
1661
30
5
4417
6
20266
45
148
6
0
2993
46
32
1817
197
5425
4
10397
18
9449
4
0
438
15077
26
3332
3
2669
2993
11
1619
9
5789
7192
46
61
32
12
1078
26
4135
3672
16
5425
18
98
0
10074
130
38
4624
1271
4737


