23158
1520
183
37
3477
24
9653
1431
57
9501
24
6922
4623
57
1579
1462
5409
42824
23
32
906
26863
147
237
751
104
24
5748
3607
4450
14342
5620
23
9675
27
1031
3492
24
582
5189
9
908
23158
608
32510
42825
64
758
64
24
42826
5
42827
42826
1575
27
691
825
107
7539
12947
185
5657
2779
23
16865
3694
484
3360
24
42828
57
24
23158
1650
27
2871
5933
369
3373
14320
13
14321
2288
40
24
42829
825
24510
2
557
13
5560
2288
23
144
21400
7404
655
24
31638
4203
825
3916
515
159
13
42830
7404
27
23158
278
319
334
9653
1431
91
10065
515
358
825
23429
24
6922
4623
57
1462
5409
608
3232
61
349
24
42831
69
324
71
61
104
24
5748
3607
4450
14342
5620
147
237
751
993
166
1816
18895
278
14
3532
57
4091
25458
42832
42833
190
9
42834
5
42835
1887
2275
13
334
533
9
1890
8070
5403
27
119
42836
42837
14315
42838
23
24
42839
1540
5
42836
23889
14315
2331
9576
23
24
42840
4203
369
2330
23
42841
61
64
2330
64
42842
9831
1746
34
24
42839
42843
42826
27
119
42844
1540
2457
42845
42835
22118
9
42833
1887
27
42846
3368
87
2
24
42847
42848
31638
30854
27
993
2331
1540
278
14
42849
14329
1156
76
14
14865
13
5736
14
42066
13
112
24
1536
37
3368
27
33630
1124
278
100
26168
5
718
107
12943
27
19269
14344
14345
369
9023
27
1447
369
582
2195
23
14384
8018
34
24
42826
5
42825
61
5
360
582
14385
7698
9251
27
8218
61
14379
1185
42850
1624
2197
825
107
9023
23
24
1428
61
9384
185
5285
27
119
608
32510
5
1579
19728
42851
369
185
1560
109
2
563
16
61
2
1389
6471
13
1389
7591
27
14791
42852
1579
582
42853
9
47
259
2251
36660
8702
23
9675
61
655
14292
87
3477
24
19112
445
1579
582
9
5409
42854
1546
21708
1576
27
23975
791
10805
4090
2421
5
1001
26893
16815
42855
3401
552
16664
218
9
24
9
2356
1914
21737
2
14719
13
10836
623
4204
24
1617
12012
9
42856
3401
99
309
334
16547
23
24
1605
10098
9278
17322
27
119
42857
26604
9
2033
1949
307
494
104
10805
5
87
6078
11871
64
3440
37
3700
4090
2421
27
396
623
2533
666
57
1579
594
186
1540
61
349
24
9612
42858
9
2548
3170
9
2745
5
6695
12012
9
2745
5
663
1481
14
1810
1890
1264
34
10805
5
8640
23
3096
5147
34
24
42859
123
24
42860
27
2036
10805
4090
13844
16815
42855
69
324
71
99
309
334
16547
23
24
1605
10098
9278
17322
42855
87
32
57
24
35
2797
2383
13
24
5016
9
5017
10603
6257
57
24
1611
10321
3855
61
1348
10805
12749
1981
89
14
9968
1546
1536
14614
27
1936
54
1915
61
215
1841
1533
1284
14
5720
4090
2313
104
334
3940
1890
57
1469
2288
9
10654
5
7639
175
9
1890
1263
23
24
1267
484
7665
61
2241
1541
2058
14
414
10532
27
396
2469
14
15706
511
23
4048
24
23332
14890
4223
12595
5
149
909
42861
8261
37
3564
9
2421
23
14
2852
9
2745
23
24
32960
42862
42863
27
162
7843
215
1481
14
42864
2288
5159
1536
1890
1264
23
14
13874
10805
42865
3897
23
26518
27
3520
704
24
354
215
3366
185
61
215
9712
24
3170
9
2745
13
107
24
512
262
331
628
2168
515
1536
47
13
42866
2288
185
24
42867
41454
104
9612
42858
27
331
5401
970
104
24
267
5050
42868
61
215
4633
32
57
24
17944
5223
3170
9
1276
61
15640
215
105
244
769
54
4919
27
259
8595
61
42869
10805
9246
9247
4873
8846
61
1520
262
331
10805
32889
14
80
3245
13
16815
27
742
1225
9788
278
404
23
405
57
24
16569
354
237
1565
99
1541
53
27
331
1726
2871
15133
11000
972
1072
99
1975
54
145
331
594
835
354
57
704
227
331
34
14
796
1686
104
119
941
14792
24916
5620
27
119
3340
87
331
119
10364
1031
42870
119
2118
331
14844
104
24
3193
3477
513
104
42871
23
941
37
42872
2
5657
4884
13
2978
27
691
4623
2
24
42873
17964
42874
3401
24
55
602
25733
3401
13
24
21863
23554
31033
61
958
64
24
331
55
6973
1536
13
30501
24
9801
57
834
14
1536
2831
223
331
27
29701
5
5727
104
262
42875
27
816
24
5483
57
42876
37
582
61
5843
9
1163
42877
23
24
1462
973
1045
61
42878
61
99
1399
723
23
24
3290
34
405
1605
10098
19919
61
1530
481
1099
278
144
24
21099
27
119
1530
481
618
14580
3193
61
6921
331
16659
9
19764
20147
5
28689
2797
331
61
1410
513
23
24
2603
2321
57
16222
42879
23
24
8230
42880
104
24
1029
57
266
27
119
1530
481
618
14580
3193
825
1550
513
23
16222
42879
23
24
8230
42880
104
24
1029
57
266
119
166
9
257
6632
3492
1234
1914
61
324
61
185
14
27982
5347
493
9
20665
1234
1301
27
42881
2581
14
33660
5
42882
11351
14034
61
42883
61
42884
21002
5
1751
4991
1914
262
331
2520
5589
1387
61
8905
825
4090
5
40979
122
1536
1123
23
14
3232
57
33660
61
42882
5
3791
12833
484
321
933
122
9788
13
24
4090
185
14
42885
21108
437
2510
27
331
20915
3401
502
1018
45
2581
15843
3401
4623
2
1389
42886
34
14
257
37
1914
13
14
1751
166
9
257
11799
76
34287
16813
104
1389
42887
42888
1185
1389
42889
34
14
2639
9
1914
5616
27
9694
262
42890
246
42891
24
582
23158
608
32510
42825
61
42826
5
42827
42826
246
119
42829
825
738
2
557
13
5560
2288
23
144
21400
7404
246
993
2331
1540
825
278
14
1546
14328
14329
1156
246
8218
61
14379
1185
42850
1624
825
107
9023
23
1428


