144
7457
12185
293
16
53598
138
1
463
409
526
291
287
16
53599
138
1
463
409
526
5033
466
16
27028
9323
1
1314
1
30
40
572
17
0
1003
6
5
54
9
70
9
83
7
3141
65
257
130
30
40
572
17
1003
5
54
9
70
9
83
290
77
5033
39
719
16212
27
4754
145
3
53600
27
7
5
6824
6
381
2
27028
9323
1
1314
1
6
27029
1
820
160
13
22
3
29
78
19
4968
9
83
6665
3
10645
0
284
56
27
7432
7291
42
478
5268
1
4
123
1436
23
0
4542
10
8556
2
9323
13
1418
635
6
16187
466
4
833
7
12868
39
91
8573
28
299
7
405
190
2
15681
9323
13
603
6
25980
187
6
762
127
0
284
1
173
4537
27
3
1616
13381
4358
1
371
27
3
764
8298
1
4
21522
27
1673
11
269
12
267
2
9323
1
37
7748
1
10
2687
3
0
4754
211
31
27
566
56
36
1588
160
7
488
468
2
997
248
40
669
11
452
82
1
21
467
5
707
573
17
27
2
15
211
945
3
12868
7
555
468
1
45
0
573
921
478
4
77
1656
2
9323
13
22
3
29
1436
12
5033
28
19
160
102
23
19
4754
6665
30378
0
4542
47
251
182
0
381
39
0
284
47
8429
7291
42
478
3160
7
436
468
2
15
200
71
36
10
9583
1
36
342
8542
4
0
145
180
1296
825
2
15
290
239
0
208
132
2
249
0
145
10
432
1
36
78
106
9323
34
40
16004
27
3
762
0
284
150
42
573
467
2
3386
758
9323
1
38
10
41
0
244
6
0
284
1
7549
53601
3
1256
55
8158
762
127
27
263
1
199
23
15893
0
290
7
0
225
17
5
2009
6
381
1
4537
27
3
1060
12
0
898
4
34
27
251
477
182
831
381
7
0
8701
2
135
9497
9323
6
1191
0
145
3
26939
27
284
7
0
6824
1
50
285
27
2
32867
16
2077
3037
34943
34944
34945
131
9323
8
5698
8
0
305
290
18
193
6618
16
9323
13
603
6
25980
187
6
762
127
0
284
90
27
193
7
436
468
1
23
21
2201
7
1698
17
19
6665
2218
478
14866
4
5972
35
96
10
5142
3
1702
1282
120
32222
2
101
0
267
1
25
219
253
416
4
36
239
1
8
12868
2077
3037
34943
34944
34945
78
53602
2
35
144
30661
0
290
7
0
6824
1
44
58
29
5698
27
193
2
96
10
5
501
1
25917
290
38
10
5142
3
3960
762
2
8
9323
30
40
7
1330
7
12868
11
67
85
5
70
1
262
19
7154
1
4
53603
21
13
2910
2
8
52
4257
0
4601
6
16187
466
4
833
2
581
2848
13
13701
14
21
13
603
6
5
830
1654
7
5
264
50
21
9
20
14
547
7
71
9
34
202
207
1574
7
1
8
53604
53605
53606
1
2788
1
22
2
35
52
61
131
14
21
30
41
6060
3
48
7
156
1084
6
152
1
7
725
0
2961
2
8
15
145
4257
16187
466
1
45
1861
5558
27
284
2
18461
13
207
3
454
48
2025
7
12868
2077
372
2
26
27028
9323
1
1314
1
13
572
17
466
7
3141
26
7461
6
1191
6665
3
26939
27
442
7
381
77
5033
26
15
284
34
719
7291
42
1493
478
5268
31
3417
26
9323
8
18860
187
6
762
127
54
9
70
9
83
290
8


