1178
1922
2315
129
497
1090
58
14
893
24913
24
7208
23
918
57
158
61
1286
24
1666
13
30500
24
1669
61
99
100
13878
185
14
3804
2479
57
26009
76
14
1941
1727
27
48272
48273
61
4846
61
1770
13
3335
76
622
7967
18
24
24913
7208
185
24
744
2154
1941
2
9577
13
6846
61
24
4744
5700
37
2964
330
27
842
1348
14
1727
416
19792
61
48273
857
158
159
24
585
5
8268
54
12249
27
521
159
34
522
48274
262
48272
48273
61
45
324
109
61
497
6725
58
14
893
24913
24
7208
23
918
57
158
48273
4846
61
105
13
107
45087
91
316
6456
3804
90
12080
58
334
33253
364
6456
3804
90
12080
9716
23
13
48275
24
2315
5
24
3607
18723
1941
149
23647
13
7803
27
742
3509
61
6210
48276
61
330
515
24
22378
9
2033
99
4238
450
367
349
14577
61
502
149
45
361
8023
279
104
24
227
27
331
628
1019
704
515
16705
23
496
640
185
24
1669
61
331
48276
330
27
48273
61
14
48277
4156
129
763
23
6846
61
149
13878
2272
27
1295
54
33253
18
24
24913
7208
149
24
169
1155
315
23
24
4744
515
632
61
4948
330
27
24868
505
61
14
2426
18723
1941
23647
13
21593
58
316
7967
9991
18
33647
14
7208
27
246
48272
48273
497
1090
58
24
893
24913
525
7208
246
396
935
9991
76
622
7967
5
1922
274
449
24
7208
246
119
22378
9
2033
149
1048
2
9577
13
6846
185
3607
18723
246
364
6456
3804
90
12080
288
441
13
48275
158
246
48273
61
14
48277
4156
129
763
23
6846
61
149
13878
2272


