258
1704
25363
261
262
34485
264
61
2010
1072
1268
268
269
262
40207
264
61
2010
1072
1268
43498
262
119
2032
9
2033
14468
111
552
855
149
7474
445
91
2111
9
2215
16958
1213
14
35239
9
47
58
54
2046
855
12380
11594
23
7841
377
358
278
2035
14
2488
855
12380
185
14
2032
9
2033
111
552
855
149
7474
445
23
334
1757
76
2111
9
2215
16958
27
11598
104
24
52473
2095
23
35356
330
24
52474
4046
149
2035
185
1072
2431
61
144
3133
58
24
1757
27
119
219
57
24
77
57
4047
61
11076
52475
61
330
183
149
24
1146
37
55
562
9
7138
855
12380
658
133
818
387
58
24
1187
27
119
1757
510
513
185
3192
1656
27
13784
11585
278
319
454
1185
494
13
9402
27
251
1117
9
18285
395
61
4952
91
24
320
61
1046
24
9653
1187
24
111
4508
64
14
3340
57
24
23685
1757
27
187
4700
4002
13
32898
54
855
61
35895
61
52476
5
24
2611
57
54
5267
49966
27
842
1088
61
24
411
3982
4123
13
278
100
14
4228
27
251
467
57
24
8518
319
1671
61
190
1267
58
24
4002
61
2057
158
2540
14
35239
9
47
15161
2
54
320
5282
27
251
4094
8405
105
24
1146
37
55
1751
9
855
12380
23
563
1972
27
3443
61
552
12144
149
45
3283
13
2648
54
1096
61
105
3557
594
57
54
855
445
76
14
2895
23
24
1552
1757
27
396
149
174
1103
13
20620
61
14653
1185
4174
8023
27
11168
11169
11170
3933
5380
159
34
522
7871
9
7138
262
11594
2035
24
4002
185
1072
2431
23
14
52474
4046
4040
2079
262
119
219
57
24
77
57
4047
61
11076
52475
61
330
183
149
24
1146
37
55
562
9
7138
855
12380
658
133
818
387
58
24
1187
27
18445
947
262
1134
1117
9
18285
395
1046
24
9653
1187
4508
91
24
2032
9
2033
593
2065
14
2360
4518
25559
52477
262
11594
104
24
52473
2095
23
35356
330
24
52474
4046
149
2035
1072
2431
61
144
3133
58
24
1757
1978
505
8517
4556
13
13902
54
855
105
4942
27
396
53
310
2079
1348
215
497
24
55
1066
23
24
1146
13
3994
14
1751
12365
12380
27
119
9945
4046
2933
1114
23918
61
37979
61
16536
5
622
310
12470
104
24
52478
52479
320
23
5493
27
119
14525
3982
3866
17539
4002
5
52480
13
7118
4089
22446
27
3443
4700
6270
16914
61
46021
5
12365
16914
13
442
158
15397
1751
4709
23
54
12365
7406
27
52481
1447
278
100
2978
6941
855
11585
658
133
647
31082
52482
105
525
855
13433
91
864
23918
23
7066
27
12243
278
100
2035
23
3424
61
316
23
5492
5
316
23
24
4753
61
32
23
17190
5
32
23
12641
27
1447
278
663
100
316
1751
855
11585
61
3443
5
14
111
1969
64
8520
23
3424
27
16917
278
100
2035
23
24
1428
27
3443
69
116
71
76
54
2179
5
2617
7636
52483
104
14
2327
2328
27
396
718
1094
1406
14
13789
1449
2128
5
87
4033
13
4081
156
246
11594
104
52473
7175
23
35356
2035
4046
185
1072
2431
246
119
52474
4046
510
513
144
3133
58
1757
246
10555
11585
278
1195
319
454
1185
494
13
9402


