144
2258
13617
293
16
32937
138
1
575
436
151
291
287
16
32107
138
1
575
436
151
9998
16
4643
4514
15296
363
3067
3476
8
372
113
36
10
603
6
2036
3
2390
2235
5
1283
6074
65
106
544
107
41
2390
2235
5
1283
6074
4
123
78
0
583
0
7605
34
1376
0
276
1
5
186
306
2
4643
4514
15296
1
384
1
5
2561
2306
7
3299
1000
2289
707
2178
1
1654
5
35
5309
3105
6
51386
3067
3476
372
306
2
96
498
2351
597
3
27
3106
63
0
276
91
19667
56
7
725
36
34
41
5881
0
2829
3
0
7605
2
96
719
732
3
2390
2235
0
1283
6074
197
600
411
4
488
81
70
119
428
20
51387
203
3292
7
2312
2
15296
1
38
13
572
17
3712
7
5
270
853
1
1002
118
3
3498
27
540
4
1918
2
34052
15296
12
14713
2149
1
2077
1485
3175
2682
22
16
35
24
1386
48
276
3
6466
904
372
2
35
24
21377
66
12
14713
2149
17
37
17416
3
2047
14
186
20
259
322
12
484
802
2
35
308
252
3
1190
14
66
29
5
2102
3
1070
49
9
112
66
84
141
14
13
5
1443
2011
2
35
15516
1
66
46
32
348
12
212
3212
20
0
904
372
112
66
2080
3
7281
578
62
41
578
2
35
281
66
7281
578
1
0
891
46
355
66
5
14009
905
45
112
66
7281
41
578
1
4
0
1540
19875
66
1
123
66
46
41
32
289
5
51388
15296
1
28
51389
1
2312
1
30
602
3
2667
5
3826
3
0
766
2
14296
16
15296
1
38
13
572
17
3712
7
5
270
853
1
1002
118
3
3498
27
540
4
1918
20
0
942
20
3067
3476
8
372
2577
60
33
1129
3
2005
685
11
620
1425
2
26
4643
4514
15296
1
384
1
1654
8
5
5309
3105
6
1193
8
1
186
10
78
26
8
15551
3106
276
10
19667
56
36
34
41
5881
2829
3
7605
8


