258
463
464
3968
3779
1225
520
278
1062
24
987
316
29931
29932
7487
621
622
23
14
4233
13
1354
3324
18
24
12462
27
119
5786
29931
9
129
2093
1145
360
16161
621
9
807
2786
218
24
27139
2715
3108
13
29933
5
21179
122
6733
27
19153
29934
29935
61
13449
61
2
29936
61
11936
61
510
24
2219
2919
23
29937
3052
3274
61
17132
1348
215
650
1853
14
1478
20155
575
1533
1284
1469
29931
288
29938
445
6601
185
12441
27
396
330
262
331
119
29931
5747
104
24
20155
652
57
24
16732
36
9
123
24
2356
358
1030
13
29939
445
89
24
7449
13
3076
185
7642
27
331
1134
1047
288
316
1581
29940
5786
29931
9
358
2765
1694
18
14
5784
61
1185
34
6094
57
24
1060
27
331
119
622
29931
288
16573
6618
91
24
2051
9
503
1348
358
2168
17458
91
24
8125
638
358
2430
13
4005
27
331
119
2704
29941
9
185
24
700
83
57
24
467
9
2048
24
7180
5
24
20866
7031
3383
13
54
252
5
2287
445
27
331
3779
1225
520
278
1062
24
987
316
29931
29932
7487
621
622
23
14
4233
13
1354
3324
18
24
12462
119
5786
29931
9
129
2093
1145
360
16161
621
9
807
2786
218
24
27139
2715
3108
13
29933
5
21179
122
6733
3779
2219
2919
288
319
91
4114
29934
29935
23
29937
3052
3274
61
17132
19153
29934
29935
61
13449
61
2
29936
61
11936
61
510
24
2219
2919
23
29937
3052
3274
61
17132
1348
215
650
1853
14
1478
20155
1751
57
18
1469
29931
6601
185
12441
29934
330
262
331
119
29931
5747
104
24
20155
652
57
24
16732
36
9
123
24
2356
358
1030
13
29939
445
89
24
7449
13
3076
185
7642
331
119
4114
330
262
331
1134
1047
288
316
1581
29940
5786
29931
9
358
2765
1694
18
14
5784
61
1185
34
6094
57
24
1060
331
119
557
57
24
29931
15981
64
24
1047
2051
183
133
23
24
1229
23
918
57
542
246
119
5786
29931
807
2786
218
24
27139
2715
3108
13
29933
5
21179
122
6733
246
10201
2919
288
319
91
4114
29934
29935
23
29937
3052
3274
61
17132


