1523
31336
61
24
2255
57
560
19897
1978
7152
19441
4586
31336
61
99
53
334
36875
11571
34
525
688
37
562
13
107
17221
64
215
61
1817
76
53169
53170
61
855
23603
91
3014
2438
237
751
27
618
24
11613
9
3484
7637
53171
3777
926
958
54
8651
562
64
331
705
257
215
87
1867
23
24
33536
57
897
331
53172
53170
61
18596
61
99
185
3354
459
24
870
7604
1707
34
525
688
37
19380
58
358
2140
445
37586
4948
40
372
1271
948
4315
358
516
1018
24
1271
156
5
663
89
24
712
27
331
187
37
14
18477
1017
13
9146
13
3531
24
557
57
851
562
23
5672
27
842
610
1018
244
1028
542
13
1067
61
331
926
330
27
119
775
57
24
22833
185
897
3125
278
53
14
2158
13
30354
37
4783
14106
185
13
24743
34
24
316
7058
43
13
107
17221
27
521
159
34
522
1523
31336
61
2255
57
4586
31336
3629
24
24
3052
7613
185
10614
10615
23
30354
27
119
775
57
7460
22833
4586
31336
5
53169
53170
825
11642
334
12417
64
10662
34
24
1047
4734
122
1462
1106
1454
27
119
53173
57
24
818
9
289
19897
1978
855
23603
237
751
34
24
7066
10393
13022
4046
1523
31336
61
2255
57
870
897
3125
13047
4586
31336
61
9233
91
525
688
6092
61
99
3252
13
37586
4948
13
6559
525
688
2
24
897
4447
53172
53170
61
2255
57
560
870
7152
9
19441
61
53169
53170
61
12234
58
2540
334
12473
12417
13
37586
4948
45
13
1645
133
24
23603
57
525
688
123
14
833
2328
23
30354
185
3354
27
119
3037
57
24
316
22833
5860
24
7164
7738
4948
13
331
6559
612
760
331
763
331
61
64
122
10662
3283
6993
34
14
35
9
49342
1106
4233
53172
53170
61
24
2255
57
897
9
3125
13047
53169
53170
61
525
688
53174
53170
69
420
174
71
61
87
324
76
1523
31336
69
169
2
700
71
61
24
2255
57
1382
897
9
3125
53175
4586
31336
61
5
525
688
6092
31336
69
420
700
71
123
14
3613
104
24
4156
3078
3079
16265
23
30354
396
87
2969
13
855
183
61
215
87
45
10634
54
8540
61
331
926
330
27
331
1134
87
496
628
1835
1735
57
27
628
2245
515
215
87
821
159
13
7090
9
5860
897
705
257
61
40
45
1008
1185
2540
14
348
27
331
8368
237
227
1348
628
850
158
61
637
628
1835
5993
61
628
278
2923
1101
27
331
1042
688
4586
750
7637
53171
515
215
825
1359
13
1869
5
817
2250
27
331
10140
628
1835
61
628
193
109
5
628
1344
27
1007
377
628
847
244
27
628
193
109
185
14
897
9
3125
6578
5
594
308
1456
1145
5
738
61
577
187
37
14
11912
57
227
27
577
628
1014
183
37
45
27
628
1014
24
3849
99
14
5843
34
846
27
143
183
37
45
109
5
183
37
45
13
1067
27
331
19897
1978
247
53169
53170
69
174
71
5
4586
31336
69
700
71
44
107
12329
91
24
1029
57
24
751
53172
7520
104
53176
7007
13
3613
525
688
53169
53170
23
53177
27
53169
53170
5
4586
31336
369
94
533
5763
343
13
107
12329
64
3989
53178
53179
39557
14
52548
1708
13
7152
10437
53172
53170
5
53180
53170
61
24
485
273
57
897
9
3125
13047
53169
53170
996
58
140
158
104
53176
7007
23
19897
53170
37
2255
53172
5
54
469
53180
1817
76
31336
37
2255
1523
5
54
469
6092
825
2597
76
19146
37
4156
3078
3079
6048
53181
53182
13
1481
11182
24
1106
2051
23
14
4233
13
1813
24
7460
1047
37
763
27
331
2686
1267
369
821
1098
61
610
847
244
1728
2372
57
496
825
2191
5
24
8600
880
215
825
107
1745
27
1003
2343
10902
2372
449
54
5
4586
37
982
1816
361
2104
13
525
61
926
87
722
22394
61
331
53180
53170
330
27
331
3944
87
183
515
24
37586
5359
1308
45
748
158
14
3317
5
278
53183
185
703
361
1519
448
778
331
665
31336
750
7637
53171
27
331
408
369
2033
5
23
103
450
5
610
1018
45
278
402
13
761
61
10664
610
516
45
1030
13
850
612
688
738
484
703
27
331
187
3522
58
24
3509
129
7863
24
19897
1978
53173
1348
358
288
55
3218
13
897
3125
87
933
54
1086
185
24
1804
91
3091
215
99
582
4121
515
44
1813
24
247
27
22833
185
897
3125
4586
31336
5
53169
53170
369
4011
34
23603
237
751
27
331
628
149
3242
27
628
638
244
2236
1019
218
24
1310
1185
1407
27
2355
1414
846
13
1018
1465
5
628
144
1150
57
638
183
331
53169
53170
330
13
7637
53171
162
334
9653
18095
61
11319
53184
1520
215
99
331
604
3283
4121
331
515
44
36852
158
40
215
149
3539
13
331
1550
24
3943
331
34
24
870
7152
33184
61
4586
31336
5
53169
53170
61
129
369
1622
13
855
24
3014
2438
91
24
1029
57
24
751
27
331
187
37
1465
515
53185
703
61
183
44
36852
846
27
842
34
542
628
825
1550
183
27
628
750
53169
183
37
5316
61
331
215
330
27
331
187
37
32
35
1017
628
718
1018
34
542
27
331
331
10856
7606
61
628
1014
358
288
821
2404
652
58
6468
542
13
897
61
358
750
846
515
149
45
1028
358
1545
27
331
1134
10440
24
3071
515
227
61
1411
24
37586
4929
5
24
870
4929
27
331
15334
61
723
639
61
628
1019
705
2958
61
496
32724
13
122
1027
61
358
728
45
630
631
444
4095
61
1751
1728
61
331
330
4586
31336
331
628
850
104
515
227
61
24
7606
288
45
3103
23
6468
24
501
27
331
2015
3400
24
775
4923
24
870
7604
1707
34
24
688
37
4145
61
6720
30237
61
129
11
24
870
22901
89
24
19897
1978
61
330
262
331
628
1019
183
37
14
755
515
610
696
2168
635
763
515
369
6120
5860
24
897
4447
61
40
628
1014
183
149
14
2046
4046
5
61
723
639
61
3477
533
37403
57
10393
61
502
87
14
821
835
1479
57
10393
61
445
24
4374
87
14
835
4046
27
331
53170
3818
185
24
11613
3777
262
331
628
149
3242
27
628
638
244
2236
1019
218
24
1310
1185
1407
27
2355
1414
846
13
1018
1465
5
628
144
1150
57
638
183
652
358
288
707
486
5
628
10577
542
5
628
391
23
542
27
331
15334
61
723
639
61
628
1019
705
2958
61
496
32724
13
122
1027
61
358
728
45
630
631
444
4095
61
1751
1728
61
331
330
4586
31336
27
842
14
230
3466
10015
2
808
30237
27
331
2015
76
24
11281
57
31380
61
2831
24
1271
1481
57
7773
1501
2786
156
76
2276
11002
1185
622
308
61
610
516
6526
24
1271
1017
27
331
246
1523
31336
61
2255
57
19897
1978
7152
19441
4586
31336
61
99
3252
34
19146
13
6559
525
688
37
562
246
579
958
54
227
23
19897
64
331
705
257
215
87
1867
23
24
33536
57
897
331
246
53172
53170
459
24
870
7604
1707
34
525
688
37
19380
58
358
2140
445
37586
4948
246
842
870
948
4315
24
4046
149
14
4228
5
358
331
516
1018
24
1271
1017
156
331
246
2281
775
278
319
122
11571
13
24
10614
10615
7613
5
24
4783
14106
246
119
316
22833
185
897
3125
369
4011
34
23603
237
751


