2819
3059
37522
56560
1853
24
5978
13
24
7485
10123
22987
23
24
21935
9498
61
1508
369
144
405
57
24
919
57
38916
13
24
19147
41694
858
2482
27
2281
7150
5
6010
12987
288
1414
13
9222
3224
515
1062
562
185
24
2790
23
1579
17106
163
27
119
3444
57
24
2482
61
1876
91
119
8930
57
14499
5
10120
18290
61
149
14
25326
2758
2876
57
14
56561
16626
18
14
2755
12757
27
9149
513
262
1543
56562
37
56561
16626
18
14
2755
12757
2048
24
10062
11193
2482
502
1062
24
1146
23
704
1579
7514
187
149
319
91
1543
56562
2
56563
61
5789
5790
27
808
56562
61
2424
61
129
99
144
2859
54
2534
11193
3104
61
330
262
331
32922
61
24
5097
2072
2050
2
22662
13
7880
5
628
149
14
2549
16773
27
331
413
227
24
22662
5145
218
628
3556
1713
34
2740
5
2694
515
516
221
14
1646
35740
2876
27
1307
628
1850
24
56561
5
24
9029
61
628
4113
868
27
331
31460
9
47
149
56564
42098
61
1851
61
14
11193
3753
2
56565
23
3527
34
54
3059
19450
467
27
396
330
262
331
628
510
237
544
104
56566
5908
11950
23
56567
4791
61
56568
61
3527
27
331
1307
628
149
9931
23
515
351
628
944
515
24332
57
3179
36477
1252
37522
149
2298
5
628
4410
13
515
2697
104
9957
27
4338
37611
628
2168
237
2876
27
2362
513
262
31460
9
47
149
56564
42098
61
1851
61
14
11193
3753
2
56565
23
3527
129
510
237
2876
57
3059
37522
331
119
528
5860
5945
57
237
56569
57
3527
99
24
514
57
5532
24
18793
27001
57
1687
56570
1302
3152
7210
23
4094
57
24
3179
36477
5908
47333
34
122
35902
61
5291
1142
23
24
56571
9
11783
5
14561
1249
27
331
5745
13
29047
5
24201
31580
34
4965
5
406
23
372
1249
1508
37522
278
1094
100
4431
101
24
23862
2777
3161
91
24
2572
27
331
119
18673
174
1778
91
1508
582
3132
853
2571
12342
334
12473
2073
34
542
13
799
33
34
35902
1348
358
156
369
3037
27
331
143
23
188
513
149
56572
56573
2
56574
61
7841
61
76
525
2876
57
14
51773
33160
23
24
3475
3629
27
4716
3603
288
4091
17324
61
349
5214
35371
34
14
2876
57
14
56575
986
14
2587
5
16058
44375
34
316
3833
2919
57
29517
27
18589
513
262
56572
56573
2
56574
61
7841
61
149
1938
34
525
2876
57
14
51773
33160
23
24
3475
808
35371
61
5785
61
2
45811
23
9117
1001
76
308
76
4033
14889
27
396
330
262
331
119
395
87
57
14
8241
2508
14583
56575
319
23
9117
27
119
426
12758
105
433
237
2587
5
417
183
13
24
3370
61
76
709
648
57
14
6514
5
26785
13
164
183
47
89
14578
61
1533
27903
7683
27
119
49672
1204
638
2828
13
22067
24
2587
61
58
14
2549
57
14
3398
27
331
16058
44375
61
428
61
2
56576
23
277
510
520
57
14
56577
29524
5
14
17670
29524
502
288
365
4091
17324
27
396
330
262
331
628
1724
24
55
2876
1971
3618
27
628
1545
13
5408
14
13039
7287
9404
57
237
29524
61
5
237
149
32
57
372
607
1348
1690
906
89
513
27
14499
262
4716
12987
2
3440
288
17324
349
5214
35371
61
76
54
2876
57
14
56575
986
14
2587
162
277
575
237
467
149
319
61
76
24
13039
1971
34904
57
24
3629
373
185
24
7473
61
24
56578
1920
296
22662
44942
91
3189
12377
18265
61
5
24
29524
4603
818
14327
61
628
2193
237
149
2050
13
107
14
692
395
27
331
3520
24
17670
29524
61
24
56579
12784
13539
359
262
331
1312
237
395
628
1129
14
19308
24829
29524
27
628
1545
13
444
515
987
575
24
29524
149
3431
2472
13
1810
40
183
373
510
14
2347
1652
13
444
237
32
575
628
1545
183
13
107
61
76
24
855
5
12744
23
24
700
134
27
331
8719
25383
61
2
326
56580
23
1202
6194
149
4091
17324
34
54
2219
2876
57
14
24872
2467
23
27
2742
23
15764
39290
61
14
2876
57
24
7485
10123
23
14150
91
125
4114
56581
56582
53
183
2334
24
4091
17324
2580
27
17065
262
16058
44375
61
428
61
2
56576
23
277
510
520
57
14
56577
29524
5
14
17670
29524
502
288
365
4091
17324
162
1751
1941
262
16058
44375
37
24829
35285
1062
24
7606
311
5
215
149
17324
23
24
11193
5136
8719
25383
61
2
326
56580
23
1202
6194
149
4091
17324
34
54
2219
2876
57
14
24872
2467
23
9365
262
56581
56582
510
237
1760
858
57
24
7485
10123
23
14150
305
32
76
1992
262
56583
56584
2
941
149
663
4091
17324
34
54
467
57
14
14510
27007
91
7445
808
25383
61
2591
61
14
4644
1806
1785
61
330
262
331
628
149
3477
405
9636
2919
104
24
4618
57
24
4973
56585
9923
4623
23
28203
1348
56586
650
18
24
16220
57
24
9891
5
9448
159
13
24
9805
575
628
149
6266
27
251
2347
146
147
628
44
1013
850
14
1017
27
331
30613
56587
149
17324
34
54
9923
23
27302
5
14
5978
2876
91
28585
9132
663
53
183
185
24
2580
56581
61
6015
61
2
56588
23
14150
61
87
14
6895
4114
129
663
1001
64
14
8419
812
5
3890
54
2534
198
9113
27
396
330
57
54
2876
262
331
618
14
6481
1985
2356
628
285
13
14
22438
14105
438
707
82
289
56589
27
187
149
14
729
2356
5
24
10123
56590
23
24
9498
27
331
17568
56583
56584
61
3983
61
2
941
149
663
4091
17324
34
54
467
57
14
14510
27007
91
7445
61
5
30613
56587
76
54
9923
23
27302
5
14
5978
2876
91
28585
9132
663
53
183
185
24
2580
27
56591
56592
5
4114
51569
56593
61
3983
61
149
4091
17324
34
54
467
289
19985
61
57
14
13654
12182
14
2696
257
185
51569
912
4448
7484
27
396
330
262
331
187
149
319
23
56594
123
14
2696
257
27
628
149
23
24
56595
10496
57
56596
5
628
1850
237
12863
13654
23
237
18477
513
61
837
76
56597
57
3181
2
525
54550
27
331
397
758
64
24
2548
2876
61
2740
1039
2612
23
24
4091
17324
3224
27
1447
149
2454
56598
912
41612
56599
56600
319
91
24
13591
9
2033
655
133
185
14
584
104
56601
6158
61
20219
5
2465
56602
912
31318
56603
4113
91
24
5555
506
2033
7720
1785
104
2436
6014
14499
13656
104
56604
23
6145
27
56605
1785
10290
5797
61
1851
61
4113
14
4091
17324
2412
56606
6601
1867
54
1762
104
56607
438
56608
23
20219
5
804
10300
61
4644
61
2
56609
23
1926
61
1062
14
2412
56610
23
5492
27
2819
321
37807
61
56611
56612
61
1656
61
2
52648
23
3527
61
2168
1508
55143
17562
2540
14
474
9400
27
396
330
262
331
628
510
183
1145
26847
1835
23
24
296
27
628
1502
738
133
23
24
296
13
8065
24
56613
7699
61
664
5
2740
1348
1690
87
37843
27
331
1031
257
61
23
6666
57
402
56614
61
628
9468
1508
56615
56059
5
1037
1030
1979
57
14
474
502
433
707
1009
27
331
143
14
864
7150
4114
129
2403
3383
56616
149
663
4091
17324
34
54
39074
56617
467
27
396
330
262
331
119
467
149
319
104
56618
61
29202
27
628
278
100
14743
24
1941
57
237
56617
61
3539
707
14305
35484
61
5
510
24
56619
24
987
24
12758
149
1048
702
707
219
27
331
3507
2968
61
119
56620
5171
330
262
331
1134
87
2276
14723
6840
57
3371
3224
61
5
610
369
6602
76
24
3444
76
1543
912
11536
61
2758
5
5267
2408
395
502
34092
24
56621
57
24
2482
27
331
56605
1785
10290
5797
61
1851
61
4113
14
4091
17324
2412
56606
655
1867
54
1762
104
56607
438
56608
23
20219
56591
56592
5
4114
51569
56593
149
4091
17324
34
54
467
289
19985
57
14
13654
12182
14
2696
257
185
51569
37
4448
7484
251
864
7150
4114
129
2403
3383
56616
149
663
4091
17324
34
54
39074
56617
467
804
10300
61
4644
61
2
56609
23
1926
61
1062
14
2412
56610
23
5492
10885
262
251
5978
2876
91
28585
9132
663
53
183
185
13
24
17324
2580
23
24
11193
2482
713
262
56611
56612
61
1656
61
2
52648
23
3527
61
1062
1508
55143
17562
2540
14
474
9400
502
149
4091
17324
23
24
5136
2465
56602
37
31318
56603
4113
91
24
20774
9
2033
7720
1785
104
2436
6014
14499
13656
104
56604
23
6145
6489
262
2454
56598
37
41612
56599
56600
319
91
24
13591
9
2033
655
133
185
14
584
104
56601
6158
61
20219
246
119
2482
149
1876
91
119
8930
57
14499
5
10120
18290
246
119
2548
2876
149
14
25326
2758
2876
57
14
56561
16626
18
14
2755
12757
246
187
149
319
91
1543
56562
2
56563
61
5789
5790
246
31460
9
47
149
56564
42098
61
1851
61
14
11193
3753
2
56565
23
3527
34
54
3059
19450
467


