654
18
2442
3126
30
489
0
4976
6
172
580
275
3879
2282
23
21
34283
56
3
1070
1421
2
11269
0
9883
4320
20
712
21387
81
70
3830
3126
13797
3
0
2991
4
631
1420
7
1668
1
17
0
2366
370
216
650
1277
12
0
5985
2
360
1
0
2963
9
83
6303
1861
21
206
1070
1421
90
460
18
1981
17
0
250
1520
20
712
21480
4
3403
2282
120
42
1779
726
386
20
6553
12
446
2
3879
2282
53
93
51
34284
2442
3126
53
528
51
120
1779
515
6
0
2991
15
172
580
275
22182
0
4694
1501
39
21955
7
20
0
200
1587
15
6303
34285
19
51343
23
2282
5392
19
1547
515
6
19
2841
9716
1228
8
24
1526
19
229
228
1505
1
8
22
2282
1
38
10
12
0
1414
243
7
0
1098
2366
370
2
8
52
829
1309
2
52
18
128
2706
2
28854
25
5
189
152
1
254
74
1608
3
32
7
12799
6
711
2
8
788
24
79
78
59
3
165
55
92
4
1659
25
2
2161
74
200
4276
2979
1
4434
3
212
1989
1
32
8898
1
80
0
457
24
812
1308
2
2282
30
3294
0
3573
3
32
5
1216
56
21
7138
3
1070
1421
8
281
21
2091
1309
53
3
1070
1421
51
1
123
21
171
165
515
4
84
25
2
52
18
2539
213
0
229
2
1544
609
21
2405
49
508
4119
2344
21
3949
25
810
232
4
21
73
795
25
241
24
73
177
59
54
132
627
77
323
4
500
168
12
0
8761
5018
2
52
30
0
229
11
0
876
6
2344
3
2020
508
77
323
2
8
26
3879
2282
2299
3
2991
1371
3
1046
5
673
2841
9716
26
353
580
275
4755
654
18
2442
3126
3
7386
23
5
1421
26
10016
6
81
70
18
9883
4320
30
40
3578
3
6553
1
631
1420
4
0
2366
370
26
7697
5610
11
80
0
776
546
28
0
1668
2991


