144
7139
160
293
16
35007
138
1
835
484
151
291
287
16
33854
138
1
835
484
151
27203
55670
1
3680
3068
18
1452
7
15
9835
2060
1
13
7855
0
31224
290
7
0
172
122
98
2
191
98
66
73
4557
27
233
1763
3
5
111
2562
621
1093
31
0
611
18
8050
1832
2
4413
11921
31
12875
13946
5834
6
835
1309
9
3
9
1802
2058
1
23
168
23
3670
4
5602
3380
1784
31
15
9835
2060
16
10588
2311
2
15
9835
2060
233
16
4413
11921
31
12875
13946
1
5
9835
2060
9
1784
1333
1
46
1018
12
22414
9
5
9
22415
12
484
793
15
1333
1
50
46
32
720
8456
12
22414
9
5
9
22415
28
484
793
1
20825
6
4211
4
14761
1
173
5
5491
9
615
5539
1007
1
5602
5559
2826
1
9005
4
5602
18377
4
5954
2554
9
3363
7368
17
17
27203
8
6599
31742
2
1336
63
27
111
908
1
50
12754
28
72
1205
3
72
3984
1
12875
13946
22
16
8
24
322
1631
1987
6
0
3748
14
60
803
11
15
9835
2060
16
10588
2311
4
92
47
100
1079
67
2890
11
4413
11921
85
0
172
47
148
2425
9
2576
2108
5221
2
8
1529
1234
16
8
104
352
2671
3
987
136
801
17
0
880
3
3223
2588
9
5099
2058
1093
31
54
6
0
148
1504
8050
4111
7
0
1321
209
8
22
5
479
11
0
908
65
3762
11
22414
9
5
9
22415
1
22
16
8
249
60
43
2453
31
55671
3
1005
0
1333
31
12875
13946
3
136
801
8456
1
60
3192
20
0
880
2
8
1232
801
154
42
876
31363
28
14077
3010
1
28
0
776
6706
332
4
1004
12320
3
438
4
611
2
8
3061
2925
37
650
754
7
15
9835
2060
695
4
13
1225
8980
7
10588
2311
1
4
476
6
0
5932
46
177
0
611
3912
7
0
1333
2
8
139
13
61
3353
1068
7
97
220
122
1
4
60
929
2671
3
987
136
801
17
0
880
3
3223
2588
9
5099
2058
1093
31
54
6
0
148
1504
8050
4111
7
0
1321
209
2
8
27203
876
16
15
1333
20825
6
4211
4
14761
173
5
5491
9
615
5539
1007
53
72
3984
51
1
7867
2586
11076
15720
4583
53
72
14601
51
4
5
55672
11076
55673
18377
53
72
6765
51
2086
48
70
1
13946
10
28733
23
22147
11017
6
0
2279
11
27
147
11
15
9835
2060
16
10588
2311
20
0
6586
15649
10710
4876
2
13946
30
61
413
0
55674
11017
47
32935
7232
11
27
147
12
771
292
55675
47
411
611
1
15
6655
17
0
6543
19939
2
96
30
1093
2105
9
901
10178
11
1178
1938
28
235
3420
3955
173
3125
14452
1
17125
1
10605
2116
4
15
2363
32082
55676
2
1336
63
0
908
1
1068
11019
10090
55677
866
131
16
8
24
181
48
1333
228
23616
0
785
4
2591
6
0
2702
647
0
611
2
6247
22252
1
12926
24674
4
0
615
9
184
5721
58
32
400
11
2320
0
1595
2781
55678
233
2
8
21674
2924
820
176
16
8
57
18
3387
45
24
79
84
74
181
24
76
6987
1051
72
3984
12
5
18377
307
8
15
3670
13
228
4055
609
4
58
143
5
400
15851
9227
2
8
15
1068
3324
33
388
7
212
3622
16
55679
5559
2826
53
72
2034
51
1
3736
10693
2554
9
1767
53
72
1205
51
1
22508
8492
53
72
9743
51
8853
16
12875
13946
1
38
1093
0
10178
7
0
11549
1
22
92
18
100
1079
67
2890
11
4413
11921
85
22414
9
5
9
22415
15
9835
2060
16
10588
2311
13
369
3596
7
12578
7536
28
3877
1
4
13
1973
3
312
9380
7
0
255
12
484
793
4
0
631
12
484
903
2
15
87
26663
6
0
611
10
0
8737
1558
9
18177
820
513
1013
6
80
71
4
35425
743
201
4882
53
72
55680
51
341
20
0
4363
920
853
2
57
18
5
312
307
15
9835
2060
16
10588
2311
13
369
3596
12578
7536
28
3877
1
4
13
1973
3
312
9380
7
0
255
12
484
793
4
0
631
12
484
903
26
4413
11921
31
12875
13946
5834
6
835
1309
9
3
9
1802
2058
26
12875
13
611
18
1248
8050
1832
26
10245
908
28
72
55681
4
7881
12
484
793
26
9835
2060
16
10588
2311
46
32
7
9380
7
255
12
484
793


