8112
87
625
156
13417
5724
13
331
6457
36775
331
5
6882
6628
57
4809
259
17466
5
3989
6215
6216
34
3291
7186
358
278
53
449
24
4894
1060
23
14
582
14630
1239
27
6292
4809
1609
9207
11253
8072
9
36776
33843
13
36777
27
57
4809
17466
64
331
24
2033
36778
36779
331
5
2403
36780
27
6216
331
24
36781
57
24
17098
331
185
24
1239
61
502
87
7581
36782
402
27
396
935
5315
5724
13
1018
2210
358
718
13
6457
372
129
1018
45
614
122
14444
27
521
159
34
522
14180
262
9207
11253
8072
9
36776
69
702
71
7487
36780
27
6215
6216
5
36777
27
57
4809
259
17466
23
14
582
14630
1239
407
1671
91
8112
331
816
723
718
6457
14
36783
3607
1185
5828
9
3458
24
36252
5
15414
864
9
1185
334
870
61
1185
14
7172
61
1185
1193
622
36784
2
24
36775
36785
5017
61
349
24
11638
57
24
2846
515
5682
89
14
5167
75
24
6292
4809
1184
6457
158
23
1193
6703
1185
880
1204
183
1099
107
61
331
1520
8072
9
36776
27
3424
3067
24
1060
1348
1413
57
122
29361
1745
2172
57
24
1060
37
8125
58
358
12443
14
28821
26989
23
7485
5810
237
632
27
119
1060
935
1410
3631
104
36780
27
6216
144
1267
58
54
5182
515
2424
2846
516
11281
24
4744
23
24
7180
75
8112
27
331
6216
61
24
36781
57
24
17098
61
3195
497
14
36786
61
36787
61
5
334
6292
9257
61
10015
24
308
5
36788
23
6263
57
6407
61
3091
515
24
6292
4809
99
455
13
1018
76
6407
61
331
1520
8072
9
36776
27
36789
8112
262
36780
27
6216
149
289
14
331
36781
57
24
17098
331
144
1267
58
215
4934
515
2424
622
2846
516
4458
24
4744
23
24
7180
75
24
4894
1060
69
324
702
71
15805
8804
262
119
1060
663
289
36777
27
57
4809
17466
334
331
36778
2033
36779
331
58
54
1105
515
24
4894
11010
331
638
45
1168
6407
331
23
918
57
24
1385
8428
7790
6401
331
1134
392
123
190
1245
6205
215
53
23
24
23090
57
14
414
751
61
704
57
542
449
24
1206
57
24
6292
4809
27
331
119
1060
87
663
17908
122
7747
104
36777
27
57
4809
17466
61
129
330
8112
149
331
45
14
1779
331
5
331
638
45
1168
6407
331
23
4954
484
24
1385
8428
7790
6401
505
237
632
27
331
119
36778
2033
36779
61
3195
497
334
6292
36790
61
19194
14
14455
13
24
308
515
24
6292
4809
149
36791
6407
61
515
496
183
149
2931
149
75
6292
36167
61
5
515
24
6292
4809
149
334
27125
57
6407
61
331
8072
9
36792
1520
23
54
6270
61
502
149
18280
5
407
18
5538
833
27
5401
29361
369
1622
237
632
75
24
1060
61
5
4744
4902
13
24
2426
17391
7910
10579
330
185
10555
119
7250
2414
296
515
622
2846
288
2969
13
4458
24
4744
23
1508
1
61
3400
926
516
45
377
496
2846
27
3779
1
278
253
8109
23
5810
61
5
100
10822
13
2430
23
8040
91
36780
27
6216
27
162
6659
61
24
6217
7607
14
3019
13
676
5
12249
24292
8089
21497
13
2051
6292
4809
14224
27
246
8112
99
407
14
582
14630
1239
515
2367
36780
27
6216
5
36777
27
57
4809
17466
34
3291
1105
358
53
449
24
4894
1060
246
36780
27
6216
87
6754
13
64
24
331
36781
57
24
17098
331
144
1267
58
215
4934
2424
2846
516
11281
24
4744
23
24
7180
13
22045
8112
246
36777
27
57
4809
17466
61
129
330
24
1060
331
638
45
1168
6407
331
23
4954
505
237
632
61
87
289
334
331
2033
36778
36779
331
246
14180
9207
11253
8072
9
36776
663
26941
5724
13
331
6457
36775
331


