144
507
491
1215
293
16
25825
138
1
793
359
151
291
287
16
33149
138
1
793
359
151
65
130
572
17
1003
5
211
4
4249
27
4428
9
83
263
39
5
18907
20
5
155
331
5569
81
149
10
344
3
1684
19
186
9
1122
4070
4540
5423
90
1444
55
0
4589
1150
2
65
1113
4324
544
78
5
155
331
186
421
48
149
14
292
5161
1
966
1
959
3
615
0
1149
28
19
3538
4
210
25
99
386
86
923
14
25
107
74
12158
16871
1
0
298
7
2754
14
750
0
7852
1
3
16736
186
362
7
8185
2
836
37
2014
7
3302
5494
8784
30
2392
55
3
161
0
2840
7
48
276
2984
41
17
0
5494
1149
1
45
17
0
17924
6
0
19817
2227
10197
3
3409
5161
2
13062
778
15225
4257
14
0
5677
1149
76
29
40
20
5667
7
0
276
6
292
5161
1
122
1
38
30
40
572
17
87
9
1895
1283
1
466
4
4426
1
23
168
23
200
9
1895
466
35
294
760
23
0
3538
5423
496
103
0
3538
1
25
5261
37
770
2
89
0
19817
825
7
8185
756
1
11
125
1164
1
3
41
143
25
37
3928
2962
37
770
12965
11
125
894
6
11747
22
778
15225
1
813
6
21126
1128
839
48030
5578
2
35
221
10
5
1587
7
0
606
4438
4
552
115
25
4
1477
122
162
6458
15225
78
48031
2
35
135
171
373
14
29428
101
0
1827
186
571
1
48032
5229
29
40
10915
12
19817
4053
7
0
424
406
187
1
17
743
4951
5229
1284
12
4070
4540
2
15225
22
7
0
3257
1879
6
217
1000
5
5677
5423
13
5
3520
5497
817
6
4540
3847
45
25
34
40
5
849
1533
7
0
276
6
5161
2
852
3
1986
321
21196
3846
2236
1109
1
362
34
78
16871
41
3
16736
88
56
0
3538
3409
18
6014
10
7291
11
5
769
894
6
71
114
0
362
34
40
497
10722
8640
274
71
0
2023
43
2459
127
48033
62
3668
2
35
104
1085
13263
55
14
0
5789
73
32
7291
114
6
385
23
1951
4
2910
23
17122
1109
78
33150
2
1475
0
358
16871
30
490
3
1109
14
48
13
141
0
87
71
552
34
33151
17
54
6
97
7852
48
152
2
15
298
47
1237
13
91
8234
31
0
321
950
6
21196
4
48034
4232
7
1134
23
5
768
6
48
358
2
65
5494
1149
705
3
0
54
5161
1145
28
48
3538
12
470
1152
90
21
719
285
5
164
19004
4
2171
5
4428
9
83
290
21196
362
107
141
183
5161
34
7383
42
13673
268
67
85
64
269
39
349
106
161
21
1156
164
19004
11026
21884
4
27
263
363
1873
2386
9004
1
2915
49
21884
1
2171
0
290
1
1898
21884
7
27
195
4
2198
12
1574
23
0
290
1130
184
2
249
5161
10
432
1780
39
106
22
21
285
21884
1
21
10
41
816
0
3538
3409
1
50
21
34
93
20
19
102
3
1695
25
28
19466
37
2753
2
221
10
100
3928
3
4324
362
28
16871
268
48035
8496
387
118
2314
114
0
3409
34
141
622
7
67
85
146
269
2
378
22614
437
415
1
349
106
5942
1109
14
5161
34
40
432
2
101
1838
1
16871
1
61
330
23
8
48036
48037
1
8
10
115
3
32
6815
1497
11
0
193
6
5
1602
211
38
10
285
31
37
1127
9
1133
38
48038
103
19
3538
5423
2
16871
682
0
211
47
117
201
4301
1
301
3
546
607
2
5161
10
2176
4
556
5
1175
1958
120
19
87
166
7
1034
1
811
22
2
249
21
532
7
1827
186
12
437
3
225
5
4324
7097
766
1
21
34
5
11834
225
4
10538
8477
49
234
21862
2
318
6539
1
523
48039
4
7242
27723
1
22
5161
10
2431
31
108
10146
20
0
21885
655
1610
1801
1
113
21
10
204
262
19
1348
2
1859
1424
5444
22
21
10
350
69
459
5161
10
210
69
5
1272
329
17
108
5801
9
41
0
3685
1779
7
1272
552
1418
199
4601
2
10508
16
155
331
660
203
667
292
5161
55
6
0
820
8185
349
106
16719
437
1
359
414
1
151
2
5161
1
966
1
4665
5
164
19004
4
27
263
23
44
93
5
9639
1108
5444
22
5161
30
40
17452
28
108
5801
4
13
91
1436
140
0
5468
2
8
104
352
1853
17
5
130
38
13
2910
268
6624
578
1
8
21
22
2
8
52
18
213
3
32
3543
2
8
5161
10
12575
437
415
20
5
186
7
1121
8185
12
635
14
21
4665
0
145
4
263
23
44
93
5
9639
1108
7
0
8185
3653
6
12201
2
203
22
5161
2171
0
290
4
1898
0
145
3
193
90
5368
69
125
10648
2
15
4428
9
83
290
2284
4
10
115
31
5
2269
6790
1
38
48040
4207
2
5161
10
1397
5
769
71
192
2
52
34
4665
0
164
19004
4
27
263
23
44
93
5
9639
1108
20
5
5569
7
0
8185
3653
6
12201
1
63
2732
724
1849
6
16547
1
12
470
166
2
5161
4335
234
819
1
2171
0
290
4
1992
5
769
2195
3
5
1167
113
0
290
2284
4
10
115
31
5
2269
6790
1
48041
22
2
15
6790
78
4207
48042
21
408
5
130
831
184
28
0
548
1
2354
106
3
923
1386
7
362
12
0
640
4
5
4223
18
2066
7
0
663
2
5161
10
780
5
769
71
192
339
5
14790
329
2
135
354
5161
2915
49
0
211
4
0
290
4
123
2171
0
4428
9
83
7
5
12513
329
6
0
5569
2807
396
1780
90
870
826
12
359
591
2
57
10
3591
129
0
290
2284
62
56
27
145
10
285
1
811
22
2
203
33
170
33152
386
0
7990
6
0
830
1
45
42
237
4276
13
14
39
4352
0
290
1
5161
1992
94
5
1137
2920
538
2
3462
548
16
155
331
660
203
2235
5
195
553
7
5
2448
18907
12
48043
2057
1
12201
1
48044
387
47
113
44
181
0
211
1
3107
1
38
614
20
37
9037
164
1
10
1898
3
193
2
15
290
959
3
1927
0
548
4
389
94
0
538
4
10
13226
31
5
2269
700
2
15
284
18
540
30
41
40
443
2
15
290
3525
579
28
0
343
4
13
648
91
1015
20
5
286
2
527
145
239
28
1640
5228
3276
2
203
1608
662
1
967
1
14
0
1400
107
41
183
0
819
4312
2
2045
19
186
1300
1
0
4730
9
83
1400
10
945
3
1034
1
45
1284
69
5658
1330
2
5161
13
61
91
12413
11
98
1
45
21
46
41
32
4340
3
5
410
3197
2
15
4730
9
83
34
40
572
7
409
17
2389
6
284
7265
4
867
3
1065
456
182
1281
14
1041
2412
103
0
1066
4
184
28
1877
173
979
1
7086
4
48045
2
52
342
19
431
20
5
3348
1
622
7
17
19
145
4
34
74
40
344
3
325
108
147
39
19
1348
1
301
3
186
1960
2
852
3
37
1790
1020
2337
1
2759
38
219
3
0
820
8185
1844
113
5161
10
576
7
534
115
7
19
1528
146
2932
14
21
78
88
21
157
3
1106
2470
7265
2
13734
48046
16605
22
5161
1117
490
319
0
1066
11
0
424
231
82
3
7275
284
4934
3
5
1221
12
54
6
0
4452
1
50
21
574
77
3
0
2759
2
48047
1571
7
484
14
25
34
37
21437
504
1221
1
4
16605
22
5161
1646
0
6461
1185
2
15022
8972
0
1221
7
405
115
63
639
30666
6
284
4934
14132
67
85
2034
1938
4
67
85
2933
628
1
301
3
0
2337
2
3244
0
628
43
64
1045
345
3788
2289
48048
995
1
22
16605
1
5
848
6
5
2227
14
3811
75
553
7
478
8440
6
126
2
5161
10
572
12
409
870
7
1827
186
17
2389
6
284
7265
2
380
19554
966
1
5
891
2721
5
4176
18
2804
11
37
6300
6
0
71
1894
11
2841
1540
684
86
2244
76
722
159
77
8
2701
1556
6
3035
559
8
11
2971
530
2
5161
1
38
811
22
34
100
2735
106
585
1
10
443
39
7830
3
764
20
102
20
166
17
37
4070
3409
4
184
28
156
242
21
445
4130
126
2
7887
437
1241
1
349
106
574
5161
77
3
1827
811
1
38
46
1126
59
11
14151
0
1281
6
19
1013
1
186
1960
22
2
4013
22
0
1000
127
59
46
722
7
1827
4
349
3393
2
101
37
772
17
33150
12
437
1
5
179
449
4
3607
6
292
5161
562
59
23
5
20570
4
6662
2208
38
34
614
20
0
523
824
26263
150
19
3103
2
15
449
3225
14
0
4730
9
83
10
300
2874
3
185
801
4
10
8
6682
8
31
19
21886
2
26
10508
292
5161
10
432
7
409
12
284
4934
635
26
52
10
3173
17
37
3538
3409
45
12
470
1152
21
959
3
1684
25
340
19005
811
26
52
30
40
572
17
6245
466
1
1283
4
4426
119
21
171
29
40
816
0
5423
26
65
606
2014
4257
0
1149
13
20
5667
7
48
276
26
52
1294
106
12107
50
1413
0
2753
10
74
941
11
769
33153
7
0
1149
18
6014


