144
8054
5053
4
2666
22694
293
16
36623
138
1
793
359
151
291
287
16
36624
138
1
793
359
151
1424
502
13
932
3
29
395
19
2650
63
17316
3771
1
137
687
8497
904
372
12
426
1
7
5
5479
238
6
0
266
603
6
10002
3
36625
17316
3771
887
5
874
6
1168
3811
7
5
5479
133
173
36626
4
7776
19623
1
5
186
306
397
2
1424
502
1
1314
1
13
22
3
29
1458
94
19
932
1867
951
7
5
14155
2
1523
1657
5974
7
0
22839
3198
33
6860
19624
19625
1
8974
1
3343
292
1
4258
1868
4
789
1109
1
0
1540
10
78
2
15
186
306
92
43
2701
5350
15600
1271
1
199
23
35
36627
133
1891
3
5228
552
268
42
1482
33
11329
17
777
133
4
35
36628
9
769
11
106
2
238
4259
10
22
3
1039
16
35
1762
254
141
355
5
36629
15601
2979
28
48
2
10608
36630
3771
2
8
1762
716
27
154
0
36631
1523
3800
5974
0
252
3
1160
5
2335
9
6421
1158
1
5
1158
11342
1
5
36632
4
36633
9
925
1984
1
23
168
23
5
35
27828
27829
1
25
10
22
2
502
34
61
1458
5
7777
3
1160
5
14156
235
1
195
1648
1
5
1161
4
661
5
1276
1063
1
0
186
10
78
2
502
4
1011
9
603
8498
7441
1
1903
1
33
572
17
10002
3
9469
4
922
401
3771
90
13077
27
265
7
5
4031
7
534
411
2
15
5229
1
234
6
822
1774
47
5762
1
338
1
4060
635
6
3532
3
466
1
3532
3
773
22840
4
3532
3
9469
2
15
5479
10
3352
31
106
56
44
5098
502
47
54
9
1528
1589
7
19626
1
338
1
39
21
34
40
432
7
3304
2
101
0
5479
9
5
1899
1098
5099
9
277
946
10
1372
7
14073
36634
1
7
1346
1211
62
588
22841
1
17
194
6
25
5490
62
36635
55
1
0
186
10
78
2
4481
7442
7443
27830
175
0
1540
6
259
266
4
64
223
162
0
5479
2
101
0
5479
108
7778
1657
43
2628
1
199
23
257
6860
19624
19625
1
8974
1
6897
1
3343
292
1
4258
1868
1
789
1109
4
7776
19623
2
15
3800
1041
985
6
401
3771
47
1277
4
242
6
878
4
5
9991
6
27
7778
673
1
173
0
13078
36
30
443
2
380
644
16
65
186
3596
6
1424
502
53
93
51
4
8498
7441
7
0
4307
20
8497
904
372
15
186
306
14
56
502
10
432
5
14073
2623
10
115
31
106
50
22
16
8
9470
5
4031
3
9426
27
2
8
15
1540
10
78
92
43
8975
2210
36636
10563
28
338
3
401
3771
18
260
7
3304
2
17317
11343
27830
729
182
1842
9
4036
28
4343
916
3597
1
5970
502
1
14
262
27
2795
4036
6
80
0
1960
3352
31
106
36
202
115
5
604
6
401
3771
62
5
8499
2623
2
15
644
1575
2
36637
16
1523
7778
1657
43
2628
7
0
5479
1
199
23
7776
19623
53
137
51
4
14157
19624
19625
4
8974
7444
8138
6897
61
1890
7
1424
502
18
5479
1
0
186
306
2577
60
33
1129
3
2005
685
11
620
1425
2
26
1424
502
34
2628
1657
7
5
5479
1
8497
904
372
306
26
502
4
8498
7441
572
8
15602
3
9469
4
922
8
17316
3771
26
1523
3955
2628
675
19624
19625
1
8974
4
789
1109


