681
26779
2032
4817
209
3268
2072
4569
23
5
8
4314
9
1224
1417
8888
8
39
0
4147
5885
59
5
8
13934
9
19236
27048
9112
915
915
915
8
2
15
868
6
1271
7904
20
0
872
1
56
4569
157
37
1300
12
2275
441
18
1529
12788
17344
27049
3
154
3948
20
0
5077
12546
2
4817
209
312
99
1
5520
5076
4569
10
22322
4
5225
458
4569
10
450
3
32
3676
62
2922
2
297
94
11
167
10047
2072
4569
7532
69
681
18
2032
4817
12
0
2275
441
163
1
15
1529
12788
17344
27049
4569
881
19
6989
9
15238
343
7
0
163
1
3579
12
437
166
1
7
50
21
61
763
4817
4
179
751
564
1961
3453
14
44
1667
5
1905
71
56
19
1502
7861
35000
0
1323
9377
2
249
348
31
1112
397
1
5
479
11
4817
2479
3
1183
2
89
209
0
681
53818
312
99
1
1191
749
689
16
8
24
10
74
810
662
110
25
1413
3
32
3354
2
24
351
41
810
662
110
13934
9
19236
817
2
8
24
84
74
183
458
14
18
2528
3
32
2922
62
3676
62
2958
2
8
52
219
12
3
53819
59
3
1417
8888
1
0
4762
4
4147
38
1115
5
2976
11
93
9
3210
938
9
49
7
0
4917
2
2032
4817
3268
2072
4569
23
5
8
4314
9
1224
1417
8888
8
53
93
51
4
1273
21
273
5076
4569
53
122
51
10
22322
2032
4817
78
749
689
16
8
24
10
74
810
662
110
25
1413
3
32
3354
2
24
351
41
810
662
110
13934
9
19236
817
2
8
4817
176
16
8
24
181
1131
5076
4569
13
5
699
419
1323
7041
2
24
12968
66
76
448
59
5
4314
1224
1417
8888
2
89
25
254
74
1409
21
18
41
1704
3676
2
8
52
192
78
3768
689
16
8
24
181
21
10
22322
90
21
469
3
84
4171
2
5446
25
332
14
91
5
3676
4681
13
41
128
1472
3
84
2
8
24
273
48
3912
3
121
248
13934
9
14164
241
24
10
74
810
662
458
21
10
248
5
165
20
95
6095
62
458
21
10
79
450
3
758
14
24
34
5
7973
2
8
15122
152
1
24
273
25
10
5
706
103
2
52
18
2845
22322
85
14
2
8
4569
10
3620
12
0
163
1328
108
23239
173
13063
26060
1
2123
3902
1
1306
8998
4
7657
12825
2
57
1041
1294
63
0
81
259
82
1
4
7
54
726
1662
43
348
63
37
8199
2813
50
4817
482
50
1107
3114
16
8
2032
4817
2
8
7218
1294
8998
348
4569
63
0
681
1279
18
9631
112
21
1512
19
152
4
35000
7492
2
8998
348
16
8
2032
4817
1
2072
1
39
0
7861
218
8
4569
2605
16
8
24
181
25
18
7333
7074
32
5
1905
71
11
2032
4817
2
8
52
219
12
16
8
24
8685
19
619
494
2
828
13934
19236
1
21
10
5
27048
53820
8
8446
1996
173
8998
4
12825
532
4165
1549
31
0
6989
9
15238
22323
2
15
13618
1
4243
31
3116
4465
1
34
348
110
68
4817
34
1806
7
411
50
34
40
10093
792
6
278
9681
3
4569
18
7510
81
70
17
12120
1227
2224
35001
1
8998
176
16
8
3778
107
74
66
161
14
7
0
35001
772
218
8
14079
3116
4465
22
8
80
13934
14164
8
8501
109
385
28
53821
830
2964
65
53822
4735
2
4569
219
12
1
1784
31
0
611
18
53823
15600
16
8
828
53824
5639
21
43
1
541
4685
163
2
4272
4
95
53825
617
59
7
2
7411
59
205
25
107
23
21
53826
19
35002
109
34054
2348
2
8
53827
1
3620
13701
1
2404
16
8
57
4388
2214
45
24
322
159
3
29
3
29
25
1042
9667
3
8552
2
8
15
1332
7
0
13618
1785
3
0
2813
633
31
68
4817
12
555
999
411
50
79
22
16
8
2032
53828
2
8
101
555
411
68
4817
633
79
8
2032
4817
8
1
50
2290
5
560
15016
4
531
3
555
999
91
909
2032
4817
1022
57
30
150
40
10093
67
85
3684
278
2
294
4465
498
0
2174
3
0
1332
1
4569
2404
16
8
939
5
35003
1
13934
5639
35003
2
8
2086
7
0
163
4569
1273
68
3453
58
61
32
7
2544
56
19
7861
224
2
52
30
2763
14
92
13
305
547
7
8530
4
1155
8
3088
8
13
5
4792
1415
2
101
151
4569
881
705
10180
833
12
292
524
1
1441
0
1427
751
564
5
8
16778
915
915
915
915
915
8
2
52
78
2165
4465
18
32580
1914
16
8
281
66
352
300
2425
2081
4
91
4303
1
25
18
114
66
84
74
183
129
3
5812
915
915
915
2390
2
8
24
181
112
212
431
13
3
233
39
0
264
4
66
84
74
462
63
0
75
38
252
25
148
1
66
352
55
6
554
1
4
66
352
5
15880
1
4792
1
8552
53829
8
65
479
11
68
4817
2479
3
1183
2
26
4815
12546
2032
4817
3949
99
20
4147
18
6989
9
15238
15130
26
4569
881
343
12
2275
441
18
1529
12788
17344
27049
26
52
22
21
8685
0
681
1279
18
619
4
21
10
8
13934
19236
8
26
930
0
1907
6
108
1996
1
4569
176
16
8
52
10
5
27048
9112
915
915
915
8


