3479
1102
4251
43
3864
56
0
3093
298
6
6141
10274
4
15328
1288
3318
10032
1
5595
10063
1
734
25
58
11809
2406
28
97
19222
31
5242
2
15
2406
46
123
32
1778
3
5
6473
2292
7
963
2
8
53284
4
189
26862
1
8
10
129
0
3479
9559
3182
210
25
2
8
31611
4
16441
4409
1
8
15
12259
2758
6
0
250
1520
22
7
5
565
2
191
0
1147
8184
11
3479
9559
180
25
8
5
1462
1439
7
0
122
3004
2
8
89
4251
760
4578
12
0
7604
1
5225
459
25
46
154
105
82
3
6191
55
0
2406
28
0
6391
8636
332
2
16090
1957
20
0
6141
10274
4
15328
1288
3318
10032
1
20
0
53285
5249
7
8288
1
963
2
15
6141
10274
4
15328
1288
3318
10032
22
25
46
6191
55
97
3722
3423
3788
31
5242
1217
230
90
0
2593
1
1188
11
0
30404
14863
6
15757
53
6915
51
25578
7
37
661
9
1484
2804
4
3316
1960
5889
14
1
20
568
150
468
1
6141
30
34
2406
1146
1503
11
0
996
3374
6
12072
53
8648
51
2
8648
13
1505
34860
28
2406
3
2663
1
158
340
3089
965
2
65
565
28
6915
34766
6141
47
2593
23
5
34861
356
3
402
0
270
7
0
2070
63
0
433
759
2141
31
1076
2360
2406
3
2760
1391
0
264
2
8
982
2406
2648
7439
1
45
98
42
3921
13
2904
3
815
47
715
1
8
0
565
1039
2
297
94
11
167
16090
17
0
6141
10274
163
1032
7
376
6
0
4413
7
1134
7
151
2
6915
131
0
298
18
356
3
7002
97
2406
2299
103
5
3606
63
0
832
248
8648
119
7167
294
169
23
54
9
439
6
0
2406
248
4234
1503
11
12072
1
4
418
6141
2564
29
40
1015
11
0
1324
20969
12763
16494
1
813
6
6915
1
22
16
8
1398
6
0
2406
33
12248
22093
1
4
169
29
12072
1
86
42
3921
132
1026
3
226
98
8
15
1960
3316
31
6915
1750
14
7
468
1
20
568
485
2406
17
0
8636
4234
1503
11
8648
1
4
14
2406
157
31
6141
29
34
8648
150
20
568
4849
2
294
169
23
54
9
439
6
0
2406
248
4234
1503
11
0
1324
1
4
418
6141
2564
29
40
1015
11
8648
2
8648
1091
31
37
3423
10
1440
3
37
3784
543
398
2663
20
37
3423
9245
1
125
6
1743
34
100
3089
965
17
0
3423
2
6915
22
0
1960
61
163
14
6141
11643
4723
1916
31
694
3
1665
2653
12164
11
8648
7
2406
2
852
3
179
53286
1635
7242
53287
1
38
13
98
0
3479
9559
2380
24142
544
11
5595
10063
1
8648
13
8
1131
159
3
32
0
15107
6
5595
47
2406
8
2
20969
12763
16494
1
813
6
6915
1
176
16
8
1398
6
0
2406
33
12248
22093
1
4
169
29
12072
1
86
42
3921
132
1026
3
226
98
2
8
8
281
0
595
13
645
1
123
0
8636
1026
3
84
25
9957
2
8
7242
5595
53
93
51
1
2240
6
5595
10063
1
4
19
2193
1
2378
2406
20
0
6141
10274
4
15328
1288
3318
1801
11
16170
9660
1
7
31700
283
1
963
360
1
4871
20
5595
10063
1
6141
18
3093
298
1
161
25
46
154
105
82
3
1349
3450
3943
11
88
12
0
27003
3261
6
1018
7
1647
963
14
18
369
91
157
23
37
3423
6473
2292
2
135
29
1687
1243
14
0
2406
33
22019
7
156
152
7
0
19222
2
8
2413
3423
4728
5
1569
990
6
837
4
5
1569
990
6
9117
329
1
8
22
1774
7970
1
5595
18
479
1
1453
14
9937
1
23024
1157
4
108
16507
392
32
614
55
2
15
298
6450
11
0
2406
3
495
55
42
82
12
0
690
1
4
150
54
3423
13
5971
1
44
392
951
11
0
189
5875
3
462
11
0
9428
6
9396
4245
2
15
595
3
6191
55
2406
28
0
6141
10274
4
15328
1288
3318
10032
496
20
5
71
56
2760
357
0
250
1520
33
12009
94
12
8453
913
4746
2
1544
90
470
18
2593
14
0
2406
46
32
13418
55
6
6141
18
4079
31
5242
1
298
694
369
22
44
43
3851
55
6
1569
2760
114
6
2868
14270
5067
2
5595
4871
22
0
595
3
267
0
8636
18
1669
9
83
4910
6
12406
2406
10
717
4
12700
20
2573
2
16090
29
473
40
1890
12
6141
18
6961
77
0
1612
2
8
221
18
40
7834
6
5
4399
3298
543
136
3904
1
8
22
16673
5595
1
0
298
18
1074
3253
813
2
8
65
396
6
75
33
74
2203
17
282
7167
17
136
2406
2
8
5595
3930
2297
2406
1
966
6
50
495
20
0
298
18
27003
1801
11
16170
9660
7
1647
963
2
238
3423
13
12
5
9564
1331
3
0
4446
6241
4205
2
14312
832
46
722
3
1746
17
0
8636
90
9179
3
0
2292
31
5242
2
15
298
678
3
7002
97
2600
608
7167
2406
3
97
6473
2292
7
963
7
5242
5595
10063
1
6141
18
3093
298
1
161
25
46
154
105
82
3
1349
3450
3943
11
80
53288
2406
3
1428
0
966
369
12
569
20
0
27003
3261
6
1018
2413
3423
4728
5
1569
990
6
837
4
5
1569
990
6
9117
329
1
4
9937
1
23024
1157
4
108
16507
392
61
32
614
55
90
0
2406
73
7002
3
0
2292
1094
1164
11
0
595
1
298
519
7242
5595
22
1
10
14
1569
2760
4
8106
29
1317
8
1064
9
8636
8
4
8
1064
9
3423
8
53289
2
15
298
18
105
332
703
8366
2760
1391
0
70
1
4
5595
22
25
18
1707
3
666
3305
7
277
19057
2
57
18
61
717
3
951
9214
2520
3270
1972
5395
1
21
22
2
5419
2442
1
38
395
5
672
63
0
13748
6
37
3423
1
180
0
595
8
3883
9
1076
8
4
273
0
53290
58
202
586
42
6145
8
828
6
0
3412
157
3
666
261
457
73
32
210
3952
0
2406
1
8
5595
22
120
37
772
20
0
6473
2292
2
8
104
352
41
12988
3
136
3877
241
60
352
2320
0
3007
14679
11
0
16832
6
0
3280
3423
2
8
5419
2442
1
0
2305
6
0
672
8
674
53291
12
12268
16
1978
238
31004
16170
30835
0
1529
2262
1
8
50
13
63
5
1356
9
6141
8636
3423
1
22
36
890
0
5595
117
8
5003
25
10
5
1414
10692
1111
2
8
8
139
13
37
4239
1
3883
9
1076
595
1
8
36
22
2
8
249
24
306
0
546
1
95
4987
312
0
898
2
24
202
273
44
981
586
42
6145
63
48
2
8
101
526
1
5595
10063
413
201
53292
341
7
12137
28
5
245
6
913
9
1102
1562
1
173
0
12259
2758
6
0
250
1520
1
3242
5
5544
620
1111
77
1448
14
6141
8636
2564
22019
2406
2
15
2553
3082
10
1997
7
2649
31
5
179
6141
9117
21766
38
10
192
115
3
29
40
682
20
568
201
23162
31
0
913
9
1102
1562
14
840
934
0
3082
2
15
891
180
59
8
5687
5
682
34679
8
38
11603
9514
4
1433
3
6909
2
15
891
3040
0
762
327
262
5
746
644
2
7242
5595
3827
120
14
644
63
2406
8
4298
3
0
163
2
8
15
7518
6
0
8
17811
3301
12
1177
8
13
0
3423
1
4
14
18
110
60
382
40
330
11
1391
0
172
11
67
85
5
5206
82
2
8
249
348
31
5
1564
458
0
163
58
32
0
222
340
0
2406
1
5595
2605
1
8
580
1
25
58
74
2
8
15
8636
46
722
3
256
29668
1
1532
4
18542
1
4
5
53293
13645
6
25562
3894
11037
1050
97
10032
53294
163
48
70
2
15
7518
6
0
8
17811
3301
12
1177
8
13
0
3423
45
5595
10063
98
1861
14
0
270
13
100
879
2203
17
88
7167
17
2406
1
4
1637
49
17
1972
5395
13
1905
15
8636
656
13
1972
4
5595
13
98
13472
7
67
4264
1550
2
101
468
25
803
5
11318
3894
163
180
21236
34862
53
137
51
4
30
6891
5
245
6
108
3788
1315
4264
1550
1
34863
4
20512
6
996
1702
10147
46
623
32
13332
2
101
954
1
5595
6891
5
2911
6
4264
1550
3228
1
173
8988
1393
332
1
53295
4
0
1147
11483
5859
1755
1
50
14284
4503
4806
4
108
1490
2
101
468
1
25
803
5
30994
11318
3894
163
180
21236
34862
2
53296
384
341
75
2047
54
6
5595
18
2992
495
4271
332
274
70
2
6141
18
952
2225
9
428
25077
1
18450
17829
21073
1
1250
996
3788
4
254
74
256
2952
832
2
191
119
6141
13
22135
55
0
2406
1
108
1
2397
19222
7
0
321
453
4
7
1142
199
23
1304
1
1010
4
5347
453
170
256
2406
2
5595
3930
0
1404
5524
6
3280
2406
7
820
1249
2
57
964
63
201
15196
16046
3
462
11
277
3423
2
7242
5595
22
1878
0
6473
2292
46
32
661
118
3
1471
1
1909
4
605
3095
0
3280
3423
2
52
22
21
1388
25
1117
19997
8
3
385
0
270
46
32
344
3
177
2
8
657
6141
10274
13
22135
55
2406
1
108
1
2397
19222
7
0
321
453
4
7
1142
199
23
1304
1
1010
4
5347
453
170
256
2406
7
42
4079
7242
5595
53
137
51
11601
2406
16673
4
53297
20
0
298
18
6473
2292
7
963
2
5595
3930
0
1404
5524
6
3280
2406
7
820
1249
1
4
25
964
15196
16046
3
462
11
277
3423
12344
4929
12
560
3
0
546
14
6141
10274
4
15328
1288
3318
10032
46
267
3423
4079
31
5242
7
1295
3
1073
270
1976
77
8
129
0
832
33
1015
8
26
6141
10274
4
15328
1288
3318
10032
734
25
46
7002
97
2406
31
5242
2189
913
1102
4251
26
360
6915
3316
1960
14
161
169
2406
43
2742
17
0
996
3374
6
12072
45
2238
12
1746
26
8648
13
1505
34860
28
2406
3
2663
1
158
340
3089
965
1
4
92
33
992
11
42
3378
3921
26
8
982
2406
2648
7439
1
45
98
42
3921
13
2904
3
815
47
715
1
8
22
6915
26
15
298
46
7212
97
6473
2292
7
963
3
260
0
608
2406
170
7167
1
45
48
46
154
105
82
3
1046
26
8
104
352
41
12988
3
136
3877
241
60
352
2320
0
3007
14679
11
0
16832
6
0
3280
3423
8
22
2240
7242
5595
26
1398
2760
7258
94
12
8453
913
3788
4
19222
33
10171
3
4264
1550
4
34863
3
6210
4300


