258
28727
16022
261
262
45701
264
61
507
891
558
268
269
262
25996
264
61
507
891
558
251
331
15926
61
108
5
15049
13
444
185
76
183
331
3955
54353
53
54
3649
64
24
582
4093
57
24
1726
1819
16
14602
5620
902
27
119
16462
9
4448
61
265
61
510
13
24
14612
104
31374
34
54
55
257
61
6764
445
24
3193
76
28389
1202
5
10438
9
13724
37
54354
13424
3685
3685
3685
3685
3685
162
6846
27
4303
54
55
2073
61
3955
1459
3383
262
331
419
237
87
2298
61
183
37
1644
2298
27
6570
296
3440
61
628
629
3955
54353
27
521
159
34
522
1605
627
262
3955
54353
1577
54355
185
54
55
257
5532
24
1819
16
14602
5620
331
187
37
227
13
4180
23
24
13779
57
308
628
1030
61
1030
1172
54356
5
9452
8388
27
628
629
15926
61
108
5
15049
13
444
185
76
183
27
331
187
37
227
13
56
24
1098
1086
57
11248
1411
2960
27
628
696
100
33479
449
237
647
628
149
14
853
627
27
5329
37
1018
183
27
331
3955
37
16781
23
24
511
726
58
3240
1379
3193
4093
1172
54356
174
256
533
5
170
494
27
3955
3383
105
1195
6359
14
545
2356
3193
484
54
582
511
149
4934
23
1078
27
4050
262
4459
1819
16
54357
69
12893
9
8670
71
2452
9425
61
41248
28356
61
54358
61
54359
16636
5
54360
20607
650
13
3613
1477
3955
2469
24
1827
13770
57
24
17087
9
43706
10438
9
13724
5
28389
2073
61
215
7076
1222
215
105
2469
24
54361
4203
183
516
278
100
331
24
1146
37
19689
13475
185
24
1819
16
1379
3193
9
166
5
14
170
146
331
27
2692
24
15932
5556
185
24
3193
288
54
692
549
7515
18411
61
129
7856
449
999
26846
37
582
522
5
3693
185
24
2956
61
5
14
1374
9
1231
4860
76
7897
7898
27
3955
2291
47
23574
14
48616
7515
91
2505
14
954
2549
57
24
286
2073
2053
57
999
26846
37
582
4215
3641
569
408
728
6580
61
8159
262
331
1102
61
707
4681
5979
27
331
4338
1382
1819
16
20340
41248
28356
147
2936
7515
638
244
1274
401
108
91
3955
37
331
13944
9
47
331
61
24
582
1379
3193
4093
10479
262
331
4338
215
330
1819
16
2053
57
4444
1819
91
3873
104
24
11929
19805
61
215
5150
703
9
575
2359
87
215
2050
13
738
778
577
9940
628
2357
144
28401
89
4570
577
1221
628
1018
1013
1019
818
3555
331
9360
13
444
47
3555
3955
149
6237
91
308
23
4831
17329
34
54
55
296
185
24
1819
16
14602
5620
10204
57
54
7210
104
24
1819
16
7242
23
6114
941
61
3955
149
6237
922
24
1071
91
316
308
23
4831
17329
61
129
65
158
14
506
37
8051
57
54362
3047
13
442
158
444
47
23
24
296
27
378
13
1819
16
912
54363
58
24
3193
61
215
330
262
2344
187
2256
11256
61
628
2245
14
5352
1094
61
24
55
257
87
456
5
183
149
24
55
3193
27
3315
14
1842
57
308
288
735
13
4192
183
5
646
149
14
1842
57
33573
57
496
24
3193
516
1274
1030
61
818
3537
183
912
692
13
444
24
55
32
456
27
331
724
628
12336
149
14
1842
1030
334
9186
5
15174
2208
61
586
707
3584
14
1842
27
39390
628
718
1018
14
1533
1551
3193
5
3204
14
2347
1533
4900
27
331
618
54
2534
262
3955
87
24
3017
3022
57
24
3193
61
23
11822
13
1172
54356
37
331
29885
331
11955
331
162
1411
24
18144
5556
61
3955
149
13015
61
9654
61
12606
61
5
2469
13620
9
49342
9
4162
27
331
1585
4122
331
54364
912
55
3193
149
1006
9
41791
61
1751
57
15932
26844
5
61
594
19683
61
7420
27
331
463
3912
331
251
6921
56
1221
5
14
3466
217
2
496
285
484
27
187
149
133
76
2495
2302
61
17067
5
54365
5244
9
12814
26844
806
23
76
4239
22331
61
5819
3828
5
2025
34
582
4162
820
119
3193
99
4253
32
129
4298
4162
13
24
1274
57
54
2534
10489
806
32
822
1533
23
4919
76
1579
6557
4413
57
2883
5
54366
27
331
463
1460
331
119
843
23
24
73
3193
1221
502
149
14
30631
3490
57
4162
61
5244
9
28572
15101
61
19013
185
5538
833
61
5068
61
10132
4128
5
13015
61
1502
2471
54367
10983
1221
149
515
24
6439
109
99
5178
5
10940
6272
23
24
4162
820
251
821
6921
61
21970
56
515
12882
1196
24
54368
2290
1030
13
54369
27
331
119
1177
119
25818
11000
37
582
511
185
24
1379
3193
87
14
4233
13
4224
1819
16
37
12108
58
14
2401
91
24
1726
345
1142
24
924
4995
13
223
1220
13
7818
443
13778
27
162
1319
784
35
4824
61
183
149
3138
24
3940
1819
16
15203
149
70
5
285
47
13
307
34
7299
9
2033
54356
331
1379
3193
27
162
14
4233
13
7818
443
13778
61
24
4162
1398
1130
14
1842
443
61
76
14
2711
4239
7852
1284
105
100
4849
185
54356
331
3193
27
3955
825
3631
13
2502
1411
533
13
890
4172
334
2277
9
1058
24
1479
2469
185
54356
331
3193
27
6117
57
54356
331
331
29885
331
11955
57
54
5159
77
61
24
54370
3193
825
5193
2457
54
10489
76
1533
2956
9
22225
2
24
4413
27
3955
1195
3818
215
105
3071
3431
47
23
24
296
5
750
54
13778
215
105
4936
14
2248
9
47
3189
515
20072
4183
3189
5
12758
4215
13
2248
158
47
19489
23
24
296
27
15910
646
149
709
1131
11149
61
1172
1644
1391
14
692
4578
11556
13
3955
61
129
1869
133
24
714
761
185
90
262
331
6570
4578
76
24
582
3193
61
4199
183
850
723
387
61
2
1172
61
791
3034
57
24
1379
3193
27
331
3955
750
54
13778
262
331
54371
3555
628
36680
158
185
2176
5
330
577
6569
723
34
361
4369
13
846
23
24
2886
27
577
331
1172
10479
61
577
727
706
107
2508
61
40
45
64
2508
64
846
27
577
331
143
1094
215
37
1391
846
405
5636
61
4457
723
12150
61
821
4369
27
951
102
27
143
11256
13
45
2970
13
158
23
24
296
3555
628
1129
13
107
644
13
3204
834
545
628
149
1893
185
502
2457
27
331
54372
855
262
3955
37
1015
549
54373
54374
5
525
1762
590
14
3613
13
24
1819
16
7242
999
57
54
2511
47250
149
1015
549
54373
54374
61
129
19162
47
1920
13
2970
13
525
8577
61
484
2267
23
13
3613
158
104
24
12779
104
24
1029
57
54
3289
27
579
598
185
1002
262
331
13100
1920
34
54375
3555
3555
3555
3555
3555
419
1735
3555
3555
3555
54376
4162
104
24
2205
57
24
1827
32
1379
3193
76
54377
54378
3555
331
54375
14906
76
1348
358
377
577
1827
16
1379
3193
76
27556
54379
577
818
54380
27
331
2692
372
13
748
158
9261
288
9428
20340
1965
7806
61
129
8739
24
54381
296
3193
2
15988
9
15307
27
1965
4151
262
331
3955
54353
5491
14
1842
1511
10463
5
14
1842
1533
8050
1284
628
638
27
162
15988
27
331
6554
57
334
6257
262
1172
54356
5
54
77
69
12893
9
8670
71
28352
3605
7312
61
10630
24372
61
37767
54382
61
26879
2968
61
40095
2226
5
54383
5935
185
122
35
3193
185
891
3970
2994
262
19445
18
1172
3555
3955
54353
1410
18
246
1605
3193
99
1511
4174
61
1533
4162
1284
13585
1172
54356
246
5620
144
4128
3955
23
24
12779
61
64
54384
13
54356
331
29885
331
1751
57
54385
246
12053
26978
9261
185
24
331
9654
331
5
331
7420
331
4093
34
749
1819
16
33
13
24
3345


