65
244
30
40
432
39
21
3808
3
11020
7128
19
105
9
215
9
83
442
114
21
10
6977
20
5
167
229
11021
2
4181
14860
1
896
1
902
64
635
6
87
9
1895
833
39
21
4865
7
6688
4
11436
8685
0
442
7
64
1443
2689
7
12963
4
14861
1
155
2283
2
203
22
14
21
3808
3
7128
0
3750
39
21
342
19
14862
17
5
167
229
571
2
23103
16
203
22
4181
14860
1
137
323
1272
19
442
1
93
1
3808
3
7128
0
105
9
215
9
83
24432
55
6
19
9558
3952
5
167
229
571
11477
16
14860
1
896
1
902
64
635
6
87
9
1895
833
39
21
4865
4
11436
8685
19
105
9
215
9
83
198
1165
334
0
87
358
7
409
37
2683
10
180
3
5
102
11
0
105
9
215
9
83
38
10
1474
7
4179
2
15
442
10
204
3
155
160
855
4
123
443
1
40783
870
364
2
360
1
0
208
132
1
0
305
567
76
41
402
19
626
94
4
34
3
32
490
3
24433
9
14182
2451
1801
7
155
2283
2
924
347
192
1
14860
8685
0
442
311
2
15
442
18
5979
145
115
0
284
16384
1
1211
4
41
4110
2
203
2404
11
5
200
71
3
5
260
7
14861
4
0
442
10
204
3
5
487
286
113
807
22
19
579
43
115
3
32
28
8
1356
9
6784
4568
2
8
15
105
9
215
9
83
13
98
7
349
1330
2
1643
1
14860
13
1973
3
32
12575
12
426
2
52
10
432
421
48
215
11
5
1443
766
2
14863
16
15
442
34
3
32
490
3
24433
9
14182
2451
1801
7
155
2283
12
54
3020
39
91
8415
31
19
244
26
4181
14860
1
896
1
902
64
635
6
87
9
1895
833
11
0
1150
26
203
22
21
3808
3
7128
0
105
9
215
9
83
1165
55
6
2802
26
15
442
18
145
115
0
284
16384
1
1211
4
41
4110
26
52
13
98
7
349
1330
4
14860
13
1973
3
32
12575


