1543
5199
61
6574
28901
5
6092
14399
288
174
25240
35
2356
58
9809
6243
259
13758
7639
334
2285
3816
22994
27
119
9853
1129
24
35
257
57
9859
13
68
14
818
9
289
331
53510
28274
331
185
24
6997
3865
27
842
24
1454
149
6704
91
15207
6225
13
42451
1671
5
334
12473
808
13758
3469
1015
13
617
64
215
4934
24
3340
27
119
3463
5856
5
54
3355
1960
409
4137
7002
18
24
331
52641
331
6474
1221
23
502
358
1545
13
1292
24
1444
13
221
183
3468
13
3051
14
6243
2
9859
27
521
159
34
522
259
13758
149
1015
13
617
902
64
3846
2738
6704
14
3816
6474
13
25648
158
64
9809
6243
808
13758
505
7149
215
87
331
45
2050
10348
331
58
183
953
24
6668
5
6928
9842
278
12764
14
6474
13
25648
158
64
9809
6243
58
24
6330
543
442
2
3904
3846
61
808
13758
373
29722
13
54
134
1221
40
215
87
648
13
278
100
10492
2311
91
24
2285
53511
27
397
24
6243
53512
104
24
8058
918
12723
256
24
46510
1671
61
3904
3846
7206
9809
6339
91
37822
13
122
2769
5
6268
24
3340
27
999
57
808
13758
37
2347
486
185
24
6755
45386
61
10385
7226
61
22164
64
215
65
14
6270
23
2002
57
24
6243
27
15139
6668
330
24
27041
2150
808
14399
149
9550
13
107
4534
64
1702
6369
58
24
6330
27
396
87
361
2140
64
14
3027
2222
10053
27
808
28901
61
24
6381
57
24
9809
61
149
6903
57
17425
54
7120
76
496
3904
289
14
331
52641
331
5
331
50874
331
1761
13
46510
24
6243
185
54
230
257
23
9859
27
119
3463
5856
61
129
17722
33
2
334
6330
531
3613
13
1550
398
23
24
9298
61
663
4137
7002
2
3295
27
808
5199
61
129
99
14
2211
7347
76
808
13758
5
6754
13
158
64
14
331
35005
331
23
14
6270
23
1972
61
149
944
28711
64
215
53513
89
24
9809
262
331
628
516
244
708
237
34
24
1146
3555
331
1295
61
405
57
24
6243
37
486
15060
183
149
3466
515
9859
87
32073
24887
18
54
31503
27
691
377
215
1099
1094
2296
13
8802
54
6758
13
1650
159
362
24
1462
316
494
27
2036
6755
5124
10053
6092
53216
61
14
6316
57
24
6243
61
330
262
331
119
5218
1094
361
1414
91
3846
87
825
13758
5429
24
4372
9298
185
24
55
257
58
5781
6330
778
331
22326
76
3355
3816
5
6928
6929
6916
652
57
54
53514
30046
61
6648
1545
13
6867
808
13758
76
5855
6243
782
19677
1185
24
19172
37
5078
53515
409
58
24
6330
27
9809
6381
6574
28901
902
3957
24
1454
502
3904
4373
331
12916
5
36252
331
119
5167
5546
1545
13
1292
24
1444
818
515
3846
129
9298
13
3051
14
6243
718
1018
818
23
14
3515
26375
27
1031
880
6648
44
1812
13
25648
158
2241
2349
57
53516
1222
215
7639
61
2540
54
9580
420
1533
5562
27
119
15443
57
14
6243
18
334
3817
37
1915
87
1155
515
2347
369
1541
3539
13
221
1857
53517
27
119
11685
1292
516
663
278
3793
24
3907
4972
57
3515
53518
23
1804
76
6713
34
24
6174
57
9809
22966
5
372
34
14
582
6243
27
3904
4190
3283
35
2356
834
808
13758
65
542
2243
227
13
12605
3846
33
13
9859
23
11656
5816
13
1813
158
27
543
3904
722
253
157
3096
57
1579
3846
996
9859
1920
13
1550
398
23
6330
7025
61
183
3249
3469
24
8058
516
6823
24
17018
76
9897
27
1543
5199
149
704
547
64
215
4828
14
11198
76
6892
6893
237
296
61
40
23
24
9809
54
1761
13
46510
808
13758
2738
33
2896
842
808
13758
37
829
13
1119
166
3833
9874
8737
65
24
7100
48
4615
13
13743
3846
33
13
24
9809
27
2906
1656
6668
663
11004
75
24
8058
1221
7138
808
13758
37
2664
1221
349
40231
7165
10053
9760
2792
61
791
6094
28173
1543
19404
5
791
53519
7541
28536
61
18171
53520
5
909
10984
38225
27
119
5133
57
808
7226
61
24
6755
10053
57
24
9809
3982
7165
61
3469
13
442
5512
24
9298
27
396
149
23
617
64
215
750
24
9809
215
105
100
331
2469
64
14
9144
331
91
808
28901
5
808
14399
61
129
105
4942
13
3204
158
515
358
737
13
5932
24
1454
27
331
628
278
100
2469
64
14
9144
5
1348
628
738
82
1961
628
825
2391
23
24
25633
5
850
334
27264
9144
537
33
104
846
5
628
516
822
1537
107
334
27264
9144
23
237
5
1193
622
710
1284
14
7411
111
61
331
24
3817
330
27
808
28901
3957
24
2155
17018
64
331
613
61
6335
5
13141
1294
16287
331
5
3250
183
149
2275
13
1193
331
51880
331
75
24
6243
27
331
628
1019
14
3515
26375
53521
273
57
237
1385
1294
2
102
2
122
5546
1185
2
24
3062
61
331
215
330
27
3816
7747
104
808
13758
99
100
30604
34
454
61
1222
45
494
27
396
99
4173
20556
76
808
5199
61
129
99
1502
22653
54
13715
27
162
3192
35
506
808
13758
978
13
30161
24
6611
23
24
9809
91
2215
158
445
9865
9
6578
27
1936
41875
23339
104
3463
5856
37
21078
61
808
5199
149
4548
159
91
3904
3846
5
26690
91
808
13758
27
397
24
6611
978
13
3153
515
215
105
45
1636
61
24
6243
1805
33
262
331
396
718
1550
183
2
846
515
215
87
1636
808
13758
663
1642
13
30161
6688
6628
10647
1072
18
4929
6993
34
14
9298
185
9822
7122
61
349
24
5828
11676
11677
27
396
4173
38326
22677
13
41327
3846
61
349
53519
27
396
750
6092
14399
13
1728
331
53522
1145
331
5
33644
1543
5199
37
4110
14847
9045
15022
515
54
1086
87
13
331
4652
5
1645
6520
5
13
530
5
11383
54
219
23
24
700
2999
331
27
3816
3817
6092
53216
99
100
4373
14
331
10132
111
331
5
13053
53523
14157
13
14
331
53524
42671
331
27
15139
3816
3846
2168
818
3074
47
76
259
13758
37
48763
35
506
515
358
21072
496
99
100
289
331
24
12023
6603
331
61
273
57
502
6543
358
278
100
331
53525
258
13758
331
27
691
1347
5347
14
32616
29971
61
14544
166
12774
61
502
358
737
13
2242
23
24
9809
27
119
9382
57
24
29971
149
17934
13
26948
7420
104
24
6243
37
1401
38054
57
37840
5
12774
61
502
87
330
13
1987
33
13
54
2133
27
246
3463
5856
1545
13
5448
3515
26375
185
13758
37
4699
246
19788
278
53
183
3468
34
3846
13
9298
75
158
2241
2349
246
4338
22444
76
5199
61
32
3355
3816
330
262
331
187
37
26448
227
331
246
3904
13409
24
1454
331
12916
5
36252
331
185
15601
57
5781
6330


