24
382
40
1726
511
3
29
2977
810
5
396
7
0
5729
1
1763
3
20158
23
5
2969
11
1713
438
1008
332
1
173
16854
308
26572
2307
558
218
4
18422
9695
2
380
54
6
95
87
4931
5761
1
24
2534
3
56797
4
23714
162
0
11127
12
37
1711
1057
56798
2121
2
221
18
385
13712
63
0
5729
16
91
7
5
2121
1
56799
140
4
497
28
54
1615
3
0
208
1727
66
5
541
1378
6
12449
2
101
4804
641
16
3645
3503
27
948
120
5
764
20
0
5090
19304
2565
7
822
10913
89
98
14
24
29
5
442
198
1
27297
1
95
56800
230
33
77
11
5
119
2
191
11
95
776
1008
24
10
350
11
21861
2
788
7
822
10913
1
60
2201
87
20
0
16102
13380
1928
1
5
4055
2565
17
5
128
1965
3131
2
3506
400
3943
116
25
1595
11
5
117
677
2
1217
15183
16
19304
4414
12
0
884
9
1849
4502
6
822
10913
1
647
3499
6
0
1090
56801
1437
60
1588
0
19304
1928
1
50
13
13745
7
5
353
9840
13500
9151
0
1615
18
1090
21242
1
0
56802
2
871
6
0
19304
18
1968
33
1274
661
3
0
7635
2
308
73
474
0
2295
1076
162
0
1968
7
0
1152
2
15284
24785
16
15
200
196
6
3645
18
1008
175
27
3
0
2071
25713
6
17041
2035
308
1060
7
5
128
2203
146
9
6202
17
5
56803
2634
9
25
18
33312
3961
9131
2
191
7
0
415
1
66
2115
49
3
14
3217
1106
2
334
822
10913
60
3422
3
17041
2035
1
5
111
747
1615
2565
5
2777
103
56804
1
0
1404
6
0
257
3440
6711
2
57
13
2189
2
238
6
136
6041
10
5
132
9
919
10626
3
2585
2035
1
37
9149
9
2565
1090
11
97
19094
9
7187
2
65
102
28
102
16
3645
115
232
2108
12
17041
2035
9
1595
11
27
87
1008
17
27297
57
696
102
3
121
79
110
2911
66
73
1659
7
0
5729
2
380
822
10913
1
92
13
86
194
3
84
2
281
66
188
3
10598
1
66
73
10598
49
0
8053
241
112
66
188
33664
1
66
73
1659
80
6182
2
65
149
12
17041
2035
1
967
1
13
80
63
2412
210
4
2691
0
2154
2
57
10
79
2214
91
3897
31
14
1338
1099
4
317
7
217
2016
2
24
981
383
4005
7
612
82
14
0
2119
3837
13
0
5277
242
3
165
261
230
2
24
981
4913
0
2555
12564
6
0
5729
702
2
57
79
30
5
721
56805
4
24
181
25
300
46
29
2
35374
10244
53
56806
1
17533
56807
56808
51
2010
56809
11
105
5821
277
20
19304
53
56810
51
1
16102
13380
53
56811
51
4
17041
2035
53
56812
51
1
28
72
56813
134
447
1
173
2202
4
14718
2
26
8935
2422
2299
3
0
5729
2215
5
333
230
6
21861
26
1366
198
1
27297
1
10
529
7
411
9
86
5
1356
9
8457
1008
13
650
26
8745
175
7
822
10913
1
23
168
23
17041
2035
7
0
257
3440
6711


