3995
262
56736
3523
3629
11389
3222
943
902
58
361
1142
45
3253
57
10667
3442
2791
2446
5
12078
2942
3792
251
791
5285
6903
57
56737
3607
41385
3442
2791
2446
23
24
855
22164
53770
64
926
149
8315
902
27
56736
3523
61
2154
61
7983
5217
24
9407
3022
58
23708
525
985
13
791
16361
5396
24950
56738
104
45244
273
9
503
2439
27
119
1202
6554
12316
87
965
76
4979
5
9339
349
2878
474
9
46300
7897
7898
27
119
3607
2411
9
47
149
4410
13
320
58
776
14
56739
56740
502
4700
14
20917
76
14
17539
8628
256
24
331
3257
331
315
61
11389
3222
943
944
27
665
2446
663
309
14
164
13
525
28143
5
334
60
13
24
2262
57
525
5095
27
842
3523
9
14
549
57
1202
4437
136
20784
3667
9
149
35110
8315
57
2943
24990
13620
13931
9922
27
579
149
663
15379
57
12078
17454
14
27720
104
24
2439
27
119
8672
57
190
2282
5
190
43
2950
1579
32832
58
1413
4615
5
1413
146
57
22076
27
56741
960
23
14
2060
56742
61
3847
2060
4250
5
13460
28687
76
14
18977
21911
61
76
525
2350
7442
4008
35133
89
14
908
2138
61
3523
21126
53770
64
24
32832
288
4934
27
579
4548
331
4457
723
331
104
24
8672
484
26467
14
549
129
105
100
8602
23
24
1857
17811
27
3523
747
13
2951
922
2959
27
665
2446
105
2045
14
5888
3600
57
18055
5
1084
104
15494
900
5
1409
273
2439
61
17301
37
61
23
18026
61
2957
13
7520
104
45244
185
4824
4884
35
506
27
331
23250
331
262
56736
3523
61
324
1671
61
174
61
149
6903
57
56737
3607
41385
3442
2791
2446
61
700
61
104
14
941
1409
273
331
2439
58
2397
14
2795
18
525
41078
262
56736
3523
61
116
61
149
330
13
107
10884
123
24
4927
315
27
579
87
324
902
76
155
17898
808
11043
43477
61
700
61
1775
2959
162
14
376
1869
13
24
2959
61
24
56743
3442
750
834
926
331
628
389
14
5784
129
2072
2735
24
197
14
2347
607
27
3627
3253
262
56736
3523
61
324
922
11389
3222
943
61
149
663
6903
57
12078
17454
14
27720
40
149
8315
331
628
638
244
639
129
926
149
40
628
12336
926
149
45
3431
1193
311
27
579
650
47
13
846
5
2333
24
8249
57
525
2795
18
707
2316
27
331
628
4673
409
5
2333
707
2795
18
525
27
119
2439
37
1816
8974
510
525
868
27
331
119
1271
5784
650
33
1011
146
147
5
926
149
935
319
868
27
331
579
330
577
628
629
45
3431
3194
133
61
723
23752
61
723
25158
577
27
331
119
3442
750
834
926
331
44
45
3098
707
1009
331
58
24
315
27
665
2446
3138
515
3523
331
285
4529
61
926
285
45202
1030
5357
2983
27
331
331
187
149
818
1165
61
926
2516
1015
13
846
362
7935
331
675
61
5
2339
24
929
23
707
855
27
331
3587
4121
3523
61
129
8624
76
14
5780
23
4098
27292
2
24
1956
57
3361
61
330
24
929
11011
133
57
525
620
64
926
149
17490
91
1116
274
27
3523
3818
2394
27720
56744
56745
14
331
37804
3685
3685
3685
3685
3685
3685
331
40
3250
2590
9876
5779
61
652
926
87
57
12079
4474
13690
5
525
583
87
2060
27
162
14
5241
1844
376
61
327
3018
20784
3667
330
215
149
331
2848
13
1724
525
14
549
331
27
3523
105
4430
47
14
18256
76
24
3022
2213
494
495
58
926
3366
185
1435
3625
34
24
20784
3667
4571
61
502
2531
56746
272
23
5017
9
7474
13347
29288
27
119
4523
330
3523
331
105
1253
2151
13
107
57
4947
5241
76
14
692
14057
6266
331
27
3523
61
57
56747
61
11824
5
10521
61
149
15379
57
2943
24990
13620
13931
9922
5
12078
2942
25254
3792
61
7480
1185
10957
27
8584
3500
262
2791
2446
3423
64
2223
23
35
506
37
3607
41385
262
20772
3484
3022
262
2791
2446
61
174
61
76
1382
3553
273
57
4744
1805
3500
3232
56743
1102
610
369
45
370
11344
1105
185
237
4144
27
246
56736
3523
61
2154
61
6903
57
38413
10667
3022
58
17454
525
5
2397
2795
58
3621
311
2
3442
5
525
486
246
56748
57
57
2479
5
169
3820
515
926
12078
10850
27720


