144
975
6685
19849
7810
4
18204
4
508
49
11
0
1625
363
0
1889
11868
81
166
1
4793
2641
10
1474
7
0
4399
11
13822
2
20381
421
21
34
2176
2978
2084
397
3
383
2250
1501
2520
125
6
0
148
4409
3262
6
0
1706
2
2641
175
0
229
399
9
691
53
26435
51
399
9
441
691
9
399
53
26436
51
483
9
691
399
9
441
3
313
0
266
18
8357
993
39
5
26437
525
9
19
200
2250
4320
313
2
52
1773
11
0
525
7
0
1455
207
4
34
5
525
547
12
2084
18
1850
45
277
71
0
5478
9
83
6927
561
6905
12
2
2641
9
38
10
20
0
1740
81
166
20
0
712
10102
518
7
160
18
13229
5002
9
46
154
4992
3395
18
172
245
54
993
209
2
3193
7
4561
10
223
18
1501
14524
15993
39
36
413
5
200
2250
993
12
377
31
2501
9102
49086
399
9
463
399
9
791
2
297
94
11
167
32143
49
5
1860
16
4793
2641
10
80
4666
23
21
4022
901
19
200
2250
993
350
19053
7
5
7451
2020
32762
4
18204
16
4793
2641
3682
11
0
2250
1889
8
11868
7
13229
5002
3769
340
5695
16
2641
1017
2978
2084
7
5
178
9
207
368
12
2169
372
421
397
49087
16
15
15085
10
1050
31
19
1286
4
179
2250
1501
3880
10050
53
93
51
49088
16
3288
18
8357
1501
14524
15993
3682
11
0
1740
7
160
18
336
3801
4
3024
11
0
1625
7
5
898
9
2573
588
6168
3514
5
873
16
14524
15993
4
49089
49090
53
122
51
143
42
152
3
0
1740
3
2029
0
267
6
0
1090
1706
5548
174
16
10050
4
2641
53
93
51
2
299
18
2173
49091
13
137
53
122
51
4793
2641
30
2176
2978
2084
3
383
2250
1501
2520
125
6
0
148
4409
3262
6
0
1706
52
3582
3576
25
3
35
95
594
227
4
95
594
21981
1
4
19
87
1286
33575
33576
38
239
81
70
2
2084
22
16
8
24
516
141
354
24
116
25
3
178
2180
1
25
10
350
205
92
11
5
119
1
177
66
208
70
2
8
2641
1
38
34
342
178
6
19
1033
231
2841
9716
3132
1
10
11252
20
5
14345
1513
45
21
805
3
32
2176
4
175
19
200
525
547
3
313
399
9
691
53
26435
51
399
9
441
691
9
399
53
26436
51
483
9
691
399
9
441
2
57
10
0
17617
18
4554
2841
9716
993
4
19
200
2250
4914
1
119
2084
46
32
93
3
4996
458
21
46
388
124
5
419
880
3
313
37
5115
9716
2
57
10
118
0
200
71
2084
4
2641
29
649
7
5
1661
8583
368
9
2084
413
7
1307
2180
20
0
1098
321
1420
2
2641
865
29851
7
0
87
229
6
0
200
207
4
180
11
5
3607
1006
39
21
1047
2084
18
1850
3
154
5
314
9
275
667
2
15
3607
614
12
2641
18
93
3538
2
2641
311
180
11
0
3607
39
0
439
229
6
0
368
207
3
29
19
122
3895
614
12
2
2641
1773
11
0
525
7
0
1455
207
4
34
5
525
547
12
2084
18
1850
45
277
71
0
5478
9
83
6927
561
6905
12
2
52
3582
3576
25
3
8
95
594
227
4
95
594
442
8
1
4
19
87
1286
33575
33576
38
239
81
70
8662
18
4793
2641
9409
0
1426
18
2918
39
2501
5257
18
2978
2084
7
0
266
18
8357
368
525
8662
18
4793
2641
1110
3
19
335
920
4
1904
17
19
174
39
19
504
2185
313
4793
2641
6250
3
172
580
275
1
15480
4992
3395
39
397
18
1661
8583
368
5257
18
2978
2084
13194
7
0
49092
8
8111
127
8662
18
4793
2641
120
132
49093
6
0
2250
6721
2978
2084
46
100
1685
32
4356
3
1208
3
0
17617
1
39
0
15032
4
4675
525
12
2169
372
48
1241
2084
175
0
87
207
691
9
399
53
870
9
691
51
7
3281
379
90
2641
413
0
200
378
384
9
384
1
0
15085
312
5
11621
1456
3
619
2084
19
87
677
547
6
0
525
1
45
9733
10643
19
4419
3
934
49
207
547
17
37
7747
4
408
25
55
17
5
11621
7201
2
101
0
439
207
234
335
30617
42
1990
5998
17
0
7747
3610
6934
4
4616
1418
5
677
547
268
0
4367
229
56
2641
467
3
1070
0
25662
494
67
2
15
15085
640
55
64
677
860
45
2084
311
7809
7
1
3163
234
17
125
20692
1990
3
1126
39
5
695
6
49094
2
2641
1085
116
0
6826
7
0
439
229
6
0
200
207
1
10172
5
12398
1812
2026
2084
4
1949
0
172
245
146
18
1850
11
118
0
200
71
80
1706
2
15
17617
180
0
3607
11
520
3
19
93
3538
39
317
5
1509
1219
45
92
107
41
1032
3
32
156
4054
1038
2
2084
34
54
880
3
14241
0
677
56
2641
9993
5
333
6229
1990
11
0
207
1
45
0
1350
10
49095
2
139
10
0
19385
935
197
0
64
266
45
118
42
200
2841
9716
368
9
0
87
224
99
7
1098
20
0
631
1420
9
4
200
525
20
2250
2
1197
4
1392
7137
12
2641
23
21
3177
127
2084
2
2641
1773
11
0
525
7
0
1455
207
4
34
5
525
547
12
2084
18
1850
45
277
71
0
5478
9
83
6927
561
6905
12
16434
0
684
16
1197
4
1392
7
0
712
6948
1559
2978
2084
154
12
4793
2641
8360
4
3046
3944
233
2671
17
0
768
23
44
7137
4
355
5
11123
49
4803
2116
1
3046
3944
1
8360
3944
4
509
3944
43
1559
0
33577
8357
368
197
4793
2641
4
2978
2084
12
528
186
4660
2812
2116
4
5626
3757
1016
5
3129
7
0
712
6948
12
2169
372
23
44
1436
0
368
18522
292
5354
4
227
1432
233
16063
31
0
684
23
44
718
28
0
712
6948
12
2169
372
208
3
1770
4660
12135
2116
5626
3757
1
789
28094
4
20748
49096
154
2213
6
5
677
7
0
684
3
2596
49
2084
413
234
6
217
9737
1
4
0
439
207
532
3616
3
19
1388
6
5
5786
2
2084
18
1990
10
472
14897
4
92
206
29
40
5
87
11
0
172
18
237
49097
7
0
6588
229
23
146
5475
17713
2534
424
59
2
57
224
3
19
1663
64
593
192
23
2641
680
64
677
860
1
0
17617
11450
20
0
33578
4613
7
6107
2
89
7
0
2584
9
677
2084
18
14437
1130
55
1
4
19
1388
6
1023
532
77
56
21
49098
483
9
314
7
0
1455
207
2
3514
40
1175
11
463
9
275
1
2084
34
312
1307
99
17
19
87
677
6
0
525
118
3
1791
1850
494
67
2
89
20
0
1192
638
6
0
525
1
2641
25576
4
99
224
2084
311
1
0
6927
1949
1850
3
4903
118
483
9
441
119
19
4700
3618
28907
12
0
640
2
4391
25
592
109
25
58
41
32
511
23
2641
696
49
5
87
525
547
1
45
2084
1
0
130
38
49099
9353
9
8203
1
206
18817
19
4466
39
5
1377
498
59
37
7747
2
8516
32041
49100
13
1050
31
5
1399
4707
5739
23
21
3978
0
33577
8357
368
65
3457
49101
4617
6693
9
816
5
49102
3355
4
2070
7038
9
10
61
16063
31
0
525
9375
1197
33579
61
1436
23
0
2084
4
2641
649
7
0
368
2
57
13
118
0
200
71
44
29
1667
277
108
7
5
1661
8583
368
9
2084
413
7
1307
2180
20
0
1098
321
1420
26438
33580
4
8196
25648
210
12
37
30051
1352
23
44
1436
0
525
9
17
258
33580
3515
5
7013
251
18753
4
7038
5948
3752
4
1197
33579
1016
5
3129
23
44
718
0
229
3046
3944
1327
0
368
816
5
3736
4
3794
1007
4
1272
5
49103
9875
895
1370
4495
741
789
10438
4
19
227
13873
10438
7
0
712
6948
12
2169
372
15
1552
2739
392
29
14839
2641
4
21
1258
2084
5
200
1307
677
2
2084
17360
1773
55
54
6
0
148
3749
2180
6
19
189
673
2
15
8090
10
80
17
2084
1
4
4255
2641
10
2055
253
1
317
5
701
71
9
55
39
0
439
229
6
0
1745
207
11
520
3
19
122
2334
2
2084
8048
12
0
906
7
0
4554
229
4
696
49
5
677
547
45
123
8279
5
12398
2
2641
477
4
2264
21
10
0
130
3799
653
23
2084
1667
105
677
860
2
2413
71
0
6927
224
49
17
37
2174
2
15
439
1
56
21
7809
5
272
9
8112
103
19
10540
1
10
54
6
0
1989
6
0
4320
2
89
2641
10
10345
16022
4
64
593
192
21
696
49
64
525
860
2
139
71
2084
76
41
666
99
1
0
6927
11491
5
12398
23
2641
4022
5
4644
1966
1023
39
105
269
4
3643
379
2
26
2641
175
0
229
399
9
691
53
26435
51
399
9
441
691
9
399
53
26436
51
483
9
691
399
9
441
397
3
313
0
526
2250
266
18
8357
993
26
13375
817
4793
2641
32791
353
33581
993
1
15480
4992
3395
1
119
2084
3034
49
3
439
26
9341
6
1090
902
173
2926
1288
2342
6
1816
718
23
2641
13485
2084
7
26437
368
26
3442
232
9
1709
1657
1436
28
0
712
6948
20
2250
173
4660
2812
2116
4
5934
1318
26
292
4
1432
5354
61
20
368
1
2440
2442
2585
1
741
789
10438
1
4617
6693
4
3046
3944


