15406
44534
61
24
1146
37
3951
44535
5
3034
57
24
34216
10383
61
1077
185
1750
1519
21454
15406
44534
61
24
1146
37
3951
44535
5
3034
57
24
34216
10383
61
1077
185
1750
1519
21454
27
119
897
57
6783
37
7297
111
3724
24
5218
57
6104
5
3027
2137
9
39
104
24
485
9
6736
44534
1060
61
502
99
3197
57
1145
1389
44536
27
808
44534
5347
24
2131
9
44537
34216
4722
61
44534
44538
44539
61
19113
3722
5
44540
44541
11114
9
5570
14
44542
2131
11198
89
14
1362
10383
27
396
1077
104
82
23
5144
185
11118
37
7314
58
454
57
3582
61
54
1565
3283
27
6838
3989
16669
44543
11
24
5927
13
24
331
3132
3827
331
5
330
215
149
10655
14942
91
24
897
57
32
57
24
44544
57
6838
3855
27
331
396
149
600
206
57
54
227
8815
13
2869
1430
5
54
44545
5
14423
223
61
331
330
808
44543
27
1002
149
8316
76
867
2
308
129
19261
44534
34
331
44546
47
331
122
763
27
808
44534
37
7596
1586
57
1389
44547
11956
158
23143
61
24
498
57
1193
6838
61
185
24
3746
44548
17100
61
64
57
266
5392
27
23945
4122
958
44534
64
331
24
7297
44549
185
24
2790
331
61
933
158
5
54
485
23
22897
513
185
122
2580
57
24
1146
37
3951
308
27
119
3827
1163
24
3104
7049
91
54
448
23
24
3671
89
32
57
24
1146
37
2511
44550
1198
27
742
571
44551
2859
2540
34216
1348
44552
149
373
23961
123
2118
3623
3624
5
10736
14
1478
3047
3268
23
13956
61
6783
61
89
14
11114
11198
23
13568
27
543
44552
16210
64
6783
12749
2
5017
61
24
1565
25145
76
17691
12478
1378
64
14
2503
14196
5
10087
34216
2590
14
44552
9
44537
4618
27
119
55
13624
57
34216
149
53
23
24975
23
8310
6783
23
3192
24882
5
24
1565
10717
1145
44553
18475
57
34216
705
506
23
2978
16984
1145
24
1146
27
808
44534
37
688
35313
497
8789
7164
57
24
2131
10383
58
54
508
469
44551
61
24
1975
18695
61
1077
57
14
474
239
23
555
655
24507
23
1747
2604
27
162
545
1268
61
35313
3250
5614
515
24
1565
105
100
4322
91
24
11477
9
1893
18534
44554
61
586
44534
149
45
34
1560
27
521
159
34
522
808
44534
37
7596
1586
57
1389
44547
11956
158
23143
61
24
498
57
1193
6838
61
185
24
3746
44548
17100
396
5347
24
2131
9
44537
34216
4722
61
44534
44538
44539
61
19113
3722
5
44540
44541
11114
9
5570
14
44542
2131
11198
89
14
1362
10383
842
3855
28072
377
215
87
1511
1919
1284
54
469
149
23
2329
24
1565
27
44534
3355
149
14
111
57
2347
720
129
38600
4234
61
5570
14
125
3104
2
24
13956
6605
89
14
1362
2804
27
396
105
14
7120
64
14
44555
3965
61
40
663
64
32
129
9762
11527
1950
367
5
65
33
13
54
356
27
8117
14
2347
494
495
61
808
44534
39457
91
1055
705
257
2
54
43881
6834
43965
13
1565
8844
23
24975
61
8310
6783
61
13
2806
5
442
9382
582
1430
27
396
604
157
10457
4658
89
24
1565
61
502
54
571
1481
47
23
13568
27
119
44534
44556
44534
44538
61
42039
44557
5
19113
33546
5
17641
1533
1284
13666
1061
27
119
1060
99
334
6248
25805
57
1533
1284
4884
2843
6872
69
2947
2779
2843
71
27
162
1268
23945
7348
515
808
44534
5
54
485
288
1586
2947
44558
2843
69
44559
2843
6872
71
27
119
1060
61
502
36615
76
24
6553
57
2540
14
4233
34
1579
1611
4987
44560
14
2347
494
495
61
87
1501
23
5555
2846
27
6838
3989
16669
44543
11
24
5927
13
24
331
3132
3827
331
5
330
215
149
10655
14942
91
24
897
57
32
57
24
44544
57
6838
3855
808
44534
37
688
35313
69
700
71
497
8789
7164
57
24
2131
10383
58
54
508
469
44551
69
174
71
61
24
1975
18695
61
1077
57
14
474
239
23
555
246
15406
44534
24
1146
37
3951
44535
99
1077
1519
21454
246
396
1077
104
82
23
5144
58
454
57
3582
61
54
1565
3283
246
44561
149
6783
37
3951
111
76
7596
1586
57
1389
44547
246
30137
3724
5218
57
6104
104
44534
1060
76
1389
44536
3197


