6554
23
1774
262
42767
9
5618
42768
61
9757
61
1636
20934
4386
23
525
31613
9
24246
596
251
18893
11095
9
5481
4226
1636
20934
4386
23
525
31613
9
24246
596
801
40
45
484
926
1414
13
377
1465
1533
13
24
8672
27
42767
9
5618
42768
132
16039
1348
525
3509
182
5696
159
525
8497
27
331
628
1545
13
377
1465
2
707
474
61
331
42768
42769
27
119
22049
9
2033
42768
12586
34
316
5
14
170
1267
449
24
555
897
57
14
941
5272
926
21557
76
42770
104
334
1709
4319
27
1687
1003
6567
37
45
14
42771
6263
3509
1543
42772
330
23
8394
15994
4386
27
1687
187
37
3466
926
65
27018
26637
13
308
27
1031
1308
244
221
525
3253
57
188
9
5780
596
1185
2942
42773
9525
9
1032
4047
104
24
227
288
503
55
5049
342
2352
91
2060
9
4939
42770
26637
61
40
42768
105
813
503
692
838
61
215
330
27
143
215
4705
16805
13
1790
42774
449
54
6567
37
10543
61
502
3866
525
1456
64
1687
24
5797
42775
2329
334
12090
333
806
64
14
42776
23
42777
9
1542
4162
6465
806
5
64
24
14760
8628
1687
42778
3552
13
18965
5
1382
18893
2282
27
1687
119
501
87
45
449
10543
61
449
1720
723
820
4456
12935
24
42779
42772
330
27
1687
119
308
129
1850
707
6567
650
2
14
9550
584
69
57
562
71
27
691
288
244
2050
13
14
310
2964
27
691
288
2050
13
14
4319
1547
27
691
288
704
1211
57
23
183
69
42780
9618
288
1481
13
748
122
8394
15994
147
185
4386
27
187
87
45
3466
1222
24
190
9
111
61
190
9
893
8672
825
2430
33366
484
24
4581
27
42768
8211
57
2316
19035
104
24
21958
3354
64
926
3539
13
4699
13
24
1844
1650
27
579
149
407
545
202
5
33
23
2946
104
14
15222
5672
575
926
99
100
184
647
525
7707
23
558
27
618
801
262
42768
69
174
71
61
9757
61
99
100
2940
76
3319
7501
9
2033
941
5272
33961
42781
69
700
71
119
8696
5209
13
107
14
42782
1844
123
166
1267
185
24
1650
61
3091
23
525
3096
22353
42783
515
926
8705
22112
76
8724
28389
1202
5
42784
42785
61
5285
20079
6134
5
3966
42786
61
24
791
6311
6979
5
6989
9
6915
57
15222
27
42768
22718
515
10719
61
94
542
9339
61
7458
525
13
5056
42770
31613
26637
18
30289
23918
652
57
525
30928
223
27
842
4948
1014
42768
1515
24
897
57
33961
42781
23
555
5
2352
1793
622
2282
218
31135
42770
26637
27
579
20556
76
8594
7681
10824
6475
42787
129
4863
1607
308
1030
6134
5
525
486
516
4330
334
36187
31998
18
14
5165
5166
17539
8628
27
331
628
149
24
512
61
5
628
1018
244
1020
515
13
107
42788
61
331
42768
330
23
505
4954
27
42768
330
926
4023
24
27597
31613
24246
3104
2
4047
23
8166
5
4438
3401
33077
6754
13
64
8519
21753
61
8519
42789
5
8519
42790
3401
129
2035
525
3219
9
1292
11609
27
579
330
926
99
647
2035
4606
57
24
3808
185
4249
10719
349
8724
61
18965
5
2282
23
3042
9
333
693
61
4136
24
3584
331
24
42791
57
31613
26637
27
331
618
24
1650
4386
61
42768
3250
515
926
149
185
24
1876
23
24
2195
454
256
42781
37
897
61
1348
42768
6343
515
926
4073
6205
104
306
360
607
27
4404
897
262
42781
1077
23
555
58
926
149
21557
76
2330
9
12041
42770
61
502
4722
13
24
893
37
31968
61
22694
5
8491
579
330
926
391
515
6460
288
373
3108
13
532
133
1607
24
893
1077
61
417
515
818
3096
57
525
622
10719
61
926
330
61
105
709
3071
76
24
26637
27
331
816
723
1545
846
61
723
516
278
799
5
2168
846
61
331
42768
330
27
42781
1077
58
926
149
21557
76
2330
9
12041
42770
104
15222
1709
4319
27
11594
278
750
16805
123
24
316
9
632
801
515
24
42792
1805
14
18664
5
1391
42770
13
24
893
37
31968
61
22694
5
8491
27
364
622
2282
12586
358
1949
454
23
24
320
76
2381
947
58
6252
76
42768
61
349
6202
9
2033
42793
42794
8720
61
129
309
334
24246
185
14
9598
1547
197
104
14
331
4516
2222
331
515
1391
525
13
24
320
23642
4089
27
42768
2881
1011
13
2424
494
23
5672
1222
560
57
188
9
5780
596
23
42781
37
897
61
5
6120
1533
227
34
2942
2943
5
24630
5096
2241
14
8511
27
42795
83
42796
262
42768
330
525
13879
331
5797
13517
331
650
2
494
1949
2329
334
12090
333
24490
5786
61
5784
5
18893
3219
1061
9525
3104
262
1477
926
149
36187
61
42768
2940
449
2947
2768
13
2947
4291
1299
4111
9384
185
24
1479
57
42770
3073
579
330
926
2859
2931
1816
38672
316
4757
495
13
442
18893
486
27
42797
2282
1502
1028
13
29620
47
334
42798
23
24
83
57
24
31613
358
1724
331
24
627
9096
61
331
926
330
27
42768
2940
449
2947
2768
13
2947
4291
1299
4111
9384
185
24
1479
57
42770
3073
27
2906
10719
61
349
14
16587
5272
926
3978
35
4386
61
1850
525
14
170
9
3214
607
27
246
42767
9
5618
42768
61
9757
61
1414
13
377
1465
331
2
24
474
331
13
24
8672
61
40
525
6263
5700
2182
525
2
4485
246
8830
3509
1543
42772
330
23
8394
15994
42768
37
31613
9
24246
3104
1308
45
221
525
3253
57
596
246
42768
87
2940
76
1286
24
897
57
7501
9
2033
941
217
5272
33961
42781
246
42768
8211
57
2316
19035
104
24
21958
3354
5
1949
316
1267
23
14
320


