258
9760
9361
261
262
33932
264
61
2431
744
558
268
269
262
33933
264
61
2431
744
558
251
111
303
2876
3383
23
24
31613
35
2356
104
14
5195
21927
123
14
3572
57
119
20844
23822
27
119
17798
9
2033
593
37
947
369
45
562
9
2965
5
709
819
288
10493
23
24
315
61
502
510
513
104
14
13487
23
24
1032
57
14681
27
1707
330
24
111
105
14
10122
13
1645
14
19121
29038
27
33934
2528
262
251
111
303
2876
3383
23
24
31613
35
2356
104
14
5195
21927
123
14
3572
57
119
20844
23822
61
1036
6967
33935
69
324
71
119
111
750
355
24
2895
906
2
54
9096
104
449
27231
64
215
149
33936
3383
23
24
7208
5
515
183
7654
1348
183
130
13
24
674
27
6637
34
24
622
29415
104
20559
3970
61
215
935
3199
5
174
24
1071
484
642
2084
27
396
149
147
1142
104
14
27412
320
3880
322
34
237
10430
27
1707
1609
8024
33937
14534
330
262
331
957
810
24
13487
104
24
227
24
2876
149
2896
5778
515
14
111
149
33936
3383
23
54
7208
1348
14
2895
215
105
185
158
7654
27
331
119
111
149
8238
76
642
5
3818
515
54
2895
906
133
57
54
9096
5
1348
183
1805
24
674
183
7654
27
331
6637
34
24
622
29415
104
20559
3970
23
14681
69
324
71
61
24
111
3199
5
174
24
1071
484
642
2084
119
501
825
107
1391
13
24
1032
5700
34
1243
1517
61
4948
330
27
1707
4410
13
24
21927
58
32
20858
10785
3138
374
1185
533
2919
288
2896
27
842
355
387
3375
515
144
32
2876
510
513
27
251
642
376
13
33938
330
262
331
1447
149
709
5645
23
24
13487
64
503
360
308
944
24
2876
133
57
24
33939
1114
308
23
1848
27
331
119
315
726
1511
1284
14
751
58
14
2882
104
14
23600
8202
21927
515
174
2213
982
5
6015
2352
27
246
951
819
288
10493
23
24
315
61
502
510
513
23
24
1032
57
14681
61
5195
61
35
2356
246
119
17798
9
2033
593
37
947
369
244
562
9
2965
246
396
3199
13
308
23
21927
5
53
54
2534
880
13
320
246
1707
330
111
105
10122
13
1645
19121
29038


