258
26320
9361
26321
26322
11759
5
2179
26323
552
3059
926
37
6534
1307
26323
10958
149
750
926
44
45
278
1193
1533
272
58
5121
26324
3976
61
926
149
174
8488
27
7871
9
7138
322
2150
24
2255
9
57
9
32
516
107
174
26325
5
1103
13
748
525
1093
26326
61
316
61
14
853
469
1185
2179
27
842
24
12822
9
2033
5
525
583
509
61
20667
61
105
45
5817
185
24
26327
7280
57
525
2179
61
26322
11759
27
618
956
24
7456
2108
515
525
443
7396
516
1067
1222
926
638
45
278
24
322
61
1420
11759
638
45
4486
13
24741
64
14
18233
27
1687
26322
65
846
14
14078
5
628
5145
159
1348
926
330
4140
61
2344
758
628
4997
278
14
3059
34
26328
589
10958
12318
27
143
24
2032
9
2033
2861
8544
26329
99
100
602
13
525
4006
27
1585
7734
2590
808
10958
912
26330
61
926
87
26331
159
13
24
7764
1462
751
1348
926
825
620
18
525
55
318
1221
14
853
627
1221
13
525
2179
27
1687
4347
14
3059
34
26323
2256
1294
26332
330
1420
11759
27
1687
541
707
2179
2051
76
3976
149
1131
1487
27
842
183
912
837
1533
17471
13
639
926
44
1013
278
2276
3059
27
1687
419
722
14
3059
34
525
149
334
1166
26333
26322
825
620
18
525
55
318
9
14
688
9
13
525
2179
61
926
1520
24
829
2256
3769
2685
119
5904
278
600
100
1015
61
174
61
5
122
2949
2494
1347
5863
58
26323
149
4001
119
5904
61
2
26334
23
527
9
528
941
61
369
24
7651
57
1413
5
278
600
100
1015
27
842
122
2949
2494
5863
1348
589
10958
149
4001
76
3976
23
534
558
58
14
8487
12898
4090
27
579
330
262
1687
628
24065
4995
3593
21616
5
21617
27
509
5
628
6005
1545
14
7396
34
26326
40
183
516
22045
707
3722
5
996
707
26335
401
18430
13
1645
14
26336
1307
926
750
525
485
24
8332
2108
61
525
2179
4286
12566
13
1645
14
3059
34
525
27
509
5
26323
10958
76
122
1093
26326
1687
397
387
64
628
330
183
61
183
1999
26337
330
1420
11759
27
1687
408
3556
600
7886
361
32
57
1413
5
628
44
1013
3429
525
144
722
32
26338
258
35
744
589
10958
105
5204
1841
525
322
5
24
5904
4934
122
6993
13
122
448
61
26339
61
4846
61
14
19213
26329
61
5
804
61
663
4846
61
14
4644
5802
27
1420
11759
12318
262
1687
1003
2343
149
20043
76
5997
5
1088
26340
119
5904
4936
334
26341
26342
20630
185
24
3207
27
618
24
169
751
57
3108
1420
11759
743
926
149
7734
27
1687
2194
628
1142
133
185
26323
912
5888
27
408
288
133
1867
23
24
2083
76
26326
1348
628
5145
24
2108
27
1687
1477
14919
24
3059
87
707
2534
318
61
628
2342
600
1999
628
2357
45
722
158
34
846
27
419
628
2342
604
3573
628
1492
1013
107
644
13
620
158
13
26323
1348
24
227
26343
589
10958
61
129
1094
99
24
704
9
3466
2
3976
61
330
262
1687
1003
2343
5
628
825
107
104
26322
912
83
1348
926
1213
7764
655
509
825
848
922
24
21018
1547
27
1687
628
516
604
278
5457
26344
76
2938
622
1284
707
2179
40
183
2256
700
612
853
627
825
1503
47
76
704
57
54
485
1145
158
27
1687
628
1835
818
19250
13
26322
1221
183
912
14
725
799
26345
119
5904
369
2496
122
679
13
4568
10093
57
26324
3976
262
8714
133
1533
104
26346
27
246
26323
10958
61
4504
61
149
4001
76
26324
3976
5
750
515
322
516
996
525
26325
246
119
2255
9
57
9
32
149
15049
13
748
316
9
506
9
2033
1093
14
7396
246
1042
508
2179
26322
11759
61
307
61
2977
13
107
14
18233
246
119
3059
627
61
343
1462
751
61
825
107
1420
11759
37
55
318


