16669
16670
4789
331
14
821
7894
506
331
10940
206
1222
1742
3527
37
2909
133
57
122
37710
1536
237
36
10503
14
48767
27
48768
9
227
102
18
24
1985
404
23
24
4971
9
1893
42859
4800
24
531
76
14
1536
515
87
14127
445
24
3647
27
119
5185
3916
9
185
1426
1506
14
11661
23
24
9186
57
24
77
37
4738
9
11147
5285
61
502
87
1094
45
343
13
107
7539
641
24
12501
4973
4974
23
3094
27
16669
16670
22094
218
24
48769
23
20472
206
57
2414
37
1197
4973
4974
16670
13832
54
20351
185
54
880
13
66
513
2837
23
24
870
4973
4974
23
563
119
840
87
16670
5
77
9
4985
4988
16672
825
935
2113
107
644
13
19102
34
131
9251
61
1537
1284
22141
3680
14
48770
2697
726
122
880
4205
31994
452
34
122
20
27
816
3368
87
29712
61
1204
61
16670
4789
24
2190
27
331
408
728
2456
13
221
14
124
1431
2237
61
331
330
16670
27
331
816
610
221
515
1431
935
610
718
373
278
14
692
506
64
646
825
107
1583
57
5147
6825
61
14
1842
57
227
13
15397
27
331
842
1222
610
1018
244
221
24
1431
610
728
2456
34
935
183
37
2050
13
107
14
821
7894
506
27
331
1312
24
77
5
24
22194
61
129
149
66
23
24
36
9
73
4474
23
465
9
575
503
2431
2859
5
2978
1636
9
5
9989
23
2776
970
61
24
6646
23818
369
253
886
13
33258
27
16670
4789
34
1742
3527
37
3647
5
149
22172
91
24
8350
7896
16708
247
57
22651
40471
5
5053
5054
23
24
2776
4973
4974
438
24
33
57
24
5027
16670
1636
9989
104
31892
5
3577
1742
3527
369
30684
185
122
3094
9686
13
799
692
331
187
87
11807
5363
610
1018
244
278
14
2525
1536
515
718
1550
703
89
24
131
185
10454
3647
27
187
37
2236
1131
61
331
16670
359
27
331
187
87
663
2236
1131
13
151
5670
27
14728
89
14
4474
61
5363
183
87
2050
13
107
821
1131
2241
1193
3275
61
87
45
24
16185
34
14
2421
27
331
305
24
987
61
185
10454
3647
61
183
87
2471
1098
13
221
183
89
24
131
27
408
728
2471
420
2
24
5971
206
57
703
27
331
408
369
23
14
134
575
183
37
821
1166
13
221
3106
61
13
1248
24
1536
64
183
87
821
1098
76
48771
5
4309
27
331
2819
1094
185
610
369
2050
13
278
1131
5147
61
40
183
87
496
183
87
104
24
987
27
408
278
13
107
7150
5
1018
24
1086
64
1222
610
369
2050
13
81
24
4474
27
331
408
728
2050
13
748
1469
1299
1300
5
1812
13
107
646
76
2210
610
278
61
13
1812
13
444
89
24
131
484
610
444
24
582
11799
515
718
5057
444
703
33
89
24
131
185
10454
3647
27
331
246
16669
16670
3577
1742
3527
369
30684
185
3094
9686
13
2468
246
22194
4789
821
7894
506
1222
9686
19218
13
4568
40961
246
1742
3527
1996
822
57
1374
9
36
2815
5
369
758
445
24
3647


