9432
9
972
10845
69
8433
71
9276
9
608
31458
9
15
4847
2469
9
31459
31460
9
47
9
3322
26468
69
6258
71
9276
9
1507
31458
9
2778
4847
2469
9
31461
18589
513
9
6855
69
4440
71
9276
9
916
31458
9
16
4847
2469
9
31462
4360
2505
144
360
192
104
24
2118
2434
61
8433
37
3022
972
10845
2048
24
5467
10564
76
190
3276
27
119
5144
1179
61
129
99
100
2612
2275
76
14
1454
13
6833
3435
647
54
3371
14101
23
4440
61
1004
6258
37
3322
26468
13
24
2480
91
14
414
74
27
396
149
1469
9
16
76
20549
13
2837
908
22839
484
24
56
57
24
11944
27
26468
516
278
2048
24
11432
1222
215
105
242
23
6258
37
16
9
2459
2243
9
227
81
23
24
230
75
6765
61
722
4639
1533
17356
1284
10845
123
24
11944
27
251
74
2
24
5065
1179
75
27933
31463
37
83
516
278
53
158
24
55
136
13
81
24
5467
10564
1587
61
58
215
2048
24
11432
23
1747
2604
23
1972
58
79
360
3276
27
119
9272
9273
2237
4942
13
7596
104
24
31464
3400
61
1302
10845
149
8643
908
22839
167
1775
24
11944
104
24
5769
9
230
1679
27
742
8433
83
288
9314
15
9
16
91
4440
104
31465
31466
23
31467
61
76
10845
79
8457
31468
37
83
37
74
2
24
2697
23
24
15066
67
27
2994
521
159
13
2995
972
10845
8815
128
34
122
2002
19386
262
972
10845
149
244
23
24
31464
13
6546
24
11432
40
4151
237
858
147
185
5467
627
262
10845
2048
24
5467
10564
58
79
190
3276
23
144
360
192
34
8433
31469
262
10845
37
12230
34
8433
75
13993
149
32
57
24
3276
57
24
11944
5024
3042
262
10845
6799
54
4447
139
31470
31471
545
185
75
4440
10845
242
166
3276
23
8433
37
166
1060
192
64
358
4627
1963
2852
61
484
31472
1587
75
13993
23
24
35
2584
27
119
55
57
515
31473
149
13681
24
74
57
24
11944
61
64
215
31474
24
233
1114
12247
2
74
61
22890
104
575
24
2448
149
6266
64
24
233
130
61
5
935
2339
14
174
9
2922
6606
23
445
24
24420
27
742
4447
75
4440
510
54
3425
13
190
9
14
3865
515
26468
5
6853
6854
288
1103
13
112
167
2505
316
1533
192
1284
24
6202
9
2033
27
17771
262
26468
230
74
149
24
3301
23
6258
37
741
9
16
9318
57
4440
23
24
8069
9
11958
31475
262
26468
53
24
594
57
24
3293
515
906
54
880
123
6258
37
1876
13
24
230
31476
262
9272
9273
1179
26971
14
2876
139
31477
57
15246
123
6258
37
81
6855
61
129
25577
54
33
23
4440
37
15
9
16
17
515
1391
10845
26126
61
1636
23
188
2697
206
57
6854
23
24
230
5064
27
119
14152
242
1587
23
24
73
112
57
24
11944
75
14145
61
5
359
2276
31473
23
122
916
9
16
81
18
14683
23
24
31478
37
230
1060
2544
27
13031
56
262
6855
131
13
24
9498
58
79
1587
23
4440
37
73
112
75
14145
16775
164
4539
262
6855
242
1413
3276
34
4440
484
31479
54
33
75
8433
21950
262
6854
242
1413
3276
34
6765
104
24
2118
2434
40
704
288
123
24
1060
5851
6830
9
3444
262
6854
7502
6765
13
24
230
57
24
2118
2434
61
79
1413
3276
1817
24
880
246
8433
3022
242
190
23
360
192
123
1876
13
24
5769
9
11958
246
10845
149
1469
9
16
13
107
908
22839
484
24
11944
2859
246
26468
105
14
3317
13
81
14
169
6814
5467
10564
58
2548
24
11432
23
1972
40
9272
9273
111
638
45
7596
23
24
230
246
816
26468
105
242
23
24
2243
9
227
17
75
6765
215
516
278
2048
24
2480
343
13
14
226
17356
1264
246
6855
1636
188
23
24
5064
76
1413
3276
5
32
9283
246
6853
6854
105
1271
1264
40
6855
6599
54
23
8896
146


