258
8449
6092
41976
18796
262
13574
43964
149
7419
23
525
16217
1339
24
90
4382
9576
1178
90
1589
9576
391
13
107
24
384
57
14
434
515
11
13
334
7731
3059
2707
361
7503
13
897
23
14
17126
43965
5145
159
2213
1267
1195
27
187
99
953
515
14
8555
149
53
449
24
9576
23
14
8700
57
24
43966
43965
575
190
9
751
9
2033
13574
43964
37
7817
448
288
2797
27
162
334
8814
13
24
11213
1061
5677
91
24
3089
57
24
43965
9
8787
43967
6833
20671
9
13574
37
2255
43968
11258
525
9976
27
119
9576
149
719
13
91
11213
1061
61
40
183
87
391
13
278
2043
159
156
185
24
257
57
24
434
27
2186
511
183
2469
23
24
1072
905
13414
515
1515
24
16246
13
1470
4846
1299
1300
18796
87
370
361
7920
27
2226
2356
61
24
1565
149
27742
34
2951
27
842
589
43964
37
8814
1046
646
288
452
76
24
90
1589
9576
61
502
149
1893
18
24
16217
575
525
1093
149
5104
1348
183
433
434
27
618
1072
1371
61
525
8814
1869
262
331
119
14
9831
17407
9576
23
612
10175
8700
87
21809
1229
27
187
5150
13
107
9013
64
14
10779
64
612
1478
3059
38549
646
27
43447
10661
61
43968
43964
27
331
397
14
10637
57
24
8555
1221
502
149
32
57
3096
11213
452
104
24
43965
1221
14
2230
650
133
13
5610
24
4966
27
842
755
4430
185
1072
905
5
13574
4508
7459
947
23
24
434
104
24
43965
575
646
105
100
14
3760
57
11213
452
454
5
3133
1195
27
119
43964
540
61
129
4534
13
17126
166
494
495
61
105
13
198
13
327
76
13574
1413
1267
58
24
434
818
926
44
1522
310
322
27
162
35
632
37
7731
463
464
525
448
5715
24
1311
987
1348
589
43964
743
525
3059
185
434
61
144
4071
58
926
105
100
556
159
23
525
16217
27
4576
10255
61
129
1001
34
43966
9
1893
2001
3952
33311
61
330
54
715
43969
133
447
185
13574
37
219
5
2316
58
926
944
24
3059
37
3087
27
396
750
24
7731
463
464
35
2356
449
24
1356
11213
452
358
105
23
122
82
27
32820
4814
262
43968
43964
61
13574
37
2255
61
105
11258
9976
449
24
90
1589
9576
1511
1284
14
13745
484
24
434
5145
133
1447
149
2276
251
9831
2852
9576
69
90
1589
9576
71
23
2276
1547
5
24
185
9831
445
14865
27283
27
331
119
4904
6807
183
27
119
1271
1017
640
76
24
32409
5603
61
24
9688
23
24
33204
27283
61
358
6807
515
27
408
663
105
3071
76
24
9640
32423
61
575
1347
1222
723
16937
183
445
61
183
149
1132
286
61
818
32
57
24
11539
12321
185
27
331
396
359
262
331
119
503
316
1022
23
24
1547
288
24
251
9831
2852
9576
5
24
3059
20896
27
7860
43968
944
525
1008
185
24
3059
20896
610
2193
183
149
244
515
27
331
12307
7943
61
11737
3608
34
33311
23
17126
61
330
262
331
408
728
14
1015
9
1997
6048
23
43966
5
704
612
308
369
5957
91
13574
37
947
27
331
187
37
14
27162
1098
227
34
10255
61
43968
5
24
485
5
610
728
2931
496
610
718
13
2002
542
61
365
64
14
1565
5
14
356
27
331
13574
61
129
87
1094
361
279
91
14804
23
3272
7670
37
7628
61
87
2050
13
278
13
817
23
24
1428
34
104
306
14
506
27
10255
5
34136
1221
129
769
1690
23
24
13414
1221
278
1481
47
14
1435
13
4568
1389
7591
13
4014
34
525
5
122
622
166
272
27
119
11901
13574
12488
1221
502
87
361
1876
218
24
43970
1490
1221
99
818
420
11258
144
18
1389
8372
27
119
485
278
3102
144
101
5415
120
57
24
4289
61
14
5009
13
502
99
818
420
100
6638
185
592
7326
607
27
119
485
369
663
370
3108
13
278
4634
13
542
9559
43971
23
3902
5
31526
21680
502
8787
43967
6833
20671
87
370
1083
185
13
27
4360
24
1072
905
755
61
24
1565
12562
24
9559
23943
3094
3898
28305
1413
1267
147
27
119
1565
61
502
87
967
91
32
57
24
17126
37
3951
15322
17241
8787
43967
61
99
647
6470
13
4699
24
3225
27
43741
262
119
434
510
513
104
237
43965
61
502
24
43964
485
11207
23
43966
61
17126
1947
334
1708
91
24
7731
463
464
61
8787
43967
6833
20671
3199
449
24
3094
3902
28305
722
100
12562
5
6470
13
221
14
5861
13
24
3958
57
13574
37
4014
27
1031
5605
57
442
99
61
1204
61
1521
13
5490
167
14
9825
2
24
1565
37
5781
1785
61
43972
43973
27
1477
215
330
215
149
401
435
13
1550
8737
35
2356
61
1348
8523
13
1195
215
330
262
331
408
369
1533
1284
108
13
1018
1690
13
442
24
485
23
1193
880
610
718
27
331
1447
37
100
334
4393
14866
185
24
1190
57
3902
21680
27
408
369
753
13
442
24
485
5
61
23
24
1565
61
237
1652
704
24
880
13
24
5359
17241
8787
43967
129
87
256
237
821
2673
27
4540
24
557
57
703
61
54
5987
369
76
24
485
5
13574
5
215
821
822
4227
34
525
5309
11608
27
331
396
359
262
331
408
825
663
5838
1193
21263
17295
13
24
1190
57
6469
27
3315
104
237
1679
61
610
369
1103
13
1374
9
24210
24
17403
57
1193
643
89
496
1515
237
3554
434
27
331
842
1222
610
369
6925
23
1193
880
61
935
610
825
3885
45
42090
1193
11665
610
278
27
162
24
18596
61
1222
646
87
14
5861
610
718
748
1795
525
13574
37
4014
61
935
610
825
107
108
13
1018
818
27
331
17863
718
107
53
104
43974
27
251
571
129
769
54
42514
23
14
434
23
43966
316
494
495
330
515
215
87
1013
5246
13
4192
57
13574
43964
912
11533
947
27
481
43975
330
35
2356
515
310
4014
149
17121
27430
1348
54
316
9
506
9
2033
1093
61
43976
61
5
760
2563
5
43977
1077
104
24
43978
257
4014
116
23
24
43979
43980
10339
185
1072
265
61
558
27
1687
10967
24
11533
1779
57
17126
411
4014
23
1072
265
61
558
61
1348
612
166
272
1077
61
43981
183
87
14
5921
13574
43982
215
750
24
7731
463
464
35
2356
27
43983
262
43976
61
2563
5
43984
43975
288
1745
23
1072
558
104
14
43985
116
23
43966
1687
1307
43976
149
361
4410
13
320
61
977
44
1013
748
525
2646
652
358
638
1013
278
334
2646
21746
1478
43986
143
1348
37806
1802
47
13
1812
5
6246
24
43987
1071
61
358
2084
76
8281
43988
61
215
330
27
251
2488
57
1526
308
12560
23
24
13414
502
149
1515
91
12620
37726
27
119
11234
57
24
36187
16206
105
100
16212
76
32426
7698
27
1447
149
709
43989
1156
5
13132
10473
27
12243
308
278
647
100
560
5
3218
13
3254
61
637
358
278
1521
13
8819
1193
57
122
6578
27
17126
912
4910
13
26518
61
40798
5734
8741
25644
8741
8787
43990
61
5
54
715
61
3089
57
24
43978
116
61
309
14
190
9
506
6578
34
1286
897
91
16258
27
119
540
43991
122
13137
27
246
5220
9
751
9
2033
13574
43964
149
3127
7503
104
485
82
23
1072
246
579
4508
4846
1299
1300
18796
58
13414
104
11207
43965
23
43966
61
17126
246
13574
149
319
13
24
1428
5
87
3880
322
23
3272
246
43992
90
1589
9576
87
391
13
107
1778
24
13414
246
187
99
953
515
13574
37
2255
43968
8211
449
183
246
12389
149
9013
61
40
5145
159
2213
1267
147
185
24
257
57
24
434


