258
18301
18302
261
262
18303
264
61
2978
3094
1268
268
269
262
18304
264
61
2978
3094
1268
305
14
14415
1111
18305
37
2107
223
44
107
10859
34
175
9
172
1275
57
9690
2806
27
742
3705
3224
57
14
550
4603
17314
23
14
5014
2231
1563
2391
818
16131
61
723
1825
604
12336
358
288
9338
27
119
18306
61
5667
61
2
10396
61
87
2612
7321
91
5014
18307
57
24
1516
9
18308
4709
27
742
18309
223
87
18310
365
23
1579
14131
5
24
18311
952
1062
23
621
12795
27
119
18312
262
5115
57
1111
37
9338
718
1550
47
13
2845
4615
13
1306
119
3232
57
9338
8065
24
7854
4108
57
14
550
5
525
859
4603
5911
334
15308
11447
27
5968
23
4965
185
18313
185
9338
515
1550
334
3940
57
449
2845
4615
13
1306
61
1111
1001
2
1189
562
5
2
858
17916
502
215
8148
18314
27
18315
23
2231
13896
5
5014
698
61
621
6517
9011
57
7150
1540
61
4114
61
18316
5
221
9
47
4176
4176
9
104
14
3958
57
1145
1389
3838
27
331
119
838
369
1586
183
331
61
215
1520
27
5968
2
14961
215
18317
133
18318
215
6405
54
1540
5
8148
18314
24
4114
13
6517
919
57
3224
27
331
187
37
2381
13
14
1045
3608
16427
54
1727
185
14
1045
1481
27
5340
628
278
13783
24
2919
61
628
825
503
1153
14
1478
1479
57
3224
13
7698
2
27
331
18319
262
1111
1001
23
4965
185
18313
9398
2
1189
562
5
2
858
17916
502
215
8148
18314
258
24
3036
262
1111
37
223
15483
23
941
14873
34
1145
1389
6472
14
2418
3912
3912
262
16751
23
648
61
18305
37
331
550
331
1577
89
525
2534
7763
18305
16126
705
67
8041
27
413
2575
18320
23
24
18321
13467
57
24
550
37
670
61
24
18311
952
57
24
18322
18323
5
24
3489
18324
5
18325
18326
5911
24
1584
9
455
1652
6187
27
18327
218
237
3232
9
5
704
57
54
3486
8148
223
9
183
37
1098
13
1014
515
1508
7683
369
45
1275
27
331
119
550
1039
23
24
9398
87
14
5285
515
628
278
1129
6705
5
4123
23
3096
57
707
9338
27
331
1003
223
87
787
5911
14
7279
57
14873
23
24
1428
61
1425
6849
24
4226
34
952
61
24
3940
1623
57
14
9398
87
1145
1389
6472
27
331
628
1018
1104
18328
34
9404
223
5
718
107
9025
4205
707
1490
27
331
18329
262
2819
311
13
6051
61
18330
5
10533
61
24
8041
23
54
223
87
5966
16751
23
648
262
119
550
1039
23
24
9338
87
14
5285
515
215
4183
6705
18305
99
16212
2
334
1920
636
27
543
14
9171
23
2809
5479
215
1770
13
16760
185
54
3486
8148
4255
1145
890
494
495
27
143
1094
54
635
1093
61
374
61
87
663
14
821
3009
4226
5
18331
24
3317
13
7698
27
10353
54
2809
5479
9171
13
692
1153
61
18305
1564
24
2820
4324
18332
5223
3373
8702
2131
18333
35
506
61
502
6586
133
821
182
27
396
99
663
12294
24
16600
1031
18334
18335
18336
2244
850
5
3366
185
946
124
2809
10536
396
87
370
1950
185
14
582
3486
8148
9398
5470
502
215
825
107
4181
23
24
3475
27
251
3009
15512
61
18305
825
107
2329
24
941
17839
1462
506
34
24
8141
16651
11782
1435
27
397
398
57
54
4289
5812
215
825
107
18337
14
9398
13
24
1435
27
18338
262
1307
9398
2
17916
61
1111
1001
2
14961
215
18317
18318
5
6405
54
1540
5
8148
18314
24
4114
18339
18340
262
18305
10284
822
57
54
16160
2
24
1516
9
18308
4709
18341
2245
262
742
223
87
787
5911
14
7279
57
14873
23
24
1428
61
3940
3958
87
1389
6472
119
4226
262
18342
4226
1111
18305
61
5667
61
99
14
168
9171
23
2809
5479
999
34
24
9143
262
18343
43
2457
23
54
1001
61
401
18344
5
23
14
6273
5042
61
14
5786
5285
1577
206
18345
23
2276
57
18305
37
18346
5025
262
742
821
2107
9338
2457
14
13588
471
9
219
5285
473
23
14
5040
10604
5075
185
14
15592
246
1111
18305
61
5667
61
2
10396
61
12772
1088
18309
223
246
15263
185
18313
9338
1550
334
3940
57
449
2845
4615
13
1306
246
1111
10907
2
1189
562
5
2
858
17916
502
215
8148
18314
246
742
223
87
787
5911
1428
14873
34
1145
1389
6472


