16089
16090
5224
22869
22870
149
24
3017
106
5535
2950
24
4444
999
2434
230
58
54
2461
83
288
12919
133
58
2243
9
227
104
16442
2306
27
4338
14
3331
3368
23
24
55
7917
104
11089
61
22870
2072
14
6495
13991
64
8457
16776
37
43
7574
76
14
16
9
2459
17
69
15
9
16
185
33167
71
11121
57
34549
17741
37
138
27
16090
3138
54
83
288
24
226
77
18
24
316
9378
61
167
13024
13
221
183
13
25111
27
22869
22870
69
174
71
10902
24
9284
1191
104
2459
9
2459
76
14
3486
1813
2
2461
37
24539
36214
16089
16090
3428
54
83
288
24
226
77
167
361
6021
133
91
5535
18
316
9378
396
330
262
331
628
629
821
1735
57
24
77
61
18
24
316
9378
610
288
24
226
83
5
122
2448
99
2168
542
13
24
230
27
305
11089
5
109
1961
215
37
53
821
61
821
752
4327
5
515
37
2048
542
24
2544
27
331
3315
358
2168
24
74
104
24
2205
57
2243
9
227
40
515
149
21193
9
610
2193
610
4995
13
9284
1961
5
24
110
65
1690
27
691
728
982
185
122
2769
104
24
1029
27
331
408
20128
61
3366
1131
61
2469
6201
2526
5
5347
3293
13
81
24
2544
40
10074
610
288
45
19213
1487
27
331
34549
17741
6672
498
13
9284
24
4446
74
5
3307
5535
13
25111
14013
2996
3469
13
37317
185
35266
5130
123
24
55
170
61
433
481
16095
76
54
37318
23
24
169
1272
5
935
20556
76
2000
6142
3534
25100
27
10038
449
2996
37
22444
61
16090
330
262
331
3779
1022
2191
40
628
1018
244
1019
2938
1667
2066
13
850
496
14013
2996
37
456
61
45
144
185
69
481
71
16095
61
40
663
185
5130
61
14
635
136
129
87
1610
37116
185
27
331
187
37
1166
13
1810
5958
2359
2241
722
13
1810
8123
185
334
6733
37
10254
5
183
37
4879
13
850
185
24
14996
27
396
37
821
3579
24
15031
5
14039
638
244
850
515
27
331
14013
2996
4123
13
37317
185
35266
5130
37
700
7917
123
14
10546
73
1272
104
16442
2306
5535
3018
2996
3362
185
24
2922
57
481
16095
64
215
25524
159
14
6823
16090
2114
13
996
487
34327
133
167
24
3018
37
4699
13
1986
61
637
215
87
3358
215
825
850
405
2175
75
1202
4437
185
1750
27
331
187
149
401
387
34
237
2544
40
610
2236
35413
158
2467
89
24
77
61
331
330
16090
27
331
396
37
3366
821
1131
13
444
33
5
8769
76
24
77
27
6984
91
24
4581
215
718
2502
405
398
27
331
246
5535
1004
2461
16
9
2459
58
2243
9
227
69
15
9
16
185
33167
71
246
16089
16090
9260
9261
185
5535
2448
22869
22870
246
119
2461
225
5224
54
83
288
24
226
77
18
316
9378
246
16090
149
10946
76
14013
2996
37
2726
104
16442
2306


