258
463
464
3968
261
262
37481
264
61
2431
4824
558
268
269
262
37482
264
61
2431
4824
558
364
20238
8860
825
24743
3253
13
9616
1517
17295
13
24
12629
57
2978
308
185
24
17050
37483
37484
4965
20657
515
12288
24
4509
4965
5304
23
1972
27
251
3804
10680
33211
23
1605
12061
902
1400
20238
758
1783
4781
7714
37485
5
20783
37486
795
37487
23
122
3754
57
3604
451
2826
2035
185
24
20657
484
24
13665
27
119
10680
1520
37485
5
37486
4942
13
2956
9644
37488
13
36325
542
57
3071
23
24
31580
4046
27
521
159
34
522
4429
262
15167
1061
288
1745
1348
24
37483
37484
4965
20657
23
24
20246
57
4745
17845
5
3327
24
2190
4965
5304
23
3607
2079
7760
47
262
20238
663
3806
13
3896
24
2704
3486
23
4744
2079
9
14
2488
57
2947
37489
5729
76
4948
34
1400
17295
13
24
20239
7619
262
18552
2879
37490
61
1823
61
324
174
61
5
12551
37491
22972
61
700
61
288
94
24
982
37492
262
364
20238
24746
369
1094
361
184
29505
34
24
12629
57
24
43
185
24
37483
37484
20657
61
349
10071
6160
61
174
61
5
9871
2968
61
700
119
43
129
769
122
763
185
24
20657
288
10071
37493
6160
61
4983
806
18552
2879
37490
61
1823
806
20783
16949
61
5791
806
2153
11793
37494
61
2149
806
14931
37495
37496
61
2154
806
12551
6749
37491
13092
61
13449
806
9871
7551
2968
61
265
806
2388
6608
16594
61
4028
806
37497
24736
37498
61
428
806
21615
22583
37499
61
2010
61
5
11076
37500
61
507
27
1843
10680
1517
1543
37501
61
129
149
20238
37
5124
5359
57
5412
34
24
20246
57
4745
61
185
1517
57
37502
57
6207
5
1439
7186
27
119
10680
1400
24
791
7164
4898
13
3804
6460
1348
358
1414
158
834
215
17934
14
5940
5830
2615
34
20238
37
3557
9
133
758
23
24
1267
58
24
3192
1972
5304
27
119
3440
9
1893
4965
2804
663
3806
13
3896
24
2704
3486
23
4744
2079
9
14
2488
57
2947
37489
5729
76
4948
34
1400
17295
13
24
20239
27
10825
7180
262
10824
4053
6
19813
330
24
2947
37489
5729
5
37503
369
244
24
1029
57
3804
4948
331
4759
5
515
24
2958
643
75
20238
87
1875
14931
37495
37496
5
11076
37500
20688
262
37497
37498
61
174
61
5
2153
37494
61
700
61
12560
23
24
13665
305
14
2108
2328
902
61
10824
4053
6
19813
289
20238
331
2704
2488
2958
12632
23
24
2079
57
24
2426
4715
27
331
396
359
515
24
5729
5
37503
369
244
24
1029
57
3804
4948
331
4759
5
515
24
2958
643
75
20238
87
1875
20238
825
3896
24
3486
18
190
494
58
8780
14
2528
76
24
4744
3789
57
3850
69
37504
71
5
24
7553
5
7612
7613
69
37505
71
515
99
719
183
24743
3253
13
3970
2958
1517
17295
13
24
4965
20657
1757
23
1972
61
502
12919
10331
57
37506
57
4965
89
24
20246
57
4745
27
27954
164
4539
262
20783
16949
174
1778
14
715
58
24
13665
61
655
2388
6608
16594
61
700
61
105
166
272
4024
262
305
2010
61
21615
37499
149
24
7649
593
57
24
5304
37507
262
119
13665
1515
24
20239
57
1533
1284
6970
5720
37508
57
4965
89
24
20246
57
4745
331
408
1014
237
12632
87
23
24
512
2975
57
20238
5
1579
23207
61
331
330
2972
9
37509
37510
61
20238
10053
27
331
187
36644
316
835
1106
13922
5
9993
703
13
25935
9282
24
1565
75
24
6825
5832
1400
27
331
119
5729
61
502
87
4868
13
14674
91
14
3804
6558
61
3492
3215
57
2707
2947
7349
2843
13
24
3052
4591
5
10120
4571
61
2947
37511
13
24
3052
2594
57
2595
5
449
2947
22767
13
24
7553
5
7612
7613
27
3702
30203
61
8789
7164
57
20238
61
330
262
331
408
7278
34
612
511
23
24
1757
5
64
902
37
12632
76
24
4744
4929
321
15593
61
610
278
4312
4887
34
612
7280
27
331
17980
262
1178
4965
3656
4157
34096
1033
2313
57
24
29240
5
16861
22402
1817
37512
2313
57
34373
2520
24
2528
61
20238
99
663
3252
3253
13
2978
5671
6987
57
3761
1185
4702
5
166
28159
6987
9
349
32
101
24
31128
19823
3161
5
32
34
35395
6207
27
119
1264
9
2058
3486
37513
1347
24
2947
37514
3486
590
91
7156
1060
37515
23
427
34
8636
7549
2674
13
14
8638
5096
27
20238
825
3896
2947
35352
13813
13
24
37504
23
6473
18
360
494
27
187
825
3896
334
5185
2947
37516
13
24
37505
18
14
1272
57
166
494
27
20238
825
221
24
55
2078
57
2947
37517
237
506
13
24
37505
27
119
1060
99
253
590
133
1533
1284
2947
37518
17295
13
24
4965
20239
27
20238
87
2456
13
12993
47
1579
11460
26296
2
24
37483
37484
5304
61
40
24
5760
5453
185
24
20246
492
87
373
45
1969
91
1141
27
15263
37519
89
24
20246
57
4745
2
24
37520
758
34
4018
1267
484
183
149
2113
3939
27
2906
34096
1033
2313
57
24
29240
288
104
32
227
4157
23
4965
3656
61
449
24
351
57
8580
27
5401
1284
3838
37521
61
15453
37522
5
5415
8415
288
1142
982
64
14
3340
57
24
20239
27
1427
8415
369
373
361
1142
4703
2
8812
4965
37523
5
37524
278
970
1142
13
3193
9017
57
4965
61
64
758
27
119
1751
5453
57
24
4965
20239
825
45
107
7348
641
24
4929
13275
1579
31330
37525
18648
26761
61
502
825
6546
5128
2
2172
57
7201
4729
57
24
29240
27
808
30203
330
262
331
993
57
703
104
20238
10655
14273
24
1092
189
57
562
1515
91
24
37483
37484
1757
64
758
64
24
5453
57
24
20239
185
24
20246
5945
6605
27
331
396
359
262
331
1877
24
20239
61
610
278
3366
1131
13
13902
4372
23
24
1565
27
331
408
1550
2351
45
503
612
10089
13
451
5
13846
13481
40
663
612
1828
76
5792
61
349
24
1857
61
24
4929
5
612
22128
27
331
724
37
5729
36644
405
57
24
15636
8952
18
24
1363
647
24
5304
61
40
183
1308
45
2244
9756
5832
1400
75
24
1060
27
20238
330
183
825
331
1359
13
25935
9282
1981
331
75
5832
1400
5
3762
57
3932
16258
27
331
408
369
3098
13
7558
61
40
503
185
3937
5967
61
331
330
808
30203
27
119
2528
44
1505
14
835
614
57
24
26297
515
20238
2881
58
334
13665
1745
2978
1061
5
28449
24
32101
57
1413
20246
492
3752
23
24
2190
24201
20239
23
4744
2079
27
20238
373
2881
5859
5
14509
1187
1400
1642
91
4744
20246
492
3752
5
622
1409
37526
27
187
87
7724
496
163
57
2958
3761
20238
825
24743
3253
13
27
162
334
744
11363
61
24
3789
57
3850
330
331
2944
5360
331
57
24
37520
758
331
19192
3932
16258
5
21817
3761
61
331
502
183
5473
13
3382
104
14
3796
5832
801
1481
13
2430
23
1605
12061
23
266
1268
27
119
4744
4929
99
45
1521
7593
1193
2958
1517
23
24
501
27
187
87
7724
1720
24
2528
825
1505
1193
5832
1517
3793
91
24
3850
3789
27
187
87
663
7724
834
1581
14
11460
4447
20238
2290
3896
13
1505
24
1517
61
1185
622
7498
515
20238
2290
855
27
37527
87
14
6114
1190
13
20238
37
3027
26297
27
251
3932
16258
768
44
2707
21952
24
5832
4689
16286
91
20238
101
24
31128
19823
3161
13
2947
37528
23
14
1594
9
1804
37529
27
37530
262
13913
57
7445
61
25070
5
8415
1077
23
24
4965
3656
5
3096
369
373
171
8151
57
37523
1882
13
24
3850
3789
61
6635
53
91
20238
5
11477
9
1893
37531
20192
61
3034
57
24
37483
37484
14350
61
23
37532
14
3604
102
4090
57
24
37520
758
369
14
3466
14396
57
3932
16258
27
331
1031
1155
14
3334
61
1521
9699
5
451
9
1147
4090
44
278
100
818
31339
61
37533
23003
23
818
3096
1246
61
91
818
3096
308
61
8074
3932
16258
61
331
24
4929
330
23
1579
744
11363
27
119
1034
9
1005
37520
758
37519
37534
37506
57
4965
89
24
20246
57
4745
18
14
1272
57
4018
1267
27
119
14040
28449
32101
2
11247
13
1561
5
22924
4585
37
8907
37535
37536
20239
23
15768
27
20238
99
253
4934
334
9744
415
9
2175
5729
76
1409
37526
515
24
1565
7585
825
3958
2947
37537
13
1505
7586
3793
91
18
7591
11354
5
8292
3091
5859
5
310
4689
2
24
20239
27
246
37538
1517
1632
2
24
897
57
2978
1061
185
24
17050
37483
37484
4965
20657
246
10824
4053
2403
20238
24
331
2704
2488
2958
12632
23
24
2079
57
24
2426
4715
331
246
119
4965
2804
3252
3253
13
3970
2958
1517
17295
13
315
515
12617
10331
57
37506
57
4965
89
24
20246
57
4745
246
5468
9
2058
3486
37513
515
590
91
7156
1060
37515
23
427


