9588
9238
30
180
2775
10135
8
43554
8
11
20729
19
1219
526
163
7
16654
6
1189
12
3
1466
3061
4206
2
68
9238
13
86
4584
14
21
477
5
1382
1059
3
7126
23683
0
321
6680
3033
39
19
1068
163
12
446
9
3377
3061
4206
18
368
132
2
35
96
175
37
8779
1
2862
885
121
886
4
219
3
1466
2067
12595
22
0
1832
1
5966
1
761
1599
13
5
753
31312
7
258
10135
18
1518
2
8
57
18
41
43555
20966
16
9588
9238
53
137
317
5
368
7797
20
19
1068
163
12
446
51
30
2392
55
127
2775
10135
18
3874
20
19
163
52
176
16
35
96
13
6407
4
2131
2
89
1
2505
1
24
659
6407
23
12315
68
9238
131
258
10135
7363
59
14
108
232
9
10918
5507
28
27
4897
1327
0
163
7
27
242
2
89
0
1832
10
41
3403
31
48
2
35
96
22
36
10
2093
27
75
2
89
112
66
165
3
177
212
9448
4
21
3485
66
7
0
844
6
19
1983
1
110
47
212
43556
21
22
2
65
3762
11
6680
78
25228
14
35
2775
30
0
3007
2617
11
9588
9238
4
850
21
30
617
11
1465
4
1068
4363
2
35
5461
1
17
0
1068
5985
98
831
11
67
85
5
215
1
92
33
125
332
14
2775
13
41
344
3
43557
68
9238
10924
258
10135
47
3874
12
0
725
14
21
13
0
118
6407
1832
3
163
12
0
368
132
6
3377
3061
4206
133
5
4977
4811
8863
14
21
30
477
11
0
424
64
1612
2
3563
704
16
258
10135
34
40
1148
7
0
376
1263
6
108
3377
3061
4206
332
90
687
11
1466
1
173
43558
53
93
51
4
43559
43560
53
122
51
52
78
3258
17401
39
19
13511
163
14
0
3377
3061
4206
5985
1026
3
32
9169
3
3205
232
9
1709
4111
268
0
267
2
68
9238
1159
14
0
13420
25229
25230
1
50
19377
77
0
4811
1
13
20
5667
2
35
249
60
756
3
163
0
81
132
1
108
425
4004
43
553
2
89
648
48
13
37
3207
23761
21
22
2
101
0
81
333
82
68
9238
30
40
37
11398
9960
6
0
13420
25229
25230
47
8295
3
24202
97
1068
149
3957
17
0
172
47
108
753
1068
347
2
7560
1
92
13
37
31313
1
1075
1068
12296
4
4686
5
3337
6
25231
269
197
0
267
6
54
403
18
1068
149
4
0
2230
6
216
2
258
10135
30
40
330
3
517
3377
3061
4206
390
11
48
1164
2
96
61
473
1881
1466
3061
4206
390
3
505
3
155
331
3
7113
6680
2
939
36
1552
16
68
9238
18
1333
25232
19
6162
11
24674
1
16253
7
5
3334
6648
6
3736
4
1264
360
1
48
236
36
206
764
11
1466
47
1600
6725
7
554
3
2596
5083
43561
47
2012
163
11
1567
10337
1
50
13
1973
11
359
483
133
0
770
47
368
132
2
4010
43562
1
0
13420
25229
25230
813
78
25228
14
19
6052
1002
17
68
9238
39
19
1382
1059
3
5164
42
1157
2
35
104
649
68
9238
421
4
21
13
2790
1226
98
2
101
5
1569
152
1
25
47
122
14
0
650
6773
764
268
0
267
6
0
149
1
4
208
236
1
60
46
688
3
6493
0
3076
6
108
425
4004
0
81
23761
21
22
2
2577
60
33
41
648
3038
685
12
48
1954
2
26
15
321
6680
3033
11558
68
9238
47
163
7
16654
6
1466
3061
4206
1
50
2150
209


