8843
10
115
2862
7
13790
2818
7
1389
1522
4
10
41
539
3
495
2
22885
19095
4
1372
7
6061
3276
4
108
579
1
25
18
521
0
5015
5694
34
40
157
23
9201
3
31633
49
108
1532
7
5
790
1259
2987
2
26776
6
19
7089
34
40
5330
103
4
92
43
35651
80
77
19
2803
1
50
913
1663
910
354
34
40
8543
2296
86
21
76
74
666
99
127
6352
2
8
52
10
5
10025
9
24
382
202
214
711
86
7494
4
6475
1
8
14846
523
1
54
6
0
223
38
115
8843
1
78
13883
483
2
297
94
11
167
6433
16
8843
1
808
63
105
1
13
521
3
29
556
82
6
20312
23
9201
11
5
790
1259
2987
56685
16
15
5015
5694
10
12248
3820
4
10527
14927
56
21
10
115
2862
5762
3
193
16
15
5015
5694
3936
79
2064
1642
56
21
10
115
2862
7
13790
2818
14863
16
8843
10
204
7
31
3101
20716
3724
4
123
3861
31
111
1040
13468
13961
8843
10
204
3
3101
20716
3724
7
35652
2
52
3936
79
2064
1642
2
52
10
1631
14927
4
3963
1
17
2742
5000
2
52
4234
1503
11
28556
4
19
4987
34
40
20194
2026
4509
1
623
28
1640
179
4108
14
34
41
40
2390
1015
2
387
10
105
347
320
1
4
8843
30
98
40
3861
31
13468
13961
1
38
13
41
118
1265
59
99
3
205
433
45
1536
5
618
3
429
790
1259
2
8
590
0
87
406
269
24
34
8843
1
21
25558
86
194
4
2040
199
24757
14
24
273
21
58
6375
1812
184
120
0
166
1
8
13961
395
12
27
21013
12360
7396
946
2
8
24
5300
5892
59
4
4009
59
3
402
1259
2
8
380
9
0
9
8159
16
5318
21
10
74
1413
3
3201
4
13
170
3617
1
8843
1575
3
124
419
89
8843
31040
162
4
13
98
3617
168
1
158
609
21
30
5
189
152
3
165
2
8
318
3276
33
8785
549
4
363
1
8
13961
78
13883
2
8
52
30
4140
1
21
13475
1
21
7432
1
21
56686
2
8
930
121
21
13
5
6188
2
8
13961
30
207
49
5
12146
8843
461
946
1
113
75
73
1405
19
2651
2
21933
16
15
105
9
70
9
83
13
371
2090
2651
1
301
3
1040
13468
13961
53
137
51
56687
99
16
8
52
13
8785
549
4
55
1
8
13961
22
65
105
9
70
9
83
5015
5694
10
371
3749
2651
12
506
79
105
347
39
91
115
4351
4
19095
12739
16
8843
34
1640
6061
3276
4
35651
12
19
225
113
19
2803
34
40
8543
2296
57
18
521
14
8843
206
29
40
157
23
9201
7
5
790
9
1259
2987
96
13
61
319
0
946
3
737
597
63
0
13004
6
790
1259
3
419
8645
75
2
8
104
188
3
124
55
92
4
185
80
0
305
56688
1
8
36
22
2
8
24
181
21
73
1698
5
396
6
630
2
8
15
21013
12360
1063
30
86
416
941
201
56689
11
8843
18
5969
4571
2
26
8843
10
115
2862
7
13790
2818
105
347
320
26
52
10
4351
1
1372
7
579
4
3936
2064
1642
26
4460
41
539
3
3201
26
3101
20716
3724
7
35652
840
1941
59
99
3
433
26
1722
9
70
9
83
10
3861
31
13468
13961
1
38
1575
3
185
59
124
419


