18347
13641
6567
30
40
432
12
3135
6
4249
5
130
79
64
347
39
19
425
2902
2626
696
338
403
528
3
5
20935
2
203
22
5
6722
9
83
130
10
432
397
1241
7
0
403
528
4
1053
7
1330
11
5225
2
57
13
2157
0
1400
13
5222
1020
6567
2
4305
33
1664
5
2337
14
5
130
7
19
6033
10
2171
20
37
1918
7
24616
1
3604
338
12
446
2
297
94
11
167
8574
16
203
22
5
6722
9
83
130
10
432
397
1241
7
0
403
528
4
1053
7
1330
11
5225
2
57
13
2157
0
1400
13
5222
1020
13641
6567
53
137
51
18347
16
380
377
1
6567
53
93
51
10
572
17
270
10335
262
5
3894
50
175
242
12
338
47
1529
9230
3365
5191
53
122
51
64
347
320
3604
338
203
22
7633
2306
362
33
2768
0
932
583
4
6483
33
3098
2
380
377
1
6567
10
572
17
270
10335
262
5
3894
50
175
242
12
338
47
1529
9230
3365
5191
2
52
10
443
12
2149
5778
5
186
1300
1
45
118
12
0
641
21
254
41
2667
12207
7020
9
0
196
6
338
403
528
113
0
1529
9230
13
2656
2
6567
1
38
30
1362
19
540
31
27668
2704
3
13641
41476
9
41477
1
444
67
85
231
269
13407
639
948
748
0
640
12
0
3989
64
347
320
2
52
10
1708
14172
127
106
678
3
505
59
3
582
39
21
10
78
21
34
6371
19
3527
2
5650
16
4305
33
1664
5
2337
14
5
130
7
19
6033
10
2171
20
37
1918
7
24616
1
3604
338
12
446
2
13641
6567
30
40
432
7
4969
3
0
358
1354
0
2626
1
5
3350
75
43
2535
7
0
2902
47
16483
11
64
269
1
173
37
2524
295
4
5
567
6
105
2
2614
22
19
8
6550
8
1794
5692
0
630
6
2556
2
380
377
1
13641
6567
10
572
17
270
10335
262
19
1529
9230
3894
3332
3
1803
75
1436
0
2964
13284
23
5
670
329
20
0
1574
6
0
2902
10
18336
103
1
90
7634
319
11687
4
18348
1117
4822
0
19777
2
6567
1
38
30
40
0
2239
6
5
438
1674
830
3738
1
10
443
28
582
7
555
48
70
39
1051
542
187
374
2511
2
360
1
6567
1
2764
28
41478
1
10
3225
3
582
11
5
697
9
4
9
5
9
272
70
905
4604
7
1557
11
7762
5
1158
2
1475
91
443
311
1
21
30
4044
3
938
23
37
1279
20
0
1668
1495
11615
2
6567
13
1407
5
1647
1313
7
0
5222
338
830
117
6
0
222
540
2
15
117
3763
3
29879
39
0
466
6
8
857
8
1961
779
9
0
1077
6
0
86
9
180
41479
2222
20386
9
38
10
303
420
5213
2
6567
47
566
14922
10
572
45
192
8666
6
0
1003
2
3063
0
208
82
1
14922
6567
1667
5
245
6
3772
7
2602
3
2209
16329
4
1540
10722
5476
7
1185
3628
3636
3
6261
127
59
4
108
464
6
0
6567
830
117
2
101
1570
13641
6567
4
19
566
43
0
2239
6
0
41480
22529
3738
35
65
9390
257
41481
2
13641
6567
1
38
30
5
3026
9
83
198
909
41482
1
7126
490
3
91
1813
120
37
772
17
0
2368
16484
4688
2
14922
6567
10
1898
3
193
79
230
90
0
8070
6
8
65
9390
257
18347
8
1
7
50
21
7213
6
7213
6
91
8
24463
8
2
52
61
22
21
34
40
374
918
17388
5145
1
4
366
3
29
5
8
2959
2530
8
1
4
67
3807
85
0
106
2
2577
60
33
41
648
3038
685
12
48
1954
2
26
13641
6567
1
2796
1
477
12
3135
6
4249
5
3026
9
83
130
26
15531
7
338
403
528
397
4
1053
7
1330
26
4305
1664
2337
14
130
10
2171
7
24616
26
8574
496
230
39
6567
10
572
17
1529
9230
3894
26
18347
444
231
269
14172
12
0
3989
64
347
320
26
2614
22
19
8
6550
8
1794
5692
0
630
6
2556


