15
9849
6
822
2666
10
882
1458
31
3922
8
145
1
1675
1
371
25
0
87
1052
672
7
0
7378
1
5
4762
30
366
2
570
1901
4504
890
0
3247
75
29
226
3
183
23
0
9130
9849
467
142
23
5
620
1480
3247
7
5
644
2
2666
1
5
4857
11916
1
10
8660
17
1975
5
723
6
337
11
822
636
38
10
11619
7
5102
11
0
1323
830
6
2768
3922
2
15
9849
852
3
2666
53
137
7
5
49046
28
54
6
0
3459
49047
155
49048
26408
7
4857
51
10
882
1458
31
3922
18
145
49049
371
25
0
87
1052
672
7
0
7378
1
5
160
8626
30
366
570
4504
1
38
61
926
23
5
4265
4
630
7
33481
1
160
1
327
2666
735
3
325
55
38
3922
6
23908
10
4
574
3
0
54
447
38
58
183
1
3922
18
2524
145
1675
2
318
327
6289
7
0
148
15493
149
6
0
1925
5985
1
8509
4206
1
56
22670
4739
12
0
230
973
49
3
3922
8
49050
2
15
4694
8626
22
16
8
8540
597
63
3922
8
878
4
3241
7
0
9849
6
2666
76
118
29
226
28
1675
240
2
8
294
36
10
0
118
4912
1072
9
2209
6
217
1490
56
2666
10
1975
2
8
8595
20
14
71
43
472
8456
1154
1
602
2666
18
19631
13
10267
1052
1
4
19
390
597
10
3624
31
54
447
4
54
447
118
1
1675
1
0
145
6
3922
2
570
4504
1
28
33481
1
327
2666
735
3
325
55
38
3922
6
23908
10
4
574
3
0
54
447
38
58
183
1
3922
8
2524
145
1675
2
3626
13
5
33263
7
5102
13584
1675
4
0
442
3922
15
9849
6
2666
13
0
439
4
4505
6
0
146
49051
2
15
25589
4286
37
1063
6
0
142
6
3922
1
28
19
878
3
19
49052
2
15
49053
1585
14
0
1164
374
0
25589
13
3
987
37
5877
1063
1
119
2907
55
0
49054
14456
6
0
683
2
570
1901
4504
890
0
3247
75
29
226
3
183
23
0
9130
9849
467
142
23
5
620
1480
3247
7
5
644
2
2666
1
5
4857
11916
1
10
8660
17
1975
5
723
6
337
11
822
636
38
10
11619
7
5102
11
0
1323
830
6
2768
3922
1
21
22
2
8
828
6
0
108
335
43
189
150
420
2
8
2007
1675
34
0
3729
4
118
2666
18
9849
4286
88
2
8
2666
1
5
9868
11916
1
392
29
698
3
0
145
6
3922
2
8
570
4504
4787
19
12517
39
3095
4
13099
0
1504
4857
4
13535
19464
2
101
19
672
1
8
2666
18
9849
9
23
78
31
1675
8
1
21
327
14
0
245
6
7107
1271
3640
7
0
21968
355
184
0
1470
2305
2
15
1195
1
38
1565
37
798
1779
7
4789
9
403
160
1
176
14
0
1975
61
2744
1675
10
416
28
91
37
33482
33483
290
4
10
969
168
9
5124
2
8
1213
0
9849
49055
6
3922
1
2666
18
2050
251
4
5906
748
0
605
7
1281
6
7107
7456
1
8
21
22
2
8
657
0
9849
6
975
30
5
7107
1415
2167
26409
17565
1
2666
30
67
85
1548
14
20
26032
2
822
2666
53
137
323
7
5
8546
1906
1310
7
49056
1
1010
51
10
8660
17
1975
5
723
6
337
11
822
636
38
10
11619
7
5102
11
0
1323
830
6
2768
3922
1
327
570
4504
8
2666
10
91
3825
31
5
211
1
4
289
0
245
6
240
6745
240
7456
9
697
23
1292
3
375
18
9849
18
2998
9
148
623
5
211
38
34
40
23440
2
8
8
2666
18
1489
2167
860
3
54
6745
7
1787
1
1675
1
0
227
6
4879
4
145
6
3922
2
8
9056
28
91
37
33482
33483
290
1
570
4504
18
3425
6
1675
18
4798
240
15
49057
240
7
0
1504
4857
19631
2579
1443
33484
28
277
3338
6
0
7378
6
27
132
1
49058
851
7
943
1
1045
14
36
34
1
6110
11
0
71
1
40
168
9
5124
2
8
318
9136
672
2324
12
28
19
9190
327
14
3922
10
0
198
6
5
1269
9
1108
1
1505
5124
8232
1
31244
0
1033
4316
21
614
23
5
20917
2
570
49059
176
16
8
15
87
9
1669
10
5
1154
9
5103
172
2
581
3948
13
3
355
1675
0
1815
36
7039
2
8451
27
2666
58
29
34
194
499
6
5
804
3
812
2
8
57
18
5
7834
410
1373
6
0
3007
804
388
78
2
7618
85
91
529
7
5
4117
3
5
20917
244
1
3922
10
882
0
198
6
5
1369
1
1269
9
1108
4
1505
9756
8232
2
15
758
496
28
21355
19051
570
1901
4504
1
38
61
131
14
197
0
4028
6
406
4
384
9
0
86
9
180
8
740
82
8
6
3922
18
142
1
56
305
13
330
63
59
9
21
10
3095
20
2629
979
4
492
0
1558
9
10918
26410
7
49060
2
15
4059
33485
6
1925
683
58
2135
14
1
7
25673
0
31103
6
26411
8623
11
37
49061
142
1
3922
206
29
40
1535
28
702
2
570
4504
30
8103
0
7378
18
1504
4857
4
13535
19464
3
688
3
4678
0
2883
63
7574
18
3170
2
52
131
5
49062
6
0
4857
1415
8
33486
8
3
3845
0
7472
6
4879
1
3922
18
244
1
13
54
6
169
3571
14
29
531
3
5
7465
8655
6
7574
18
1452
2
570
4504
327
14
119
8
33486
8
13
1614
22
3
1409
20917
1
25
67
11691
817
5110
13820
62
8232
2
294
37
8232
1
4879
58
29
34
5
1506
637
2981
14
9781
59
3
419
8645
19
198
2
26
570
1901
4504
890
439
9849
10
2764
5
620
3247
26
52
131
25
10
1458
31
2666
1
5
4857
11916
1
23
5
723
6
337
11
822
636
38
10
11619
11
0
1323
830
6
2768
3922
26
9014
63
3922
8
3241
76
118
29
226
28
1675
1
21
327
26
52
8145
7107
1271
7
0
21968
355
184
0
1470
2305
26
657
0
9849
6
975
30
5
7107
1415
2167
14333
17565
1
2666
30
67
85
1548
14
20
26032


