18552
7911
87
4710
13
748
47
840
185
24
4441
201
5139
64
243
1359
122
13299
47
24
197
5
4925
144
374
131
1778
4781
5535
27
119
3007
278
2048
190
191
192
185
24
27352
5
369
1094
362
716
7096
57
169
76
334
8070
16971
34
24
200
201
20846
23
122
10310
27
842
7911
87
373
2246
515
54
83
718
8653
8457
16776
37
83
704
24
880
23
24
4474
34
24
5139
27
18552
7911
69
116
71
87
4710
13
748
47
185
24
4441
201
5139
4474
76
5535
370
908
396
330
262
331
408
144
278
13
6858
185
13775
5
1014
622
5971
1145
703
825
107
185
24
1029
57
51106
27
331
408
144
278
13
1812
5
81
705
2544
641
24
1029
57
24
36
27
331
162
237
8199
5971
718
1248
75
2938
27
408
278
144
2168
13
107
16937
185
5
221
4149
183
1308
244
2191
13
703
5
6096
237
1876
27
119
6866
2469
14
3604
511
23
24
3007
17
18
133
9
57
9
163
2974
104
290
972
331
3274
331
51107
1022
278
640
27
331
243
37
1462
2544
44
107
14
34305
987
23
24
36
34
365
5971
2933
64
358
1423
2461
13
24
3032
1050
27
2461
369
370
6110
5887
5
825
107
537
13
27352
33
256
2414
37
4879
252
13
2425
2426
27
7911
99
100
29136
91
14
346
57
947
237
36
40
87
4610
3431
33
13
54
512
246
18552
7911
7130
13
26810
24
4441
201
5139
13
5535
246
119
243
6866
5224
54
83
2831
45
107
781
445
246
119
3007
278
2048
190
4441
201
192
185
24
27352
246
8174
109
34
704
24
2107
243
2108
246
23193
262
119
1851
594
8632
4071
23
24
4441
201
69
1851
9
6784
71


