144
523
9157
2017
266
29
40
856
11
37
343
12
5
5660
79
5
132
39
18091
1194
6903
10
285
2
509
20544
1
2796
1
2224
7030
1
2064
1
1375
11685
1
1314
4
8970
11685
1
2537
1
277
1184
578
3
6935
3195
1020
1038
39
3226
20
0
5299
1419
17636
1755
1
7
12524
1
43
1175
12
417
928
2
20544
1
6
12524
1
1375
4
8970
11685
1
234
6
18092
1
4
7030
1
6
3191
1
43
277
1311
3
146
187
7
582
31
5
891
20
3191
904
372
397
1
2527
22
2
39919
16
15
146
266
29
40
856
11
146
187
39
4709
578
3
6935
3195
1020
1038
20
0
5299
1419
17636
1755
53
137
51
135
43
61
277
1122
3
503
72
2732
2677
3
0
5299
1419
17636
1755
2
1318
9189
1
2660
4172
4176
11
0
904
10969
1395
7
29585
1
22
16
8
1375
11685
1
8970
11685
4
2224
7030
4
509
20544
219
3
5299
1419
2169
12
417
928
17
0
3726
6
1298
1038
3
0
690
2
8
139
830
10
14245
3195
23
0
146
5229
1474
2989
0
5660
2
8
563
103
9
2102
106
544
38
10
1360
455
2000
2057
7
12524
306
0
2685
6
9725
1906
627
28
0
3226
6
0
528
4
1477
3
0
99
6
0
533
3
177
110
10
2621
2
4049
16
15
343
510
79
54
132
39
0
193
6
18091
1194
6903
7
12177
8
1722
6
0
5229
43
1517
2
238
10
1444
5
1442
6
4716
4904
463
1057
189
2
8
15
266
408
59
4
54
4800
20
59
240
104
33
944
2430
1
38
84
66
181
66
33
240
2
8
334
5
769
7510
1
0
5007
1477
3
5
13516
195
4
43
2930
103
31
0
3308
1375
11685
2
8
68
9189
22
0
358
10
2290
31
5
3160
7
5
2787
7
12524
63
0
193
6
18091
6903
7
12177
1
160
2
52
22
41
189
90
0
358
0
5229
43
214
1289
20
0
39920
3460
518
7
12524
1
113
5
130
1
5303
0
7225
6
8970
11685
1
2303
2802
5989
1194
6903
18
193
1
50
34
2314
0
132
90
7
12177
2
52
22
16
8
15
146
266
123
1992
3
0
5660
17
0
2834
3726
6
1298
1038
2
8
1855
530
738
8970
11685
1
2224
7030
4
509
20544
1298
1020
1038
3
3226
20
0
5660
2
8
135
1184
578
20
0
87
1683
2
8
104
610
14
17
48
3542
0
270
46
32
16262
14
0
7605
1104
128
1753
156
14245
4
6935
6183
343
4
46
29586
13517
217
1000
56
92
13
6931
530
4
13
7
0
270
1062
3
84
86
2
8
15
343
12
0
5660
7
5299
13
54
6
418
705
2689
14
29
510
357
0
264
150
18091
6903
239
2
2086
48
149
39921
4
2858
8763
43
4459
12
0
3668
4
3226
6
5
5660
7
24096
1
14731
2
11686
16
39922
4
2858
8763
43
4459
12
0
3668
4
3226
6
5
5660
7
24096
421
48
149
20545
16
3442
705
2689
29
510
357
0
264
150
18091
6903
239
203
7
13325
881
5
753
2708
9
830
493
56
5
501
102
9
116
2498
4865
339
5
5660
81
872
2
65
14265
9
83
130
13
182
1348
7
2602
17
14
358
2
674
149
64
266
43
572
7
4969
3
37
932
14745
20
5
5660
7
9723
1
4
37
1419
6084
528
7
17765
10
312
31
3849
8759
81
215
2
39923
7
29587
1
2312
1
4
39924
1
1543
1
29
61
40
2989
2
5650
16
65
14265
9
83
130
13
61
182
1348
39
5
501
102
9
116
2498
4865
339
5
5660
7
13325
81
872
26
2413
6
0
266
29
40
1311
3
146
187
7
582
26
15
146
266
34
1184
578
3
6935
3195
1020
1038
26
6937
9
2102
544
115
88
20
5660
39
942
3226
91
1175
26
3386
161
358
2290
31
3160
39
1194
6903
18
193


