258
463
464
3968
261
262
42751
264
61
2778
4824
558
268
269
262
42752
264
61
2778
4824
558
1178
2978
896
42753
2262
23
5748
9042
99
5874
818
3096
29353
515
14
522
57
1573
4727
722
122
20440
5901
445
99
1510
14
4133
30140
27
6624
111
41
42754
61
129
1001
23
14
7720
7317
438
24
348
23
6624
61
330
215
944
818
3096
25490
5
8222
13463
1668
18
24
494
515
215
2113
2114
13
1481
47
14
548
13
1264
24
18786
27
162
709
227
104
704
215
1825
971
533
1263
5
1996
316
819
215
2193
449
5
3366
133
515
14
1719
392
449
625
14
751
27
6228
6229
6230
2994
8871
262
6624
111
41
42754
2114
13
1481
47
14
522
548
13
1264
24
18786
35102
351
262
808
42754
971
533
1263
5
1996
2276
316
515
215
105
944
449
331
1031
37
837
14
1719
14
751
61
331
215
750
42755
27
251
522
57
24
1668
215
717
13
7812
99
2490
1533
1284
4650
7095
27
808
42754
330
262
331
187
37
600
1150
57
14
5995
57
61
1030
61
331
42756
15334
305
1134
3555
331
5
331
9940
707
8259
61
496
44
278
640
778
331
396
958
24
1228
5037
64
331
7090
13530
331
5
215
330
183
4063
36667
5
308
23
453
17754
117
27
808
42754
330
57
24
5113
262
331
691
1219
3083
31049
5
24
3902
9095
5113
369
663
2765
18967
27
331
1847
262
2939
278
7176
5113
449
24
2978
896
533
8284
2262
40
358
278
100
7206
13962
262
119
8632
1767
99
3102
1533
1284
4650
7095
185
727
10767
119
2262
87
449
1469
494
2033
5
1348
183
149
1163
646
288
709
6577
25242
9764
27
119
1032
3879
8151
10015
5113
449
24
25242
101
24
2262
61
1817
76
14
28747
1156
515
1380
14
42757
3189
13
13667
42758
29353
27
1295
5113
373
278
122
20440
35133
445
4389
13
3466
183
27
119
1779
3789
57
15455
87
4723
34
2987
42759
6423
61
5
9644
377
646
87
455
174
13
1018
13
2297
712
22046
27
331
1447
37
334
1190
76
129
87
4723
61
331
42754
330
27
331
9362
37
2536
87
183
778
187
37
15878
27
331
2994
262
1585
2995
24
1263
246
41
42754
971
533
8632
1263
5
1996
316
819


