258
36980
12220
261
262
17837
264
61
741
534
558
268
269
262
36981
264
61
4884
534
558
36982
262
6092
36983
149
561
34
562
104
35592
3222
943
34
17454
166
23798
7079
5
4727
7455
32
57
542
251
24440
129
510
14
9044
9
2033
730
215
149
17454
13
14
7839
36984
1783
13
107
7438
91
2276
111
99
100
561
34
562
27
6092
36983
61
5667
61
4727
7438
24
3370
5
510
525
13
334
3098
9
90
3219
1783
575
215
2977
13
614
525
76
622
43
27
35592
3222
943
944
36983
37
531
57
4325
503
650
13
3189
1348
448
57
316
622
7079
1519
3970
5
2431
129
215
149
11381
1142
133
5
9025
642
27
368
1142
13128
520
5
334
3220
522
57
24
9044
9
2033
185
54
2956
1348
358
6555
158
104
54
82
23
36985
61
10936
27
9115
36986
61
10955
61
750
24
2959
642
554
24
8632
4325
57
24
730
1348
358
8461
54
3824
27
579
330
32
57
24
508
14436
3037
149
537
104
525
1093
912
1117
5
1142
1754
867
2
36983
27
579
330
24
15238
9
2033
330
215
105
417
525
14
6933
82
2
14
3345
2439
23
744
35
506
5
1399
54
620
185
525
7917
27
1843
730
61
1519
2431
61
129
105
663
2168
14
6933
76
36983
330
926
401
105
100
28068
91
158
1145
24
1271
227
27
1307
355
2103
159
24
730
23
24
3224
926
149
401
10463
13
8041
24
7459
4325
926
105
4508
104
24
680
57
36983
27
579
2075
750
834
215
105
100
7455
5
17454
525
647
926
149
2213
61
5
215
1347
510
525
13
7839
36984
1783
119
24829
61
575
4326
6247
13
278
3219
27
36983
441
24
635
730
13
278
3219
76
14
111
655
36987
542
61
40
515
1767
99
45
100
1142
27
19829
34916
61
3239
61
330
54
6567
149
1751
57
12335
34
496
215
105
456
27
3255
10045
12521
6671
35
4386
515
36983
8739
14
4238
4031
57
36426
27
396
330
262
331
727
278
36855
525
91
8155
23
1541
1533
4238
3743
4184
76
525
61
4800
1348
926
149
449
2213
5
2214
1348
3970
1185
2431
27
331
1307
926
149
2213
723
1347
2859
7455
525
27
727
7438
525
185
190
576
61
1587
1348
926
149
101
145
27
35592
3222
943
262
3255
10045
12521
330
36983
10850
24
7079
13
36988
334
331
36989
36990
331
331
727
510
525
13
496
149
1969
64
36984
7107
575
4326
10962
2471
6346
13
278
3219
76
621
622
27
1447
723
278
36991
525
722
3219
76
4821
43
27
331
727
638
704
237
13
36988
851
36989
36990
806
723
278
334
7126
3743
2975
23
23798
7079
27
331
727
2859
11381
24
622
5284
27
727
53
6849
18
24
3207
27
331
1134
149
13
859
542
818
358
516
2597
723
818
723
44
8961
3743
10437
75
542
27
331
5322
17233
99
1515
851
5284
821
7746
3262
1187
27
331
187
37
2471
36992
13
4192
358
278
18830
1834
76
4270
562
5
515
825
35
34
405
227
27
331
36983
61
57
36993
17909
61
36985
61
438
36994
61
36995
61
3252
3253
13
190
6987
57
7466
61
1286
1185
36996
14
318
13
8831
23
3743
4184
61
166
6987
57
3743
4184
76
14
318
5
166
57
2540
334
13128
858
57
14
318
27
246
6092
36983
61
5667
61
561
34
562
104
35592
3222
943
246
13884
554
91
448
57
316
7079
361
20052
104
1271
227
246
1707
1142
3220
522
57
593
37
8205
185
36983
37
2956


