144
507
491
1215
674
3467
20
45338
3802
12
11296
488
190
65
295
43
669
20
5
1337
652
12147
17
106
362
23
3628
39
0
6350
10
432
12
0
152
3
19
897
2
203
13809
12
18165
7406
1
999
1
17
42
2015
2257
39
21
10
115
20
5
1337
652
12
470
2
7406
34
7176
19
5867
2
334
21
10
210
7
7764
1
7406
78
106
14
21
34
40
4350
2210
3
2584
0
5611
17
19
5787
7
18814
1
155
1934
2
45339
25727
16
18165
7406
1
999
1
10
432
11
14151
19
5867
7
18814
1
155
1934
119
12
0
152
3
19
220
897
15
362
756
3
163
125
19987
4
1207
0
1481
3
165
515
9
45
12
0
18107
2
203
574
69
897
19698
4
207
850
49
11
0
295
1
1441
7
5
1610
6
0
7602
2
18814
203
781
3846
975
25728
78
45340
16
8
5306
44
34
0
7276
3
165
515
4
1207
0
1481
1
45
60
43
61
1161
63
25
2
52
10
182
1348
4
7826
2
52
176
16
8
24
4276
66
76
448
25
5
361
804
2
8
30430
1012
16
15
404
130
4
19
5787
43
669
12
0
18107
31
5
1610
6
0
7602
39
11741
362
5143
25
360
0
8854
10
103
9
7406
10
404
11
14151
19
5867
4
10
91
477
340
2921
2
52
30
5
189
1020
683
2931
2289
679
4
635
173
4426
1
3195
2639
4
14600
2
7406
34
40
434
3
2047
5
5867
935
81
506
45
107
74
163
49
2
52
327
25
10
114
21
404
3
124
669
2
14111
161
14
21
11558
0
5020
114
6
5
7390
679
1146
2
26
18165
7406
1
999
1
22
6812
7
7764


