681
1077
2032
2552
209
881
216
2468
1228
3
3178
0
1083
6
0
5036
2032
2552
93
0
917
661
3
5
737
9
1464
465
17
0
5036
397
23
5
111
2704
1273
681
76
32
2515
3
79
64
1644
7
654
2
15
681
1077
1155
19
423
76
170
313
15123
1
4709
17
75
41
3
8
3465
0
9340
12
0
525
90
0
229
13
77
8
2
360
21
30
41
1846
55
5
1651
9
31
9
1651
7914
17
0
50639
2
380
5
703
3
654
21
366
92
10
37
8
34021
10933
8
197
0
7165
4
0
5036
3
402
292
524
7
6187
5047
2
52
176
14
274
1135
681
342
3
0
5036
58
1048
0
2739
6
5
200
877
11
0
3454
2
681
18
5326
10
1735
397
31
37
21107
2704
11
0
4212
2
57
738
5129
28687
18
423
152
515
1
17
2297
134
153
6
0
1651
1
17
681
17731
12
918
134
153
1
0
7165
12
591
134
153
4
0
4703
3797
12
231
134
153
2
380
5
5452
6855
1
0
998
58
177
0
5036
2953
28
79
231
6
654
18
4740
3017
7
468
3
2297
7
5679
681
58
1208
966
6
0
2934
3017
413
7
468
1
371
25
80
45
3418
11
0
423
3
313
5
1879
2
89
5
2795
3425
6
0
2704
1758
2744
681
18
1056
76
32
158
2471
2
65
111
2704
3485
681
94
3
79
918
134
153
1
50
1953
375
26673
131
76
517
0
423
17
79
64
1644
1
0
222
245
23
0
3454
9402
50640
1953
375
26673
1
6
30060
422
1
22
0
5036
29
4337
31
5
4120
1280
134
153
7
681
3017
2
52
2756
681
76
32
7243
55
7
80
45
64
3017
2
281
86
1
0
5036
58
32
1569
6
1272
0
3562
6
785
20
3067
2
8
221
13
739
558
3
2135
14
0
1083
6
0
5036
13
41
8858
3
6401
1161
681
22902
133
112
711
1
0
2961
13
0
276
1
8
22
1953
26673
2
68
2552
532
7356
31
1401
3491
14980
430
23
29542
7
3067
2
8
57
18
5
4449
6
23066
4
25997
1
8
21
22
2
8
24
893
812
66
38
18
159
3
32
1975
5
681
1880
1
121
4
2032
4817
2
57
18
41
159
3
32
1401
3491
133
41
7
5
341
82
2
8
895
87
1449
1401
3491
30
4044
3
1126
681
3
8499
7
0
770
6
5
6905
5982
52
34
845
1846
55
5
5070
17
0
5036
1
45
1141
769
6
2899
55
0
1651
9
31
9
1651
7914
3627
31
0
5036
2
8
1978
108
1995
2488
3
1651
12
0
2536
6
5
681
927
18
12995
13
49
3
88
1
8
21
22
2
5036
2496
1077
3267
50641
22
68
2552
58
32
8
128
1
128
10053
8
3
2810
55
5
737
9
1464
2522
1
50
58
1695
0
7165
28
9885
785
2
380
0
758
6
37
34021
10933
197
0
3454
4
0
5036
1
21
22
16
8
24
181
2032
2552
30
342
0
3261
3971
2
8
26
155
2704
3485
5036
12
2297
980
1
681
50642
591
980
4
4246
8149
399
980
26
14089
2744
5036
58
154
2844
55
6
4740
3017
1171
6
0
1835
26
681
58
32
93
17
79
64
1
0
222
245
23
0
7165
26
2032
2552
1828
1703
7
34022
3
13034
1401
3491
18
2659
26
8979
9
87
1449
366
5036
58
1126
681
3
8499
11
72
50643


