15574
162
0
1072
31
37
18149
1
21
239
20
0
844
6
146
5140
21597
6000
15583
19
265
9
62
86
472
15629
82
6
683
21598
2
89
15159
33
98
1262
916
7941
206
29
1671
0
3407
6
7901
1
4
960
55
19
82
90
7927
2835
6
83
512
2
15
3084
1373
6
1490
1
210
653
7
5
7398
1669
3247
10474
7
0
257
3327
1
20008
0
45462
8
17119
6
19
193
7
0
21599
21600
2
852
3
0
21599
21600
1
916
7941
10
285
31
146
5140
21597
39
91
303
162
0
1072
17
37
18149
20
0
3407
6
7901
7
21601
53
137
51
32163
46
1256
55
5
2438
6
0
2329
6
18820
6759
2122
7
2312
53
137
51
113
916
7941
13
273
3
32
3385
15
8191
1
189
1407
37
6256
32164
6
0
21601
3407
6
7901
1
332
916
7941
9674
20
37
18149
7
19
1072
23
146
5140
21597
9439
20
19
265
2
89
98
5
174
6
18403
1
38
658
0
1053
6
1318
5828
7
5
15561
195
1247
7
2432
7
190
1
33
7359
3
21602
0
189
9
2452
804
2
10555
5831
4
45463
1
761
1916
43
10902
140
0
172
11
0
3594
1
46
1256
55
37
5030
2438
6
6759
7020
20
18820
6759
2122
7
2312
1
0
2528
569
6
916
7941
18
14844
1
3
233
11
19
1053
2
916
7941
13
273
3
29
40
285
7
0
21601
1111
8
104
29
0
5140
804
210
162
0
21599
21600
133
0
944
804
13
5
410
54
1
8
22
1114
16254
1
5
8626
7
18820
6759
2
8
308
210
457
386
4
25
3181
3
1349
5
604
14
13
810
4826
2
281
850
4755
66
49
7
683
1
66
171
233
20
25
2
8
308
171
74
79
517
25
1
8
0
12500
9
83
78
0
4492
2
8
24
322
4005
7941
1671
0
3407
6
7901
2
8
281
60
325
0
1046
1053
6
37
83
130
7
19
632
1913
18
17
45464
3
19
7307
28
5
1111
3988
123
60
252
3
84
5
4511
1146
2
8
1232
3236
6
48
1787
894
6
944
683
58
29
3
586
2
8
45465
72
3058
11
0
1234
1
68
16254
46
12389
5
2438
6
0
2022
18
2329
12
426
4710
414
3329
28
19
932
14844
20
0
899
45466
2
281
711
13
1670
49
31
0
2438
1
944
9840
46
29
3
3659
3
0
1027
6
660
11
3723
3
32165
0
569
2
360
464
6
0
18820
6759
19954
2758
181
25
13
3997
44
46
325
711
6
1062
23
0
569
30
40
6994
31
533
926
77
0
82
2
15
1053
6
1318
5828
43
115
7
5
195
1247
7
2432
7
190
2
57
10
0
569
6
0
342
4821
28914
2022
113
0
2770
34
40
3385
262
19
193
7
0
3407
6
45467
7837
2
15
1053
6
1318
5828
53
137
51
43
658
7
5
15561
195
1247
7
2432
7
190
26
5993
21598
916
7941
10
285
7
21601
20
0
3407
6
7901
26
15
21599
21600
14635
146
5140
21597
15583
19
265
26
18821
98
758
0
11833
1671
4351
1111
4
239
7
83
512
26
318
1053
33
273
3
32
3385
20
18820
6759
2122
7
2312
26
32163
3
1256
55
37
5030
2438
6
0
2329
12
426


