65
5862
223
18
1102
304
13
1441
11
5
8
10689
7861
8
7
5503
39
5
1229
7158
4178
5
290
38
633
1841
799
6
888
478
32
12586
114
36
13
37
8
6775
8
2
12859
1
50
1886
2557
232
9
1709
1841
4275
1
13
11802
555
441
0
132
6
8
12366
10689
13410
127
17980
8
7
5
1228
3
2953
9
454
5
111
3889
8105
11
223
18
1102
2
11164
5766
1
835
1
601
4236
7
27
3011
5503
81
149
56
36
633
10689
947
6
888
12
27
461
946
2
15
1841
2883
16
11164
5766
1
835
1
601
4236
7
27
3011
5503
81
149
56
36
633
10689
947
6
888
12
27
461
946
7
5
2626
77
223
18
1102
15
1278
1
38
13
37
12859
8255
1
73
32
214
3884
5
3473
17
9521
1271
1458
357
27
2916
7
588
14
11472
69
944
23
16
8
581
265
11043
3
121
2
8
57
13
3591
28
607
7
0
3889
1382
458
11164
633
261
947
119
7
5503
2
6515
7
1201
4
0
321
29
3114
14
11164
30
40
204
31
27
296
3
5
10351
286
7
32824
1
50
29
40
729
31
12859
1077
50422
50423
7
1466
2
18944
559
22
14
112
11164
1654
0
2011
7
27
220
264
1
36
76
32
11538
31
49
3
64
82
7
582
4
32
289
5
1226
197
72
775
4
72
2226
1642
2
3696
27
1236
30
601
6302
2629
1325
92
3
154
2294
69
42
220
844
2
8969
607
758
14
12859
18
461
1063
10
4425
4
14
54
946
40
50424
17
1938
4
799
12
0
569
17
18777
28
0
7316
2
17486
2016
16
26640
7158
12649
26641
53
137
51
180
11
11164
3
32
8
15819
8
4
12586
3
193
39
13099
27
3
552
17
5
5788
2095
8
7204
3
1762
60
29
4425
48
12313
946
4
0
237
13
602
3
226
1
8
1039
54
827
1204
31
8
1999
9
50425
1
8
37
3069
7495
2
26640
2629
1325
7
5503
188
11164
3
32
12586
3
193
2
18944
1387
50426
5512
50427
7158
12649
26641
1
38
2299
0
3121
11
0
50428
6
50429
4
8504
6
5608
1
324
16
8
852
3
1762
18
537
1
36
7039
1711
3
639
9273
1
45
110
36
1654
13
907
194
67
85
14
2
8
96
7039
3
32
12586
3
193
4
36
392
32
15819
114
110
36
107
13
37
6775
2
8
8
96
13
109
552
1029
28
5
645
4
5788
2095
4
36
392
32
15615
4
1015
1
8
21
176
2
12859
2404
17
5
565
9522
8
31422
2659
6
0
13483
8
4
22
14
555
441
46
2074
0
8
2230
6
5
111
1
5436
3889
8105
1
39
50
1470
3356
1
3356
340
27655
4
50430
1
46
226
3
5503
307
8
3903
495
0
10689
13410
127
50431
307
8
90
3242
12
5
232
2623
16
8
1232
33959
33
33960
85
212
7614
307
8
65
5251
4
37
708
132
6
684
12
555
441
3
5999
0
2659
127
11164
29
40
3593
31
0
304
2
1315
85
1688
75
29
369
1204
0
5251
14
180
11
217
38
1930
11164
18
142
3
32
5686
2
65
479
11
2860
3663
4623
22
16
8
15
685
6
0
18944
7158
12649
26641
324
14
11164
5766
171
32
12586
3
193
76
210
27
20
645
759
6
91
11818
2
11901
16
65
12859
17938
13
10194
184
120
5
4966
20
0
2274
5474
81
215
8
15
18944
349
171
5622
20
0
128
568
31
9522
261
1271
4
6661
27
28
1702
833
1
4
2235
112
0
830
6
18798
1282
30
204
242
2
8
674
215
1
12859
696
386
8372
223
7
5376
1
38
175
3
0
1777
6
11707
12483
127
0
50432
53
1419
32382
51
2
238
6
97
1325
61
800
5217
25978
50433
1
5
2131
1036
7516
7
0
846
5982
11
2215
0
825
6
5862
19043
1
37
14236
50
21
30
602
3
4060
2
5503
13
159
162
5
894
6
24141
17
996
1102
5
1647
4473
6
1004
5577
2
33784
16
12859
13
11802
555
441
0
132
6
8
12366
10689
13410
127
17980
8
7
5
1228
3
2953
9
454
5
111
3889
8105
11
223
18
1102
11622
12
446
4178
0
7566
6
5503
18
1449
11
223
18
3882
1
50434
50435
1
6239
27
6
2788
5
126
18
5012
113
5
105
9
70
9
83
290
10
2171
1
301
3
0
864
546
1725
8482
2
15
4542
10
2171
1687
31
0
5405
6
5
5012
7
5
5277
3653
6
0
1496
1
301
3
0
106
1
50
531
3
37
1348
6
0
1400
2
3696
390
13416
33
4541
14
21
206
1927
3542
262
0
1449
18
685
50
1527
3
3298
0
2840
3
0
117
4
10629
14
21
58
8
100
2190
127
0
5405
43
735
8
301
3
8482
2
8
1722
347
320
1
95
142
574
69
5
4104
2
249
24
3773
95
263
1
38
4624
259
26543
1
7
0
844
3657
4
12
418
2646
3657
6
48
19967
9
83
5405
1
24
29
118
54
2080
1
3
1530
1
8
0
244
6
0
583
78
0
864
546
5644
2
8
15
126
18
5012
13
170
661
480
110
510
3
95
263
1
8
21
176
1
19
1836
26642
17
7385
2
26
11164
5766
1
835
1
633
1841
628
6
888
12
27
461
946
26
14816
17
8
95
265
11043
3
121
8
1458
7
9521
357
27
2916
26
26640
7158
931
27
8
15819
8
114
36
13
8
5788
8
26
18939
2626
304
12859
3174
8
3889
8105
11
223
18
1102
8
26
8625
2658
555
441
5
132
6
8
12366
10689
13410
127
17980
8
26
1854
1209
565
324
16
8
1232
33959
33
33960
85
212
7614
307
8


