1007
185
24
2575
1611
8442
57
49744
4410
2272
13
23424
159
34
12110
13951
61
502
149
10304
3763
542
64
14
4396
27839
916
3714
515
1438
13
1018
24
1271
6480
5
5021
1187
64
12110
30875
23
535
27
30875
149
24
35
4396
35782
13
12230
49744
5
53
37382
64
27839
2778
3714
515
10430
47
3319
1413
308
27
32810
49745
61
49744
10154
329
3608
61
330
104
14
2108
2328
515
24
3714
516
1476
24
7484
34
2154
4615
27
331
119
12778
87
2381
13
30875
61
24
15842
87
2381
13
30875
61
331
926
330
27
331
816
851
2930
149
5292
5
309
1187
123
30875
61
723
825
1028
13
9402
34
515
156
27
331
119
4368
57
4962
3469
837
22438
91
29024
64
14739
12571
47
12570
27
119
8292
515
4411
3098
1341
14
694
7125
57
1864
2737
47
39907
104
24
35
67
27
26511
57
535
778
30875
1805
49744
69
719
23
14
15863
1772
104
174
71
76
31052
57
47
13
3897
2288
61
5901
24
20440
445
10439
17754
5
3861
61
5901
159
6439
6278
5
638
1401
1187
13
49746
27
2693
278
7176
515
12110
13951
69
700
71
44
107
144
64
1021
331
2906
308
3083
13
278
174
183
641
24
1029
13
444
1022
61
331
330
8484
6188
61
334
1074
104
22016
18273
27
331
408
6586
133
57
26549
61
5
612
24475
99
2185
174
27
331
21650
8226
663
1341
21578
3104
27
331
628
149
109
34
12110
30875
23
535
61
818
628
629
45
3477
1193
3293
237
227
61
331
330
16923
5797
61
14
11241
129
149
14333
47
525
1536
5
1793
406
32421
27
331
628
696
100
435
647
47905
237
296
3431
1022
2472
27
331
30875
1805
49744
76
31052
57
47
13
3897
2288
61
5901
24
20440
445
10439
17754
5
3861
61
5901
159
6439
6278
5
638
1401
1187
13
49746
27
2186
37
13
799
778
119
9598
1547
351
87
6634
76
20040
104
24
49747
11950
2233
23
4962
61
49744
61
891
608
61
535
58
12110
30875
21754
24
7484
5580
24
257
484
7801
2079
4541
1981
778
251
10751
82
645
23
18466
23
49744
891
741
61
535
58
30875
16098
218
76
4968
31052
515
1805
49748
1427
308
4534
13301
13
7765
2788
27
569
405
718
1415
542
133
57
24
1229
61
819
11455
185
3714
49749
5
773
34
24
512
27
35785
330
9772
7472
44
384
835
12112
185
24
7484
61
502
87
449
32
9
188
24
2146
57
4772
61
6312
2906
2778
13
608
2708
69
4884
13
2431
49750
71
57
14272
149
7635
27
119
49744
10154
329
330
21026
516
5498
4983
2769
69
2978
5416
71
185
4386
27
119
29657
5
29658
14283
4929
4934
2272
515
183
516
3307
14
49751
69
49752
71
17588
57
3440
37
1741
8729
13
442
76
5016
9
3714
11608
4759
1222
4995
27
119
3714
87
3031
3763
24
7328
104
2779
2288
3763
49744
61
575
14
35782
10015
87
23
1426
64
24
8442
32724
13
23424
159
27
119
35782
4051
1520
24
5267
57
13951
87
1622
13
6823
438
49744
7141
4386
61
5
14
1169
3714
8820
87
1622
1817
76
7402
40249
27
35785
377
12110
13951
99
19619
7626
5
87
625
156
14
1169
27839
916
3714
64
183
37506
3763
24
1478
1611
7484
8442
57
49744
12110
13951
99
908
7623
17923
438
9560
2288
5
149
18755
449
13753
2313
527
527
9
7784
57
49744
23
24
1920
4615
57
2272
296
1561
132
1481
13
1790
24
1404
5097
61
1341
24
7244
24621
61
637
183
44
10328
1581
30512
5
334
2384
4031
57
11921
5930
147
23
24
632
27
4338
21480
89
49744
61
13951
87
1622
13
219
47201
5
1805
49753
23
420
7074
7144
91
545
1750
27
13951
87
24
14561
37
55
27839
916
35782
647
1372
555
1348
12110
49754
37
17923
2950
22656
2288
61
1489
13
3918
15516
61
14
35782
5589
76
1409
40257
10154
10764
27
1561
1577
1481
13
1790
24
1404
5097
61
637
183
44
10328
1581
30512
5
334
2384
4031
57
11921
5930
147
23
24
632
26103
262
251
3052
12110
2095
19461
1046
24
7635
1923
57
24
3714
18
24
1462
540
57
1267
18445
262
1134
5728
1046
834
24
3714
825
22693
64
183
17451
47201
5
49755
7074
7144
185
2414
12110
13951
6547
2950
27839
916
9754
185
202
40
130
33
13
14
27839
2778
91
24
4896
64
183
5910
13
1454
868
2
24
7485
17589
61
40241
330
27
187
87
1622
13
850
6297
49756
185
2272
2356
61
76
49757
49756
4800
91
545
4386
27
13951
87
24
1937
35782
57
24
267
14561
36
61
502
3890
218
13
24
1029
57
4824
27
35785
23
744
7635
4224
9
1284
9
19554
4184
34
24
36
61
76
374
13
2213
901
17925
5
709
1533
1284
316
8780
4396
35782
9754
27
251
4396
35782
87
5457
13
107
27839
2778
1185
702
76
17923
6819
104
306
13754
2288
27
13951
99
253
3300
91
24
7074
17589
505
237
632
27
187
99
49758
7473
61
17931
6439
6278
5
2311
3285
57
13301
23
24
17589
35801
57
49759
61
290
49760
61
5
49761
61
1489
13
125
4948
5
833
341
27
1178
23970
9
2033
49762
23
290
49760
1077
58
54
4631
6642
23
14
22737
575
1823
22446
288
2311
61
24
463
7559
1341
27
364
308
369
500
61
32
23
16936
481
5
24
622
23
16936
48253
27
4338
21480
89
49744
61
13951
87
1622
13
219
47201
5
1805
49753
23
420
7074
7144
91
545
1750
61
637
91
935
183
825
278
100
16282
13
14
27839
16
3714
15702
262
5899
17754
718
107
719
1817
24
5978
57
22511
14
49763
61
49764
185
207
58
13951
3300
218
18638
262
12110
13951
6816
47
1347
1533
4003
64
183
174
49764
69
324
71
5
87
1094
14
27839
916
3714
49765
262
251
893
22094
139
2311
7473
23
16401
5200
185
24
864
17589
7484
57
6793
481
185
207
27
8341
308
369
500
104
1252
58
24
35782
13951
3300
218
24
864
17589
35801
57
6793
49766
5
6793
9
481
49744
37
8895
369
253
722
13
4361
76
24
5355
57
2414
37
35790
32861
49767
27
5401
1284
2768
3861
5449
2241
6439
5
29354
369
1950
13
7118
2311
20440
27
119
4929
289
133
6970
7838
57
24
49744
8848
13
442
76
47908
4759
185
24
7484
57
7581
12438
308
27
618
202
61
308
7452
24
7484
37
1218
14739
57
27373
61
26549
61
7938
5
622
6492
5
6816
47
2801
49768
13014
91
24
4929
27
49769
5
406
8226
369
46081
34
1533
1873
185
2272
27
331
408
6586
133
57
27373
830
207
831
61
5
6492
1030
26549
61
49770
5
23274
278
100
1048
445
24
16956
61
331
2006
49771
61
14
1218
2077
5781
1785
61
330
27
331
4066
515
87
185
24
35782
2580
99
100
2050
1006
5
6384
27
1007
369
611
15926
449
237
3714
27
331
37001
133
57
49744
369
5896
5489
34
24
557
57
24
632
5
1218
14739
288
35228
76
12930
61
24
1741
22577
1341
27
49744
61
502
87
15160
2313
528
57
24
4744
1779
57
1747
9042
61
99
32
57
24
498
1299
9
49772
23132
23
24
1146
5
1579
1397
1071
9021
221
24577
3924
10194
57
44916
17925
27
49773
262
251
467
1046
2311
21708
19458
23
24
5355
57
24
12110
49774
185
1372
3970
61
49775
185
6793
481
49776
262
20800
369
8316
256
12110
49774
23
49777
185
24
864
17589
7484
57
6793
481
185
207
19782
262
17825
8342
24
1187
23
22511
14
49763
61
49764
58
24
35782
3300
218
185
207
246
1312
24
169
227
23
316
1267
12110
13951
99
2950
14
27839
916
3714
10015
64
183
49778
23
6772
5
1438
13
9747
24
1271
6480
49779
64
49744
37
35
17078
1805
18
493
494
495
246
13951
87
49780
76
15390
7623
17923
57
49781
2288
5
87
1622
13
107
104
306
14
12110
916
1348
183
726
362
144
905
2313
57
49744
185
4386
4896
5
89
4386
2356
246
119
5267
57
13951
87
1622
13
6823
438
49744
104
1145
916
5977
185
4386
9
14
1169
3714
8820
87
1622
1817
76
7402
40249


