38055
262
487
10802
7502
54
593
445
24
4324
5
3203
13
6517
525
484
7455
525
27
187
99
1094
953
515
215
149
361
20438
91
642
104
24
227
57
24
239
251
635
893
149
488
5
4727
7438
91
14
175
9
4031
8103
3219
5675
129
149
361
20438
91
642
27
162
14
22104
239
61
487
10802
7502
54
593
445
24
4324
5
3203
13
6517
525
27
10802
61
129
105
14
402
2079
57
3219
17233
61
149
4868
13
14
8357
38056
8975
18981
104
24
227
61
722
100
17377
64
104
1687
821
175
4031
57
4712
9
38057
27
396
750
24
3165
9
2033
893
262
1687
3672
1013
1018
1407
3242
652
628
1835
2050
13
6517
14055
484
17441
525
13
14
1687
10832
61
7084
5
38058
2326
61
5474
34
1298
146
27
397
10802
149
2104
14
562
6578
1671
61
642
13188
3957
122
3791
57
24
501
58
4710
13
4959
334
23000
2401
185
24
3219
5675
61
3091
183
149
1687
23
24
1857
38059
13
151
183
101
19112
27
5898
61
10802
149
2104
334
18981
34
12304
38060
69
38061
71
502
1506
215
825
503
107
407
2
2946
625
24
30562
5346
87
9978
515
215
709
849
6405
14
1206
27
10416
6578
104
24
6633
943
23
23205
61
14439
26070
958
10802
912
2107
239
64
1687
10832
61
7084
5
38058
5
4373
158
14
1687
4238
7749
13
24
38062
27
579
330
262
1687
999
718
45
1347
3429
24
8035
237
635
893
1393
278
4508
27
187
87
3466
2
24
13115
38063
38064
515
926
99
4508
8618
104
851
680
1221
24
3262
5453
185
525
87
38065
10802
61
2010
61
37290
185
54
593
61
64
926
2287
13
2597
14
549
23
6587
23
266
237
506
27
119
3219
5675
61
14
13047
104
6988
34945
61
3252
3253
13
595
5
7466
1517
104
334
505
956
5
6578
105
100
31153
34
341
27
119
2959
944
834
215
8268
24
893
935
441
525
13
584
76
158
61
586
215
144
1545
13
4174
27
396
510
525
13
14
17135
5
7438
525
27
396
935
441
525
13
584
13
14
12758
9935
61
575
215
7438
24
593
156
27
119
2959
944
515
10802
149
14
560
3219
5675
104
24
227
57
24
239
5
149
361
20438
91
334
5675
5360
9576
23
6587
27
8193
348
262
13728
355
104
14
12758
9935
575
24
593
149
7438
10802
105
1587
3128
14
2959
3023
10944
158
2
2050
438
7079
1519
101
1371
27
396
105
100
8315
185
14
1106
38066
58
642
288
441
13
217
89
54
6273
13
1714
2568
646
27
1307
24
4948
278
4942
13
2297
14
560
3219
5675
2
2642
156
61
334
3103
38067
15105
21098
69
38068
71
87
1502
28885
27
1295
61
23
10802
912
2107
501
61
646
149
2185
27
6117
61
125
642
2589
334
23000
38069
334
20036
15105
21098
69
38070
71
1221
89
1579
2534
3791
57
10802
61
502
87
1094
361
2072
3515
27
10021
3816
8789
14398
259
11060
330
262
1687
119
829
91
1707
6785
45
13
1367
24
1342
57
24
38070
38071
1213
24
9745
57
722
1465
13
38072
38073
13576
9
7630
37448
61
552
533
9
506
9
2033
688
2006
149
1745
91
14
3219
5675
23
16873
23
4399
61
330
262
1687
816
487
10802
149
3134
2344
821
175
4031
2346
61
183
30820
10029
34
24
642
13
377
237
2102
149
1138
13
38074
251
1707
6785
1609
330
262
1687
119
5360
57
3219
6999
23
24
356
87
14
3924
8867
5
7317
351
57
223
61
5
23
237
1313
14
3728
149
409
3029
91
24
38075
830
14
1481
57
3808
289
14764
9
15667
7807
7576
38076
831
3707
23
7729
76
4156
17255
27
1687
187
149
8346
515
24
7280
57
24
4948
288
6350
5
44
45
278
7635
24
2726
57
487
10802
27
1687
5985
24
1857
5309
87
600
24
3017
10779
69
40
71
14
1303
87
4700
1411
1857
451
5
24
700
57
24
6348
27
1687
993
10039
57
597
369
11847
5457
104
705
1679
57
24
2532
61
2
3262
5
4031
29045
61
13
2999
57
2908
5
3027
1140
38077
246
487
10802
7502
54
593
445
24
4324
5
3203
13
6517
525
246
579
5227
14
1687
10832
61
7084
5
38058
2326
61
5474
1298
146
246
119
560
3219
5675
149
149
361
20438
104
24
227
57
239


