144
975
6685
18965
3016
4
632
9
166
25561
29
116
6346
5
7579
11
792
6
247
3371
2
89
98
0
1775
423
1615
13
5707
5
410
1084
6
5991
9
7
0
745
6
6507
1
17
5265
6
792
6
88
2447
92
277
70
3
1927
0
255
47
9218
1431
2
836
5
111
2275
483
3738
180
16995
27070
22333
30
310
129
44
33
7115
42
2707
1
126
47
7573
4
2025
2052
8706
12
13822
109
2873
2
297
94
11
167
4440
1989
16
15
1775
423
1615
13
5707
5
410
1084
6
5991
7
0
745
6
6507
1
17
5265
6
792
6
88
2447
92
3
1927
0
255
18
9218
1431
12028
1289
16
65
111
2275
483
3738
180
16995
27070
22333
30
310
129
0
2524
33
7115
42
2707
1
126
18
7573
4
2025
2052
8706
12
13822
109
2873
20422
77
16
101
0
163
1
54
3484
13
562
23
8
1762
18
1136
471
8
9
114
92
33
86
169
2524
19238
9
4
25
2579
129
130
239
39
500
0
18689
18690
2462
13
100
6306
16
238
295
22
44
1008
7
6346
274
70
11
37
1187
9
7261
677
9
4
758
42
9706
13
8
423
1356
9
429
268
66
1791
8
101
0
163
1
54
3484
13
562
23
35
1762
47
1136
53991
9
114
92
33
86
169
2524
19238
9
4
25
2579
129
5
3818
239
39
21
107
0
18689
18690
2
1479
449
6128
3343
22
16
35
104
858
698
28
8069
11
834
1
598
4
158
3856
9
83
1242
3
212
2450
4
1913
70
4462
9
4
44
124
810
20700
56
44
858
34
5
333
53992
3987
1
5094
1
4
14843
8227
1
1913
1
6
53993
1
5742
1
1008
7
6346
274
70
11
37
1187
9
7261
677
9
4
758
42
9706
13
35
423
1356
9
429
268
66
35041
271
8227
1
5
1778
26452
47
3993
1634
1
22
16
35
378
102
60
202
29
156
1187
7
0
260
11789
9
45
60
165
28
22140
3
8860
35042
3213
2
35
1232
4521
82
33
98
2
104
858
614
504
80
136
630
4
60
858
696
49
146
126
2
24
474
109
98
25
47
71
3
233
39
10879
68
8227
1
5
1778
53994
1
4
19
227
33
958
3938
5
12077
1716
423
11
42
263
27035
9
38
5921
3
402
49
17
27
296
2
15
1069
29
25
16
11574
1538
1194
2567
1
5094
1
61
330
23
35043
1194
1
38
13
41
8433
3
2929
21
30
5
1660
345
142
17
19
6722
9
83
1028
1
35044
18540
16
6521
940
1
3511
1
5236
37
390
1152
1906
6
15421
90
5
166
55
7
6346
5357
10691
16
7598
19239
614
7
4113
7
1851
90
1076
3
6346
316
82
320
39
19
656
219
4773
4
19
984
1047
94
96
22
16
35
249
1618
4
1970
1412
55
3
6346
44
929
1274
410
2
135
165
99
3
42
53995
9
44
929
109
2873
2
8
104
858
698
28
8069
11
834
1
598
4
158
3856
9
83
1242
3
212
2450
4
1913
70
4462
9
4
44
124
810
20700
56
44
858
34
5
333
3016
8
6128
3343
1
288
449
35
135
183
129
3
423
504
4
189
4
1447
2696
2
135
423
4902
85
24
84
2
930
423
17
261
16995
24
659
159
3
29
3
1008
3
124
77
4837
68
8227
1
38
1861
19
2025
2052
8706
2134
2485
19
2769
1
176
16
35
57
254
141
978
112
66
929
0
5996
130
14
960
7
0
172
9
66
76
141
1160
54
18370
6
71
2
35
3470
3
121
13
0
148
5111
551
60
388
18469
2
788
66
858
213
3
423
1356
9
429
268
66
35041
139
13
521
3
29
510
810
5731
9
17
54
6
42
1341
19238
2835
39
500
0
18689
18690
20
35
1762
47
15707
53996
2
68
8227
22
16
35
249
66
177
0
4028
6
0
75
94
92
1
66
3203
459
25
47
180
8488
3514
1374
16
401
940
53
122
51
13
958
11849
35045
35046
1989
12
5
995
8
166
55
4
158
4108
49
5
666
363
5
3484
53997
16
997
91
1205
82
83
1
68
19239
2087
5
431
23
5
1344
10691
4
13
958
1051
19
677
497
2199
7
5
1137
2787
2695
832
16
3987
8227
1
5094
1
4
227
14843
1
1913
1
28
5742
1
39
5
166
55
7
6346
34973
16
27035
8227
1
263
6
3987
1
5094
1
4
14843
1
1913
1
1512
5
21902
11
27
12077
1716
423
32782
423
16
401
940
53
93
51
38
622
3
6346
39
27
1924
4
98
1995
109
5
316
70
83
318
227
176
16
35
57
254
2973
121
63
2835
2
2866
71
60
226
55
92
47
3419
698
28
70
3
70
2
35
4461
44
929
5
706
1676
85
282
1
1704
5
706
1446
2
1213
733
1
56
66
124
3
136
512
1
66
84
141
183
110
47
1136
140
0
53998
8
378
102
60
202
29
156
1187
7
0
260
11789
9
45
60
165
28
22140
3
8860
35042
3213
2
1232
4521
82
33
98
8
14843
8227
1
1913
1094
3818
7
53999
13
15838
9
83
11574
1538
1194
2567
1
61
330
23
35043
1194
1
38
10
41
8433
3
2929
21
34
5
1660
345
142
17
19
6722
9
83
1028
1
35044
2
68
2567
10
5
54
9
312
4996
7
8044
17
957
3250
7341
1
50
312
245
64
7
0
255
10627
1
90
1076
28
19
336
160
102
3
0
1615
113
21
98
2925
23337
2
52
22
16
35
6346
13
5
26353
11
16995
4
25
5403
121
114
44
80
1714
121
2
24
659
54
6
88
2
57
47
3736
26154
18540
6521
940
13
958
11849
35045
35046
1989
12
5
19923
166
55
4
158
4108
49
5
666
363
5
3484
2
3470
6
42
630
16
3987
8227
53
93
51
2065
7
1451
23
0
14905
54000
17
427
2028
120
5
7710
1007
423
7
6346
1315
7710
1007
16
3987
8227
53
93
51
2065
23
18984
1
17
5
427
2065
23
29031
7
6346
2632
1843
16
6521
940
53
528
93
51
1
3511
1
1995
17
8766
38
33
61
816
246
3363
10914
9
7261
423
2341
16
401
940
16660
1989
17
280
120
5
166
55
7
6346
54001
16
18965
3016
4
632
9
166
25561
29
116
6346
5
7579
11
247
4
83
3371
15
14526
9
83
622
28
3858
3
6346
39
27
984
6
384
82
1047
94
4
1861
36
30
202
592
99
2
836
27
9706
39
37
1187
9
7261
166
13
35
112
66
516
141
1714
25
1
25
107
141
29262
8
3526
13
11
576
100
978
129
83
66
33
9
79
1659
25
4
495
25
2
2161
141
165
102
4
29
5
4037
6
8014
1
29
5
1906
6
2348
9
25
47
194
24159
8
6521
940
1
3511
401
940
22
16
35
24
649
95
315
56
24
10
542
4
24
10
17
59
11
384
82
9
25
10
79
37
5379
24
181
7
0
267
2
249
24
756
3
517
14
10
25
2
35
24
10
323
12
1008
4
56
24
219
102
24
79
22
24
84
141
188
3
32
669
4591
2
249
24
10
669
24
202
219
55
17
0
995
1
24
202
34
33758
457
2
24
34
3
1751
3
32
3419
1162
2
35
24
10
141
5
669
211
4591
2
24
115
95
2291
14
47
459
24
1659
159
55
4
13822
2
57
47
2120
3
4308
17
1676
75
1
66
124
5
410
12494
12
142
2
2695
5527
16
18540
401
940
53
93
51
17
5
247
427
7
6346
2
527
9706
39
37
1187
9
7261
166
13
8
112
66
516
74
1714
25
1
25
107
74
1342
8
16434
784
16
54002
19238
1032
3
745
5
25130
621
7
5
1344
7
6346
378
0
1344
16
401
940
622
28
3858
3
6346
39
27
984
6
384
82
1047
94
4
1861
36
30
202
592
99
1169
86
1399
7
2381
16
3987
8227
53
1269
51
2065
7
5
54003
17
64
280
7
6346
5986
140
16
65
211
8812
12
5
8148
10355
7
6346
9
98
5
952
1008
5527
11
80
4028
35
24
1494
202
233
99
2
3526
13
11
576
100
978
129
83
66
33
9
79
1659
25
4
495
25
2
2161
141
165
102
4
29
5
4037
6
8014
1
29
5
1906
6
2348
9
25
47
194
54004
8
308
76
41
495
0
2341
60
495
323
1
99
7
0
255
2
2307
25
47
5
1211
3071
56
66
2115
49
8
7598
19239
1
1205
7598
19239
614
7
4113
7
1851
90
1076
3
6346
316
82
320
39
19
656
219
4773
4
19
984
1047
94
2
997
91
1205
82
83
1
21
2087
5
431
23
5
1344
10691
4
13
958
1051
19
677
497
2199
7
5
1137
2787
2
68
19239
469
3
226
99
3
299
105
82
320
1
45
22
16
35
24
76
141
938
0
2085
12
0
3226
274
415
1
24
76
141
938
1547
279
7
0
3035
7117
4
1337
7117
2
35
308
76
41
495
0
2341
60
495
323
1
99
7
0
255
2
24
1494
29
3
32
49
7
0
415
4
32
20
147
31
691
322
4
24
1494
32
6332
2
2307
25
47
5
1211
3071
56
66
2115
11281
26
1479
180
8
1762
18
1136
471
8
114
6
245
6
2524
19238
26
2275
483
3738
2579
129
5
130
239
39
500
18689
18690
26
1479
449
327
6507
73
8
124
810
20700
39
5
333
3016
8
26
7587
28
5742
165
3
6346
274
70
3
8
423
268
60
1791
8
26
16995
27070
22333
46
32
3579
12
2275
483
48
470
53
600
259
51
20
870
826


