5078
9847
99
6903
13269
37
4098
20
57
16858
331
1157
331
10940
515
215
87
331
2351
3233
331
9
5
7149
215
516
738
185
9
5
9
185
1330
24
2222
27
378
104
13269
37
5932
2328
23
28071
237
1680
61
808
9847
750
7814
515
9632
57
54
12140
331
278
100
8618
13219
331
9
40
4838
7002
58
13024
13
23429
1193
582
2222
3740
206
57
24
6330
27
396
3138
4098
28072
2
24
3017
8197
5546
105
2859
9632
515
215
105
100
7004
14
2330
499
652
215
149
776
14
4238
3582
27
521
159
34
522
5078
9847
99
6903
13269
37
4098
20
57
16858
331
1157
331
10940
515
215
87
331
2351
3233
331
842
808
9847
330
24
106
215
105
45
100
23
24
27154
149
652
215
149
7025
23
1747
28073
61
24
7208
215
4227
13
81
104
24
5781
6330
27
396
750
28074
262
331
1447
99
100
405
7746
5175
64
13
707
8426
27
331
1003
6213
2
24
8197
348
99
1347
11
612
3295
13
4722
405
2236
2471
1157
5
28075
5175
449
707
450
27
331
187
37
330
628
1835
2351
3233
5
515
37
1607
628
696
45
100
719
27
331
28076
6333
105
1196
24
13269
3965
149
28077
24
6755
6718
23
24
1787
6609
215
4227
13
81
23
11055
842
61
13
7218
23
24
6620
61
808
9847
10692
14
582
5575
171
215
87
185
2510
13
81
6773
27
331
408
728
185
612
880
13
2548
237
7208
61
331
215
7635
27
808
9847
663
53
3466
215
99
709
6758
57
2394
183
16523
1193
227
387
27
331
408
369
2050
13
81
4348
57
5574
23
237
5781
6330
5
628
840
821
822
13
107
1330
237
2222
45
144
89
237
5781
6330
61
40
23
704
24
6713
13
799
27
331
378
104
13269
37
5932
2328
23
28071
237
1680
61
808
9847
750
7814
515
9632
57
54
12140
331
278
100
8618
13219
331
119
13269
3965
330
215
516
45
107
9858
1193
227
387
61
5612
262
331
628
840
821
822
13
107
1330
237
2222
45
144
89
237
5781
6330
61
40
23
704
24
6713
13
799
331
3440
37
28078
1156
87
5557
13
4361
76
24
27523
57
22195
61
14
3355
13269
3865
99
3138
27
6685
1609
3534
28079
11258
24
1190
64
215
4431
28080
57
10795
515
288
101
102
123
54
6270
13
24
2222
37
1374
9
6330
2328
27
808
28079
7149
24
1857
638
45
4014
449
331
649
57
2664
1185
4474
1185
28081
331
27
331
2186
358
369
5794
449
87
515
612
5267
99
100
319
445
24
233
34
2707
14
5409
61
331
215
750
24
4413
23
28071
27
331
17293
369
1094
1751
61
13387
369
7896
61
15683
9
183
87
821
1098
13
107
719
23
3096
2788
57
237
1566
27
331
28082
2296
13
107
1163
61
610
2296
13
2391
104
24
880
610
3076
13775
652
57
612
5726
5402
27
331
2186
449
612
1229
5
28083
1124
778
993
57
1508
710
27
331
808
9847
37
5800
650
58
24
13269
2328
3203
13
107
28084
91
14
7012
9
1038
28085
57
13492
502
1802
47
23
28071
237
296
61
960
23
2696
7382
61
28086
5
7012
28087
28088
9
5519
13
331
28089
1312
7015
331
27
119
13492
61
2
28090
14520
37
8710
119
28091
61
1515
24
348
922
13269
37
2328
966
9
24
9975
20689
23
28071
61
1787
27
251
374
9
168
28085
57
5784
13492
2035
14
28092
8487
64
28089
1312
7015
28093
2
14
28094
1156
185
24
8081
28095
27
119
3553
288
23
28071
13
2645
24
582
9931
5159
57
24
8710
3500
449
14
4942
15125
129
978
13
1399
185
24
2190
3193
1541
27
119
582
1428
5159
825
4128
1650
9
47
12281
10071
28096
61
28097
28098
5
11564
23457
1221
64
758
64
3484
15932
3167
28099
27
808
9847
149
417
14
4396
11391
902
58
1319
149
784
28100
215
87
185
2073
13
81
24
1317
7208
57
1747
28073
27
119
22307
8342
61
5445
91
2222
15162
5692
28101
61
1399
808
9847
185
2149
1299
1300
206
57
3904
4987
7801
28102
185
265
1299
1300
1348
308
288
7199
76
6718
5251
27
251
3240
5575
91
3816
3849
26317
23
4824
105
1196
24
9853
44
6651
24
7208
9
575
122
3817
1837
28103
87
5519
159
27
305
24
2222
37
2328
902
61
13269
3817
2006
13006
902
7176
28074
24
2222
825
45
1503
3208
183
718
11383
445
24
28104
57
28105
5
15599
183
87
24
331
2222
57
24
6670
331
27
808
13006
61
129
2048
14
91
9
6330
23
23233
5
28106
58
28107
2
24
6668
61
330
6673
2193
13269
1545
13
996
24
9822
5
164
8329
27
842
24
2222
1393
331
4174
449
622
1022
64
758
331
5
16347
308
183
87
45
14
1206
13
24
6670
23
3023
13
278
5772
12417
27
28108
9847
61
715
57
13269
3965
5078
9847
61
2045
14
929
57
928
58
13223
28074
104
24
9975
20689
8140
23
28071
61
1787
13269
28074
2970
13
14
6270
23
24
2328
6620
206
57
5078
9847
37
5800
237
1680
28109
288
7936
91
14
5575
171
515
5078
9847
87
185
2510
13
1510
334
3817
91
2548
24
7208
57
28073
1747
23
1787
251
28110
1542
91
331
213
23414
23
13269
331
149
361
2104
133
13
273
902
9
10937
24
7099
356
57
14
331
16794
1608
331
23
14442
1376
27
331
119
1779
87
1924
24
3743
11381
57
612
14442
276
272
34
1271
9
3219
4346
61
331
24
28110
330
27
7670
288
361
331
28111
331
13
331
16136
122
16028
5744
331
5
331
1019
449
5
11909
4172
449
1271
9
3219
4346
331
27
808
13006
750
7814
262
331
1447
369
316
1022
594
308
639
449
703
9
610
1028
13
996
24
5828
5040
61
5
610
1028
13
164
8329
27
331
408
2831
4174
449
372
1022
27
842
1222
610
1028
13
444
2217
1011
1299
28112
1299
1300
57
24
9298
13
24
2424
1299
1300
1185
818
610
825
2296
13
81
26371
61
610
825
278
13
3934
1607
610
1028
372
1022
61
238
405
57
24
28113
646
369
1145
612
2222
61
5
4174
449
622
1022
64
758
27
331
378
23
24
2572
35
2356
808
9847
7176
24
6320
5567
515
358
5111
3360
28114
1030
24
9853
23
24
1428
1222
358
5910
13
9514
24
4098
116
27
808
9847
2268
1543
5199
18
54
10834
13
2382
24
13098
8112
28115
331
28116
259
27
331
331
3520
2510
358
2831
278
750
703
54
3584
61
331
215
330
27
331
408
2831
278
944
183
3133
495
27
1134
1366
37
100
1969
34
14
402
227
27
331
119
13492
61
2
28090
14520
37
8710
119
28091
61
1515
24
348
922
13269
37
2328
966
9
24
9975
20689
23
28071
61
1787
5078
9847
149
28117
237
296
64
7810
6724
5
14
2584
28118
2118
3623
3624
28119
1668
9808
37
2328
396
663
3138
24
3584
149
14640
13
2244
1671
37
8329
6918
27
331
258
9895
28120
61
331
215
330
61
28121
37
3584
149
784
331
185
24
257
1348
24
4929
99
13
10695
24
2190
8329
6918
1541
719
23
24
2079
57
24
2426
5788
27
331
396
663
1805
133
75
28122
61
24
1611
28123
515
1502
4680
185
27619
57
28124
5724
5
13409
122
28125
331
28126
27
331
331
1833
61
3537
61
3537
3555
331
9847
17845
1348
1414
1222
24
1060
149
334
3280
13
594
5561
27
331
187
37
28127
28128
3555
331
628
1020
61
610
850
12086
185
14
1551
12645
76
1508
3085
185
24
4374
57
941
586
5
10491
1022
515
1221
1222
723
5
628
638
542
61
610
1825
532
13775
1778
2132
23
821
4539
3023
27
331
5078
9847
11011
13
4772
13
5800
3699
37
1330
18817
2328
9
40
16573
2938
2057
47
13
2970
331
408
1644
278
14
28129
9
213
5387
61
331
215
359
27
331
187
37
1644
23
612
6220
61
818
157
37
1650
47
34
183
27
331
119
1017
449
703
331
87
515
610
278
100
61
57
704
24
5828
2846
61
24
594
28130
57
704
1245
28131
5
704
1245
3085
129
278
799
13
3440
27
331
569
331
1409
28132
331
57
1193
5513
331
87
3486
61
331
215
7149
61
331
3208
610
761
101
32
3802
610
728
23
1765
27
331
246
5078
9847
6903
4098
20
57
16858
10940
449
54
450
246
28133
215
149
7004
14
2330
499
13
531
23
28073
1747
246
28134
13
68
24
2222
89
237
6330
5
331
704
331
11103
28135
246
19199
650
23
1481
9
2418
6270
13
13269
37
5932
2328
246
9847
149
1899
91
54
5065
715
28108
28136
24
2328
902
246
579
6237
28074
104
24
9975
20689
8140
23
28071


