299
47
12307
13
3
35
165
51606
1
1036
1563
4377
734
209
2
15
546
14
16964
33
3
32
1115
7
3486
224
23
0
195
1462
734
25
10
13472
5
557
72
19003
7
97
105
255
8224
12373
50
46
1065
35
0
51607
6
0
952
195
2
15
111
279
46
32
8605
7
6762
2101
31
0
267
6
1668
20
0
1036
195
5385
18
6762
2179
7
2597
1
5499
265
51608
1012
20
8818
4
2446
2179
20
26805
1982
339
1554
2
6270
3124
16
299
18
16964
33
3
32
1115
7
3486
23
4377
13225
5
72
19003
2394
7
97
105
12373
7
2597
1
8818
4
1554
15
839
22
25
58
41
1014
67
1396
45
58
185
33299
4
2477
0
11879
369
92
20
0
3852
2
15
298
61
734
5
2986
7
2098
17
49
3
259
410
8224
1632
14
46
29
1168
11
2971
2098
4417
20
2597
2
15
3034
43
4957
31
751
564
292
524
4
5473
1027
7380
4959
23
5
1651
6
1697
7
299
2
89
374
0
255
2394
25
61
7383
55
14
25
10
3
1349
16964
2265
17
5
35
1237
51609
20
0
34388
2179
7
15
7202
3
185
4141
17
13297
1959
4
1521
6
4417
7
0
6653
877
2
12307
369
12953
0
670
12307
34389
1617
7
51610
1
4998
1
7
4998
7
5
1237
465
17
51611
51612
2
15
356
2134
5244
5
2098
2009
1897
45
46
61
32
3745
23
5
817
11
4377
41
3
210
80
97
12307
2098
3711
7
54
8630
21245
2
4377
22
25
300
1115
373
3
97
4639
4
14
0
12307
10
5
400
21061
6
257
6482
4
4377
1737
2
4391
257
218
15
356
3
0
7202
46
185
5244
5
2098
2009
1897
21318
11841
1
848
6
0
1103
6
2385
20
3319
9
428
3093
839
4377
1854
1
22
16
35
65
70
320
60
734
5
557
2394
6
72
2034
341
7
136
255
2098
1500
31
526
4
209
60
33
5669
37
2971
72
4516
341
1
317
282
162
3
1668
2
139
3512
0
943
3
72
51613
1261
150
51614
52
22
16
35
3063
0
81
485
82
1
8224
30
40
5
2555
1852
1216
4
0
4377
1854
30
158
2418
678
11
0
594
1831
6
0
51615
52
176
16
35
21764
2597
30
545
5
753
754
7
48
17
1246
91
15389
3
77
639
1142
140
0
172
2
8
139
2971
2394
13
400
546
11
80
136
2564
7
0
255
4
332
0
4377
1854
18
4173
3
299
23
5
2904
6762
1955
11
10879
9681
3
97
678
3
1349
16964
7
3486
1
4377
22
0
1176
8654
11
97
2733
678
11
0
8224
4
0
12637
6
111
1632
817
14
2971
2098
2026
2597
18
3337
4417
10
735
7
0
6653
877
4
0
298
10
98
2263
129
3
3822
48
2
34218
16
5473
1027
7380
6712
22
20
0
2597
3993
48
415
14
21
4957
0
2394
4
25
10
5
1651
6
1697
7
299
35
1232
6472
3149
13
3
4678
5
1237
5872
23
5
4368
2098
23
373
3
136
255
2101
23
686
1
20
0
34388
2179
7
15
7202
1
17
1743
4377
13
7
6319
2
8
68
11841
22
16
35
2597
46
987
721
8224
2098
9948
11
156
111
1012
1
1303
7
0
1061
6
1853
17
0
232
12637
4
1826
34390
50
8224
3174
4
7
2765
349
9
6
9
0
9
1467
1
2893
9
797
2098
1718
2
8
1217
23
3319
13
0
528
6
0
4377
172
1
2597
13
4
46
1065
0
102
4
0
664
6
51616
751
564
292
524
22
16
8
24
322
2671
14
4377
30
2956
3
143
199
5
1710
2394
7
0
255
2
139
7767
1697
7
257
6762
1
4286
5
2748
2986
11
0
14673
1
4
332
60
33
371
541
2651
7
28595
0
23424
5473
1027
7380
6712
1
38
13
1588
0
2597
3993
22
16
35
4377
18
9693
678
11
8224
46
1524
97
255
2127
20
2597
1
8818
4
26805
1982
1065
20
0
528
6
8224
2098
4363
2
8
15
2394
6
72
4516
341
7
2272
3
0
72
2034
341
81
70
7767
4377
18
4173
3
0
255
4
19763
1396
11
0
15097
6795
1983
1454
2491
1961
16254
22
16
8
139
753
2986
7
2394
13
2347
4
5001
11
0
3576
4
504
9
346
14673
20
2597
1
8818
4
26805
1982
2
35
15
257
195
1321
13
494
311
5
5302
6
15832
7
25932
278
11
257
6762
2
35
15
956
12554
1026
3
1751
0
4535
14
0
255
195
1321
30
3
4713
4
454
2768
0
3789
6762
3968
2
35
15
255
30
0
1168
3
32
5
6762
1216
804
112
60
34
5
394
50
10
1534
3
4222
97
10441
49
4
7155
3
337
6399
49
4
94
0
22854
15
2597
12307
3993
81
70
1115
51617
1633
4
30
4417
11
5333
16964
5
70
2
4377
12953
1795
12307
34389
1632
5
70
7
4998
2
15
111
3124
3993
13
623
3
1349
111
19866
1550
1632
6
0
12307
609
0
839
22
25
10
35
253
29555
3
161
50
1632
4
129
169
2
4377
13
2246
67
85
3510
1633
133
173
16964
4
12157
133
23
196
6
97
3289
465
3
987
3079
11
1542
26251
4
2521
4377
47
1542
1246
46
29
3289
256
6
67
85
4516
724
6
125
6
299
18
10772
3816
50
33
3
32
7633
7208
11
5230
1542
26251
2
3332
3
6696
694
1
11376
1
4956
4
2521
9
3273
8
0
2060
1769
8
9
46
32
19668
27945
94
7633
7208
21120
9
456
12689
9
5612
28
160
3
23
416
23
19428
7
5299
4
51618
1345
6
0
30814
9
119
1628
6
4564
1629
7
51619
2
26
11530
5449
5530
51620
46
32
1115
7
0
7202
3
4141
17
13297
1959
4
1521
6
4417
26
8060
0
255
2394
46
41
1014
67
1396
45
46
1231
0
11879
4439
1396


