258
463
464
3968
261
262
28277
264
61
2265
4824
1268
268
269
262
28278
264
61
2265
4824
1268
7013
57
119
28279
722
7420
123
14
3613
13
24
12779
575
3502
1045
28280
28281
149
53
369
1622
13
1532
34
1533
1284
1389
17013
185
4386
27
119
5470
57
1195
28282
649
28283
57
119
28279
3193
24
11100
7637
4463
122
3502
28284
5
6484
64
358
10481
13
2995
24
1045
27
119
3224
288
319
104
28285
11700
61
23
941
61
91
6895
4114
2153
28286
27
162
1508
1275
119
28279
2597
122
3502
4913
502
288
1129
23
24
28280
28281
522
27
10140
259
28287
87
1459
13
54
9387
5244
119
1280
61
349
237
32
57
6649
1602
61
369
1622
13
4652
1389
17013
1348
358
738
185
1560
2906
2744
520
57
119
28279
369
3866
23
24
5470
57
24717
28283
319
91
28286
23
545
1600
5
1920
1601
27
119
15040
57
24
5470
4128
308
2933
23
24
5159
349
3608
10604
24170
61
15125
8787
28288
5
10175
12265
61
5600
5
8148
3608
7878
28289
27
119
5470
61
502
87
13
107
6586
76
28290
61
99
100
7348
104
1411
1389
17013
9
6471
27
187
825
738
101
24
1653
104
28291
28292
61
23
8161
61
10396
61
64
398
57
14
4162
17623
1562
502
4128
1793
622
4348
2275
24
119
28279
27
28293
28294
28295
54
9387
37
28296
655
2465
28297
1130
14
853
28298
23
1508
821
1296
25723
28299
502
825
107
6586
23
10396
185
4386
246
11100
1413
2011
122
5241
1575
1129
23
28280
28281
522
246
28300
288
319
104
28285
11700
23
941
246
1958
369
1622
13
1532
34
1533
1284
1389
17013
1348
358
728
1596


