258
463
464
3968
261
262
4844
264
61
2779
1372
558
268
269
262
42056
264
61
2779
1372
558
251
485
99
105
334
12473
12073
76
122
18977
190
494
58
183
174
24
1563
27
6006
5
47242
39532
105
704
40
417
47
185
122
2060
5
669
5666
61
2451
61
129
149
363
1348
215
174
24
1563
23
47243
61
14841
61
23
10645
27
1295
61
589
39532
4598
24
18977
1348
926
149
133
1867
5
149
644
13
4955
515
183
149
2451
8815
13
14
14609
515
105
100
9631
13
158
27
43498
262
6006
39532
6405
76
525
18977
61
2451
61
129
99
100
1142
58
2050
500
190
494
495
1307
215
55
285
500
24
485
1399
47
331
769
331
15063
5
9025
1317
16978
331
11609
61
40
13
709
37708
27
842
935
589
39532
4598
24
485
5666
5
510
158
13
334
2655
13551
575
926
1001
13
1645
133
2826
185
54
14609
27
119
2575
9006
8803
8992
383
237
149
525
2451
61
129
926
105
4911
34
647
215
149
374
3133
2033
27
119
540
278
4534
1533
1284
316
2313
868
647
2451
8233
5
589
39532
149
503
33
23
47244
13
1772
14
2930
34
525
2255
27
579
330
262
331
1003
2343
61
2179
5
628
288
537
104
14
513
1015
13
24
1563
47242
5
628
1910
23
1348
2451
285
500
27
12216
156
778
589
39532
1520
926
87
2358
13
157
2451
133
57
24
1563
23
501
215
3890
868
156
331
816
183
149
1013
34
24
20673
707
2343
61
2179
5
628
288
537
104
61
610
516
1013
278
100
1145
646
27
331
1307
610
1850
237
18977
185
14
4515
922
14
1563
628
149
409
47245
1299
1300
4149
183
149
2451
27
331
396
149
14
1842
47246
40
650
1594
18
13
846
5
1718
13
54
3584
27
331
408
285
5
2325
13
24
111
129
1910
646
5
215
750
846
215
105
100
3066
2451
34
449
316
5
14
170
494
27
331
628
2357
18
24
5375
13
278
158
33
27
408
17066
14
2347
617
1348
24
14609
4090
3366
27
331
589
39532
61
14
27335
61
1520
926
912
818
108
13
278
2451
61
1094
2584
61
33
515
926
912
2358
13
157
158
133
57
24
1563
27
579
359
262
331
628
149
1089
13
56
76
515
628
105
1347
799
1853
158
27
331
408
105
600
100
174
22872
496
105
640
13
158
27
1877
723
696
100
423
262
6006
5
47242
39532
278
4534
1563
5
105
4059
647
24
15508
9
2033
18977
285
500
23
10645
331
1307
215
285
500
610
638
704
24
19554
1022
1030
2050
133
537
34
158
61
866
9250
5
4917
16978
61
40
646
149
455
27
331
2451
105
600
100
2471
14
10144
18977
27
1307
610
1910
23
47244
215
516
1502
738
159
13
24
1317
3876
575
358
516
3076
158
27
331
419
183
912
709
2021
215
1142
1463
13
2391
58
158
23
24
27830
494
27
331
251
1842
99
4073
23
24
13445
647
2451
734
23
10645
27
28059
808
39532
61
13449
61
5
589
39532
1094
278
145
751
2033
4059
61
29356
5
47247
27
691
253
105
316
622
6061
5
316
1549
61
502
2451
99
100
45529
13
58
361
1142
35
2272
27
47248
262
2451
149
1324
1348
589
39532
3881
54
14609
8992
396
87
986
758
5
2590
54
6732
13787
61
40
99
1013
2011
122
582
18977
5
1762
61
589
39532
330
27
579
359
262
331
2451
1130
2471
6841
5
87
4610
3431
33
89
562
109
27
331
408
278
1013
157
158
133
156
818
420
27
408
825
2075
61
40
628
1018
1013
639
1348
628
4997
107
3991
1487
27
331
396
912
2168
24
47249
57
334
508
18977
1094
5
723
718
3204
215
912
624
47
89
334
508
627
27
331
396
912
18694
33
23
5
1308
1013
3083
401
32417
91
24
272
27
331
246
2451
285
500
23
10645
58
1775
82
246
6006
5
47242
39532
105
417
47
1713
34
5666


