258
22661
7336
871
129
278
26434
26637
13
444
3945
57
8652
6278
369
1533
5562
13
2245
25826
1221
652
358
847
1013
1994
8023
27
119
322
61
502
1001
91
12185
1687
38323
7406
23
24
855
61
15883
445
24
14633
1391
13
24
8491
1348
610
1994
502
221
703
2245
108
27
187
1506
24
322
1099
24814
24762
22078
61
1489
13
3150
1956
10435
2617
6092
4961
27
19079
24246
262
26434
322
1001
91
12185
331
16865
331
7406
23
24
855
69
394
467
71
26434
87
32
57
24
594
965
7156
1129
34
310
5
23884
14490
61
349
24
8938
57
12365
6278
5
29603
91
1551
26637
27
13784
1319
91
2617
4961
2057
515
371
34745
6278
174
308
1634
1511
25826
27
7860
358
44
45
34745
2537
61
122
3290
2474
27
742
2107
1344
132
104
666
2282
129
105
26434
26629
34
34745
6278
1185
38324
2769
61
1185
12365
26628
27
691
288
1414
13
1306
38325
61
15137
25806
57
22078
1411
316
5
1413
3133
147
27
871
129
105
122
38324
2769
279
242
1145
2213
4982
13
334
3940
57
374
91
2282
129
105
122
34745
6278
279
1221
1533
1284
1851
1299
1300
5138
27
2617
4961
330
262
1687
119
19156
610
221
185
612
2881
1476
24
20071
610
2245
27
408
1994
652
610
369
108
40
6482
663
4063
703
108
27
1687
26067
76
7156
1030
26434
20356
24
8518
2
361
644
13
221
14
3396
11120
27
1687
1312
5127
61
372
279
34
34745
6278
76
26434
369
45
644
13
34745
64
14999
27
1134
38326
24
5854
358
516
6068
444
2
122
855
5
358
2245
1511
38327
1447
87
405
4121
515
308
129
278
122
38328
279
1510
1533
11561
652
358
718
709
849
4568
122
11428
23
2021
5
32890
61
215
359
27
2617
4961
6993
321
1319
13
442
308
76
38329
38330
15803
129
278
9892
11149
57
28320
27
258
2590
26629
13
4030
24
12365
11120
57
28320
1221
24
38331
57
24
5095
1221
215
4227
13
24020
24
8518
912
11149
61
5
10664
122
25806
27
2617
4961
359
515
405
2282
2290
107
226
445
5664
122
8652
6278
3204
122
2534
679
27
1687
691
2831
107
15196
13
3320
24
20071
358
8431
5
4199
24
8652
6278
1221
358
369
646
34
14
38332
215
330
27
10385
38333
61
14
1685
23884
8628
5
14
7160
416
57
24
1611
3111
57
38334
27776
11598
61
330
215
99
719
2617
4961
912
1319
23
2175
27
2906
57
54
223
8171
17682
12365
11732
13
342
58
14
4751
1185
13077
27
396
330
262
1687
23111
308
13
1994
1533
99
14
23103
1426
185
3290
27
1687
1307
628
278
14359
185
1463
76
12365
15647
628
1018
850
334
29970
57
3290
61
811
652
358
2245
226
449
122
2504
40
2276
841
1426
87
2
24
18671
2532
502
10595
542
13
1994
1533
38335
246
26434
322
1001
91
12185
331
16865
331
7406
23
24
855
246
38336
445
14633
1391
13
8491
1348
610
1994
502
221
703
2245
108
246
3150
1956
10435
1520
183
1099
24814
24762
22078


