691
728
365
12832
76
334
22609
24445
8277
57
4008
5
14
6481
53961
20944
61
818
183
37
709
12474
308
1019
237
53962
5
11418
3104
15264
20783
47582
369
7445
57
14
28421
27
119
2758
9110
34
24
2930
7296
1802
3484
3022
149
4598
91
1992
4114
21724
53963
64
183
19163
185
14
6402
23
14
2083
23
1605
6414
27
119
12758
61
502
87
14
53964
19360
61
149
1166
13
2697
94
3629
8815
13
1579
1151
10064
57
28419
61
502
837
4123
53965
9
1030
27
53966
57
14
28421
262
119
4293
53964
19360
12515
14
2642
9128
13
24
3607
3104
15264
8815
13
1579
53961
1009
5
24445
219
28419
119
1869
2528
262
47582
37
53967
10603
10064
99
1510
14
2024
2457
57
24
11418
37
2504
185
24
2572
4203
57
24
53968
842
183
149
244
641
147
515
24
4114
3832
515
3581
537
12758
18015
525
57
14
1629
855
27
119
3300
33
4255
57
1579
28419
87
837
15737
13
20783
47582
37
53969
25680
53970
27
119
20553
9
2033
3022
57
24
2572
53968
61
129
87
330
13
107
1586
2947
14837
61
87
1969
34
3108
13
6096
334
1347
4126
185
54
219
91
33
9
8319
54
25781
4008
61
1502
76
7532
838
27
999
57
53971
594
25980
4008
9
5812
4071
650
1348
215
4828
24
10021
50085
13
10695
6993
13
1199
14
15500
2510
185
24
22571
57
4961
27
251
7463
57
24
6997
2327
2158
149
24
8021
37
1993
2051
13
151
54
4008
101
1123
23
24
29973
7485
17923
27
25154
61
47582
37
53962
20933
1308
244
278
13
5336
449
1579
35364
361
17458
91
1155
7402
5097
27
119
53964
19360
87
14
965
3532
57
5666
502
87
2072
34
1579
729
4215
64
758
64
1579
19907
16220
27
12362
5812
262
47582
87
1969
34
3108
13
6096
334
1347
4126
57
4008
185
54
219
27
742
25781
10064
4000
75
17923
57
6785
1348
215
4934
24
5342
57
14
15500
2510
646
23
2336
61
702
27
246
119
53964
19360
149
4598
91
1992
4114
21724
53963
246
579
4113
24
12758
1461
185
14
6402
23
1605
6414
246
119
24445
16220
4063
183
14
23753
9110
34
15264
47582


