258
487
9197
261
262
57264
264
61
2195
1372
558
268
269
262
44601
264
61
2195
1372
558
1707
369
1552
14
2944
35839
129
164
24
20351
185
14
3045
111
37
9765
30084
27
9760
13943
61
2842
61
129
5145
54
33
23
14
738
9
53688
1757
23
427
61
149
1089
13
2683
24
12595
5020
185
54
27773
1576
105
100
10420
9
933
54
451
5
515
57
622
9249
104
4031
27
808
13943
61
129
99
997
3373
9765
61
330
215
99
1195
100
24211
91
28852
9887
54
57265
545
104
2356
5
4789
24
1271
2086
369
13
4923
27
57266
262
9760
13943
185
54
9765
30084
502
105
1579
12595
6278
164
91
53643
808
13943
57
57267
61
1787
61
3138
24
2107
315
105
174
158
1634
8364
4703
27
396
330
262
331
628
285
13
1153
707
30084
1348
628
3832
24
12595
6278
105
100
164
27
628
996
707
30084
922
707
918
1116
40
24
1116
13
444
89
24
1071
87
600
7298
27
13006
262
119
12595
7371
185
808
13943
37
30084
149
12895
164
91
53643
16087
262
808
13943
5145
54
33
23
14
738
9
53688
1757
23
427
27
396
99
100
24211
91
28852
9887
54
57265
104
2356
5
4789
24
1271
2086
369
4723
34
12900
76
54
20351
119
648
515
1214
516
164
24
12595
6278
185
707
30084
23
3023
13
384
846
1189
9922
4063
846
2245
4703
27
1787
1707
377
358
369
2335
24
315
502
640
185
3354
27
246
9760
13943
61
2842
61
5145
54
33
23
14
738
9
53688
1757
23
10645


