3790
262
1543
5199
5
54
715
7910
278
4312
14
513
104
14
5249
57
327
2501
14
4539
584
2
10806
6423
34
122
1093
6382
1543
5199
87
13
1510
24
55
6755
6282
3954
13
3307
14
318
13
14
1779
275
276
58
11344
14
513
104
14
5249
57
327
2501
14
4539
584
2
10806
6423
27
119
3463
5856
99
100
14388
14389
104
14
941
482
625
14
632
61
1502
185
14
14390
296
61
34
1793
494
27
1585
215
5
715
7910
278
2114
13
3307
1093
6382
61
2978
61
13
24
7170
14391
7628
61
14
14392
276
23
8197
61
2
891
27
187
87
14
835
217
2
2849
34
14
3816
3965
1221
5
34
24
14393
4456
61
417
515
24
3463
5856
149
14119
14388
104
14394
5
54
715
104
14395
733
27
7170
14391
7628
87
648
13
278
100
24
485
912
169
3532
34
6382
61
58
2276
482
276
23
1202
941
27
4540
919
57
4606
57
448
61
24
14393
944
237
632
2
122
125
7587
502
57
1793
13206
105
100
2046
27
251
485
549
99
3283
515
358
278
1094
4312
14
513
104
7170
14391
7628
1221
14
3532
502
825
107
719
64
334
14396
57
808
5199
912
4372
515
215
825
373
107
23
6439
147
237
506
61
417
1579
8366
13
5868
1815
27
119
276
87
11090
9756
91
4747
8455
14397
5
87
32
57
24
594
1642
9
58
1779
1376
23
24
351
61
76
374
13206
34
705
513
27
3816
8789
14398
6092
14399
1391
54
1093
14400
646
35
506
61
1348
215
149
3790
6628
27
14401
970
23
14402
912
812
13
24
512
1779
1376
61
1579
1937
9
14403
1542
5787
1299
1300
251
3685
13
4738
251
9
1191
11966
35
506
27
1427
285
185
13
14404
5
622
8757
3738
27
293
159
34
522
119
276
87
14405
12079
61
76
503
1145
14
188
57
1579
429
361
669
27
187
663
10544
1981
185
361
14
5538
14406
13624
61
76
272
2
7160
14407
14408
76
372
57
6666
9
415
7158
27
14409
14410
14411
3428
185
1397
12845
61
76
429
7918
23
14412
1222
358
9500
14413
61
369
14414
1185
1347
14415
104
24
5969
123
14416
27
691
369
3778
2
2590
14412
227
13
1018
14417
61
2053
361
1622
13
1869
334
1687
14418
14419
27
119
276
912
2805
4316
14420
87
259
4961
61
349
1579
3421
941
4813
2077
804
2968
27
187
3577
7079
1519
2978
13
2195
5
634
503
23
24
1937
163
61
76
14421
2999
1983
34
237
506
912
5764
27
251
2488
57
14422
369
14423
34
7079
2
5743
482
775
61
14424
76
1848
34
104
306
2424
3133
57
24
506
34
24
3240
360
494
27
251
321
2431
738
13
429
76
334
14425
34
14426
61
76
6825
2999
298
185
334
3098
12645
61
76
12102
417
13
372
2797
1317
5
6426
1687
14427
1376
27
2362
3532
262
119
276
87
11090
9756
91
14397
5
87
32
57
24
594
1642
9
58
1779
1376
23
24
351
61
76
374
13206
34
705
513
119
276
149
7049
185
290
4586
912
7314
23
14428
13
14429
103
634
5
7079
818
358
44
107
1687
8163
11638
61
10048
1061
5
8294
14430
27
4338
14
2758
2079
502
3866
14
596
23
14431
5
14
14432
75
24
1687
14433
14434
23
14435
61
183
497
14
14436
257
276
23
14437
27
187
87
45
3466
185
496
12645
6382
99
100
3818
61
40
808
5199
87
1722
13
278
100
3886
1551
1409
6252
13
14438
104
14
941
482
34
1793
494
27
396
5
54
485
8838
2934
185
14
2414
61
40
1533
1502
215
2320
133
398
57
54
7850
185
14
14390
296
13
14438
2574
61
486
377
27
119
14393
663
9719
13
14439
13576
293
61
14
5249
2501
23
14440
61
1202
941
61
502
87
11090
1687
14441
61
40
369
45
648
13
278
100
2977
14
513
646
27
119
3463
5856
1391
54
272
13
14
5249
1779
14442
276
23
10768
61
502
663
3365
594
57
1579
2999
34
775
129
369
1551
14443
27
10758
4781
278
23
24
139
3102
10709
34
3223
122
272
13
175
9
1756
14444
1376
61
1155
64
24
1397
292
941
14445
23
1202
941
1975
91
3955
3956
5
6607
6608
34
122
272
27
246
1543
5199
7275
513
104
14
14392
2501
34
1093
6382
61
2978
246
2819
891
61
926
825
107
14
302
104
7170
14391
7628
23
8197
246
396
37
24
55
6755
6611
13
3307
14
318
13
14
1779
275
276
246
4540
622
448
61
24
14393
944
237
632
2
122
125
7587


