816
723
2245
1030
723
3531
1533
227
104
24
1709
621
506
61
515
87
652
723
1018
27
1611
90
7967
4508
2384
11406
185
15843
35
2157
5
775
2267
13
2159
23
1561
5227
24
6751
6314
9
39
27
119
346
57
28641
15843
89
5
133
57
4396
1428
36997
515
288
185
227
19477
2
4626
1299
1300
23
2157
1268
13
5787
1299
1300
23
2157
267
61
1489
13
582
5737
2
24
12054
8847
3909
69
36998
71
27
21663
4508
1533
11406
5
849
24264
35
2157
1284
24
10636
506
1659
30396
663
906
34
4011
15843
61
2555
2
895
1299
1300
185
227
23
2157
1268
13
144
4653
1299
1300
35
506
27
119
6918
4157
11072
2
890
1428
36997
9
13708
61
34607
61
18978
61
36999
61
941
932
61
2425
61
3272
61
2974
61
23205
5
16873
9
123
24
2157
1272
2
1078
13
891
27
397
758
64
24
21313
61
24
675
57
24
11406
369
663
3431
849
27
2281
28641
5
4011
15843
4508
11406
1489
13
24
12054
8847
3909
5737
119
3940
11661
13
28641
15843
149
2195
146
23
267
4982
76
2584
146
23
2157
267
27
24128
11406
13
4011
15843
472
2
2213
146
23
2157
1268
13
3970
146
35
2157
27
1447
149
14
28661
1299
1300
5547
23
24
346
57
4011
15843
20438
23
2157
267
4982
76
24
3240
2157
61
655
24
346
57
4011
15843
20438
472
37000
1299
1300
23
2157
267
27
37001
13
2159
4508
24
594
11406
61
76
334
3940
848
57
37002
146
3520
24
14746
4653
4011
5396
18044
61
37003
23
16361
1231
24
498
185
9
227
3368
61
76
37004
1299
1300
61
5
24
17108
3940
11661
61
57
21402
146
27
37001
13
5
2
15394
23
6783
6599
24
17108
185
9
227
3368
61
76
37005
1299
1300
27
37001
13
5
2
2159
6599
24
498
3940
11661
61
57
37002
146
27
246
1659
30396
130
34
365
28641
5
4011
15843
23
267
246
21663
5227
24
6751
37006
185
15843
13
1561
246
12054
8847
3909
5737
132
104
890
3604
1428
36997


