521
159
34
522
49715
278
11004
22745
34
122
2534
22546
1779
23
14
1687
12646
185
9299
2
6783
27
45517
91
6785
912
43996
7143
61
21454
1299
1300
57
24
8895
57
24
36247
1032
5
1579
453
351
61
9326
13
217
868
2
6783
23
334
6149
26375
27
119
2155
1687
27909
49716
516
2581
24
360
5720
6721
57
24
49717
6605
5
44
147
14558
13
2581
3465
57
49718
61
49719
5
49720
9
49721
11448
27
17825
57
15987
278
11004
21454
1299
1300
13
996
6783
5
1510
334
3103
1779
23
3153
104
175
6667
49722
185
24
11457
23
3023
13
21328
47
24
103
5
2102
23615
49723
527
119
21013
1032
99
503
100
398
57
6783
34
2845
494
27
119
20530
506
1221
2033
6335
49724
27909
9489
49721
61
149
41444
91
48420
5
149
49725
89
6783
23
49726
27
44518
49715
61
101
11998
11460
102
23
24
5859
11459
61
278
17073
23
122
4606
61
58
5726
7135
57
14275
6783
912
103
5
2102
23615
49723
527
61
218
175
6674
27
29328
278
100
1950
2673
76
24
26307
185
122
6206
49727
61
1347
1951
13
6785
2065
49728
5
49729
19023
13
1550
398
23
19030
9299
7821
27
7748
377
515
24
9123
4929
18789
1145
5787
2843
6872
621
506
23
6591
2
15987
9
405
6324
2843
6872
1511
1284
183
232
33
23
8940
5
412
27
47391
330
515
49730
61
5742
1299
1300
61
57
372
12005
13
1550
398
11004
23
24
5575
61
502
87
45
6016
91
24
9123
4929
27
119
26375
663
7360
14
7165
57
493
129
409
4557
9299
2
6783
27
15987
1099
1094
56
22239
6667
2
9123
27
20300
7039
278
319
16160
2
24
26307
5
278
4828
4098
7821
23
6785
1817
76
49728
5
49729
19023
38073
17871
49731
61
3770
57
5828
2079
104
24
1956
57
49732
23
49733
61
7485
6783
61
330
183
149
1687
175
6726
34
15987
13
1510
334
9642
1779
625
156
27
1687
1477
2079
604
43418
1981
61
610
369
1094
14129
14
168
4699
57
853
14715
61
1478
5
23952
2846
61
644
13
9670
94
621
622
23
24
1362
19101
1687
119
49734
308
13595
515
610
369
14
5580
69
29518
57
71
5244
9
11685
5
6346
49735
61
5
24
6922
1146
87
3031
1795
49736
9
14
841
49736
9
575
125
5813
39296
76
1362
49737
3989
57
24
49717
6605
61
16577
49738
61
57
24
43996
5789
201
2222
61
330
515
49715
105
769
18253
693
23
24
11459
5
288
46109
49739
34
1292
262
1687
119
825
34
49740
87
5726
1541
5863
27
331
408
369
503
104
24
9525
38708
57
24
4709
9
40
49741
369
3132
57
25990
5
610
369
1094
3088
27
15987
718
1094
49742
119
360
9
257
5575
650
23
24
1271
632
515
44018
8895
7458
23
14
49118
9298
13
996
6260
5
1510
398
57
6254
27
246
44518
8895
369
25354
175
6667
502
2002
23123
527
246
15987
232
6324
2843
6872
1511
23
23931
1284
183
1213
23
6667
1299
506
246
49743
21454
1299
1300
3308
11004
13
217
868
2
6783
246
29328
278
100
1950
76
26307
5
731
7821
23
6785


