334
5
1818
6
5
22294
1980
2141
3520
374
5
710
492
37
478
6132
1
5
167
30
1172
1045
110
228
510
14
132
2
6672
1645
2571
3068
34
207
49
19
710
373
3
0
34893
577
727
7
257
5398
1
2225
1
7
1388
6
14031
125
6
0
10509
913
142
3011
3
0
329
2
89
21
10
74
3863
48
1787
5991
558
65
1818
6
5
22294
1980
3782
208
3
5
710
7
257
5398
1
2225
30
800
698
4229
836
1
111
1222
30
1172
1045
1939
110
531
3
14
1926
1818
15
1980
16147
77
3
0
710
21512
3
177
110
0
15571
10
80
63
1
90
3851
430
49
4
350
20
0
15318
4
7259
2
5815
1
21
210
19
16747
49
4
10221
27012
12
0
11557
9
1298
0
710
3
34894
9349
2
15
1980
923
21624
184
7
2583
4
3422
99
94
0
1276
4
103
6
0
538
2
4421
2608
1645
2571
3068
34
207
49
19
21512
7
1388
6
14031
418
4846
89
0
1980
34
108
678
4
969
1477
2391
3
0
710
2
2571
1
16064
1
34
216
710
1309
3
585
25
8
24
207
49
95
710
3
124
5
783
6
59
357
0
152
1
45
24
171
183
419
85
3
4276
110
5
1980
18
159
3
84
1
8
3068
78
15
8890
1623
2225
7
37
772
2
8
590
0
4505
71
1
21
3168
0
1555
4
15318
4
17
19
425
1
189
9
16827
16747
1
10221
27012
12
0
11557
2
8
334
0
7374
1
0
1980
8
17619
4
219
99
3
5063
2
8
15
1980
4827
0
710
11
418
1578
1
90
3851
94
12
0
11557
9
4
1298
0
710
3
34894
9349
15
684
34270
0
1980
4
21
21624
103
4
99
69
0
4159
5318
3068
473
5550
71
7
0
34893
577
727
329
1
21
490
14
21
981
202
2040
37
770
109
48
90
2
11457
1
21
1305
19
4808
11
108
2608
6701
17
8890
1623
26684
8
27013
1980
4192
2
6040
5
1161
2195
2
4570
212
604
4
356
455
2
8
26
6672
1645
2571
3068
10
55
350
3
1818
4846
26
334
29929
15422
19
21512
1
5
22294
1980
1200
430
49
26
15
787
6
0
1980
1433
3520
7624
492
4229
6132


