65
1411
130
30
239
39
21
6730
49
0
286
5802
21
10
12
56
21
756
3
3091
5
3473
119
3435
520
7
5
232
9
906
3002
5194
2
7306
13181
1
2450
10
210
549
0
21653
5194
20
0
25846
1188
18
855
7
25846
403
7
884
9
2434
1044
18
18851
4595
3
185
5
251
3988
12632
67
923
2
57
13
273
14
119
0
3494
6
0
5194
43
1619
1
21
408
0
1683
3
4683
5
2319
3473
1
10535
1734
14
5078
58
177
59
2
15
1053
6
0
232
9
906
21653
3002
5194
1
50
10
2416
56
7306
13181
756
3
3091
5
3473
119
1931
520
549
57
13
273
0
3473
207
514
3
0
1266
11041
1
50
923
574
69
37
25847
56
25
4929
17
0
3002
2411
3131
549
0
501
5194
89
25
13
521
14
0
3473
123
207
514
3
0
1266
11041
1
50
923
574
69
37
25847
56
25
4929
17
0
3002
2411
3131
549
0
501
5194
2
57
601
37
2506
50
2416
0
5194
4
285
68
13181
7
0
11618
2
1430
4
715
1638
386
17
21622
38
4254
0
2506
22
14
0
130
18
265
34
40
1274
20153
4
14
44
115
5
11036
7163
1
50
44
521
601
0
2506
2
89
68
13181
18
117
33
98
4219
3
183
459
19
7163
10
74
204
184
2
3077
6992
45853
45854
15
420
130
18
198
1
137
1
13
98
4219
3
183
459
0
286
107
74
154
19
244
18
7163
184
68
13181
18
198
22
16
8
581
244
18
1030
265
10
17824
1
21
592
79
109
5
16011
6206
2
8
57
10
0
1476
551
24
29
388
214
4
10
1584
12415
2
8
15
286
30
490
2267
7
41
1869
97
1888
14
3884
62
317
5
7163
69
0
5194
76
32
1116
4
33
7
4814
17
19
117
77
2677
2
68
13181
10
3435
520
20
0
25846
1188
18
855
1
137
1
7
18851
4595
11
5
251
3988
855
479
16553
32313
22
16
8
68
7306
34
369
6833
54
520
50
34
614
168
2
8
104
6376
21
34
1131
756
14
120
0
200
520
21
58
688
3
10215
5
3473
113
21
76
74
32
214
1
23
3884
7
0
286
10
41
867
2
8
14863
7
5
21653
3002
5194
13
521
3
185
0
8785
6
3276
31
1408
0
925
777
4887
3
1256
67
3002
50
3158
49
0
8785
1087
2
26
7306
13181
10
210
549
0
5194
3
1860
5
251
3988
67
923
26
657
807
43
184
21
2755
1683
3
3091
5
3473
26
318
1266
11041
123
780
514
50
923
574
69
37
25847
26
32314
2411
3131
123
601
37
2506
1
1003
0
45855
9
83
26
318
117
33
4219
3
183
459
286
107
74
154
184
19
7163


