15
2531
9753
3370
30
348
0
6788
3
1207
1798
24898
6242
7031
3
326
7
2357
5079
90
19
178
9
70
1275
3899
7
460
208
70
2
50619
479
50620
29269
22
12
470
14
0
5079
1103
539
0
1087
3
32
2024
8
647
0
208
64
187
8
4
7031
76
6779
120
0
87
9
1108
236
14
1565
268
417
1668
2
6242
7031
18
178
9
70
1275
11
1167
9
8683
120
5
4809
127
246
46
267
7
522
208
70
438
1222
1045
6242
7031
7391
5
100
9
873
120
4809
525
20
1302
18
7
50621
7031
1
14135
12748
4
6242
15099
43
1438
11
5
2494
6
178
82
7
468
11
7391
6695
100
9
6469
120
5
4809
20
1302
18
2
7812
12748
4
15099
1
7031
107
74
1423
127
0
1275
4
61
5825
5278
2
852
3
0
6788
50622
9
6926
5144
1
5
1438
561
76
32
1407
3
4017
7
2357
5079
90
19
1275
3899
112
21
30
958
6931
6938
2
26
6242
7031
10
1438
11
7391
6695
100
9
6469
120
5
4809
525
20
1302
18
26
895
2531
335
14135
12748
4
6242
15099
61
489
178
70
7079
7
468
26
7031
107
74
1423
127
0
1275
4
61
5825
5278


