8861
330
202
515
14
7152
7437
11468
23
24
683
57
5783
403
23
14
11035
1032
11612
1663
24
2321
61
3886
24
6915
919
57
4606
57
13813
14
751
133
57
1579
21640
2
2540
52668
52669
13
3870
24
4744
10393
4939
27
119
7186
16212
24
52670
467
1521
57
24
1123
515
87
30319
91
11382
18
14
11275
35154
57
4745
37
2696
15830
23
35316
1779
27
119
52671
52672
22214
37
1005
18538
76
125
948
23
52673
650
13
14
219
10831
2265
1348
24
6915
1599
1032
642
13
8832
9160
403
61
129
288
935
1802
18
13
24
7152
7437
27
1877
935
61
22194
4948
278
100
745
34
24
403
61
4769
185
91
7185
8600
26189
515
3866
24
18623
57
52673
37
1032
6620
91
12084
202
27
618
24
1876
262
6897
8457
6856
52674
5
54
715
3379
6787
52675
5166
52676
285
185
24
52677
256
24
6480
239
27
52676
87
6903
57
361
331
24
3017
11742
57
2958
4328
331
23
52673
564
369
358
778
10824
4053
20601
52678
52679
61
719
202
61
330
6460
105
1142
14
2488
57
363
3152
22548
1057
1114
15338
57
3078
553
123
24
5973
34
24
500
403
10824
4053
20601
52678
52679
330
185
202
515
6460
105
1142
14
2488
57
363
3152
22548
1057
1114
15338
57
3078
553
123
24
5973
34
24
500
403
27
396
330
948
288
735
34
14
169
2535
57
7685
2826
61
58
14
55
2535
753
358
288
244
24
8967
57
24
403
27
569
24
403
5449
500
61
52678
52679
330
24
7509
57
52673
642
355
5
24
3965
57
24
52671
52672
7437
61
52680
52681
61
105
4952
1533
4121
449
24
815
1330
47
13
122
683
27
52678
52679
330
24
403
61
129
731
14
6406
2887
9119
3788
61
105
2515
24
52682
57
52673
6897
8457
6856
52674
652
57
14
3240
8130
23
24
1032
27
396
330
52674
1599
642
13
8832
403
129
52683
1413
21289
652
24
6915
648
358
288
2050
13
1812
13
10855
14
6270
91
54
715
61
3379
6787
52675
5166
52676
27
52674
61
54
715
5
24
52673
642
8789
369
704
25967
27
52684
262
2939
105
1195
1341
515
24
715
61
52676
61
105
485
2489
13
24
52671
52672
7152
22214
61
5
1579
3965
330
6897
52674
149
590
1411
2947
52685
705
2347
3133
61
64
14
39019
5
13
3896
445
54
14102
642
765
251
3152
149
184
185
1372
3970
34
24
5783
403
515
734
251
3152
3153
663
510
513
185
202
23
37717
34
24
403
2939
105
1195
1341
515
24
715
61
52676
61
105
485
2489
13
52671
52672
27
842
52678
52679
330
183
149
822
1533
1284
515
61
4850
515
52681
61
24
6555
7152
7437
3965
61
330
926
149
331
24
3017
11742
57
2958
4328
331
23
52673
27
52681
663
330
24
6915
105
7232
3215
57
15
5720
13
2778
5720
52686
69
2947
52685
71
705
2347
3133
61
64
14
39019
5
13
3896
445
54
14102
642
765
27
4338
52673
642
6816
47
24
403
61
52678
52679
330
61
24
25555
288
319
13
14
642
924
5
935
13
24
1317
2321
57
52687
27
305
405
222
358
288
14374
1260
14
6717
9095
5
319
9
301
373
2257
9
13
334
351
185
24
8970
57
52673
575
24
3152
22548
278
100
1142
61
215
330
27
305
515
222
61
52681
750
4948
61
32
57
54
10578
750
158
24
403
288
273
1185
52688
57
14
4987
7437
61
24
5700
5781
330
27
251
4929
1071
149
7503
185
1372
3970
23
14
3153
18
24
500
403
22194
4948
278
100
745
34
24
403
61
4769
185
91
7185
8600
26189
515
3866
24
18623
57
52673
37
1032
6620
91
12084
202
27
20582
369
719
109
23
37717
52671
52672
105
11656
3225
13
39019
24
6915
5
125
642
765
652
358
278
7185
1802
13
24
27597
4972
57
5726
52668
52689
5
3223
52668
52669
13
107
9690
34
10393
26412
34
24
4744
4939
61
2276
3804
2805
330
202
27
119
2805
61
129
87
1629
76
24
501
40
7149
185
4485
8881
652
215
87
45
10822
13
107
11420
91
3584
61
330
52671
52672
2859
5570
1533
13
52668
58
6919
2
7277
11393
130
61
301
652
57
43789
57
24
7152
23
405
4744
3752
27
4338
3886
125
14168
13
1503
52668
52689
23
24
20674
9891
1145
52673
61
24
7437
52690
5
4342
24
52668
133
13
622
2681
13
107
9690
61
24
2805
330
27
331
691
52691
24
52669
806
358
1532
183
13
622
2958
17358
61
331
24
2805
330
27
246
8861
278
330
24
52671
52672
22214
11468
23
24
683
57
5783
403
23
52673
61
4745
11612
1663
24
2321
246
691
330
24
7437
590
6897
8457
6856
52674
919
57
4606
57
13813
14
751
133
57
1579
21640
2
2540
52668
52669
13
3870
24
4744
10393
4939
246
119
22214
37
18538
650
13
14
219
891
2265
1348
24
6915
1599
1032
642
13
8832
9160
403
61
129
288
935
1802
18
13
24
7152
7437
246
1877
935
61
22194
4948
278
100
745
34
24
403


