12547
4900
57
19966
278
953
902
58
14
1311
316
9
1034
6279
19967
19968
14
1478
8580
2321
61
1775
104
306
507
308
982
349
363
272
27
999
19341
5802
129
19969
403
76
525
1816
2
24
14021
17923
330
185
207
515
32
10463
318
105
19970
262
331
628
603
723
61
628
603
723
61
1425
1018
244
1067
76
846
331
64
24
1071
650
159
185
908
57
542
27
19971
19972
4426
525
5887
9
12041
403
89
4549
19973
104
19974
19975
8305
23
6014
61
8580
185
3354
1680
104
2778
5977
69
19976
71
64
24
2804
19977
10135
159
27
5565
272
278
100
383
982
91
24
310
12333
37
2964
58
358
19978
1348
1229
19979
446
27
951
9508
278
100
1142
902
5
948
330
358
840
13
1306
166
11484
57
705
1783
57
19980
484
19981
27
521
159
34
522
19982
262
17284
19971
19972
19255
393
7091
19983
19928
58
24
635
627
330
54
5802
4273
54
562
64
358
19984
2
24
19967
104
19974
19975
12064
276
23
6014
61
8580
185
3354
19985
262
7091
330
515
54
5802
105
4273
54
562
123
24
19967
64
24
316
7881
256
122
2326
19986
262
1978
9
506
9
2033
19987
19988
1077
104
19974
19975
8305
293
23
6014
61
8580
61
525
485
330
185
207
5889
1713
262
7234
19404
61
129
87
23
24
188
12041
61
99
100
1341
500
104
19974
19975
12064
276
1817
76
7058
19989
69
324
700
71
5983
3793
23
19990
1549
185
207
1680
64
4227
7893
57
768
2938
2359
2257
27
119
485
57
363
9
506
9
2033
19987
19988
383
13
19991
515
926
105
100
1745
104
19974
19975
276
1348
24
19967
4430
27
2692
24
500
129
278
100
901
369
188
9
19992
7234
19404
5
393
7058
19989
27
999
16905
1782
330
834
215
105
623
5885
14
1536
133
57
24
276
37
918
8742
61
4043
2276
5802
76
166
853
2907
10950
525
27
396
5145
159
64
215
359
262
331
6570
1086
61
8164
27
331
1420
19972
750
24
724
3193
185
207
57
24
9895
8035
57
24
853
272
64
358
16912
609
23
4549
19973
655
24
1071
19993
185
908
57
542
27
579
330
262
331
999
57
707
853
634
144
2072
586
61
331
331
628
603
723
61
628
603
723
61
1425
1018
244
1067
76
846
61
1425
1018
244
1067
76
846
27
18281
143
1348
183
2113
2182
61
610
53
183
133
27
331
119
5802
330
515
14
571
57
32
302
1817
76
32
57
525
403
19994
623
5885
705
32
13
451
27
579
330
515
704
57
525
403
105
7639
5
288
3486
757
2
32
318
129
4508
14
219
60
27
4521
57
4014
262
19995
2120
6006
15028
69
700
71
19969
403
76
525
1816
23
24
4549
655
2276
19996
19997
61
717
14
467
57
334
17637
1536
922
525
297
2782
262
19971
19972
5
19998
6580
365
958
122
12986
58
122
853
276
57
5415
403
149
17856
133
91
24
19967
1420
19972
149
7881
76
5887
9
19992
7091
19983
6505
926
184
23
14
3847
14078
64
54
2255
132
185
23
617
27
119
627
330
515
54
5802
4273
54
562
91
4126
542
23
24
4549
27
7091
750
724
262
331
408
288
23
415
820
610
285
23
24
4549
61
935
358
830
19999
831
285
445
156
27
1331
610
944
24
19967
61
183
8801
1030
14
676
2467
91
27
331
1331
610
288
704
23
2244
27
251
5802
510
2244
57
703
61
1420
19972
27
579
149
4126
846
5
707
549
20000
27
628
750
525
610
288
3486
652
610
288
1083
185
13
1465
935
926
285
18
13
707
549
19994
5
4157
158
27
419
926
4273
612
763
27
331
305
1317
20001
8305
61
403
510
13551
23
20002
5
101
122
18147
64
24
19967
1794
1594
34
542
27
20003
61
594
430
76
366
947
167
20004
1187
361
1341
1317
27
1295
55
9
12041
5802
20005
20006
149
20007
91
14
8222
16587
218
525
4224
7917
64
926
11632
525
403
27
251
169
9
12041
5802
20008
1544
750
20009
834
926
5
403
61
349
525
688
129
17379
24
276
61
288
470
13
24
1675
91
14
4527
1619
27
579
330
515
926
184
525
688
37
620
34
24
6922
227
167
2189
1634
23
525
7935
27
1543
12996
750
24
1605
1606
3801
515
215
4633
104
1469
2288
13
5498
54
533
9
506
9
2033
688
15922
27
396
330
215
2084
13
532
24
276
1294
423
40
54
688
1461
76
14
5802
61
11272
5
76
15883
61
40
4394
5316
27
396
330
515
15922
37
5802
9
129
808
12996
1324
64
793
1965
9
105
4273
525
403
331
763
91
933
542
23
24
18904
58
2372
24
8742
638
45
2391
5309
27
3995
262
1543
12996
69
324
76
54
688
15922
71
330
215
4633
104
1469
2288
13
1714
54
688
2
20001
8305
502
149
663
1805
91
24
19967
27
396
1142
54
688
2257
40
76
366
947
9499
748
47
262
5983
3366
218
24
2356
76
24
11281
57
1713
10123
13
5885
272
5
9119
2
24
7661
57
334
12064
276
4338
24
3714
262
19996
19997
61
14
5802
104
24
12064
276
61
717
237
467
185
592
61
4084
331
119
55
1116
13
24
174
87
707
297
1116
331
4355
9484
262
251
635
730
750
834
926
7639
24
19967
502
4430
525
12064
276
91
20010
13
525
20011
8853
262
999
4555
318
750
14
125
3484
924
515
358
105
13
2244
122
6256
64
24
20012
11011
445
24
20013
119
5708
19967
502
14213
218
24
8580
932
7989
57
6014
3559
17754
1155
64
24
19974
19975
12064
276
13
18429
9
64
1508
484
69
174
71
5
58
69
700
71
520
3193
6231
20014
16458
3643
20015
9831
20016
4570
9
20017
262
589
20018
718
45
1728
1008
64
926
19255
525
635
688
27
397
926
5173
158
3847
61
926
6498
158
262
331
628
603
723
331
20019
262
999
16905
1782
330
331
692
1086
61
8164
331
58
215
31
14
893
20020
166
272
76
525
1816
2
101
14
1536
502
105
100
12894
89
24
5753
19974
276
37
8742
27
6112
61
5890
6933
334
2352
1066
2
24
276
89
334
332
999
853
730
61
129
149
45
1324
61
750
20021
515
926
18457
13
525
20011
1348
24
19967
1805
27
579
750
24
3484
924
515
12686
2168
23
525
1009
5
18147
2124
47
185
908
57
621
622
27
1843
750
834
358
288
750
13
2244
122
6256
76
122
7935
64
24
20013
20012
11011
445
27
19974
19975
61
14
32
9
679
276
61
502
149
1163
5785
494
495
5
87
53
57
20022
1337
61
105
1579
1619
7474
445
23
6970
2288
17923
27
19338
3861
23
8580
278
20023
61
502
1506
515
3096
775
2053
2427
185
331
5309
18784
331
34
13551
123
14
19967
27
20024
369
1296
23
24
1779
652
57
24
20025
6768
61
1302
1229
20026
89
3714
20027
5
20023
61
502
5063
13
20028
5
20029
27
19823
102
718
663
1199
47
343
13
24
8271
6768
61
502
16025
102
185
20030
11234
5
24
2261
718
2075
748
880
27
14867
57
8580
87
663
1163
185
20031
61
502
718
107
1131
13
217
159
34
24
20030
27
13336
6014
3100
8580
932
278
9027
1857
3714
20032
61
5
8895
369
750
13
738
13
122
20023
1185
3714
20027
1222
358
278
542
27
816
358
1018
45
61
358
369
9925
13
738
13
1625
20002
5
13
817
868
2
12570
9098
1843
19974
5802
61
2120
6006
15028
149
10692
14
2637
58
926
663
19969
403
76
525
1816
64
24
11234
57
24
276
19993
1145
542
61
1489
13
24
18905
2903
27
999
2967
129
105
1876
13
24
276
34
13551
330
262
331
691
830
403
831
20033
23
20002
5
18807
61
735
61
2456
5
20034
27
1331
24
276
2859
2467
757
27
331
397
11566
4900
57
3996
5
823
953
61
24
15049
1713
34
500
308
20035
27
20036
341
330
64
3096
64
20037
308
1853
24
7989
527
57
8580
932
44
278
100
1745
23
24
755
61
40
948
383
185
207
296
515
646
278
100
507
12629
27
691
4042
515
405
105
100
5817
1587
4741
24
19522
27
691
1094
2349
34
64
3096
64
2424
819
5
5928
24
897
13597
13
204
27
305
306
20038
308
369
2352
61
4846
57
1508
272
27
8580
13387
369
2453
76
308
776
219
947
5
20039
2
1048
20040
27
14895
57
500
272
2
19974
19975
8305
105
3805
104
290
3661
2426
20041
5249
1317
24
276
185
3354
61
405
76
16088
2359
13
738
27
119
5251
57
372
129
288
31
2257
2
24
7661
288
289
133
76
14
20042
27
1312
3096
448
61
24
4016
848
5923
27
1843
5802
129
1001
104
19974
750
57
54
12986
104
496
105
640
13
24
853
276
76
5415
403
5
1145
1851
18020
274
27
19998
6580
598
185
54
592
844
262
331
628
1028
421
13
639
628
1835
5316
3555
628
1835
818
2043
2
704
628
278
1846
902
5
1961
759
133
104
19974
27
331
628
1018
244
639
834
13
1759
183
61
40
144
1092
820
143
9894
9098
408
2168
14
2508
274
5
3991
308
129
223
14
19974
27
331
162
24
5355
515
628
1846
759
775
61
707
474
87
3438
20043
5
2043
20044
628
1835
20034
5
4867
8259
99
14
5843
23
237
27
331
18740
262
1134
18634
858
1046
1187
13
24
19974
19975
8305
293
58
183
510
14
17078
1805
2
14
2529
19967
185
3354
251
19096
19967
20045
218
24
8580
932
7075
61
20046
6922
12114
76
17923
47
13
6970
2288
61
7306
17754
185
434
5
917
14
17078
8804
185
334
12064
276
20047
262
1178
18634
2876
1046
24
12778
57
20048
515
164
218
24
2321
57
6014
23
8580
246
5565
272
278
100
1745
104
19974
19975
8305
293
23
6014
61
8580
246
999
853
730
750
834
926
18457
13
525
276
20011
64
24
19967
20045
218
24
1478
2321
185
3354
246
14492
9
19992
7091
19983
330
5802
19971
19972
4273
54
562
64
926
19984
24
272
23
24
4549
19973
655
24
276
4527
246
999
1782
5145
159
64
215
750
834
358
88
14
1536
13
532
14
5802
10950
61
525
1816
4126
166
272


