258
1172
36435
4433
36436
4360
2189
13
1605
2762
185
1750
61
327
220
6157
23790
825
278
100
6028
76
14
346
57
36437
14101
27
10140
61
1172
36435
1577
89
24
166
1015
2403
515
23790
825
278
13
221
237
632
27
5262
4891
4488
11887
30992
69
951
25728
30992
99
100
14
36438
765
57
1992
34
30943
5
327
704
36
27
396
33045
54
77
18
24
32523
4727
61
40
15057
445
104
9752
35
4581
5
183
553
13
107
719
1222
215
87
1469
1299
1300
2250
27
4891
149
36439
76
54
6534
5
9479
223
185
1750
5
53
14
168
501
13
5429
27
10579
262
5262
4891
69
116
71
1399
23
14
3331
3368
75
1605
2762
185
1750
7234
32525
4488
11887
30995
4488
30970
30971
69
9997
116
71
36440
61
327
825
278
14
14258
57
4083
27
816
30995
87
2250
61
215
87
24
3375
55
3532
61
40
32525
149
9640
61
171
3647
61
24361
5
692
1291
27
30971
2469
104
922
116
23
24
5220
17391
40
32504
32505
1991
646
185
1750
61
818
24
6793
825
799
89
237
32522
27
162
24
12795
262
11887
30995
69
174
71
5
7234
32525
718
365
1018
24
1086
34
6157
23790
18222
262
7234
32525
69
174
71
9288
868
2
18552
9361
123
24
112
75
1605
2762
36441
36442
4488
1172
13504
69
6112
6790
71
1134
36443
337
653
334
6018
1348
36442
149
644
13
164
7970
5
3193
54
6164
64
334
6882
18683
5
181
32524
61
5
54
2755
714
825
13597
75
158
27
13504
2045
14
20331
61
841
1029
13
24
3860
36
5
87
3590
23
24
3490
61
40
1222
215
1308
799
23
61
183
44
107
104
24
4294
57
24778
11055
13100
5
159
262
36441
36442
87
14
181
32524
40
149
1253
14
2755
714
123
327
37
252
75
246
119
327
9766
278
14
346
57
1098
11835
13
221
58
6133
6348
14101
2
1793
327
110
246
6157
23790
1393
4330
1411
5262
4891
5
11887
30992
246
11887
30995
2881
2482
2
7234
32525
5
30970
30971


