144
8155
1982
293
16
35568
138
1
999
359
190
291
287
16
56256
138
1
966
359
190
17431
16
15
102
14
46
32
5292
18
268
0
132
36
8930
13
317
1705
4
9
1176
2752
20089
9
46
32
1309
11
27
3
356
69
192
48
70
139
13
0
260
14
7276
13
533
9
5
9245
11
37
5292
1
0
13954
1
38
30
4689
70
6
762
268
27
1663
7
746
2
334
27
6754
10
116
270
1
792
6
1642
43
3605
31
491
6530
3
185
0
6984
913
2
238
913
3466
158
3605
5
1825
72
6253
2720
50
15003
14
5292
46
202
311
183
188
1
1681
62
1029
2
15
4980
4856
482
0
279
3
257
2608
841
1147
3479
3724
421
48
70
39
60
5515
27
6754
7
0
29051
6
416
103
35569
2
836
0
56257
6
0
4590
4600
3
5
111
1017
9
8966
1
35440
1
32939
4
56258
23
0
3384
102
14
46
1231
27
4
27
9485
13
1892
2
5292
10
7431
28
27
145
598
82
320
1
11385
7
6341
1
19061
12
3
5
1929
56259
23
5
2664
2
96
34
4689
1265
27
145
303
4
27
15798
93
3
14353
31
5
12677
38
404
3
402
27
23
5
2918
2664
2
56260
4
1054
1
0
721
10553
14
4565
109
27
252
10
1243
27
2
2242
36
10
37
32242
1
6370
12
3793
19196
4
13381
4358
50
93
27
27251
4
12936
2
101
0
2952
5
2728
2411
7
3697
4
20970
58
29
2316
8262
14
58
29
11088
27
56261
9
109
162
0
15918
6
13066
2895
14
745
27
1492
9041
2
294
25
10
27
1942
4
1673
76
3457
337
27
56
11200
694
43
56262
31
0
9841
394
3
1663
27
7
746
2
155
14661
16
139
13
0
260
14
0
7276
13
533
9
5
9245
11
5292
1
37
13954
2436
31
0
9947
6
507
491
6530
38
98
46
495
7
2737
17
27
9485
4499
16
5815
5292
1
38
10
7431
28
27
145
598
230
320
4
887
23
5
2664
1
46
32
344
3
1125
27
230
508
7
715
7
27
111
102
491
6530
2404
56263
3
27
6754
1
2093
7
5387
6
67
85
72
6385
7
2497
504
278
23
0
2364
15279
706
504
7
80
4862
2
15
279
10
157
12
3079
9
2121
1
953
4
3907
9
3
124
5292
28
27
9146
3
27
111
102
2
7817
1085
224
11
5292
12
437
903
436
468
56
0
11200
1663
174
13493
69
684
2
5730
17
0
949
3527
3
28986
27
4
4263
31
464
6
0
487
106
1917
38
33
1894
3
32
7
4561
10154
5
20254
13954
13
3352
1
36
10
456
20
81
2
16694
16
5292
13825
56264
7
27
34552
20
0
56265
3479
3724
528
7
19290
35569
2
249
36
10
2436
5292
10
8427
35570
86
14
0
8158
14166
4
1962
28
27
1897
76
32
1145
155
13864
16
7049
353
35571
3724
2169
7
5299
3036
12
0
3284
147
11
0
1205
14648
35572
14
46
260
5292
4
125
6
27
111
115
280
20
19290
24559
16
8
5292
34
202
214
216
13954
150
36
342
27
145
1
86
25
175
125
71
4
9414
3
124
27
162
48
986
6
27
5278
1
8
22
0
11200
56266
56267
3878
1
18169
3909
6
11200
7
6752
1
22
16
8
3514
3635
187
11
0
165
515
3
1663
27
60
489
0
448
1191
282
14
25
10
80
2909
165
2
221
10
128
305
71
3
951
62
2339
2
104
692
5292
18
1040
34
40
450
3
1380
27
4
60
43
4520
6
2673
3
325
14
36
34
4715
133
455
17
0
880
3
1800
27
2
8776
36
10
170
92
4
27
1040
1258
27
77
340
2982
2
8
249
0
1663
174
806
25
10
536
14
5292
10
25864
4
7177
31
80
0
26837
2
580
54
76
325
0
1185
3
12423
0
1509
14166
140
27
1897
4
86
36
10
531
69
0
3079
26652
170
816
0
1962
2
57
10
1117
1145
269
192
20
11200
18
1663
528
7
19290
1
336
16062
2
8
308
233
109
121
16
5292
53
122
51
4928
8703
216
16290
13954
9
25
10
13
0
87
71
5292
30
649
216
13954
150
27
145
303
420
414
82
320
24287
1374
16
11200
694
76
3457
1126
99
42
2113
56
44
408
0
4297
5837
11
0
87
71
5292
10
204
87
31
2121
94
0
23690
4031
133
5
2195
6
118
5
333
769
724
2
1437
36
2977
31
538
11
5
557
146
269
3
56268
113
1
39
27
21176
34
40
5659
3713
4
3589
31
56269
694
1
36
10
4067
31
953
3
19290
2
65
368
769
1393
9
2260
696
27
3
11200
18
1663
4
5278
528
113
0
936
6
0
174
10
1136
3
10578
27
4
3986
27
7
3
27
15081
5327
2
380
3212
20
0
528
1
5292
10
8427
35570
86
14
0
8158
14166
4
1962
28
27
1897
76
32
1145
4
5
13813
701
4036
10
1091
55
340
11544
27
2
101
434
733
777
1594
4
2194
9
6327
2550
14
36
10
41
1029
156
645
13231
62
7370
2
8
5292
34
202
214
216
13954
150
36
342
27
145
1
86
25
175
125
71
4
9414
3
124
27
162
48
986
6
27
5278
1
8
22
0
11200
2
1094
72
1795
13
170
735
3
1046
0
4590
102
11
5292
4
27
9485
9
11200
1388
14
5387
46
11291
56
546
6
27
2651
15664
2
96
30
40
3435
187
6
3824
3707
49
12
56270
1
56271
1
56272
4
3711
1180
2
294
36
34939
36
116
280
17
5
1341
13954
180
8703
1
61
2436
39
5
6094
23
5
2664
2
11200
694
76
3457
1126
99
42
2113
56
44
408
0
4297
5837
11
0
87
71
1
596
511
7
0
298
6
2663
9
0
1416
6
80
42
56273
9
3
1352
1492
1138
11
0
87
71
7
42
2287
630
2
4024
16
590
5292
1
0
4104
13
77
9
760
36
46
32
35573
12
5232
17096
1
14228
12
1267
9
235
232
7271
4
22964
7
25105
7
5
715
2886
113
100
9
54
73
388
762
27
311
836
0
102
14
46
32
5292
18
268
0
132
36
8930
13
317
1705
4
9
1176
2752
20089
9
46
32
1309
11
27
3
356
69
192
48
70
62
390
208
2
7049
353
35571
3724
2169
7
5299
3036
12
0
3284
147
11
0
1205
14648
35572
14
46
260
5292
4
125
6
27
111
115
280
20
19290
2
101
18692
1
92
43
67
85
56274
56275
7
0
2952
1
45
209
92
33
3070
85
2669
2
34762
49
16
5292
10
6370
12
3793
19196
4
13381
4358
50
93
27
27251
4
12936
9
27
1942
4
1673
76
3457
337
27
56
1147
3479
3724
694
2436
27
7
746
9952
16
527
15402
22
8
580
54
76
325
0
1185
3
12423
0
1509
14166
140
27
1897
4
86
36
10
531
69
0
3079
26652
170
816
0
1962
2
57
10
1117
1145
269
192
2
8
1768
1758
29
12915
114
42
13066
102
13
91
2416
86
2895
73
32
9116
23
196
6
0
7631
11238
1699
1321
2
89
11
5292
1
20
568
1
0
4104
13
77
2
7266
36
46
32
35573
12
5232
17096
1
14228
12
1267
9
235
232
7271
4
22964
7
25105
7
5
715
2886
113
100
9
54
73
388
762
27
311
2
65
3595
11
11200
22
241
8
939
5
2214
6278
11
5
507
491
11590
3
143
2
5292
1474
3834
0
5311
6
80
2
6274
67
147
254
252
3
32
617
3
185
261
1338
4565
1
45
11
5292
0
594
13
350
3039
5654
2
8
26
5292
10
7431
28
27
145
598
82
320
4
11385
7
6341
268
27
1663
7
746
26
836
0
102
14
46
32
5292
18
268
0
132
36
8930
13
317
1705
4
46
32
1309
11
27
3
356
69
192
48
70


