15
3366
11
2541
1
487
1
55453
5298
76
32
1547
75
20
759
112
44
8443
3
1447
3793
1783
2
139
13
301
3
5
111
625
14
327
3793
1783
750
75
639
278
67
623
3
124
1312
85
0
13944
1373
2
27186
1783
13
3693
17
67
85
272
6
80
1783
9
1785
626
17173
9192
1
158
609
118
37
1834
11520
134
153
6
0
1390
7
0
631
1447
25
2
27186
1783
30
41
40
13944
31
2878
520
2
11846
354
25
13
7331
6783
1
6840
1
4
8063
419
2
89
5
111
625
327
3793
1783
750
75
639
278
67
623
3
124
1312
27186
1783
30
41
40
13944
31
2878
520
2
828
2541
1783
786
7
0
232
1004
13
13944
133
6348
3
55454
53
55455
51
11
575
1578
2
294
168
23
1003
35377
1
0
1087
61
34430
55456
1
55457
4
55458
2
35378
3793
1783
13
10079
17
5
6827
21082
4122
2
89
156
6282
10718
12
0
265
62
22402
6
0
6262
14
1812
69
0
1783
33
41
285
103
2
9270
116
28
3793
1783
206
3844
261
10718
2
11846
6
0
2142
4794
14
27187
13798
650
22403
1
199
23
25677
9081
2
135
61
758
3793
1783
13
3693
17
2515
1080
6
9256
1
15483
6621
4
626
7340
7
126
2
89
631
1594
29
958
14
0
22403
7
3793
4
13944
1783
33
0
222
2
11846
354
14
3793
1783
1
50
4284
67
1492
16378
1
12778
1
4
19007
85
13944
1783
1
13
6783
1
6840
1
4
8063
419
2
135
4794
27187
13798
650
22403
1
199
23
25677
9081
2
89
0
111
625
332
0
3754
33
419
2157
85
0
2081
4
14
67
774
13
735
3
2136
14
0
433
327
33
10872
2
135
758
25
73
210
75
20
759
6
55459
25891
5296
115
7
1783
173
10607
35379
1
55460
1
4
55461
2449
455
17
0
148
1116
745
6
12763
35380
2
982
19007
73
773
27188
2095
7
2663
1
173
24757
1
9194
1
55462
1
27189
1
4
1704
67
645
4783
199
23
5011
2002
62
193
2
8
15
3754
6
9679
3793
1783
969
6
13944
1783
33
168
9
2550
7
0
5438
12736
4
7
125
1000
73
29
1641
62
158
2448
4783
1
8
131
35304
7561
1
5
3008
693
7
6491
433
14904
20
0
19115
14466
10511
714
6
3460
1430
2
8
10094
12
136
2155
1
60
16126
0
6249
6
3793
1783
1
1225
543
3140
9407
199
23
0
2524
1
75
17
13065
8639
2909
1
1326
223
1
4
126
2
8
55463
4714
8073
1783
3
5031
55464
7
0
1783
2714
28
55465
21596
1
8414
2101
1
6262
22402
1
62
108
3010
2
55466
1783
13
55467
8134
3
1695
55468
2
35378
3793
1783
13
10079
17
5
6827
21082
4122
2
89
156
6282
10718
12
0
265
62
22402
6
0
6262
14
1812
69
0
1783
33
41
285
103
2
9270
116
28
3793
1783
206
61
3844
261
10718
2636
20
0
19115
14466
1801
11
5
55469
4593
4215
37
3425
6
7437
933
5438
4299
9741
1
8
9405
1
0
5438
12736
738
14
0
759
6
27188
2095
28
3793
1783
13
77
639
278
2418
85
0
759
6
27188
2095
28
13944
1783
1
8
131
365
667
2305
5208
3757
1
61
5
3008
693
7
6491
433
14904
2
8
1100
1168
2081
1785
3
0
6249
6
3793
1783
58
2776
28
557
493
1
60
354
14
1
28
5
270
433
6196
1
25
13
5
416
5816
1533
3
16126
0
6249
6
3793
1783
2
8
15
625
496
23
2689
12
105
6490
1406
3793
1783
531
3
35377
8127
7
178
126
808
54
3
406
4
54
2470
808
999
2
674
70
1
0
5538
7717
3612
7
0
255
1410
1385
6
3793
55470
1289
1783
4
156
2142
116
28
0
1783
1
173
3429
1
20
80
105
6490
2
26
11846
6
3793
1783
161
27187
13798
650
22403
26
89
25
13
61
3693
17
272
6
80
1783
9
1785
626
17173
9192
26
10724
332
1735
759
6
2095
28
234
35379
4
12763
35380


