144
16851
18822
293
16
47384
138
1
463
460
190
291
287
16
47385
138
1
483
460
190
1786
6852
30
3436
632
1770
509
3326
4013
11
7762
5
1698
6
8
6932
8
2
15
6123
10571
25007
393
30
682
2347
3
19
632
1823
5364
1011
9
393
1
29670
0
152
11
1341
3216
1045
42
337
150
0
2287
2269
6
0
6463
9
83
209
2
1786
1
38
1305
0
1555
17
509
99
7
2767
11
0
2464
32933
9
6313
611
1
61
17637
2751
3
0
9396
399
1057
483
7
1
47386
1462
23
8
1529
2419
8
2
297
94
11
167
558
47387
16
509
3326
4013
4
1786
6852
20
0
32934
11850
7
2466
99
7
1686
12209
548
16
1786
4
509
1
455
17
1011
9
393
292
47388
1
532
7
15
1823
5364
386
7
2767
101
5
565
209
1
1786
22
16
8
24
322
10527
7438
20
0
983
6
1529
2419
2
52
10
0
6198
60
80
658
12
0
207
6
15
1823
5364
2
52
10
6932
2
8
6852
176
16
8
52
10
5
425
361
6
130
4
19
2269
1881
282
3864
2
8
32933
61
443
5
565
1
4697
21
10
8
2525
8
2
52
22
16
8
885
509
10
886
54
6
0
9104
75
24
858
388
34
0
8865
3
147
17
62
183
2
509
10
0
47389
6
14704
9
37
47390
6
31983
1
7993
4
6062
2
15
6821
24
474
13
47391
2
8
1768
611
1
428
12
0
1774
916
5155
6
0
222
540
1
3430
1786
23
5
21126
544
20
5
23385
7
0
9379
1
17
509
317
12
0
754
6
1025
7686
375
47392
2
47393
0
925
6605
16
1786
18
227
47394
4077
4263
59
3
0
155
331
11850
6
15
1823
5364
1
119
509
10
596
1189
7695
9
7
19
230
90
248
649
9552
13846
21833
9
26139
19349
16
1786
4
509
170
34
42
2921
20
0
32934
11850
1
178
82
39
15
1823
5364
2086
209
1
509
239
39
743
64
187
6
520
262
5
664
343
7
600
2
47395
10856
47396
443
5
565
28
4013
18
1079
1
0
23666
13846
21833
9
26139
1
324
0
2876
9
10275
239
12
446
415
7
5
1389
1522
286
2
294
0
2598
546
10
2719
1
25
61
2751
3
13846
11
0
87
71
23
19
9552
1
324
16
8
15
2876
9
4549
1770
556
5
47397
47398
12
600
608
4
202
1937
3443
2
8
13846
729
0
546
888
3
32302
1
324
16
8
24
322
2525
2
52
10
0
361
6
95
142
2
8
3526
4
7122
6
0
423
16
509
1327
5
29811
770
17
9552
13846
21833
7
488
509
18
193
224
8
128
2264
8
1
17
6012
4931
14
13846
10
1517
7
0
286
471
90
32747
687
11
5
769
894
6
71
4
56
36
945
21
34
239
2
527
145
13
521
3
29
40
1517
56
21
1317
2
15
1823
5364
754
408
509
383
5
1852
393
1
901
0
237
2768
1770
5813
11
0
2363
47399
7232
1
47400
5831
7833
1755
7232
4
21834
7232
15634
2
52
10
61
4549
5
557
697
278
1
455
17
19
2876
9870
1
1931
8526
20
0
4938
23398
1
25169
14806
4876
4
20770
47401
32935
4876
2
2466
1216
16
509
10
4549
11
37
2876
262
19
1124
7
2767
18
15
1823
5364
294
546
6
0
2287
1770
10
310
1
2507
6400
6908
7
2218
560
1
17
179
4381
393
7093
475
6445
21
10
434
3
703
4013
2500
2
15
1778
1421
4441
561
395
16
8
2161
74
210
103
47402
53
5353
51
110
66
73
84
209
307
307
13743
509
3326
4013
307
307
24
10
12968
3
165
3
286
47403
307
47404
3
59
4
47405
307
307
8
17421
779
1
4048
330
23
15
5130
1
61
1561
55
248
3430
1328
4013
7
1557
18
15
47406
916
2
52
395
16
8
249
385
2317
1
60
300
161
25
2317
11
5
1164
47407
509
3326
4013
47408
9
47409
24
893
1947
66
95
566
2
8
47410
6
5673
16
3475
28
9904
24659
3
7651
26140
682
2347
3
0
1770
47411
14389
921
0
47412
1
1975
16
8
13743
509
3326
4013
2
3972
66
11
91
86
1084
3
121
1288
11
3108
212
3630
17
0
172
2
308
46
32
3431
1552
2
8
47413
283
1011
9
393
32936
4978
395
16
8
5245
100
307
509
3326
4013
10
199
5
4055
13972
307
7464
247
307
8
1
119
47414
5603
176
16
8
13743
509
3326
4013
307
8
9904
24659
176
16
8
509
3326
4013
300
34
5
2545
12
19
225
1288
5
425
1980
6953
1309
11
66
2
581
2650
1288
4393
33
17
19
47415
2
13743
2
8
28965
16065
1561
55
3
13846
1
9393
16
8
581
664
4
4393
165
55
3
66
47416
2067
24
1714
66
1191
121
129
596
66
1288
509
3326
4013
43
133
86
2426
2
8
47417
16
560
6400
921
3
6046
7
17
0
2211
6
23937
1657
1214
47418
4
1114
47419
1
4
2433
15200
393
47420
1788
2347
11269
10552
16
4013
332
103
64
5735
11
15
1823
5364
20
0
18110
1188
18
17140
4876
7
2581
513
21835
2232
18665
1546
395
16
8
13743
509
3326
4013
9
86
128
2598
9
95
4393
33
17
19
117
1288
280
2
24521
8
657
7651
26140
22
16
8
581
4393
165
55
3
47421
47422
4
19
117
2
8
2266
1820
5536
7
47423
1
2572
3011
509
614
23
5
18691
1
8966
21351
11
5
1337
298
1
23
168
23
5
26141
11
1657
173
2942
47424
4
4064
475
2
249
54
6
19
4354
1
0
18845
32263
10
285
7
4469
1
509
93
0
606
656
2
89
3715
10
12
19
243
1
4
0
262
70
1
21
2087
5
754
7
47425
1
90
159
12
3
393
7
5
2216
6
3949
2
26
7875
1317
184
12
446
415
262
5
664
343
12
600
608
26
15
6463
9
83
3763
3
5536
7
2767
39
37
2876
12114
11
15
1823
5364
26
47426
13846
21833
9
26139
22
16
8
24
351
2525
2
52
10
0
361
6
95
142
8


