258
480
8595
261
262
10927
264
61
1656
744
1268
268
269
262
10928
264
61
1656
744
1268
9115
10929
4553
642
5
330
525
2897
105
6699
525
76
14
10930
251
893
807
14
7056
531
75
525
2897
5
971
1690
926
638
256
14
3125
18
10931
27
9115
10929
61
307
61
906
133
76
2263
10932
61
3983
61
6329
58
2263
4534
1462
1116
23
122
10933
9
6787
9
10934
23
10935
61
10936
27
119
1047
105
14
954
8965
449
10931
922
122
3861
40
10929
935
1770
10937
525
57
14
3232
57
10938
27
579
4553
642
5
3138
2263
105
6699
525
76
14
10930
5
14
1481
57
1183
27
579
663
4927
515
665
10932
2339
89
525
76
14
1536
5
1129
525
1183
13
10939
525
1576
27
1707
7920
704
24
3762
5
8279
542
64
10940
5
10929
149
2104
14
3792
3043
27
842
926
935
1770
2590
14
522
548
13
1045
2263
257
5
2356
9
1502
1239
525
10941
525
3403
3036
27
579
1481
47
14
1993
331
7706
331
57
2263
37
918
990
27
579
971
421
129
5682
665
10932
37
82
34
2707
533
3133
27
1585
10929
99
100
417
14
10942
3023
91
10935
10943
943
10944
525
2
1239
2263
912
82
5800
27
2263
61
3983
61
129
7682
10945
76
525
272
23
1897
61
330
3071
1770
76
14
10931
8965
27
579
330
262
331
187
99
100
14
821
10946
63
27
331
628
2342
105
818
3096
1245
308
3916
185
707
1116
8477
846
9
515
87
2236
10947
61
1347
1222
723
639
723
2342
456
455
286
27
331
187
912
2236
1098
13
4361
27
331
628
1835
14
995
1066
61
628
1018
1013
1030
10948
61
628
1018
1013
2294
1607
926
912
2931
183
27
331
8341
607
926
330
628
1663
525
18
27
187
10949
846
652
628
3556
2391
133
24
3036
5
850
642
537
10950
707
1536
5
851
474
10486
10951
27
119
1047
105
14
954
8965
449
10931
922
122
3861
40
10929
935
1770
10937
525
2897
57
2329
525
18
10929
37
7056
531
9
502
3866
1729
525
2897
9
149
1482
91
14
3125
18
10931
331
5340
926
10952
24
642
23
918
57
846
5
330
61
1687
10953
846
61
707
2897
912
10409
2955
5
358
288
133
1594
868
27
331
3955
10954
61
10955
61
750
24
2959
515
642
330
704
3762
75
2263
105
100
7920
5
646
149
709
388
13
1193
57
542
27
396
359
262
331
1420
10929
149
1725
76
14
3792
3043
23
266
1268
5
362
14
4539
1584
57
227
515
149
3128
91
933
24
548
104
525
3403
3036
8123
10956
89
2263
10932
912
990
61
104
6063
650
13
525
918
1116
27
331
1031
1515
405
10957
61
64
723
516
3429
27
331
10958
10959
61
3239
61
750
24
2959
262
331
119
106
926
1481
47
14
10960
149
515
926
2168
334
8814
2
24
642
10961
525
1222
926
149
5794
449
24
2726
57
525
2897
935
926
2831
1045
183
27
331
187
87
244
6350
13
1153
237
2959
13
2528
76
14
2460
331
8965
27
331
842
922
2959
61
8024
10567
330
262
331
1007
369
417
5542
91
24
642
13
10962
4121
57
4678
9
5538
2726
61
40
104
709
227
99
1420
10929
1541
100
750
91
703
13
1481
47
14
548
5
10963
1045
525
2897
37
1409
2930
27
331
162
1217
926
149
417
4928
91
24
642
13
3051
183
27
331
543
10661
13
2540
1439
5
1157
3762
61
45
503
718
183
384
14
1842
57
10957
61
183
87
14
2958
3258
5
610
825
10964
183
27
331
246
9115
10929
10965
76
1462
1116
2897
2263
10932
18
10931
246
10929
935
1770
10937
665
10932
57
10938
349
10409
525
246
10966
14
522
548
13
1045
2263
257
5
2356
34
316
454
246
10967
10942
3023
10944
525
2
1239
2263
37
82
5800


