251
583
5
715
247
1789
13
12138
334
15497
9
18678
111
129
446
89
122
3048
5
1599
14
21357
13
4350
54
8986
76
3225
27
53586
40183
61
3837
61
129
3890
53587
3801
2918
5
53588
23
2916
6624
61
1663
2
24
33
57
24
2077
13
42124
185
24
111
27
4338
14
22466
808
40183
1789
13
12138
24
111
23
14
45195
5
54
715
935
3469
61
321
53589
24
111
9
552
855
149
4157
76
14
35838
5
7916
9
91
6819
158
76
14
4380
7998
27
521
159
34
522
251
583
69
116
71
5
715
69
420
174
71
11359
5
45087
334
15497
9
18678
111
69
116
71
129
650
89
122
2077
2055
57
24
2077
1046
24
3048
382
935
5885
445
24
111
37
21746
818
54
855
87
1253
13
24
5690
27
119
315
510
513
104
449
53590
185
2414
64
24
540
37
9044
9
2033
688
149
663
23
24
1071
27
4338
24
43
446
89
24
2077
61
365
76
122
2881
4157
61
32
57
542
4942
13
444
1778
24
10844
27
119
169
111
18676
24
1116
40
7682
1348
808
40183
7206
24
7749
5
37290
185
24
55
111
2
1778
27
119
111
446
89
24
3048
76
54
7916
47
5
14
35838
4126
54
855
61
64
2276
18676
24
1116
119
1047
906
75
16952
23
24
2077
61
17910
6492
13
24
1675
27
808
40183
1789
13
765
24
111
13
24
674
575
215
7918
158
23
14
45195
9
655
24
622
111
7682
27
2318
61
808
40183
37
715
61
4481
61
2424
61
2084
5
1129
525
688
37
4380
7998
13
442
321
48275
24
111
641
642
2084
27
665
53591
663
623
12138
158
27
53586
40183
944
24
2647
5
25287
185
24
111
2
1778
61
23
14
4233
13
48275
158
4338
14
954
22466
808
40183
1789
13
7340
24
31734
111
13
24
674
5
48275
158
589
40183
650
133
13
24
2077
61
2884
76
14
4380
7998
13
48275
24
111
64
24
382
184
24
1116
808
40183
330
262
331
628
149
23
24
33
57
24
3048
185
24
1117
5
628
389
316
25107
584
23
5
935
628
944
15329
10491
27
331
628
1850
24
15497
5
628
144
1663
104
158
5
610
2291
47
722
14
22466
27
331
119
1016
1017
149
10454
35845
61
628
638
244
278
227
13
1019
27
331
628
1019
421
25742
1508
14646
1348
358
223
23
7720
40
723
604
1019
183
825
1644
2191
13
723
27
331
3116
107
3339
628
1835
14
853
2549
5246
91
707
2534
7280
5
628
847
244
1014
628
638
496
628
638
27
331
628
105
158
2535
24
6512
5
628
144
184
158
646
641
24
642
2084
27
331
628
1789
13
444
24
15497
445
158
27
331
628
1399
158
23
14
22714
6314
61
156
14115
61
628
1018
244
639
1607
628
648
57
515
27
331
628
144
1545
13
2648
707
274
5
221
4149
515
709
57
542
444
10493
27
408
278
100
109
34
360
494
61
646
99
100
14
540
57
366
2284
40
455
104
237
1191
27
589
40183
330
24
315
105
53
542
1533
13899
3458
545
104
2356
27
579
330
262
331
1003
583
37
3991
34
496
215
638
27
396
1399
54
562
23
7749
5
183
149
10947
27
331
1798
4586
53592
61
4504
61
57
45157
61
438
294
31959
61
99
100
2940
76
2285
2056
27
396
99
100
8011
23
2946
13
3235
104
6624
3222
943
185
563
4504
27
251
6514
9
18678
38003
446
89
14
53593
23
1747
3004
5
3203
274
27
119
111
446
89
24
2077
104
449
53594
185
207
61
38892
14
12137
27
396
174
6208
9
2104
40
53
445
76
316
622
43
27
1514
288
174
1528
40
23558
91
24
315
27
1707
369
2386
34
2395
5
537
34
24
316
43
129
288
922
24
3048
655
24
315
510
513
27
251
3357
9
2033
111
99
100
6555
185
15070
57
2056
5
87
370
23
2946
27
4938
76
1366
2831
6849
642
185
17119
61
18252
53595
61
36496
4197
346
42548
57
53596
1185
11915
13751
185
13752
13753
13754
27
251
111
446
89
14
53593
23
1747
3004
5
6683
14
6514
104
274
61
129
288
174
1528
1102
610
369
45
370
11344
1105
185
237
4144
27
246
364
8691
43
61
32
18678
334
15497
61
446
89
2077
1982
3212
246
999
57
24
43
750
14
3048
382
13
1399
3225
89
54
8986
246
53586
40183
944
5
37290
185
24
15497
9
18678
111
2
1778
246
4338
14
22466
40183
470
111
13
24
674
5
184
158
23
40358
246
742
715
3469
5
45087
24
31734
111
76
14
4380
7998
246
15470
382
623
5
14213
445
54
21746
61
17254
855
13
5690


