65
7535
14384
693
38
15840
0
1271
8
24
2867
308
8
1095
0
1223
6
5
790
4
123
633
0
787
12
461
3
7358
19
1028
13
182
493
31
1596
481
2
15
1455
70
693
28
0
422
6
19926
4
19927
7
23280
9
5
403
7
1171
1653
4252
9
13
521
3
29
40
553
37
1012
12
0
790
1
90
319
5
670
245
6
5818
8220
3
3206
55
5
827
3
19
1028
12
0
913
18
2309
2
15
1596
1151
37
493
69
0
358
39
0
693
18
280
364
59
11
8
9077
8
4
8
14385
8
1138
2
8
37626
8
16
15
7535
14384
693
15840
0
1271
8
24
2867
308
8
1095
0
1223
6
5
790
4
123
633
0
787
12
461
7
554
3
7358
19
1028
2
52
13
182
493
31
1596
481
15
693
18
827
10
1458
7
944
4
1894
5
670
245
6
8220
9
148
6
88
2790
5818
23
0
28407
28
0
913
18
1012
10
4310
12
97
2309
2
3514
1091
55
0
13061
4810
1
0
693
175
1712
6
19
827
90
2824
88
12
461
4
28408
19
1028
2
5170
379
0
295
18
280
467
15841
0
1818
1
7825
0
693
14385
4
4429
0
1818
23
8
9077
8
2
238
447
2319
3
226
3
19
1480
1
967
1
10
0
693
18
1028
1
38
348
16
8
939
18
86
14385
63
25
218
52
18
8646
3
28409
7
554
3
185
4
13
79
1045
19
6155
2
8
11477
16
5170
379
6
0
693
2824
0
827
12
461
1
19
280
467
15841
0
1818
9
7825
0
247
130
14385
4
4429
0
1818
23
8
9077
8
6705
16
15
422
6
19926
4
19927
7
23280
53
137
51
13
98
1664
0
358
657
0
693
18
1028
206
29
40
3403
1
37627
28410
9
251
6
14384
2741
20
0
422
6
19926
4
19927
9
13
12304
499
86
2
52
30
98
881
5
412
493
69
0
358
1
324
16
8
104
252
3
325
55
67
63
110
510
323
2
8
8
17567
66
361
552
13
41
5
849
551
1
45
0
725
14
48
10
15840
69
0
2309
6
37
913
254
1608
12313
4
14385
1138
28
5
693
6
14384
2644
1
8
21
176
2
8
238
6
0
87
860
6
0
15842
8
12167
6
17568
13
14
5
5969
12084
19
7472
6
270
1193
1026
1421
2489
4
205
19902
1
8
68
28410
219
12
3
161
2
15
1596
2010
5
14384
451
11
3461
173
125
456
4536
3
1207
613
3
1146
42
2019
182
0
14146
1072
6
5
5049
1421
2
135
33
98
450
3
147
55
459
0
693
18
1312
9
3036
3129
10
41
1141
31
19
11478
2
26
8647
70
693
20
7535
1596
157
8220
3
3206
55
827
26
19928
947
6
19
147
123
633
628
12
1028
18
461
946
26
2551
923
5217
0
787
1
7825
25
9077
4
14385
26
89
693
18
1028
1527
3403
1
2788
19
15843
1236
26
422
6
19926
4
19927
7
23280
13
98
1664
0
358


