4744
3989
6215
6216
825
45
3613
14176
61
24
38192
57
54
571
61
123
54
2604
8419
1307
3989
6215
6216
16882
23
2604
237
632
61
646
825
107
32
22337
35169
2
54
198
20129
262
14176
61
24
38192
57
54
571
5
82
13
3096
57
54
2670
27
18013
449
14176
37
4098
4918
278
38193
6216
37
485
2489
27
14176
37
582
5359
87
5860
1517
57
10938
75
5454
23
24
4450
9155
943
61
6903
57
24249
24
7464
515
38194
24
1566
37
1073
6330
27
10204
57
38195
38196
37
17
505
237
506
61
14
908
6216
8736
2805
7176
24546
515
122
331
12846
278
1310
331
9
14
16710
515
1094
4123
38197
417
24
5359
37
829
13
38198
14
1728
23
54
37135
14001
27
331
119
38199
57
515
61
57
14
4783
2158
61
369
45
496
215
3119
13
107
21236
700
1094
61
331
330
13933
7625
61
2604
3608
104
24
2095
34
38200
5
4450
25835
27
119
5359
825
2053
3613
38201
61
1747
2604
5
17132
61
704
2846
515
2250
1533
27121
89
24
11342
5
692
38202
843
215
706
38203
123
54
632
9
402
2158
27
6216
61
55
17058
9059
6216
5
5253
27028
5
12324
369
4011
13
16392
4772
202
296
27
119
1705
1385
638
4082
14
3613
13
14176
1348
358
14624
334
2787
5512
123
24
5359
37
55
4522
61
484
38196
37
6330
27
1031
2158
604
640
61
40
6216
28409
515
215
516
61
23
1217
61
3613
14176
484
1775
2964
27
331
628
629
841
515
484
707
333
64
5359
87
1841
628
825
3613
14176
156
61
331
215
330
23
14
1972
4860
76
14176
37
1779
5820
27
1705
1385
948
377
358
1643
24
700
57
24546
13
4330
122
2534
4781
27
842
7163
4156
1140
6954
5262
15001
330
24
4744
663
99
331
14
10089
13
16272
5
3622
27
331
3989
6215
6216
61
55
17058
9059
6216
5
122
5253
27028
5
12324
69
324
35
632
1905
2
14
2158
13
5790
5
6258
71
369
343
13
996
34
2604
185
202
331
10967
24
1217
515
14176
87
23
24
5355
57
122
6330
5
24
582
4929
99
799
89
513
5
87
2050
13
107
8331
1508
452
76
24
29151
5
24
5396
356
61
183
144
149
244
24
512
227
34
24
5359
13
198
13
14176
61
331
15001
330
27
14176
37
4929
99
100
31368
23
1579
352
13
24
5359
37
829
13
996
24
5188
445
54
20129
27
331
187
37
34
24
6795
13
5558
575
6216
1652
61
331
1609
38204
38205
330
27
331
1447
369
7754
14715
185
24
2787
9303
5
215
37
503
140
166
61
818
628
1018
244
850
24
1189
124
2528
449
45
2050
13
14176
27
331
842
4481
38206
61
14
4098
17167
129
763
23
38207
61
14172
37
2704
38208
61
330
24
4744
5359
149
3223
14
843
449
14176
37
4098
3071
91
933
6335
1638
206
57
54
2211
18538
27
331
187
516
107
14
6035
34
334
3607
5359
13
799
13
14176
5
11383
3139
680
61
331
38206
330
27
258
1094
61
6216
37
2489
76
14176
369
14
758
9
1969
398
57
54
4293
485
2079
27
6215
6216
61
31520
27
149
3132
23
24
2603
14162
1696
57
38209
61
4534
13
24
4744
13
1344
61
5
2011
5
477
24
5359
37
2255
23
7333
27
396
174
24
485
387
58
54
688
149
3132
27
19243
13
54
12746
262
6216
99
45
4828
14176
647
10645
1348
215
149
14
21230
69
324
71
6216
53
54
55
2158
13
14176
23
5280
61
58
54
571
37
897
61
5
598
33086
449
24
3613
23
54
23008
331
8141
2819
1003
5250
27
331
331
1003
3584
8254
5
818
628
8254
61
1872
89
14
2722
57
3749
61
38210
5
38211
515
628
638
45
1521
2294
61
331
215
598
27
119
5359
4828
14176
316
1533
607
61
594
970
23
10645
64
14
21229
21230
27
396
149
6237
91
6268
1873
23
24
4368
57
14172
5
23
38209
61
575
215
1949
227
76
54
3246
5
4828
54
571
37
7644
27
396
5
715
9059
6216
663
4864
510
5155
2826
61
398
57
122
531
104
24
227
13
4030
24
27731
453
24
4756
27
842
6216
37
14559
15085
6270
12431
24
4929
34
13024
13
22291
11419
1185
38212
3236
23
1579
308
2490
158
14
6481
2345
2
14176
37
6094
27
14176
37
4783
1609
330
104
24
227
515
6216
149
22775
57
14162
10023
5
105
1521
13
163
334
1343
57
2734
1398
27
14176
37
3989
38195
38196
99
100
2940
91
24
4450
9155
943
64
334
331
38213
3564
9
36463
331
34
24
10938
57
596
61
10635
61
7466
5
9541
5684
14176
87
334
752
8076
4068
34
24
4744
23
326
2604
27
842
24
3291
6330
99
14525
24
7316
27
38214
31029
61
129
641
3192
1903
64
219
57
24
4809
3789
37
2604
38215
61
330
23
24
68
9
47
13
237
506
37
6330
515
331
12846
278
1310
61
331
14
2951
515
149
10149
64
14
10015
75
38216
38196
27
742
10056
288
6078
12459
64
334
1754
20313
89
14
22546
5580
37
6713
27
38196
61
24
688
57
24
1566
37
55
5359
61
99
100
2940
91
24
29151
64
334
331
38213
3564
9
36463
331
34
24
10938
57
596
61
10635
61
7466
61
22233
5
9541
5684
7983
2101
91
54
120
23
24
5355
57
24
1073
6713
27
396
3428
215
87
1205
57
1193
8540
27
5401
1284
2768
308
288
1745
23
24
5814
7464
515
857
24
10643
1073
5136
27
119
29151
99
7345
33
24
56
57
38196
37
801
641
4957
2213
27
14162
7163
5359
6574
38217
825
663
855
2381
1517
104
24
5396
2959
23
891
27
246
6215
6216
825
3613
38201
61
1747
2604
5
17132
185
8419
246
14176
37
5359
38195
38196
5860
10938
75
5454
23
24
4450
9155
943
246
6216
45
4828
571
37
38192
647
10645
1348
215
149
14
21230


