3779
1275
3193
24
7456
987
14
1666
16756
13
1810
14
2315
1669
5400
23
168
17923
27
999
57
24
25234
912
12744
2707
14942
24
13744
64
183
650
23
13
2425
1748
237
1680
27
397
24
31051
468
9
1595
15852
4322
61
24
1709
149
361
11298
91
168
17923
57
1145
9757
2288
61
76
31052
57
47
13
895
2288
5004
27
1134
858
1046
24
7456
987
24
6790
57
14
1669
2707
1668
185
13
14
13744
64
183
1010
119
2315
1669
1010
104
2425
1748
104
1145
31053
902
23
9757
2288
17923
4360
24
1217
4968
31052
57
47
13
895
2288
369
5004
23
24
351
61
24
1709
9579
15843
13
1876
64
19554
1748
948
330
515
709
28694
105
100
4934
5
61
167
24
5097
61
15843
288
1622
13
1359
13
17484
27
119
1275
3193
24
31054
1669
2735
24
13744
104
1145
31053
27
305
55
61
24
1669
149
1191
40
61
64
183
650
159
13
24
1675
61
24
4968
16098
183
13
32
83
5
24
174
6790
2707
14942
159
185
24
13744
27
119
1666
149
644
13
1810
24
1669
61
14
31055
31056
4884
5285
61
5400
2241
1193
947
27
119
1275
3193
24
31054
1669
2735
24
13744
104
1145
31053
119
1669
61
502
105
8459
2
31057
23
5790
61
638
1810
5400
5
709
7967
288
2352
251
2425
1748
325
330
262
331
1447
369
370
709
13846
4779
23
513
5
610
278
53
24
9683
31058
13
9402
34
24
7635
168
17923
331
187
87
1722
24
1941
650
23
13
2425
2
31057
23
5790
27
251
2425
1748
325
330
262
1687
1447
369
370
709
13846
4779
23
513
5
610
278
53
24
9683
31058
13
9402
34
24
7635
168
17923
27
1687
408
825
1359
13
20896
24
5097
5
104
1501
369
10573
64
31059
246
7313
3193
24
7456
987
1669
37
174
6790
2707
1805
24
1675
246
119
31051
468
9
1595
15852
87
648
13
278
100
1048
23
2
5790
246
4360
24
4968
367
61
24
1666
1789
13
1810
24
15852
5400


