7499
1102
14286
9545
10695
131
1249
209
829
5
396
109
0
172
36
840
677
2206
3123
82
320
16
65
1793
17
17452
979
4
5977
8585
2
8
308
472
474
109
66
352
99
7
0
8
10696
1
8
22
10695
1
38
13
98
1205
82
83
2
8
15
3160
357
0
264
1
4
25
254
74
517
55
155
7500
1
13
14
979
33
37158
99
8
3
91
17452
455
5977
1718
1
36
22
2
8
104
80
183
14
92
33
979
91
17452
311
2
8
380
12991
591
1
6067
1
10695
453
123
231
82
83
453
492
0
87
588
693
3
2047
5
845
80
9
599
9037
164
7
155
7500
2
321
2797
14149
214
15723
0
123
231
9
70
9
83
9545
10695
28
1392
19782
4515
714
7
155
7500
7
484
6067
380
437
453
3123
82
192
3
0
132
56
36
87
1477
49
0
3144
3
1392
19782
4515
714
453
36
23063
14
770
17
0
8518
6
5
5690
7
27
17453
20
27
83
164
2
3193
1
36
13
17454
17
0
599
1021
38
2483
27
4
17
0
7179
9
4912
321
23064
38
1477
27
3
164
2
527
145
1
38
10
7501
63
2093
27
263
3
0
80
9
599
164
1
46
32
20
0
9038
253
2
10695
22
5803
1053
12248
541
209
2
96
3164
3
0
10071
1490
7
3048
1
4993
1
39
5
106
544
303
4
285
37
11237
588
130
1
5248
63
2858
685
116
31
1563
7
0
577
19783
1755
4
129
86
169
513
979
29
732
3
383
6935
3999
2
2403
7
6067
1
10695
1
13186
31
321
13190
1
34
3
1097
424
5
8179
6
28133
37159
5258
4
37160
7490
3
2667
27
164
2
238
211
4800
2659
3
11236
27
2
1094
211
738
49
20
4275
17
5
8068
17
5
588
442
5450
7
25
2
828
0
599
613
20
0
164
43
1200
28
2675
4
2420
3196
453
687
10695
23
0
164
18
118
693
2
10695
22
5803
10
5
863
90
519
2221
367
18
1464
45
14
19
13171
30
12249
5803
2
9545
10695
53
137
209
51
38
9546
6691
979
7
6067
182
9547
28
321
14149
1
4928
17
1253
37161
1
38
10
54
6
217
13190
1
20
0
13191
1759
18
3327
8
8479
13
5
128
1858
8586
122
98
1
8
36
22
2
96
829
20
27
220
3675
23
530
6
5
111
37162
2
590
1597
1
599
613
945
3
1392
19782
4
0
164
492
9546
1
36
22
2
96
176
14
36
219
3
9546
1269
4
232
979
7
155
7500
2
9548
653
3
209
16
15
164
98
19784
0
1392
19782
533
13
17455
1757
588
1
301
3
164
1196
2
101
155
7500
1
39
19785
1
13192
3951
482
42
126
3
747
62
28134
979
453
4
14
14287
1575
209
2
15724
209
143
49
5797
1757
6
0
270
164
37163
1
301
3
151
1196
28
0
37164
3182
11
3460
2516
37165
20
37166
422
2
96
180
15725
9549
150
3480
9550
453
13192
98
143
49
5
1506
6398
6
0
403
85
90
0
1557
6254
6
0
403
453
23
530
6
37167
699
85
19785
6
979
4
10072
2
96
8180
459
6867
4
164
694
516
74
84
67
3
143
979
67
6935
3999
2
8
1978
107
60
28135
979
99
7
0
6471
218
281
217
75
107
25
99
123
1
24
516
74
1190
459
60
516
74
84
25
209
11
0
37168
6
5
643
62
11
5
2124
2
8
96
22
0
1185
3
5
67
9546
2124
2984
17
126
2
8
8080
228
84
74
462
63
110
42
280
233
109
2
8080
226
69
0
172
17
2493
5311
1
2541
2150
1
8
36
22
2
8
281
60
33
159
3
124
162
136
5768
1
25
18
159
3
226
162
88
2
8
1475
0
23065
1
10695
30
383
5
6868
20
979
357
0
1793
1
1191
27
804
4
1359
55
127
5065
2
26
9545
10695
87
1327
37
80
9
599
9037
164
7
155
7500
3123
82
320
209
26
101
155
7500
1
39
19785
1
13192
3951
482
42
126
3
747
62
28134
979
9
50
170
2317
209
26
15724
209
143
49
5797
1757
6
0
270
164
37169


