258
1523
1524
261
262
1525
264
61
1526
266
1268
268
269
262
1527
264
61
1526
266
1268
187
1099
45
996
972
973
1528
5
1529
40
237
1530
481
1531
87
1481
13
1532
34
1533
1284
1389
1534
9
167
361
334
1535
1536
1537
1284
14
1538
346
27
1539
190
57
24
1540
288
1541
1542
58
1530
481
225
1543
1544
1545
14
1546
1536
76
1547
34
54
1548
5
1549
13
1550
185
54
1551
1552
1553
27
742
77
57
1554
650
47
76
24
1555
1530
481
1531
1556
1557
1558
27
119
1296
1530
481
61
1559
89
334
1535
1536
61
87
47
34
1560
104
14
1561
1562
1563
237
632
119
1536
149
1564
91
1530
481
58
24
1565
37
225
1543
1544
1545
14
1546
1536
515
105
1547
34
54
1548
5
1549
808
1544
1545
14
1536
515
215
44
1550
13
24
1566
34
1552
9
5
1567
1568
1569
1570
1559
503
190
1571
89
1572
1573
1574
1567
1568
1569
1570
935
1559
24
190
1530
481
1571
89
24
849
5
1236
1575
57
24
1576
27
1477
24
918
1577
1030
14
1578
1530
481
61
1579
1580
1029
87
1581
5
1582
76
1583
57
1584
23
24
234
27
1585
24
1536
87
1586
1587
64
822
64
1579
1531
1588
27
187
99
90
1589
5
99
1590
5
1591
1556
1592
27
119
1530
481
61
502
99
334
704
9
1593
1594
190
1595
61
825
107
1596
91
1597
1598
23
1561
237
632
27
119
1536
87
391
13
278
100
1599
23
1600
1185
1601
91
14
972
1602
61
57
1603
1604
61
1605
1606
61
502
87
1607
183
87
14
174
620
1608
27
251
1597
1609
330
262
331
1134
1531
149
1610
1129
23
24
1428
64
183
658
14
1611
1612
27
331
1613
1614
57
24
1536
1615
14
1616
1617
5
1618
1536
27
251
1531
1306
76
1619
1620
87
334
1151
532
9
1621
24
1622
1560
1623
57
1389
1534
119
1617
1624
1625
87
373
1626
23
237
1627
174
620
1608
187
1099
45
107
64
1628
64
24
1533
1629
1530
481
61
40
361
503
32
57
190
61
183
37
1586
1587
64
822
64
1579
1630
331
119
1617
1624
1631
1625
553
23
513
5
2
1632
13
1633
24
1536
99
24
1634
57
361
64
183
149
1348
1579
1635
149
1636
61
1306
76
1272
1637
1620
185
1579
1619
27
331
397
1530
481
1638
1359
13
1639
61
183
87
24
1640
1641
515
369
24
594
1642
9
58
5
23
515
1643
61
358
1018
244
799
822
226
1284
237
27
331
1556
61
90
9
1589
61
174
620
1608
5
76
1584
13
1644
1645
14
1646
1647
1648
1185
1552
1240
237
1649
1296
1557
1558
825
1650
133
2
24
1651
27
331
119
1530
481
1652
101
24
1653
104
1597
23
1654
1655
61
1561
61
185
266
1656
27
246
1657
225
1543
1544
1545
14
1546
1536
215
44
1550
1552
246
1539
190
57
24
1540
288
1559
89
24
1572
1573


