258
28727
7836
55878
261
262
55879
264
61
15
744
558
268
269
262
55880
264
61
15
744
558
119
701
19799
57
12089
26816
1956
99
100
1142
982
57
8812
55881
58
14
19671
174
24
2655
133
23
18708
13737
2414
4896
27
305
55
61
24
19671
4157
47
24
315
5
330
515
26816
55882
105
1876
868
61
818
24
3733
12481
14
15049
1713
34
24
2545
37815
61
129
104
144
1413
494
2033
61
105
55883
3383
13
45666
57
128
27
691
1347
2977
4606
57
13813
23
13566
3225
34
54
5309
4699
27
842
1920
202
61
24
3608
57
24
8505
515
4911
34
158
4792
24
1146
515
26816
55882
149
244
500
61
215
105
689
868
5
24
1074
515
4157
183
47
105
100
2896
27
521
159
34
522
13705
262
119
701
19799
57
12089
26816
1956
99
100
1142
982
57
8812
55881
58
14
19671
55884
174
24
2655
133
23
18708
13737
2414
4896
30827
262
305
55
61
24
19671
4157
47
24
315
5
330
515
26816
55882
105
1876
868
61
818
24
3733
12481
14
15049
1713
34
26816
55882
61
129
104
144
1413
494
2033
61
105
55883
3383
13
45666
57
128
331
26816
55882
149
14
416
57
612
6939
485
5
14
8651
398
57
612
763
34
24
139
1413
494
61
331
11828
30899
61
330
23
14
376
27
397
14
12089
26816
1956
31614
5
47612
61
215
4911
34
26816
55882
104
54
8505
3875
1413
2313
2
3780
27
331
408
369
5957
18
24
7773
57
54
5112
61
5
646
825
107
14
1581
22629
23
612
4086
34
405
227
13
799
61
331
215
330
27
396
459
24
37815
37
897
185
24
16258
57
334
1074
129
174
24
1762
922
401
402
185
2414
4896
27
55885
262
842
1920
202
61
24
3608
57
24
8505
515
4911
34
158
4792
24
1146
515
26816
55882
149
244
500
61
215
105
689
5
24
1074
515
4157
183
47
105
100
2896
4565
9226
262
1307
24
1762
149
1341
500
61
2172
57
12089
26816
1956
403
61
31614
5
10893
29786
18
24
351
13
2391
34
158
3002
262
119
2655
8505
87
2235
14
7962
333
34
1462
632
331
1031
1074
10074
7458
13
9019
183
24
286
880
5
2285
13
2244
183
47
61
331
215
330
27
331
119
1074
87
709
849
5677
91
30899
11727
4810
2095
27
331
1307
24
1762
149
1341
500
61
2172
57
12089
26816
1956
403
61
31614
5
10893
29786
18
24
351
13
2391
34
158
27
305
24
227
61
358
391
215
105
734
58
14
4549
217
5
2977
14
2947
2768
13566
27
4338
1267
57
745
61
358
42579
24
13566
13
2947
4291
27
119
2655
8505
87
2235
14
7962
333
34
1462
632
27
331
26816
55882
149
14
16944
416
57
24
12089
26816
485
5
61
609
61
610
825
704
1100
54
5112
61
331
24
3733
330
23
14
376
27
41078
262
2906
31614
369
2394
34
2655
12676
1517
13
107
3793
75
24
1074
11727
12371
262
11828
30899
61
24
47612
129
4911
34
158
61
330
26816
55882
149
1030
14
416
57
54
485
842
10442
87
45
692
1487
34
405
2655
7814
515
377
24
2545
37815
2831
45
278
1077
23
250
27
331
187
87
34215
27
419
61
157
37
2297
183
2
1541
2298
156
61
331
2655
17167
44529
9197
330
13
55886
27
579
10787
14
1306
643
57
24
2655
37
897
61
5612
515
55887
825
55888
5
35082
1348
358
32503
27
5298
31614
369
2394
34
2655
12676
1517
13
107
3793
75
24
1074
27
742
26835
61
26816
34242
61
149
4644
23
1073
652
57
450
9976
58
776
55881
104
14
2526
36
3301
27
246
55889
1910
76
47612
438
3780
104
2655
8505
246
55890
174
1762
922
34
4615
5
147
1142
158
982
61
7419
13
356
515
24
1762
105
1876
445
246
293
807
15049
1713
34
26816
55882
61
9558
2947
4291
246
7478
2230
650
6495
5
149
2896
34
16258


