144
1786
23513
1
491
3958
2797
6235
6236
6294
6
126
182
0
512
6
259
33
91
1141
4
3414
31
106
1
5
2177
365
30
310
2
15
828
9
2695
8075
1854
11
1759
115
77
0
81
178
82
28726
429
4
5513
43
1091
55
12
182
17749
9
480
91
182
0
512
6
1020
2267
7
246
4
970
2
3063
0
222
894
1
67
85
54
341
429
4
5513
43
1091
55
12
126
4
247
75
182
0
512
6
542
357
896
1244
2
15
106
29
226
182
514
11
319
429
4
818
3064
253
473
2
15
1206
1027
5675
417
421
48
70
5949
0
203
5726
11
41
23514
97
1138
139
1863
11
49
3
896
134
153
6
80
429
4
5513
617
31
0
1244
2
15
365
22
0
998
4190
1273
14
429
4
818
10
157
8
14085
8
12
588
4
5804
5205
126
4
247
75
2
57
115
14
6
0
2297
1244
50
1646
1196
11
0
3029
1
316
34
100
1443
1330
3943
11
126
4
247
75
9
50
206
1409
44
76
32
477
1328
2039
1
2846
9650
88
3
1797
4
4179
2
15
80
9
423
304
3104
1
8211
17638
1
22
16
8
104
43
2594
3
325
14
480
0
725
86
169
126
33
91
1141
4
3414
31
0
106
92
13
100
1779
5022
3
6853
129
3
465
17
126
1
1303
217
38
33
247
62
3140
2
8
1398
6
261
126
46
32
7
252
6
462
4
2647
1
2692
5368
28
707
7207
62
1720
1282
2
8
15
106
252
3
143
662
14
44
84
74
177
126
23
501
2039
4
84
67
3
1524
44
300
5665
37
512
2890
1295
3
274
284
2
8
5675
417
763
7559
4
1630
106
362
0
152
44
157
429
4
818
3064
10
4791
38250
23515
1
6
0
577
1759
18
8506
1
22
0
2155
738
0
252
11
5
111
2156
31
106
56
1853
17
247
75
2
52
22
16
8
5345
284
38
496
69
965
17
0
106
171
300
32
1015
7087
28
37
2470
2
8
590
126
38
33
20
759
6
8440
1
762
62
1282
25
13
1303
650
14
0
106
183
110
3144
3
154
3
1231
88
4
210
42
3396
87
2
8
8047
7237
28727
1
0
1755
6
1986
203
2614
8
479
12
429
4
818
1
490
5
396
6
2871
43
91
1141
2
52
22
16
8
15
1674
13
14
247
2039
33
14085
4163
23
234
819
6
830
4
3264
2
8
65
3420
3042
14
498
0
447
5
5313
512
6
5727
56
100
1918
10
2794
30
531
3
37
23164
1313
6
126
182
259
82
83
38
43
719
3414
2
8
101
0
5436
1000
1
126
33
473
1141
114
6
2336
14
44
33
91
13100
31
2039
1
173
1720
464
1
3
1256
679
1
2015
62
124
553
7
108
1020
2409
2
8
8047
28727
22
0
106
58
2428
0
4985
933
209
31
0
80
9
423
304
3
1524
44
43
118
4408
126
4
247
75
56
44
735
3
4
14
44
43
3900
17
38251
4
14505
2
26
3063
0
81
483
82
28726
429
4
5513
43
1091
55
12
182
17749
26
8080
182
259
182
0
512
6
1020
2267
7
246
4
970
26
1315
85
54
341
429
4
5513
1091
55
12
182
22593


