6966
262
804
50870
99
100
561
58
5570
54
50871
89
14
331
897
23396
331
76
50872
9
23
39043
61
3045
25265
10473
5
42802
9
47
434
6571
251
4319
3034
99
100
561
58
5570
54
5616
1563
89
14
331
897
23396
331
76
50872
9
23
39043
61
3045
25265
10473
5
42802
9
47
434
6571
27
804
50870
61
20667
61
1949
374
494
2329
24
50873
1605
32810
2233
23
10468
61
6084
27
119
966
149
625
958
64
14
331
18415
61
5014
1535
4319
331
76
1579
2534
36624
27
842
101
54
22547
61
183
149
10736
89
14
331
50874
331
50875
9
76
12620
50876
61
709
1229
8051
23
170
24
1071
5
144
14
414
16587
1083
47
24
1619
27
187
663
105
33694
11234
61
2339
12570
5
18784
298
76
20040
61
655
6400
5
44725
6634
24
11026
37
8743
20002
27
999
5616
61
129
638
45
9146
13
107
901
61
330
262
331
1007
278
7076
183
149
1030
50877
19975
61
40
183
149
822
1512
1284
515
27
331
1585
61
50870
99
100
561
34
2195
454
58
361
1142
3253
57
2431
19324
57
434
5
451
16704
101
24
30490
20291
14749
5306
18981
7066
104
6083
3222
943
27
12722
50870
61
3255
8915
3494
8721
750
158
215
105
1253
14
331
17051
13213
34
24
451
57
308
2797
23
237
3159
34
502
723
288
4723
331
27
396
359
262
331
691
288
11533
367
27
1134
87
334
29087
1021
5127
57
19324
57
237
7669
27
331
50870
61
129
10736
24
4319
89
14
331
7301
9
50878
331
11026
61
575
215
11207
133
18784
91
24
632
61
55
3327
5369
1348
215
6359
166
48325
7129
104
24
3159
23
10645
27
364
494
147
61
215
149
19413
34
1011
1449
17212
10437
61
5
24
256
506
61
10468
5717
19415
54
7157
5
11734
8009
343
13
1687
835
5
402
6266
434
5
450
5
451
38887
27
2308
262
119
20711
9
2033
1949
374
494
2329
24
1605
32810
2233
23
10468
61
6084
27
119
966
149
625
958
64
14
331
18415
61
5014
1535
4319
331
76
1579
2534
36624
27
12978
61
14
50872
9
23
20013
50879
47
262
842
101
50870
37
22547
61
24
4319
149
10736
89
14
331
50874
331
50875
9
76
12620
50876
61
709
1229
8051
23
170
24
1071
61
3045
25265
10473
5
42802
9
47
434
6571
69
324
71
12730
262
187
663
105
33694
11234
5
2339
12570
61
655
1579
18784
288
298
76
20040
5
50880
11676
262
50870
69
324
76
642
71
99
100
561
34
2195
454
58
361
1142
3253
57
2431
19324
57
434
5
451
16704
101
24
30490
20291
14749
5306
18981
7066
104
6083
3222
943
842
621
227
7160
948
1185
450
33173
289
61
50870
149
9440
5
3203
1106
2175
75
542
61
24
2959
944
27
3255
3494
750
50870
262
331
31763
13
4081
13
723
105
100
53
40
723
105
100
35695
5
3203
1106
2175
27
331
187
4123
851
9542
149
515
308
288
2797
646
34
2801
5
358
288
624
317
5
1222
358
638
45
639
24
4918
515
149
122
2536
27
331
162
563
35
506
61
50870
37
17032
104
24
4319
9
1802
9
11026
2291
1348
27986
8699
24
3159
58
1229
4767
948
743
646
288
308
373
5101
104
24
50881
27
2233
262
999
5616
61
129
638
45
9146
13
107
901
61
4373
24
11026
331
1030
50877
19975
61
40
822
1512
331
37906
262
32810
2233
87
324
23
24
12117
61
1348
183
149
14
331
18415
61
5014
1535
4319
331
76
14
36624
18432
262
119
4319
9
1802
9
11026
99
1094
100
12571
47
256
50870
37
7707
5
1364
3254
4522
7637
20686
5
14
1762
288
1142
810
24
1071
61
349
32
111
129
105
100
2797
23
24
2930
34
166
494
27
691
288
621
3886
1389
1851
14
632
23
3898
61
24
2959
944
27
29351
663
554
14
3760
57
451
31043
61
349
334
13406
8051
9742
9631
76
49987
25019
61
1011
25265
10473
3045
5
4121
515
50882
105
1129
32
57
24
18784
27
40086
61
434
6571
105
663
100
42802
9
47
1185
12225
445
104
24
50883
167
104
306
32
722
23329
406
5
14
1581
50884
57
2331
1462
13
183
27
50885
262
1134
87
32
57
24
1011
25265
10473
515
50870
3045
5
174
18155
2
24
20013
50267
13710
3283
50870
105
709
9511
4734
34
24
50873
11026
27
20288
7657
61
10955
61
330
262
331
1447
149
45
32
434
4472
515
105
45
100
40023
5696
61
42802
5696
1185
12225
76
2043
20173
27
331
119
918
1116
61
24
503
11221
4472
105
91
183
170
6208
718
57
23329
406
27
1134
438
14
8295
50886
23903
27
119
503
880
133
105
14
3027
9767
91
183
27
331
808
7657
330
24
1413
8895
61
129
11207
18784
185
24
55
674
61
516
278
11346
14
3232
57
331
897
25344
331
2831
358
278
4995
13
1488
27
331
5048
133
57
1547
28154
61
1222
358
1802
13
122
700
13
1488
358
516
850
14
1116
40023
5696
27
50887
174
87
24
880
13
24
2043
20173
61
331
215
330
27
331
119
503
880
13
444
133
87
13
1876
1817
24
32071
13
24
33906
8750
61
689
24
13406
23007
61
689
24
406
50888
104
24
918
1116
27
119
622
434
1488
185
24
1675
674
149
61
23
1217
61
42802
5696
27
331
119
3821
4991
105
100
20292
23
334
7745
5
1169
880
27
3627
503
149
183
35383
2
434
40
14
434
4031
23
1981
27
331
396
359
262
331
808
50870
149
1414
13
19328
23227
76
24
434
333
13
7780
24
4918
27
331
842
215
3203
1106
2175
75
24
434
355
6261
13
542
496
132
1030
49987
50889
27
331
162
24
2510
57
54
13960
76
542
61
215
638
8931
515
24
308
129
1910
646
288
624
317
5
2831
639
1222
358
369
5309
1185
45
5
1222
45
358
2831
996
27
13526
262
40086
61
24
3159
105
144
32
414
16587
1083
47
24
1619
61
6083
3222
943
944
43992
50876
262
12722
50870
61
3255
8915
3494
8721
750
158
215
105
1253
14
331
17051
13213
34
24
451
57
308
2797
23
237
3159
34
502
723
288
4723
331
27
12978
61
24
4319
37
13406
8051
49994
262
50870
61
129
1663
24
4319
64
14
331
7301
9
50878
331
11026
61
575
215
11207
133
18784
91
24
632
61
55
3327
5369
1348
215
6359
166
48325
7129
104
24
4319
23
10645
27
12978
61
49987
25019
331
396
510
3898
2
308
13
761
10616
23
12695
61
13855
13024
13
4082
434
451
5
11612
2540
14
45264
133
57
24
1217
515
358
288
317
5
183
149
455
13
1018
76
158
27
331
187
149
14
513
575
405
57
24
1857
18784
288
144
298
76
2192
27
331
50870
149
2104
14
1085
3254
4522
23
1972
58
361
560
57
145
1449
17212
1517
17295
13
54
3403
27
4810
33173
105
1142
24
223
18326
5
1240
35065
76
11111
5
34847
61
655
1449
105
100
8774
21283
27
50890
262
50870
61
324
76
642
5
7160
355
104
24
10468
4319
61
99
663
100
19413
1389
50891
19125
262
119
8731
149
658
133
91
13625
355
2
10468
5717
5
6084
14749
329
16721
262
5717
355
23445
24
11026
69
174
71
61
575
50892
50893
288
1142
8244
434
1161
69
700
71
119
2107
8731
149
658
133
91
13625
355
2
10468
5717
5
6084
14749
329
27
378
922
2959
61
8594
1702
14749
798
5935
9531
330
262
331
408
369
6028
76
24
17403
57
24
501
5
183
14679
14
843
13
20683
1853
24
1566
13
3477
451
2351
27
331
628
1835
57
24
1343
515
237
87
24
6751
17226
6578
2104
133
91
14
2959
647
237
3258
149
1459
374
494
495
27
331
1447
87
709
3259
515
23
24
501
24
19324
23
434
451
44
278
50894
13
60
1185
189
57
562
27
331
14749
355
1142
24
501
1870
24
1605
32810
149
24
594
4238
358
278
1541
1142
27
187
149
8632
27
331
50870
99
663
100
19413
1389
50891
27
246
804
50870
61
20667
61
1663
10468
37
1605
32810
2233
34
374
494
246
12995
149
625
958
64
331
18415
61
5014
1535
4319
331
76
36624
246
842
101
54
22547
61
24
4319
149
10736
89
14
331
50874
331
50875
246
50895
3866
49987
50876
61
33694
11234
5
50872
9
23
39043
246
2742
105
414
16587
1083
47
1619
61
655
18784
288
6634
76
20040
246
1585
61
50870
99
100
561
34
2195
454
34
2431
434
5
451
19324


