144
7760
866
293
16
27764
138
1
575
555
151
291
287
16
36507
138
1
896
555
151
4963
17286
10
928
82
83
56
27
145
14139
669
14140
2464
1
371
27
0
36508
15566
3
2173
2464
1
38
34
239
398
82
421
7
5
4419
1568
2
2838
0
2464
117
1
4963
4
27
117
43
658
4138
7
6420
1
432
31
4418
1760
4
482
3
5
4419
1568
56
4963
10
79
414
2
4963
4
27
145
1671
0
5222
11312
1568
7
4252
1
27
244
4
566
107
74
2
380
42
505
3
6420
14139
865
7
361
17
14140
2464
1
0
118
848
6
0
2464
117
3
3201
0
6212
1
4
44
669
7
8129
2
297
94
11
167
4963
17286
1
15566
6
2173
2464
1
532
12
139
3252
3
3065
27
9991
1
334
11312
2173
4
27
757
15567
234
239
6
36509
119
5801
7
0
27765
9
36510
4419
1568
7
9992
2
191
494
0
5479
10
658
7
0
6420
260
14
0
117
444
64
82
4138
7
1
2173
492
54
6
0
148
5186
819
6
0
6212
2
657
0
936
6
0
172
682
2347
3
0
2791
27766
82
4
158
1612
192
1
4963
115
576
7
27
420
15566
18
5077
2286
717
2
139
149
4963
443
27
200
9991
1
334
11312
1
50
3775
0
205
4
849
2603
2173
18
6179
30
34
12
27
220
142
2
1287
0
22798
9
83
1
38
98
630
7
160
1
532
12
139
3252
3
1071
63
5
142
444
576
17
5
7351
2
4963
22
16
8
24
157
3
183
27
56
60
43
485
82
83
2
96
10
810
410
28
121
2
24
10
5
19418
4
36
10
369
810
5
5090
305
290
2
8
96
3438
3
812
2361
4
36
3438
3
32
0
528
6
1120
4
29
75
140
27
2
8
378
164
36
10
180
240
271
27767
27767
240
114
36
3066
86
194
1
36
158
213
289
1718
3
2253
16
240
24
392
41
1071
7
1108
2
240
8
8
221
43
5
333
869
14
219
69
4138
4
15555
810
5
333
1671
2
8
1461
6
136
869
43
9993
2
101
136
276
60
692
38
9993
282
2
57
10
5
3124
1941
2
25
46
202
32
330
38
9993
0
27768
2
8
2173
2464
1
137
323
17
27
117
1
492
54
6
0
148
5186
819
6
0
6212
39
27
5479
10
658
2402
7
5
260
7
6420
2499
6
6003
12
0
868
31
0
749
1278
4963
34
306
63
0
8
147
9449
8
4
110
44
4163
90
36
4
27
117
43
432
2
89
36
78
139
3252
3581
8130
13051
4
4711
22799
14
36
10
74
882
128
2999
56
36
10
1397
2
96
22
16
8
249
60
43
432
60
170
34
610
14
60
445
32
482
3
5
541
147
1568
1
114
0
8956
170
735
910
2
104
43
2999
45
60
107
74
183
602
558
45
494
60
806
7
11312
1
60
692
2
8
8
101
11312
92
10
15568
1
17287
1
2095
1
504
147
4
3695
2
104
692
3695
10
2621
80
6
0
71
2
249
0
1568
1195
532
60
692
25
10
849
546
2
8
3526
10
86
9376
1
66
34
3
32
3928
80
0
71
1
688
3
165
13019
558
66
300
692
14
0
880
10
92
2
8
4963
738
8130
4
3357
0
13052
245
12
27
22800
14
36
10
2410
17
7
0
1568
1
324
16
8
139
817
24
46
300
1714
2
8
14140
2464
17
14139
1
4
4963
18
105
2193
7
3592
7
9350
2
36511
16
27769
4963
17286
9450
4963
17286
17
27
145
1
14139
1
4
1446
566
22801
1
38
239
7
11312
1100
4963
521
14
27
145
34
40
2153
39
36
408
27
7425
1841
3
0
11313
54
132
14139
34
7
725
1671
4
0
64
43
5091
494
44
43
4822
4
204
99
3
6420
2
15569
63
129
27
145
224
3
4247
14140
2464
4
129
36
224
3
32
330
1107
23
8
2173
2464
18
15566
8
4963
22
16
8
135
43
234
1054
2
581
145
175
14140
3
15570
1
5179
59
4029
1
44
309
3
11314
12
277
108
2
8
334
95
145
669
14140
24
309
3
32
2687
23
2173
2464
18
15566
2
24
273
16
24
322
170
5
447
1
24
29
5
540
4
24
960
162
0
222
457
36
107
2
57
10
5
717
71
558
3
177
95
145
86
596
253
56
24
34
11315
95
244
2
8
24
1117
2452
25
1
24
273
24
29
5
142
1
24
29
5
117
1
24
29
126
4
2173
30
739
2
8
4963
738
3581
8130
4
3357
0
22800
3166
14
36
10
2410
17
23
5
284
6
11312
13053
172
16
2838
0
27768
1
4963
18
117
444
418
82
91
2402
28
4418
1760
268
44
43
9993
31
5
3124
1941
4
432
2173
18
5479
10
658
7
0
260
7
6420
113
0
2464
117
444
64
82
4138
120
8957
294
168
23
27
1300
12
139
3252
4963
10
3310
12
2618
441
18
5183
18
27770
163
1
113
36
78
1227
22802
1139
16
8
15
702
30
19581
7
5
152
1
114
24
29
3066
63
25
5
396
2
57
13
300
17
121
45
25
18
41
86
4253
4591
2
8
89
0
2830
3
383
0
447
14
24
10
311
39
0
868
30
40
504
2
8
788
25
13
228
650
3
812
0
804
14
98
24
322
228
5
128
596
447
4
24
183
24
10
128
1726
3
3201
1
3
124
55
4
3
29
5
117
2
8
4963
61
312
0
4145
81
149
56
36
2833
4964
4157
393
3125
8958
11
687
5
1458
1183
39
5
703
3
0
2173
2464
2897
14
21
2183
2173
8
58
29
40
5
36512
2
8
101
1295
3
0
3211
0
1538
489
1
4963
22
16
8
57
18
86
14141
2
96
1131
58
29
40
5
1843
2
3778
41
218
8
52
47
5
247
130
4
36
10
5
247
290
1
4
36
3438
611
1657
4
1178
2
135
143
5
396
6
15571
63
850
14
13
3869
17
2173
2464
2
8
8941
0
412
772
12
0
139
3252
587
4963
17286
18
672
1
334
11312
1
13
55
98
26
4963
1
8959
1
532
12
139
3252
3
3065
27
9991
334
11312
26
4963
10
482
3
11312
808
414
17
145
1
14139
1
244
4
566
26
527
244
239
7
4419
1568
9
23
107
2173
2464
18
145
26
14139
192
865
7
361
17
2173
18
244
1
14140
2464
4
44
669
7
8129
26
4963
131
36
692
2173
23
5
284
45
0
64
43
202
373
26
4963
15572
2173
23
5
27766
38
1174
3
32
528
6
1120
26
15573
142
7
27
15566
18
5077
10
717


