238
848
6
0
270
8930
20
0
844
6
0
106
7
7314
274
132
1
0
507
491
73
1750
2
1475
0
454
6
0
70
1
362
28
0
1615
47
14566
10112
794
29
285
552
274
823
269
2
15
2001
1313
496
39
5
487
1387
81
872
932
92
33
35
106
193
50400
2765
7
0
264
2
16918
4601
29
40
140
150
0
4917
2
15101
1147
30
180
11
37
6031
3029
69
0
2541
327
1
50
29
40
1243
31
1113
362
2
50401
998
29
310
14789
106
1244
29
285
54
447
5
132
150
0
454
6
526
2
203
4348
0
1777
6
9066
7
468
39
64
362
43
285
65
179
654
4403
466
1086
782
13
369
5340
37
1805
493
69
2957
6
2448
106
5713
7
7314
133
67
85
272
6
50
33
22
3
32
4482
2
8979
4481
1986
5647
19109
3857
622
92
231
187
320
1
1780
39
9179
28
0
3994
203
2
52
3775
0
245
6
106
4626
12
0
1615
23
35
79
33951
2
101
1295
3
327
6
193
12204
7
0
7314
10372
2132
21
78
0
491
92
10
5
3838
3536
14
0
106
43
1003
75
114
44
692
44
58
141
124
88
69
186
2
35
221
13
5
3838
3536
14
0
106
33
1003
75
38
516
141
4048
124
3
0
3393
2
1
8
21
22
2
8
15
3393
29
676
26633
2
29937
33
82
4
82
374
2
871
1000
33
3268
31
0
3393
1
114
0
106
530
13
1107
41
49
3
9517
2
8
57
13
717
1820
75
38
33
3865
511
3
1629
12
26331
2
18005
1535
1
0
106
161
44
35
80
0
75
60
1811
33
3621
1
44
29
3807
1
60
29
37
4130
17
88
4
44
33
50402
22
68
3857
2
35
89
0
11109
2749
794
254
41
525
49
17
0
2209
3637
7
169
6
0
50403
35
65
189
9
877
2099
30
1691
53
7
0
106
51
14
261
7920
4626
46
26634
0
5631
6
3621
2
57
13
5
1274
4791
4
3421
2156
3
50404
5730
106
2667
9066
3460
855
7
417
468
2
139
70
18
998
1750
5
1083
7
0
245
6
75
285
31
362
150
81
70
68
3857
562
5
8
189
9
877
2099
8
7
50
106
362
33
603
6
1003
3621
38
516
74
124
3
186
2
4087
1
362
7
9066
33313
3807
119
18220
1777
4
4408
2281
68
3857
3164
55
0
5768
197
0
1615
18
106
794
4
14
6
160
113
0
1163
6
975
9298
31
3994
106
2290
10573
4
37
1566
191
21
860
55
14
0
106
47
4585
13
41
346
23
0
466
1526
12
0
5729
1615
13
23
232
23
388
2
68
3857
1
38
531
5
695
6
232
9
1709
3224
5185
173
217
69
0
466
6
749
2422
7531
50405
4
0
35
4400
7
0
50406
193
6
11126
3774
4003
940
1
176
16
35
3563
22587
75
43
2153
7
7314
53
1390
12319
51
81
70
2
35
24
73
210
14
69
6717
31
324
14
357
0
1030
6
160
53
1390
140
802
9
15873
51
1
92
43
639
5145
7
0
70
90
24
29076
378
0
1043
1526
1
0
245
6
75
285
31
106
12
0
5729
1615
48
70
76
33206
0
23600
6
151
2
387
1313
133
50
1041
775
75
7
436
1054
133
4163
5
6068
1083
12
1603
7
0
1033
64
82
2
101
190
1
50407
75
43
285
31
106
119
0
16189
1313
11
411
10
31163
2
68
3857
1
3511
1
1624
21
4
19
174
6
2473
2244
20
7314
47
4492
3121
6
13110
133
5
4256
207
49
7
468
133
33
1418
37
4239
1377
23
44
1228
3
934
94
0
245
6
75
285
31
106
2
19109
3857
53
93
51
22
21
10
41
1689
11
19
715
45
11
14
6
19
2244
647
33952
2
318
174
33
137
7
50408
3662
1
336
9066
39
64
266
43
285
31
106
334
775
75
43
285
7
436
81
70
1
68
50409
4256
477
5
1382
1059
3
3809
1335
63
0
4576
6
5713
1
50
118
21255
105
33953
7
5
973
487
1387
1475
21
806
12
0
1615
1
231
106
362
29
40
572
17
466
4
21
13
1591
14
7
5
264
113
5
1237
1003
73
752
23
305
23
72
406
1
19
431
13
41
340
97
3754
2
52
22
16
35
24
322
41
2481
63
95
220
715
2
24
322
67
1689
63
95
50410
674
70
80
45
608
6
0
23600
75
285
31
0
106
43
303
2
15
1879
6
217
38
239
76
32
562
23
3621
1
17
125
585
62
108
1
22
68
3857
2
52
22
0
75
285
31
106
35
33
3951
6988
1
3621
1
2423
1025
62
8666
20
186
2
135
33
41
1269
9
1108
25884
2
35
12031
38
355
530
127
10112
362
29
61
40
285
1
23
29
1274
2910
75
11421
94
31
50411
68
3857
562
0
8151
4615
197
8791
7
160
4
0
5729
1615
2
895
4481
5647
19109
3857
562
0
1081
23
8
79
1926
8
52
22
16
35
24
10
1559
0
4323
6
0
975
9298
1566
7
160
12
438
2
24
273
25
10
810
3947
129
75
4929
3
54
957
1163
31
0
106
1
50
50412
601
5
7563
1
45
50
1566
4637
756
10
5
13219
1003
2
8
24
408
129
0
3886
6
0
3224
219
12
438
4
92
10
5
396
6
559
1062
7
0
276
2
35
24
472
395
3
741
4062
11085
9
7638
1
114
0
9298
276
34
80
0
26635
6
37
11059
1163
133
37
14633
4903
1
167
3420
1
3885
4
530
6
106
1329
4
25
80
224
90
37
1566
3
32
1159
4
7
14
276
10801
2
35
3063
323
1
7
0
87
608
230
6
409
1
60
34
608
75
303
420
31
0
106
2
35
89
128
305
1
112
711
13
22
2
221
13
100
106
1295
1
221
13
100
2819
47
1566
2
580
270
6483
2
15
755
6
1295
1
62
1521
6
25
1
13
1107
11792
2
35
33952
10
2550
31
0
956
323
3
33954
0
14789
106
1664
784
4
3
688
3
934
94
133
162
550
4
1864
4
4036
6
106
5392
133
0
755
6
5713
2
12595
334
775
75
43
285
7
436
81
70
1
68
3857
47
4256
477
5
1382
1059
3
3809
1335
63
0
4576
6
5713
2
57
21255
118
105
33953
7
5
973
487
1387
133
5
911
1
2505
1
6
129
158
0
559
7
7314
33
41
1549
31
0
10248
6
106
4626
2
378
5
270
935
7
484
1
21
1002
6
19
6107
14
105
82
39
19
4256
10
207
49
1
169
7
0
106
170
17734
0
6057
12
5713
2
35
101
0
255
4
4310
1
37
1805
265
13
79
14
1
25
2180
55
3
2235
12
5159
6
0
270
3916
6
193
1
23205
1
80
6182
6
457
4
254
74
1207
0
106
451
3
9563
17
0
2294
50
29
40
50413
21
176
2
26
65
447
30
40
285
31
106
274
823
269
150
0
454
6
526
26
65
487
1387
800
932
92
33
8
106
193
12204
8
12
1615
26
15101
1147
30
180
11
37
6031
3029
69
327
26
895
654
4403
466
1086
782
562
8
11109
2749
794
8
26
8979
4481
1986
5647
19109
3857
1002
6
8
7920
4626
8


