258
259
8595
4433
29968
2039
16062
87
3020
749
24
16154
159
185
54
10534
2436
2437
1915
91
2215
54
2489
76
2425
2426
27
119
22475
15033
61
129
4494
54
55
7150
6524
185
54
15062
5888
23
4824
61
9270
61
1802
2424
35
506
5
99
7185
100
605
648
13
1720
215
2831
1359
2505
34
2276
36
27
8154
19523
215
87
10982
1795
8952
47
54
7385
58
3360
29969
91
14
4793
57
2505
227
27
2994
521
159
13
2995
2039
16062
27146
5
7284
15281
76
1543
7531
9360
37
47
262
2039
16062
87
1481
13
8220
47
54
7385
104
24
1029
57
24
36
58
14
10534
1915
104
2425
2426
12838
185
262
16062
87
605
4238
3626
13
1775
2436
2437
5
15640
3383
104
2276
2439
162
14
321
3371
5342
61
215
87
605
4238
3626
13
9858
54
16788
511
101
1785
1543
7531
5
1775
2436
2437
22292
104
24
1029
57
237
36
27
9841
14
1454
516
3307
1025
7472
218
2436
2437
58
24
32
9
2439
15033
149
13966
185
13
7531
331
16788
274
23
496
149
719
64
14
1431
1795
11381
158
34
14
1243
29970
13
24
1785
37
1086
23
494
13
799
27
842
16062
87
45
503
2472
13
1029
32
57
24
594
16203
2505
2047
23
3291
4567
40
221
14
6495
217
5
1359
54
16788
29971
868
2
2426
61
23
24
840
57
4800
29972
5
15640
3383
104
2276
2439
27
2436
2437
3187
369
29973
2786
34
14
829
2
16062
61
129
53
54
3649
64
2503
34
1751
9
33
7034
5917
23
14
15
9
2459
82
252
13
16118
185
563
15
61
6585
5
285
185
13
81
705
514
23
24
2544
27
618
24
233
262
842
16062
87
330
13
278
624
11320
76
14
4793
57
2505
227
101
1543
7531
237
36
6603
3695
262
16062
99
100
104
2425
2426
34
24
22974
57
54
2505
1915
246
2039
16062
87
10982
1795
19068
104
24
1029
57
237
36
246
119
4388
9
2033
61
129
99
100
104
2425
2426
647
9270
61
87
605
4238
3626
13
9858
54
16788
511
61
401
246
16062
44
1359
16788
868
2
2436
2437
5
87
2472
13
3382
3383
104
2276
2439
23
14
1454
515
516
20864
1785
1543
7531


