281
66
352
1753
2263
17498
3
212
1174
54
7
270
1
66
445
79
188
3
718
48
167
87
2
65
21428
52413
1512
94
12
54
2784
3
1821
19
1028
3
4247
59
1
45
36
26763
59
140
0
251
17
5
34626
18
34627
2
15
52414
167
1
303
7
5
1677
5569
7
3339
1
332
0
130
1
562
23
37
8
2119
3194
8
1
4
0
290
1097
49
3
5
304
6
26904
2
297
94
11
167
24
148
1728
1351
74
16
15
638
0
130
18
270
984
3539
1110
52415
821
56
19
58
9
32
2285
26763
59
726
0
251
17
5
34627
294
0
8078
2212
5
3
326
21
1104
5
10765
4
11406
69
5
28430
1703
324
16
8
24
29
5
128
721
827
11
5
128
721
290
2
139
13
113
60
649
105
187
320
2
8
308
33
95
12564
1
66
33
95
52416
8694
1
66
33
95
52417
8694
1
95
5263
850
1
4
24
183
66
325
48
34628
45
24
188
815
3
183
1
66
143
121
228
596
2
8
294
5
1730
17124
457
454
159
2859
11
0
130
56
5
4420
704
9
876
5569
1001
10749
424
1
1949
0
4399
4
0
5772
290
52418
8
5245
95
15218
815
18
1559
2
8
2307
1110
16
15
130
1
2655
31
5
304
6
26904
1
3181
19
3539
1703
7
5
3339
1677
5569
23958
0
1332
16
52
7417
94
12
54
2784
3
1821
0
290
3
32
19
2285
23
36
19499
59
3
429
52419
16
15
4584
290
10971
0
34626
18
11751
7722
6601
0
7848
26905
140
0
251
52420
0
130
1575
16
8
24
29
5
305
8019
11
66
4
24
188
815
3
1487
48
2
8
249
66
2545
1
0
1030
172
4493
4
26334
11
5
119
2
191
95
664
52421
3
1017
4
92
13
739
1162
24
2806
5004
66
2
8
294
21
1512
94
12
54
2784
0
290
19499
59
3
429
45
21
1575
16
8
191
24
1217
29
54
1332
11
66
2
308
3431
143
121
14
17153
447
12
3883
2
8
2867
13243
16
15
130
2984
7
5
15604
13614
12
0
640
90
0
290
6997
103
89
0
290
1107
73
41
154
4591
4
36
52422
0
11751
7722
55
6
0
844
6
54
6
0
26904
4
52423
27
26905
726
0
251
17
25
2093
59
3
0
898
7
5
15604
13614
2
96
123
12291
0
6292
1095
0
640
4
4
6997
103
2
15
4741
30
150
698
4229
12
3031
45
92
13
5
989
6629
25
76
32
5
6380
3894
1
41
7
0
568
114
0
5569
1001
4846
0
3504
827
8
41
86
5252
8
2
26
52424
8507
496
5
33912
7
3339
1677
5569


