251
1611
4345
99
100
18704
23
14
4094
320
34
2978
1267
652
646
288
709
787
6670
20173
787
23
24
1428
27
11203
1172
18089
61
5560
61
2
35587
61
10936
61
149
140
35588
64
398
57
14
1413
9
751
9661
2158
76
54
715
23694
61
12414
61
1348
215
149
4410
13
320
76
1404
11601
19035
27
4094
4047
1142
215
87
776
2
14
35589
35590
502
87
1286
14
80
18095
23
54
11601
61
5
330
215
4995
334
4046
23
24
1428
575
215
516
444
24
9683
5016
9
35591
4014
27
1172
18089
69
324
71
149
140
35588
64
398
57
14
1413
9
751
9661
2158
76
54
715
1348
215
149
4410
13
320
76
1404
11601
19035
5
750
215
4995
334
4046
842
1348
54
310
6469
1565
4553
166
13387
438
54
82
358
288
750
646
288
709
2801
20173
27
119
540
37
5794
486
17073
2535
5
807
14
531
61
933
102
185
24
13387
5
3431
2002
2
122
125
3817
27
808
18089
61
129
87
373
370
23
5492
61
99
2113
100
2977
14
5282
104
24
1741
2426
7628
23
4526
61
1715
61
5
87
343
13
1681
82
8262
27
842
58
2978
1267
57
45
5363
61
589
18089
61
14
4644
6670
31365
61
330
262
331
628
2245
997
6725
9
628
149
6384
1348
610
288
750
449
646
361
709
20173
27
808
18089
149
750
91
4047
215
4995
334
4046
23
24
1428
575
215
516
444
5016
9
35591
4014
808
18089
37
26717
10952
166
13387
438
54
82
262
4505
1741
21625
61
4526
37
1741
2426
7628
69
324
71
5
35592
37
13031
7304
7628
9
40
704
330
646
288
709
20173
787
34
158
331
408
696
365
3366
1131
704
612
763
5
590
612
6667
27
331
1172
3366
104
24
3733
34
4983
494
1185
1533
5
628
149
14
31365
34
24
6670
34
2424
494
27
331
408
696
590
612
6667
704
237
227
5
935
34
237
13
2191
9
628
149
818
11320
27
331
378
2
5492
61
926
359
262
331
408
105
704
24
6124
6469
9
502
87
244
9740
9
818
183
2831
278
100
35593
704
24
880
218
27
331
842
655
24
4014
109
99
100
3331
61
183
87
33
23
24
1428
575
646
99
100
704
24
1765
27
331
396
87
776
2
14
35589
35590
502
87
1286
14
80
5
7894
18095
23
54
11601
2036
3733
2229
2230
808
18089
8409
13
5492
76
54
715
64
398
57
14
1413
9
751
1060
2158
76
24
35594
5
35595
6603
23
5657
27
396
1770
13
2245
32568
185
266
3970
58
14
3600
133
5
58
776
1401
23642
285
13
7628
13802
35596
61
575
215
149
4001
76
1449
7730
27
396
4634
13
54
9661
76
5084
40
1348
54
11601
35597
13
1413
607
1579
2360
2146
215
4634
5
149
4286
719
91
3573
4047
27
691
4001
24
35590
185
54
35598
502
105
1515
54
11601
13
11576
5
18095
61
1775
158
23
9533
27
11594
750
24
35599
215
4995
334
4046
13
3051
398
9
1222
45
704
9
57
54
11601
5
343
13
3027
174
9
18
1187
5
24
2296
34
908
9
415
5016
9
35591
4014
61
24
4046
2831
2191
23
24
1428
27
589
18089
330
24
26717
129
223
76
24
35594
5
35595
6603
10952
166
13387
438
54
82
9
4505
1741
21625
61
4526
37
1741
2426
7628
5
35592
37
13031
7304
7628
9
40
704
330
646
288
709
20173
2801
27
331
408
44
244
1014
183
61
331
330
589
18089
27
331
4505
330
709
61
4526
330
709
61
35592
330
709
27
331
691
330
358
105
14
7508
57
4014
13
24
342
358
253
105
61
5
646
288
709
20173
10092
27
408
44
244
1014
183
27
331
1447
149
4174
57
144
1048
33
5
8695
13775
23
24
9227
251
5
12012
61
40
610
516
10616
935
107
450
4323
23
612
2534
1566
61
5
515
638
244
3083
700
27
331
1307
808
18089
37
6469
1565
4553
13387
438
54
82
358
288
750
646
288
709
2801
20173
3689
5
485
807
24
3710
1172
6688
531
185
2414
61
13417
13387
13
1292
122
1027
5
35600
24
2002
57
10935
3817
16590
2121
27
5898
589
18089
309
14
1724
2
26717
13
377
4526
37
35601
105
1094
4073
1579
1027
5
808
18089
87
343
13
1681
82
8262
4205
90
332
34
54
4046
27
589
18089
330
262
331
187
87
8815
13
24
2002
57
612
486
5
610
369
818
12625
27
331
378
2
54
320
5282
23
35588
902
808
18089
330
215
1999
8322
91
54
2534
1566
27
396
330
262
331
187
87
5993
5
4879
515
237
99
640
61
24
1217
515
851
2534
1566
1492
244
442
723
27
331
187
87
14
2183
61
2183
4918
13
107
23
27
331
331
3116
278
13
8900
13
14
5538
833
531
5
8153
851
3817
9
183
37
45
1465
610
648
610
516
278
13
1018
27
331
187
37
2471
17471
27
119
16536
109
278
330
13
703
515
358
648
612
1566
149
5006
9
358
847
244
1014
183
27
331
808
18089
37
198
26717
35602
35603
289
23
310
1565
35604
13
1812
5
442
532
14
320
5282
23
327
27
1178
35604
8567
330
122
410
77
2325
76
4505
1741
21625
61
4526
37
1741
2426
7628
5
35592
37
13031
7304
7628
27
579
330
262
331
162
19439
808
18089
37
35605
13
24
1428
610
278
100
23
17362
76
14
346
57
371
13387
362
24
6605
13
5448
54
7113
13
24
6350
3065
34
54
310
5150
27
331
397
808
18089
37
4382
149
4868
13
14
5780
57
1292
123
237
227
610
813
405
1664
23
35606
502
57
1508
13387
149
644
13
1104
808
18089
1893
185
24
1191
57
6976
4014
215
149
5562
13
5205
27
331
408
825
604
22768
1193
2745
57
35605
2241
722
24
8518
37
7113
13
24
8510
310
3065
17676
5
383
27
808
18089
23
24
35588
320
575
215
99
12321
34
24
35
2978
1267
9
215
825
4699
13
24
1428
8262
331
397
76
594
310
367
61
808
18089
37
4382
99
12582
123
237
227
5
1671
610
309
5494
2
32
57
1508
13387
515
61
1893
185
54
6646
4382
61
358
516
107
644
13
28214
54
310
322
27
331
1936
237
227
610
278
100
23
1551
6849
76
24
18089
485
13
151
542
31004
57
24
4918
27
331
842
704
166
13387
278
902
3250
4485
13
2295
449
808
18089
27
119
13031
7304
20198
6670
4571
345
330
262
331
2686
2960
3193
515
610
278
45
100
9025
91
1193
320
23
5492
17295
13
14
8518
35605
27
331
119
1956
20198
4505
6670
4571
345
330
262
331
408
825
600
1812
13
10642
342
129
980
3233
3609
64
512
610
718
5
4082
621
501
185
334
6348
12645
27
331
408
278
3881
612
2960
61
5
13
24
512
57
612
7334
610
278
45
105
1193
6849
2
808
18089
1185
54
6469
1565
27
331
119
1741
2426
20198
4526
6670
4571
345
330
262
331
408
105
709
1264
57
361
9025
76
7669
13
5552
808
12150
18089
34
322
109
27
331
119
345
6705
18789
35605
11407
34
502
610
278
3466
16848
23
513
806
625
24
952
57
129
61
1348
5
575
369
309
61
610
4734
34
122
7210
23
24
1271
880
515
610
516
34
1193
622
320
7113
27
331
408
278
1094
309
808
18089
37
35607
34
322
5
610
369
2522
34
54
7210
27
331
246
1172
18089
61
5560
61
149
319
13
320
23
35588
76
11601
19035
246
396
4508
14
35589
35590
9
1286
14
80
18095
23
54
11601
246
396
5150
334
4046
23
1428
575
215
718
1522
5016
9
35591
4014
246
29079
1565
4553
1428
13387
40
288
750
646
369
709
2801
20173
246
808
18089
99
100
2169
23
14
4094
320
2978
1267
655
358
657
246
1947
531
215
825
1094
107
8459
13
24
1428
13
3994
4046
246
842
704
166
13387
278
1094
3250
4485
13
2295
449
808
18089


