251
7172
4345
129
149
2933
23
24
897
57
14
1197
893
104
24
13031
6422
57
12641
99
3806
13
3896
1533
1284
1389
13674
23
10620
13
24
593
912
485
27
23842
23843
61
5742
61
1077
23
918
57
920
485
273
5
23844
58
926
149
6021
18
91
24
7299
9
2033
7172
893
27
589
23843
61
2
23845
8464
23
7328
9
7074
12641
61
4430
525
219
23
14
755
515
149
6671
334
1757
91
642
27
1134
858
57
23842
23843
61
5742
61
149
319
6329
484
926
1077
104
24
13031
6422
57
12641
589
23843
37
583
330
926
906
159
24
8750
58
926
149
6021
18
91
14
7172
4345
119
593
912
583
750
1197
833
515
24
4345
149
1849
159
14
14874
1481
57
2171
185
24
23846
18644
57
24
13031
6422
1348
926
16676
89
54
715
27
589
23843
906
159
24
2171
5
1077
6329
58
926
4430
525
219
5
769
10418
27
1042
583
330
262
1687
119
23847
149
3031
2236
1006
27
579
149
6110
830
1463
831
5
6484
5
1545
13
738
1411
846
5
707
13242
119
593
912
485
7593
14
5832
11350
75
24
4345
61
1324
91
1197
833
64
22607
23848
61
5
10787
926
107
20965
2
1775
12641
58
642
4934
515
358
516
45
107
9737
1193
2958
1517
14502
2
24
3192
4884
315
27
23842
23843
18789
4014
2
525
485
5
819
58
926
4430
525
219
5
769
10418
1707
7272
24
4345
61
1324
91
1197
833
64
22607
23848
61
5
6671
24
897
334
1757
5891
1347
285
64
420
64
140
24
4319
575
24
7172
149
5101
5
4389
13
1728
525
2
1905
13
7144
61
23849
1341
27
4338
316
1267
57
1374
9
801
23850
104
14
2959
23
17703
24
316
3346
278
3806
185
14
10620
1479
57
19590
23851
69
1871
1389
6961
1185
23852
71
61
13
107
11250
23
2431
1267
61
119
17703
1840
5
20472
463
1341
27
23853
23854
61
14
3509
34
589
23843
912
2670
61
330
24
7172
893
2977
14
1687
22323
3090
13
24
485
104
2959
27
589
23843
912
688
750
23855
1840
515
24
7172
893
61
23856
23848
61
4312
1106
4887
34
24
1757
27
396
359
262
1687
579
330
14
2347
720
23
2545
27
408
663
1104
24
23857
305
306
316
308
278
1077
655
140
24
13031
6422
57
12641
237
751
27
251
1197
893
23858
58
926
906
159
5
769
10418
185
24
23859
18644
57
24
4515
61
5
525
485
6903
4323
57
13024
13
442
525
61
23849
1341
27
246
23842
23843
61
5742
61
1077
23
918
57
525
485
58
926
149
6021
18
246
579
906
159
14
1481
57
14874
8750
5
4430
525
219
185
24
2111
4515
246
1707
7272
2395
5
6671
24
893
37
897
334
1757
246
13115
37
485
15417
24
4345
5
2285
13
1728
525
2
1775


