144
507
491
1215
293
16
42726
138
1
608
522
151
291
287
16
42727
138
1
608
522
151
8464
16
3167
24982
10
285
231
82
320
56
21
10
303
3493
31
5
106
544
38
1413
3
922
5
3940
238
6
0
179
106
362
115
578
7
0
1098
1163
193
6
5
178
9
70
9
83
567
30
34
19
585
18509
2
3167
24982
10
285
7
1098
56
21
10
303
3493
31
5
106
544
38
1413
3
922
5
3940
2
89
98
19
5585
1
636
4025
7406
1
30
34
19
585
29
18509
231
82
39
0
358
7
11692
1
2128
2
318
5226
296
29
2392
55
63
42
2802
39
942
0
546
2
3167
34
40
5063
17
19
2633
1306
13468
56
64
11692
106
362
43
180
3
5
102
12
5
365
6
5
670
3940
1
364
30897
2
636
2442
7406
1582
64
1989
28
19
42728
20
0
3940
50
10
11564
28
5
3384
42729
2
1461
12110
1552
0
3940
4
54
1519
0
284
38
10
7
0
10648
2
3167
47
244
1
1306
78
0
587
16
8
24
2708
3
42730
48
49
311
2
89
323
60
33
231
82
192
1
4
60
929
1820
55
0
5585
1
4025
7406
1
19
1484
29
40
18509
2
8
1461
1375
13036
9520
4
636
2442
7406
1184
578
3
200
9
1895
5358
2
10084
16
3167
34
40
5063
17
19
2633
1306
13468
56
21
10
3493
303
30898
16
3167
18
244
1
1306
22
16
8
2456
82
192
1
4
60
352
1820
55
0
5585
1
4025
7406
1
19
1484
29
40
18509
8
9520
489
5
18510
13699
905
1
4
7406
489
64
4
5
272
2
15
5253
655
14239
1
4445
15685
78
30897
1
8
2246
80
12164
43
649
12
0
13699
905
1
0
276
76
32
3467
3
161
8
42731
41
578
1
276
3268
2
8
15
117
29
40
93
4387
31
0
537
2
3167
18
244
1993
0
179
544
206
124
99
69
537
3402
1
4
32
344
3
1256
5
1158
98
14
19
585
30
40
18509
1
364
29091
2
26
3167
24982
239
39
91
3493
303
31
5
106
544
26
636
4025
7406
34
1413
3
922
5
3940
1
45
19
5817
1552
0
913


