258
4577
2905
261
262
24722
264
61
2010
4824
1268
268
269
262
24723
264
61
2010
4824
1268
251
12487
2889
6903
57
2590
14
20985
13
7466
14
21229
393
104
14
1546
7078
3252
45
3253
23
1779
8309
943
1671
27
24724
24725
61
1371
61
5682
24
11571
13
374
1517
61
349
2942
7466
185
14
1066
101
2584
27
119
8178
9
2033
24725
149
3748
13
5449
2801
185
24
2947
7591
7988
215
717
58
54
4791
2959
24726
61
76
24
1271
367
27
24724
24725
69
700
71
719
1867
89
2959
1671
61
215
3252
45
3253
13
7455
14
21229
76
14
20985
24724
24725
61
1371
61
87
2940
76
32
13597
57
2942
7466
57
14
318
61
5
190
6987
57
2943
9618
377
24725
149
32
57
166
24727
6633
293
15212
110
61
23
23600
7803
61
2940
23
7717
76
24
4927
2943
185
24728
666
23
14
8323
104
9302
24729
23
24730
27
119
276
105
11207
24
7078
34
24731
77
9
1071
27
24725
37
3509
2937
13
2951
58
2272
37
12146
61
119
24732
24733
1341
27
1843
6263
3509
1195
330
4121
75
24
2878
87
10526
27
119
622
316
403
23
7717
76
24
315
278
45
100
901
40
369
365
2584
494
2033
27
24725
149
45
2933
104
55
40
1899
23
61
24732
8594
7681
10824
5881
24734
330
23
891
27
331
628
1028
13
278
14
1962
104
515
61
331
24725
87
1341
13
278
330
61
1489
13
24734
27
119
166
8696
935
978
13
9829
24
5300
45
13
2401
24
239
61
926
330
27
24735
262
24724
24725
61
1371
61
57
24727
61
12487
61
3362
76
54
5700
6574
24736
24737
61
700
61
104
1968
24732
7681
943
23
891
16527
262
24725
5
316
15508
9
17012
7487
24
21229
5
2285
13
7466
24
819
185
744
666
23
14
8323
104
9302
24729
23
24730
61
14
10668
330
23
891
24725
3252
45
3253
13
1517
57
2942
7466
57
14
318
61
2943
185
14
318
76
11264
13
8961
7466
61
2943
5
11158
76
14
1169
8044
61
13128
2943
5
1844
24738
23
891
27
119
316
15508
9
17012
288
24739
23
8241
2959
185
2381
1517
27
331
2015
24
622
8696
5
24
5284
330
707
6567
105
455
13
1018
76
24
315
23
5218
61
331
6574
24737
330
104
24
505
801
61
5612
515
24725
1347
978
13
1728
24
239
27
396
289
24
7988
1479
22609
27
119
3762
278
1528
24
7803
7989
57
24727
61
349
6897
2454
24740
61
14
24741
2526
220
104
24
7078
27
24727
6633
149
1083
14
77
9
1071
18860
104
24
7078
34
24
15212
5
2526
5971
27
119
8696
5
5300
704
2502
15212
27
12675
262
24725
87
319
133
57
24
642
924
256
54
7707
23
891
618
744
666
61
24725
5
24
316
24742
369
4927
13
278
5682
24
8323
575
24
634
288
5104
5
658
133
24
2943
5
2285
10679
27
1687
408
825
24743
45
3253
652
707
6567
87
45
24744
5700
6574
24737
330
104
24
227
57
54
6567
24725
37
7707
27
1687
396
99
3330
709
2958
2079
27
396
99
604
100
23
1765
484
27
408
5213
6096
54
10483
27
742
448
2002
158
1469
1299
24745
251
2488
57
24561
393
5058
731
24
7078
61
5560
627
2526
110
61
9275
627
15212
110
5
3845
730
15212
110
61
76
533
9766
1299
77
64
24746
27
119
276
99
319
5058
13
24
7078
34
24
139
2431
494
61
5
4063
542
1862
709
9
24747
24748
484
3477
398
23
24
166
9
2356
2158
61
330
6897
24740
27
251
18860
262
24727
6633
293
99
319
5058
185
24
166
9
257
18860
34
2431
494
5
237
87
24
55
1969
315
57
1579
1211
246
24724
24725
61
1371
61
5
316
15508
9
2033
403
369
6903
57
7455
14
21229
23
122
24749
246
24725
24750
45
3253
13
374
1517
246
396
553
2801
185
2947
7591
7988


