258
487
16827
803
29193
99
3283
515
215
99
3481
7966
57
54
1093
5726
47
652
57
24
1187
1515
13
54
8491
91
124
3697
655
2505
2526
27
119
16786
3695
330
215
1142
183
1687
2928
26752
515
215
718
45
2422
54
624
9
47
1093
2505
3345
15212
32
2157
27
396
330
215
4789
215
99
100
2311
91
54
227
23
24
2544
5
515
34
24
55
227
23
54
562
183
1687
1399
14
853
2349
23
846
331
27
1773
57
2175
262
29194
24614
803
29193
61
129
87
776
4567
189
61
1520
215
825
45
4699
13
24
2544
29193
330
262
1687
628
1019
58
1011
494
830
23
24
16786
831
61
8259
503
5120
24
29195
27
3116
278
1155
334
4219
57
24
2544
4174
449
24
1187
183
99
1515
158
825
1399
24
16786
101
582
102
13
1018
1465
449
8491
9
2674
947
27
29193
2859
29196
6814
192
5
2333
29197
29198
9292
23
54
1915
61
123
502
215
149
1969
34
54
29199
5
2505
218
947
27
1585
1519
5667
61
24
791
2007
5200
29200
24614
61
129
663
2469
34
24
29194
61
149
441
13
18250
35
36
58
6806
14
2924
60
27
1877
935
215
99
2045
2074
227
76
715
29201
61
122
5253
61
29202
61
507
61
5
29203
61
3970
61
5
54
166
9
506
9
2033
5956
27
378
13
29204
912
3154
25477
29205
61
29193
330
515
215
105
709
6545
13
4699
13
24
2544
9
40
54
4567
149
3360
14
29206
1190
27
396
330
262
1687
628
1018
244
2422
707
1093
2505
15212
61
2505
3345
15212
61
32
2157
27
26029
189
262
29193
76
54
1093
29203
27
119
29207
1520
215
23818
13
2422
3465
57
7651
1093
29202
37
2133
22785
20286
262
29193
87
11359
91
1605
327
29208
136
29209
29210
23
1972
1687
628
1018
244
2422
515
27
628
2168
14
2928
692
4567
61
5
628
278
14
29211
1030
610
704
1018
13
377
61
577
564
369
707
24442
778
577
5
358
728
185
851
219
27
1687
1134
149
2928
8632
13
846
515
628
44
244
2422
707
1093
2505
3345
15212
61
144
32
2157
61
628
1019
27
1687
628
2422
525
2505
10886
61
628
2422
525
2505
29212
61
818
628
1211
57
1019
5293
926
503
2469
14
2544
1185
316
27
628
1019
926
2469
533
27
419
515
37
14
853
2549
10947
13
846
27
1687
1312
24
55
227
23
5667
494
61
515
1399
14
853
2349
23
1917
119
16786
87
101
11998
102
13
1018
1465
449
8491
947
13
17368
57
24
2544
5
16573
14
632
1652
91
2241
14
791
3022
4485
133
27
6203
29213
61
14
791
3847
1029
76
24
12092
29214
61
99
8523
449
834
215
4789
54
562
5
1027
369
449
24
980
757
104
24
636
57
144
1114
27
119
571
9
57
9
166
99
100
776
8237
13105
57
4567
189
502
215
4789
369
3793
185
91
24
7402
3697
215
7623
123
54
1915
27
2692
24
819
5310
149
22475
3847
1029
259
29215
61
129
1077
104
24
636
57
5226
58
5557
76
8885
27
258
24
1029
57
54
562
24
18401
965
791
29216
29214
136
44
7124
4081
5
638
45
6985
24
1861
215
149
417
1348
215
149
29217
89
24
7813
7173
260
57
29218
27
2007
5200
29200
2725
2732
2039
3110
61
129
2469
76
29193
5
87
373
23
24
2544
61
330
262
1687
628
638
244
639
496
13
1019
449
515
27
29219
262
119
29194
24614
99
4789
449
4567
189
58
54
2046
2526
1915
1687
628
1020
215
37
100
133
57
2526
34
14
540
57
494
61
818
628
149
1089
27
1031
37
28859
27
7173
5
10869
110
129
1470
23452
13
24
219
123
122
2047
278
20201
814
29220
69
29221
71
4001
402
484
358
2831
1018
27
119
4382
1755
1920
4823
8885
5
149
55
389
23
11313
23
24
9857
129
4508
4567
189
5
3071
76
7077
27
5401
1284
1011
982
16786
110
105
29221
4001
23
3291
494
61
76
14
3760
57
597
1286
17753
7480
27
251
1344
28885
91
24
16786
162
427
1142
515
1222
24
3611
57
308
358
5169
149
29222
133
1853
24
3868
16786
29223
1519
1851
5
702
61
29224
57
542
516
278
29225
4751
27
119
2360
5830
87
428
27
2692
43
1519
1114
13
5791
24
16786
5830
516
107
5785
61
40
24
2360
5830
2831
107
144
166
27
246
2007
5200
29200
24614
441
13
18250
104
5667
246
26029
189
99
9892
450
4789
34
571
9
57
9
316


