8341
175
276
403
278
100
6903
57
7455
166
21229
123
14
276
9
4572
1546
7078
27
24724
24725
61
1371
61
5
316
15508
9
2033
634
288
2940
4386
76
7455
166
5786
13980
123
14
1546
7078
4572
91
24727
6633
293
61
575
704
190
634
369
403
61
1489
13
341
27
119
276
912
10901
4813
149
53
832
57
24
3762
207
27
119
316
15508
9
17012
278
45
100
1324
652
358
369
24742
27
12663
262
24724
24725
61
1371
61
5
316
15508
9
2033
634
369
6903
57
7513
7455
166
21229
5786
403
24725
5
24
316
24742
369
4927
13
278
5682
24
8323
575
24
634
288
5104
334
5669
5217
542
27
993
190
14925
369
273
57
24
276
912
15212
77
61
330
341
27
1687
3779
369
3554
3762
27
628
2357
17458
5
17473
515
358
1099
278
9534
24727
6897
20288
24740
330
104
14
2108
2328
40589
3466
185
237
61
1508
3762
738
420
2217
24747
27
1134
87
37108
24740
12931
34
24
16788
274
57
24
2526
77
5
149
32
57
507
1509
40590
104
24
7078
61
24
7803
7559
1341
27
5115
8323
105
334
1509
40591
810
61
1489
13
34026
27
24725
99
100
2940
76
40592
7466
57
14
318
101
2584
61
13128
2943
5
11158
61
316
6987
57
2943
76
11264
13
7466
14
318
101
2584
5
166
6987
621
57
2943
5
11158
76
14
1169
8044
5
24738
57
14
1844
27
119
24742
855
2381
1517
27
12675
262
24725
87
319
133
57
24
642
924
256
54
7707
23
891
1687
162
709
880
369
1508
3762
14
7763
185
24
77
61
612
2907
61
830
1185
831
612
40593
24740
359
27
24727
6633
293
61
502
10343
24
77
9
1071
18860
12436
61
149
53
832
57
24
1517
207
61
1489
13
34021
27
119
403
288
6555
4386
27
1687
993
57
703
61
15280
61
369
920
104
1508
40594
276
5678
6607
40595
330
104
4386
912
2108
2328
23
24727
76
24
6915
5
622
276
948
27
1687
408
825
5448
13
24
512
57
612
7410
515
421
5
2938
129
5150
2002
825
278
10582
24725
87
361
184
185
14
2947
7591
7988
61
40
54
3509
1400
215
912
1205
27
251
18860
262
24727
6633
293
99
319
5058
185
24
166
9
257
18860
34
2431
494
5
237
87
24
55
1969
315
57
1579
1211
40596
45
3253
262
24725
37
5700
1400
54
6567
87
1205
5
515
331
54
448
2002
158
1469
1299
1300
331
1687
408
825
24743
45
3253
207
652
707
6567
87
45
24744
5700
6574
24737
330
23
14
376
13
24
833
27
1687
396
99
3330
709
2958
2079
27
396
99
604
100
23
1765
484
27
408
5213
6096
54
10483
27
742
448
2002
158
1469
1299
24745
251
2488
57
24561
393
5058
731
24
7078
61
5560
627
2526
110
61
9275
627
15212
110
5
3845
730
15212
110
61
76
533
9766
1299
77
64
24746
61
1489
13
40595
27
119
276
99
319
5058
13
24
7078
34
24
139
2431
494
61
5
4063
542
1862
709
9
24747
24748
484
3477
398
23
24
166
2356
2158
61
330
24740
27
24740
2516
91
24
403
61
27438
122
3996
5
18933
2002
27
1687
830
1134
315
831
45
39615
703
1184
612
7645
5
5241
87
26100
91
24
3996
1253
91
24
5284
5
91
24
77
27
691
278
2516
47
5
8523
133
820
5
610
825
1650
47
76
542
5
34
22587
993
166
2081
369
370
23
2946
5
825
107
24739
185
207
61
64
11374
369
2396
34
24
17047
7314
2176
4581
27
246
24724
24725
27
1371
61
5
316
15508
9
2033
403
369
6903
57
7455
166
13980
23
122
24749
246
8861
278
7460
24
2367
5
3990
24
3996
57
372
129
2516
47
34
24
5284
246
993
166
2081
369
23
2946
61
825
107
24739
207


