144
9232
16456
293
16
32127
138
1
608
488
151
291
287
16
45364
138
1
591
488
151
65
1278
38
342
148
6
27
1223
4
27
3533
7
5
8753
15889
2445
3
1759
47
16766
30
12
506
413
201
21583
28
0
642
47
5872
1
779
1288
779
2
2713
10414
1
38
10
118
452
82
83
56
36
175
0
126
47
25735
3
3740
5
6621
1
556
5
1473
45
2846
2448
243
1593
14
601
27
3
165
3551
4
1579
1757
6
27
1223
3
1219
103
2
101
943
1
0
5138
1
2310
11331
372
1540
1846
14
258
10414
4
27
296
171
32
2510
20
943
6
201
21583
31
779
1288
779
4
97
21584
45365
9
45366
13596
1
173
1062
2
10084
16
2713
10414
10
118
452
82
83
56
36
175
126
18
25735
3
3740
5
6621
4
556
5
1473
243
1593
14
601
27
3
165
3551
4
1579
1757
6
27
1223
3
1219
103
25736
16
2713
10414
1
137
90
27
2894
433
7374
1
342
1579
1757
6
27
1223
1
23
168
23
27
3533
241
5
1540
209
2510
27
201
8381
15
1540
115
14
258
10414
1691
25737
25738
25739
39
317
0
1759
47
16766
56
36
10
452
2
45367
16
15
1540
2510
1318
10414
1
2713
18
244
1
201
25740
1
4
216
201
25740
3
27
145
15
641
1
119
1473
1
13
5
1641
12012
2445
3
13722
199
23
32128
1
32129
1
4
32130
1
4
2472
0
235
6071
6
1223
133
0
32131
3
13985
28
0
1611
5537
2
294
169
23
775
1757
6
75
1463
17
0
2095
1530
6
7628
28
3577
2
852
3
546
607
20
0
71
1
258
10414
34
3
4136
835
6468
20
0
71
6
0
1838
974
2
1769
1635
2442
2003
78
0
2563
12222
14
258
25741
641
10
16326
2
35
57
47
109
248
212
1223
4336
103
6
21478
21
78
0
1581
2
35
45368
212
1476
45369
278
1803
2
57
47
37
1584
3096
30381
52
61
22
14
0
2009
6
1759
47
16766
118
34
5
501
4185
1869
12
0
2009
14
107
141
3545
3904
6
1168
15889
243
9
1830
2
28512
25742
16
1769
1635
2442
2003
22
14
258
10414
8
641
10
16326
4
13
109
8
248
212
1223
4336
103
6
66
8
21
22
8634
16
258
10414
175
1759
18
16766
56
36
10
452
241
5872
779
1288
779
22
14
36
556
5
1819
45
25743
17
0
1540
18
3550
4
13
8
2263
2971
620
2879
8
65
3595
11
155
21585
1
155
2433
9
428
779
1288
779
4232
9537
78
0
2697
1583
14
0
290
18
117
30
556
5
1819
45
0
298
25743
17
0
3550
4
13
8
2263
2971
620
2879
2
8
25737
25738
25739
13
5
1473
45
1641
12012
2445
3
13722
199
23
32128
1
32129
1
4
32130
1
4
2472
0
235
6071
6
1223
133
0
32131
3
13985
28
0
1611
5537
2
57
148
4039
4293
45370
25676
1
173
0
1069
4
2803
2
294
169
23
775
1757
6
75
1463
17
0
2095
1530
6
7628
28
3577
2
15
298
22
7
5
565
16
35
1759
47
16766
53
25735
51
1
56
157
23
6313
1
13
5
1161
4
2560
520
3149
11
2111
21034
4
5146
4
6621
4
60
354
0
3720
13
5885
45371
8727
21586
1
38
10
669
3
258
25741
244
1
1318
1
28
0
632
5335
268
0
25744
78
1112
14
0
1825
3373
2593
224
23
810
5
1907
11
27
2
96
34
54
263
1
45372
1
17
59
241
0
995
33
272
9
3448
2
35
24
659
1820
48
3
32
5
717
30505
36
22
1
1535
3
1112
28
27
102
7
5138
2
35
581
263
10
128
553
17
45373
258
21586
1
4740
1
22
14
36
10899
63
129
68
10414
1
38
13
2628
12
19
461
1709
23
994
9
4692
1
46
3317
0
32132
5082
2
2713
10414
10
2510
201
8381
1
119
234
296
43
2510
201
25740
31
0
1540
1
0
12222
364
2
89
0
644
891
170
392
1622
0
7888
2
281
0
891
1694
7
42
16654
1
0
117
76
124
49
3
201
21583
1
173
1062
2
35
24
659
41
86
662
14
1318
13
159
3
28261
19
5543
6
0
2752
11
25704
258
21586
78
1112
2
25745
5135
1
258
21586
22
14
258
25741
6907
17
193
30
2568
9357
0
117
2
35
96
10
5
2120
284
1
36
10
8031
2
249
48
2314
1
25
10
45374
36
22
2
35
104
408
53
2713
51
91
696
69
0
286
4567
7
2038
114
80
6
27
265
10
4336
2
139
30
9357
0
1030
117
11
67
85
5
45375
26
2713
10414
10
289
1759
18
16766
3
1860
6621
56
36
10
452
82
83
26
360
1
923
1691
25737
25738
25739
1
50
601
1579
1757
6
27
1223
3
1219
103
241
36
61
342
27
3533
26
17721
2510
27
4
27
296
201
45376
241
112
644
891
45377
2899
1
44
76
124
201
21583
1
50
1358
1062


