144
507
491
1215
65
16947
2208
30
40
7950
3
193
31
5
588
1980
20
37
1699
16029
569
7
2225
1
23
27
12265
1011
9
910
1436
7
4685
2
15286
13902
1
2118
1
10
3730
28
27
452
1732
4
6000
1156
397
119
36
10
500
5871
147
20
0
2071
4446
26715
1
26716
569
2
527
147
2821
1
38
43
74
1444
1980
4192
1
5691
663
8209
3
7374
0
913
184
1
45
76
74
1800
0
6292
13718
2
8
1188
469
3
429
25
4
84
850
44
76
1
8
2809
479
1483
12758
78
28491
689
2
8
5306
1
44
33
6029
4387
20
110
44
408
4
3624
2
8
4049
16
16947
2208
15286
13902
1
2118
1
10
7950
3
193
31
5
588
1980
20
37
1699
16029
569
7
2225
12
506
4049
16
65
588
1980
3730
15286
13902
1
2118
53
137
93
4
122
51
28
27
1011
9
910
4
7950
27
3
193
12
506
1241
13168
106
362
303
420
37
3743
1980
33111
140
0
147
569
2
27547
689
364
1594
33
9762
3
2805
458
25
10
0
222
1980
14
285
13902
2
8
221
33
5
396
6
75
12
261
2127
1
86
60
34
3
154
0
715
6
217
75
69
1063
1
8
30745
2
26715
51012
479
16371
2
778
524
78
5773
689
2
8
387
47
1131
0
1248
1164
459
0
1980
10
303
2
104
107
141
188
48
6384
358
3
1342
311
2
8
65
2608
544
1664
0
2287
358
22
0
343
10
8
11208
8
4
92
43
100
8
1356
9
1492
51013
8
20
0
2071
569
2
8577
5060
2014
1774
34145
22
199
1150
33
8
13684
1473
8
1
17
0
81
588
1980
343
7
26716
11057
63
608
82
320
2
8
17376
7
0
1980
131
8
5446
48
13
385
24
73
2465
922
4
1616
8
1
8
34145
1
28
0
422
6
17616
1
78
5773
689
2
4118
16
16947
2208
15286
13902
1
2118
1
10
285
31
5
1980
20
4446
26715
1
26716
1699
16029
569
53
137
51
1643
1
16947
30
3025
3
2235
0
358
4
3062
42
4828
3
13902
18
1174
1935
2
8
139
13
37
1584
2287
770
1
8
16947
3762
51014
34146
22
2
8
104
5810
136
16446
4828
3
0
869
2
8
34146
22
910
33
1886
2306
12
129
3
12193
17
2608
2
1809
479
1483
12758
22
0
2809
678
3
2489
5
412
1622
69
0
358
1
50
13
0
439
439
147
51015
7
146
187
20
0
16947
569
2
8
281
92
1026
3
32
5
33485
62
125
2971
4680
4
3509
7
242
3
1524
0
715
6
910
28
2608
1150
1
60
33
2539
159
3
84
14
1
8
21
22
2
26
2363
1980
7950
3
193
6292
13718
15286
13902
397
26
5941
22
0
1980
3730
13902
184
28
27
1011
9
910
4
100
9
54
76
429
59
26
6015
303
5
1980
20
0
548
1
45
33
2653
3
177
112
21
10
0
1693
1980
26
3479
1638
22
199
1980
1150
33
1473


