187
87
24
81
358
105
4483
57
218
2213
494
57
47156
2505
24
1271
5816
705
632
27
7293
4479
5
2978
1960
23
525
223
11002
17948
190
5816
185
24
3052
27129
35
1750
27
119
24475
1061
2
47157
61
18979
61
10952
21548
11742
47158
61
502
383
358
288
32
57
166
47159
129
516
614
24
15216
1389
47160
47161
37624
27
24804
133
262
7293
4479
69
324
116
71
330
61
331
187
99
319
868
24
1016
14985
57
2548
331
15167
57
24
11002
288
23
1804
34
1389
47162
621
655
24
6800
416
61
129
590
1058
34
122
738
61
516
444
1587
515
1479
27
842
316
1267
147
61
47158
750
542
646
105
100
14
3873
27
47163
1687
3078
47164
61
183
330
183
105
17934
24
37624
16568
1221
5
23
1217
183
516
107
2707
1389
46154
1511
27
2226
2356
24
360
43
5
374
2282
6903
47158
57
21281
542
91
13024
13
514
24
15216
7348
37624
27
6117
358
825
1522
1389
47165
621
27
187
87
28596
2108
34
47158
61
502
185
1372
1507
47166
1579
47161
2554
5
5714
21099
9001
13
1389
15
64
398
57
14
1608
13
10292
14
15763
23
21099
3197
27
589
4479
61
5555
61
330
262
1687
187
99
319
868
24
1016
14985
57
2548
27
628
718
45
850
834
14
124
1565
44
221
1155
334
17159
27
628
149
1533
1089
1284
1348
610
1142
133
610
105
6714
162
24
68
9
47
13
1750
912
2554
47158
105
15216
24
37624
34
1579
3017
47161
2554
64
1389
47160
27
397
5820
1172
15028
1687
407
24
47167
185
24
761
41660
2554
185
1750
215
750
4010
262
1687
1389
47160
61
109
610
738
25875
47168
24
11952
185
1750
2356
61
1172
15028
750
4010
262
331
1389
35723
5720
61
109
610
738
421
331
143
185
24
2805
3052
27129
1002
844
61
183
330
262
1687
727
44
4350
24
3940
17653
2154
607
18
23
1389
15
40645
1222
723
2048
1961
912
1389
47160
47161
47169
4338
24
2554
589
4479
10952
47158
502
750
525
24
11002
912
21099
149
32
57
166
2870
190
5816
5
516
614
24
1389
47170
37624
27
1042
1960
22164
64
358
3832
358
516
614
14
1389
47171
15091
57
24
37624
27
842
147
23
24
632
589
4479
149
4828
91
47158
948
129
750
525
24
37624
105
100
47172
5
149
1644
1389
47173
27
1687
628
285
669
64
14
47174
330
589
4479
27
1687
628
639
358
377
183
87
334
7348
37624
40
58
24
2554
358
1399
47
24
1389
47160
3865
185
122
1490
1221
183
87
45
7348
58
24
2554
99
319
513
27
579
3250
24
1060
369
12612
61
586
262
1687
408
144
1028
24
5398
358
47175
251
47158
1609
383
515
24
47161
37624
105
100
1687
16568
47176
27
396
330
24
17159
105
100
13610
185
3354
5
24
29423
37624
614
57
1389
47177
590
133
27
396
359
262
1687
119
2554
1981
149
1732
6308
23
1804
76
3052
27129
2544
1444
5
3808
27
408
278
3199
5
369
7444
14
10941
3728
13
2297
1155
14
3873
2298
2299
246
47158
383
7293
4479
5
2978
1960
288
32
57
166
47159
5
515
358
516
614
24
15216
1389
35723
5720
37624
246
364
1267
147
47158
330
183
105
53
14
3873
218
331
3078
17159
331
246
119
24475
1061
288
750
122
81
149
1389
5722
5720
1511
246
7293
4479
330
262
331
187
99
319
868
24
1016
14985
57
2548
331


