3563
72
14941
5
70
13
3
32
9240
69
3334
979
3
2986
1550
8722
4
185
1682
0
2401
1657
6
0
594
1
292
524
22
397
2
15
356
2324
3211
14
0
6390
10
18397
164
1550
31
8581
1874
2
1217
39
0
468
1464
1
2516
1027
509
3134
7734
37
9447
31
24466
72
41786
6
2987
9
24696
2815
11
0
796
714
3803
41787
2
30490
7
0
594
16
6758
33
207
3
4839
49
3
72
2732
341
6
1176
2815
3
185
3334
979
1665
42
1550
836
68
524
30
4044
3
124
1963
11
126
99
12
1370
2
2866
164
46
1580
5
10683
5082
16451
3
0
245
6
1652
2
65
3334
164
17
4516
1652
58
1580
72
20349
134
70
2
139
13
0
5377
6
140
64
230
5
149
6
5
3334
1021
62
5
1286
47
71
133
511
3
143
662
274
2774
7
0
164
73
84
1963
17
5
2561
2
15
2815
46
32
35
2987
9
41788
1
1891
25
73
118
3
32
444
12
1963
2
24596
46
2488
110
13
237
11
42
126
47
1026
1
28
2561
6738
4
1021
550
3
39
9
164
62
872
1490
2
15
751
564
22
16
35
15
1542
4
14942
2060
3367
37
1926
70
11
48
264
4
24
46
300
32
1987
14
60
738
0
172
110
299
73
84
2
35
24
188
3
1524
0
2060
3610
11
0
594
253
4
14
817
30491
12
0
4198
247
75
175
28
110
44
408
120
217
535
187
2
9410
0
6179
1733
16
15
356
496
39
992
11
67
2394
7
164
1550
3
185
1349
2234
0
6179
6
0
190
160
2401
4
11051
35
861
48
111
2156
3
1963
1
60
73
1014
5
2099
7
136
979
14
8289
80
126
3
32
3456
4
1659
1963
1
4
2134
12656
0
16505
6
594
18398
4
41789
2
35
6704
14
13
0
594
2304
10995
1
4208
41790
62
11716
6559
1
62
552
38
46
1107
1751
3
361
1963
4
2129
11
5
6094
1
48
2394
46
2776
5
1030
2662
6
126
11
169
82
3
24697
1523
1486
675
12004
3530
6
1963
8722
2218
5710
3
1524
0
2815
13
2907
0
3337
2776
11
80
1652
1
17
979
477
3
1063
11
129
44
1125
0
279
2
191
1021
550
46
32
30492
3
2254
5
30493
6
3334
2420
17
5
1787
41791
7
20996
2
139
13
91
1691
7
20997
17
3515
1334
4
46
454
17
5
1573
2927
4045
3334
2420
1
17
0
87
6
261
2230
147
7
979
7
460
151
2
15
2593
10
4957
31
1550
4
1864
1562
1
4
973
998
7
0
172
6
1963
2
15
751
564
47
1542
4
14942
12547
8905
1302
13656
1
38
3593
0
1369
160
190
2060
1
22
16
35
249
24
2027
49
7
9241
7
1557
24
1002
6
160
47
3533
3
5188
247
75
17
0
9566
785
6
0
2060
86
44
33
1784
3
2519
1963
2
35
1287
47
2593
254
79
14
4
31
30494
12
3334
979
60
29
0
1683
3
256
1963
4
1702
2409
3
1705
0
1899
630
6
247
75
2
24
322
1303
3873
17
0
4622
140
2553
1021
550
4
24698
1421
1831
114
24
183
28
95
220
702
110
37
1525
2420
4
42
4848
73
29
12
0
630
6
247
17198
11716
6559
1
38
54
64
18070
20
0
160
2401
1
22
16
35
57
13
400
3
177
5
4173
3
2815
164
1963
4
14
25
13
385
24
20998
354
7
2
35
24
322
128
2831
3
183
14
2696
6
126
46
32
344
3
124
553
7
1963
119
20
164
4
124
67
185
28
2420
4
5666
2
57
228
13
128
30495
9206
10995
1
216
1542
1451
16314
1
22
16
35
57
13
400
3
177
16204
14
185
3
355
228
247
126
0
880
3
154
196
7
1963
2
35
139
776
2815
11
3334
979
4388
2748
133
86
169
6
88
29
100
2752
11
20996
4
5320
98
458
7
37
4789
403
62
501
2920
643
247
1242
46
32
2687
3
1374
1678
3
32
3456
14
46
7952
37
1062
7
317
196
7
1963
23
44
2114
11281
26
9070
46
185
126
3
29
4523
1220
3
2561
1550
3044
26
10883
496
39
992
11
67
2394
7
164
1963
3
185
1349
12
299
18
1216
20
0
190
160
2401
4
11051


