563
7962
11755
16919
449
30
40
1582
11
3636
3
661
0
1340
12
9851
114
21
107
141
181
25
10
2616
3
19
2564
2
1961
12856
131
21
2965
25
13
24664
821
3
143
75
147
12
0
1008
2
12856
1
38
614
20
0
2116
9817
11755
16919
7
26579
11
259
82
1
10
1582
39
317
5
938
20
5
935
17
21886
38
78
59
1489
12
9851
10
7390
2
297
94
11
167
558
20705
16
895
11755
16919
1454
449
1
1961
12856
1
10
716
165
39
3636
3
661
0
1340
11
9851
3903
9
71
2208
16
12856
1
38
309
23
5
4679
4
614
19
152
49
3
91
5
1454
449
77
0
424
259
82
20
48
11755
16919
7
26579
1
10
1582
11
3636
3
143
19
2564
147
12
9851
52
34
309
23
5
4679
4
614
19
152
49
3
91
5
1454
449
2
35
24
22
1
240
459
516
74
60
32
0
298
14
2050
49
4
131
60
462
63
136
2564
4
44
73
29
0
132
50109
21
78
33877
2
52
22
21
58
41
661
0
1340
21
959
12
9851
2
35
9851
4
634
33
0
118
64
230
14
44
352
1619
7
0
1030
70
4
44
352
0
118
64
230
14
217
75
33
12364
3
29
103
4
1125
25
17
42
50110
89
19
10661
752
59
19
431
23
21
10
78
3
911
5
723
6
7566
2
12856
22
21
107
41
188
3
3196
1
45
969
395
5
723
4697
19
1056
3
19
814
2
20953
3
3196
16
12856
22
21
10
78
3
911
5
723
6
7566
1
50
21
805
3
84
33878
16
2242
1
21
395
5
723
4697
19
1056
3
19
814
1
324
0
595
31
0
298
3
764
661
12
9851
10
8
15750
8
4
8
12313
8
35
24
322
41
14206
2
24
84
41
7968
967
24
2005
14
0
8295
3
10619
17
48
15750
1
12313
2804
817
0
267
6
95
11531
17
48
298
2
35
24
610
66
7801
14
25
18
0
75
20
0
1857
6
0
50111
5551
14
143
212
142
17236
12856
1
38
13
98
6988
4
350
11
5
111
431
1
131
25
10
907
25
2
35
135
352
170
159
3
32
661
2
24
351
662
44
352
170
159
3
1380
4642
45
24
79
107
74
181
25
10
18295
360
1
301
3
0
3004
6
2101
11
11755
16919
7
7962
4
5635
1
12856
4248
28
0
431
4
10
41
1582
2
52
78
33877
14
1489
12
9851
10
41
37
1845
18
595
1
45
5
298
595
2
167
50112
50113
50114
561
26
1961
12856
614
20
0
2116
9817
11755
16919
7
26579
11
259
82
26
52
175
5
938
114
25
13
8
12313
8
3
143
19
2564
147
12
0
1008
26
318
3106
9129
4
78
59
3
911
5
723
6
7566


