258
42158
3968
16421
1542
14
42159
169
9
170
1686
13
9284
1587
58
361
3559
13
493
43
76
666
146
13
2502
13
1004
16436
916
9
15
185
14
1760
1680
104
42160
6036
27
15922
42161
149
1391
445
34
24
82
83
2744
146
23
40
58
515
2388
3661
5
42162
17352
69
54
169
71
1399
16436
13
5282
27
588
13
515
61
33106
42163
5
17352
105
719
3276
4960
133
91
7515
42164
5
7892
8635
27
521
159
13
13452
185
1751
112
341
34
14440
61
14992
5
3156
6531
32038
262
42162
17352
69
12893
71
3285
16421
37
5887
74
75
16436
167
361
3559
13
24421
20220
932
37
974
57
1413
6814
6613
650
13
334
1029
64
334
6133
1676
83
174
42165
6036
76
14
758
3323
222
2
14
16
9
16
2554
27
119
42166
285
89
24
2544
185
14
16220
57
14
4391
58
14
3486
1876
515
3866
14
26
81
104
12176
5
358
132
692
34
2276
166
131
1348
4961
42167
242
75
54
791
2439
58
144
3970
146
27
842
26405
28819
37
83
17551
122
24773
5
33248
144
484
170
9
227
218
21148
9775
61
24
111
129
6807
42167
104
509
943
27
19541
6133
6882
247
57
42168
42169
5
42170
42171
1269
13
5448
515
24
77
229
9560
494
57
191
2526
104
42172
23
4255
76
14
2778
9
16
42173
3271
81
18
14994
15004
27
42169
4032
24
79
484
42171
623
3383
13
14
1058
64
3511
42174
37
83
12606
122
5887
81
2
360
192
23
24
112
24
2439
105
13165
13
9469
24
15267
27
119
247
1399
19541
316
3276
206
484
6196
15001
65
14994
14
13638
2
24
4447
2697
61
40
54
83
44
45
1199
185
515
76
42171
27501
54
31473
13
6578
14994
13
14
169
252
23
166
192
27
993
692
1022
262
20220
1469
1504
56
13
24
3271
149
2291
91
14
16
9
16
2554
75
1676
24982
4961
42175
242
1005
89
359
227
13
1714
14
222
34
11896
23
14
15
9
15
2554
75
10294
7527
104
24
42176
1050
27
10247
33879
42177
1587
1399
24
42178
206
13
1550
54
3425
13
360
3276
61
40
42175
1542
316
42179
57
54
2534
13
748
22843
42180
37
43
14
614
57
24
131
27
119
42181
285
1778
34
24
169
10583
2544
1348
13719
3018
42177
4430
58
503
1413
146
27
12174
5227
14
11807
1680
1348
358
288
184
104
82
34
24
55
227
237
36
64
12176
1694
33
13
2554
16
9
16
104
24
42182
1050
27
1172
481
37290
2
1015
4623
13
748
12174
334
1920
68
40
61
58
3918
12206
149
319
445
76
496
132
14
4238
12249
60
61
42183
12190
1794
23
2
14
2801
9
9956
23
24
42184
67
27
1543
12195
149
23
24
12176
77
515
2458
916
9
916
104
12174
35
36
61
40
54
6213
2
24
2438
503
359
13
5726
5175
515
215
825
4458
6127
185
3354
27
42185
5967
262
1172
481
72
58
8713
12174
2916
1191
76
12176
10459
2452
2129
242
32
5
1481
47
2276
64
16438
53
183
166
10283
2
122
73
360
1839
12177
3271
192
91
9535
11459
2439
10468
15
9
16
104
24
24668
27
119
465
5396
1559
10604
11736
37
2801
9
9956
58
307
146
484
7306
47
2452
42186
13
221
183
316
144
58
24
217
27
22887
42187
42188
2168
10468
33
89
24
2544
40
358
288
1103
13
4487
334
49
27
1965
8388
8268
24
503
74
64
15708
22334
13
14
13293
9
5
9
4487
1839
12177
3271
81
104
6594
27
119
23019
61
129
3279
1996
133
185
24
2502
9
16445
35
36
61
105
6816
47
144
360
131
2
122
73
360
192
27
2173
24
402
2158
33
82
825
2245
14
2508
2528
226
58
8388
37
11229
2837
2490
334
42189
166
131
185
12129
27
305
24
1058
262
16432
2237
21148
27973
19557
14
31473
34
16432
75
3272
16432
17856
24
674
76
7116
3272
23
14
13298
32
9
7342
1839
12177
3271
3528
104
24
42190
1050
27
21148
27973
149
156
24
2854
57
24
16444
110
76
316
55
9
170
3276
64
24
82
83
11
2778
9
2459
104
24
217
27
4586
3605
5
2503
34507
42191
8268
24
819
34
16432
61
129
44
278
2048
1347
1533
42192
1284
916
9
2459
1155
149
122
2488
42193
27
26894
1805
24
24420
1587
40
769
133
15
9
2459
13
14
42194
16479
129
4430
23
359
227
23
365
18093
27
6794
4524
1399
24
5617
23
918
144
484
24
12242
58
361
1481
47
91
5692
3255
61
5
24
2544
149
53
5309
23
24
230
7404
1348
2503
3955
42195
242
2
1015
4623
27
8174
185
1751
112
341
34
14440
61
14992
5
3156
6531
4445
202
2459
9
16
3156
6531
11896
5
29009
10212
15
9
15
7527
27642
12174
2916
16
9
16
12176
10459
14440
16
9
16
3150
932
14992
2426
16
9
2459
11558
16437
6594
2459
9
16
15708
16438
15
9
16
10468
20220
932
16
9
16
1676
26894
2426
15
9
2459
16479
16421
916
9
15
16436
10459
16432
27642
916
9
2459
3272
932
3221
16437
2778
9
16
14994
15004
187
912
45
401
545
13
2502
2952
13976
7173
1184
1447
912
1389
2768
13
107
2048
25108
25109
91
24
498
79
1785
2105
2106
13
56
17639
851
13976
7173
77
6236
3555
1447
912
1389
13674
23
5414
349
1389
2768
47
34
13216
25108
25109
1184
246
16421
650
33
13
1004
16436
916
9
15
167
15922
3322
471
246
20220
37
1469
1504
1264
149
2291
91
14
16
9
16
2554
76
1676
246
21148
27973
242
14
31473
64
16432
5874
3272
916
9
2459
246
42168
42169
5
42170
42171
185
6557
23
19541
2778
9
16
81
18
14994
246
4961
42175
5
33879
42177
242
23894
23
11896
15
9
15
7527
2554
246
12174
42196
33
13
14
16
9
16
2554
76
12176
58
1172
481
37
3301
246
2452
2129
3423
64
16438
1004
10468
15
9
16
104
119
24668
246
26894
769
15
9
2459
13
16479
58
361
3250
91
24
24420
1587
246
1965
2129
242
24
503
74
64
15708
6704
6594


