144
523
9157
6735
6
44731
476
29
40
210
12
3928
39
5
211
219
3
5
6451
4935
119
5788
17
4802
2
13214
604
332
0
2484
18
667
1538
18165
44732
4534
6
6735
6
4833
476
29
40
210
12
3928
31
433
694
39
5
211
1327
5
6451
4935
119
36
10
5788
17
4802
2
15
1134
660
781
6
1430
30
98
1209
5
4811
6
80
0
1877
0
31829
655
211
1
38
13
7
27
6033
1
1588
39
7718
0
10607
2095
2
1430
694
29
22
0
211
492
5788
12
359
896
39
2229
5
117
17
0
641
38
29
40
1440
3
37
3784
7
257
5398
2
96
123
219
3
147
20
5
12722
1
1588
5
3849
652
4
219
3
0
6735
6
4833
4935
2
852
3
0
4811
633
478
1
36
61
1588
5
31830
31831
1
5
10318
4
5
25543
2
17950
38
10
20
156
6
0
1877
2628
7
0
4811
1
4
38
29
41
40
6386
62
33
41
662
112
44
33
8639
1
29
40
2033
3
2806
5
433
462
1421
11
1741
2
570
7191
44733
1
782
6
44734
1324
742
11
6451
4
916
655
3460
1430
1
78
20170
16
8
15
1164
60
352
500
48
13
14
25
18
86
1505
5788
2
8
57
73
764
7
0
663
11
269
39
0
5788
447
30
93
2
281
60
84
74
1860
261
75
1
0
1962
6
10542
73
722
2
8
16474
13
5
1505
5788
2095
4
13
3146
1956
56
37
2742
447
25091
62
44735
2
15
211
1
7
27
6033
1
219
3
718
0
6735
6
4833
17
792
6
605
20
0
8540
5249
1
7
6451
53
1630
604
51
16474
13
5
1505
10607
4229
2095
50
73
667
3
645
7628
2
15
2553
2950
1682
140
259
230
39
5
447
3477
2742
4
73
675
1690
9
109
2950
1
5
6621
1
44736
599
4633
7
0
2803
4
2757
4
925
1069
4
16093
3
914
2
65
10365
46
61
1032
39
5
333
230
1
473
1536
374
0
5000
2
57
123
1614
15664
140
0
251
4
1897
90
10168
3
0
936
6
0
265
2
17950
73
124
4802
112
44
29
41
40
6386
62
29
41
34
25
90
2
57
13
148
1379
7
126
197
54
4
146
82
83
2
2143
66
29
34
0
641
25
13
128
1473
3
1682
25
311
114
212
265
12953
49
37
15696
3
0
2219
2
2607
38
33
41
6386
33
344
3
2596
4802
1107
31
1360
69
5
471
113
5
5788
447
30
40
7
0
81
295
6
269
1
0
1134
660
781
6
1430
30
763
2
44737
2950
6
4802
675
6621
1
14056
1
44738
4
5
10365
2
44739
33
810
1379
158
7
1660
75
1
4
63
316
134
153
6
364
4802
1000
702
54
62
67
7628
2
982
73
675
7808
6487
1
9194
4
24985
1
8803
1
8702
4
645
1072
6940
2
31829
655
16
506
1
359
896
31832
16
147
20
21499
3124
25544
470
1
359
918
31832
16
147
20
21499
3124
25544
437
1
359
999
44740
16
147
20
21499
3124
25544
44741
16
21499
10972
4
44742
44743
16
21392
11646
3292
16
9695
44744
241
2323
6
8541
2057
916
655
16
437
1
359
999
44745
16
2092
1940
25545
6710
1
13502
2870
44746
16
8540
5249
1
6735
6
4833
24188
44747
16
31830
31831
1
6135
2870
377
1
359
966
44748
16
2092
1940
25545
6710
1
13502
2870
44749
2092
1940
25545
6710
1
13502
2870
44750
16
9232
47
31250
1
14765
2870
820
44751
16
14765
44752
1
14765
8735
820
1
44753
16
10318
19474
1
31833
824
44754
16
31833
6297
5913
21500
655
16
377
1
359
966
44755
16
4940
9145
29079
1
12763
11296
824
44756
16
44757
11724
3327
1
12763
2480
824
53
1619
20
483
51
44758
16
44759
23338
11069
4
44760
1
4184
8735
44761
16
29328
1
21501
824
1121
44762
16
25543
1
21501
824
1121
26
5183
1
7
27
6033
1
1327
4935
39
7718
4802
230
421
26
1430
694
29
633
277
242
36
1588
119
5788
478
26
96
61
219
3
147
7
5
12722
4
1588
5
10318
4
5
25543


