65
4120
27448
111
2449
43
658
7
526
31
54
631
6364
1054
1
173
5
1929
3423
22558
17
5
6827
8
8873
8
2
15
874
6
111
2449
675
6828
14011
1
598
19367
1
105
8425
1
999
1910
4
823
1099
22559
2
57
10
9367
319
3699
5438
2829
933
31
0
665
2476
6
9895
2
8051
3
1118
66
16
65
943
6
27448
111
2449
43
658
7
526
1
173
5
1929
3423
22558
2
15
111
2449
6
726
9
19368
17103
1
10
115
7
0
2071
15415
6
12029
1
7
884
3102
1019
2
57
13
0
7088
330
848
6
0
835
22560
4
10
180
22561
22562
15
832
43
658
7
2071
12941
1
20
0
1857
6
0
1099
1
7
15415
4
158
7
0
3055
8874
349
6
665
2
35
35961
1909
4676
14
60
29
658
499
85
259
134
153
6
2449
12
0
35962
570
22563
35963
1
0
2476
47
1986
6
6154
4
35964
22
2
15
111
2449
675
6828
14011
1
598
19367
1
105
8425
1
999
1910
1
823
1099
22559
1
64
6602
12942
1
697
22564
1
64
27449
1
575
3852
4
54
14012
2
3626
13
5
11236
9
3424
1099
35965
27450
115
4
562
6828
111
2449
6
14011
12
0
22565
12943
6
15416
2
238
2449
6
2623
10
0
27451
27452
1
62
0
35
3056
27453
53
137
51
50
630
7
1356
9
12944
14013
1
4
13
273
3
1349
5
3700
1
12945
9
109
6365
3
3568
3002
3701
4
1231
97
9368
28
27454
15
35966
726
9
19368
17103
1
62
22561
22562
1
10
115
7
5
2071
196
6
0
35967
8426
7
884
3102
1019
2
57
13
0
7088
6
80
3423
22566
62
22560
2
15
913
13
0
439
111
2449
6
17103
3
32
658
7
5
2318
2
57
30
22567
9
5614
2586
1
5
670
1
35968
9896
12
0
22568
6
97
5767
4
14014
2070
1223
35969
2
35970
3425
738
650
5768
197
48
12946
4
373
2188
2
35971
33
5439
3
1019
4
480
42
501
912
1
33
67
3426
1785
3
2406
1
12947
53
330
23
1099
6595
51
4
27455
85
44
33
3
1470
22566
2
35
2476
1909
14015
7348
0
22569
5769
6
1177
9
41
118
3
4306
111
2449
1
45
61
3
12948
0
4298
6
261
2449
3
0
433
6
136
1492
2909
2
35
1232
2155
185
3
17104
0
594
6
142
11
136
126
4
5440
2
1544
7
136
220
35972
111
12949
35973
3244
0
12949
10
5
111
2449
6
726
9
19368
17103
1
62
3423
9
22558
1
50
10
115
7
0
2071
15415
6
12029
1
7
884
3102
1019
2
57
13
0
7088
330
848
6
0
835
22560
4
10
180
22561
22562
2
3702
98
183
14
0
4565
33
5439
3
1019
4
480
42
501
912
1
33
67
3426
1785
3
2406
1
12947
9
330
23
1099
6595
9
4
27455
85
44
33
3
1470
22566
2
27450
28
0
35974
115
4
562
6828
111
2449
6
14011
12
0
22565
1858
1167
6
15416
2
238
2449
6
2623
10
0
27451
27452
1
62
0
35
3056
27453
50
630
7
1356
9
12944
14013
1
4
13
273
3
1349
5
3700
1
12945
9
109
6365
3
3568
3002
3701
4
1231
97
9368
28
27454
2
15417
6
0
132
16
65
22570
1592
381
14016
17105
1
180
27456
27457
13
0
1404
6
97
1084
115
103
0
12950
5953
743
713
4121
53
12951
3569
51
28
251
3
5767
9
472
1165
23
189
4
105
278
10497
85
156
330
14016
17105
0
5441
27458
4
17106
9
2645
2872
6
22571
3147
29
12952
105
2868
658
5302
8425
1
50
33
277
63
0
912
6
5
957
19369
6
4038
2
139
787
332
0
2427
6
54
6
0
35975
4565
57
61
17107
5
3853
1138
330
23
35
9897
9
27459
2
139
13
56
5
12030
3056
15418
4108
28
0
9368
4
19370
1403
3
3003
37
22572
1607
15418
7349
0
6365
5615
31
7350
25
4
3938
25
133
4
1403
133
5442
77
0
7089
6
0
6365
1
1891
0
6366
22573
3
42
193
2
3193
543
0
3503
33
2450
111
2449
6
6602
4565
1
173
5
1950
6
27460
70
83
27461
2652
1459
31
97
15419
3854
2
65
943
6
316
111
2449
6
35976
1
54
35977
1
54
35978
1
64
35979
1
54
2547
35980
1
54
35981
1
823
5616
35982
1
64
35983
1
697
111
22564
1
64
6602
12942
1
4
5
7351
2652
28
155
2624
43
61
115
7
526
2
3193
543
0
3503
33
2450
111
2449
6
6602
4565
1
173
5
1950
6
27460
70
83
27461
2652
1459
31
97
15419
3854
53
137
51
15
8
3056
15418
8
53
137
51
17107
5
3853
1138
330
23
35
9897
9
27459
2
139
13
56
5
12030
15418
4108
28
0
9368
4
19370
1403
3
3003
37
22572
1607
15418
7349
0
6365
5615
31
7350
25
4
3938
25
133
4
1403
133
5442
77
0
7089
6
0
6365
1
3
42
193
65
22570
1592
381
14016
17105
1
180
27456
27457
13
0
1404
6
97
1084
115
103
0
12950
5953
743
713
4121
53
12951
3569
51
28
251
3
5767
9
472
1165
23
189
4
105
278
10497
85
156
330
14016
17105
2
57
13
1785
3
3940
35984
4
1131
27462
20
8052
373
3
1803
948
53
35985
2252
51
3623
0
2912
47
1491
2
191
0
5441
27458
4
17106
9
2645
2872
6
22571
3147
29
12952
105
2868
658
5302
8425
1
50
33
277
63
0
912
6
5
957
19369
6
4038
2
924
43
658
12
14017
22574
8053
119
5
439
10
658
7
0
27463
15420
6
3296
2
26
17108
675
6828
14011
1
598
19367
1
463
8425
1
999
1910
1
823
1099
22559
1
314
6602
12942
1
870
22564
1
314
27449
1
575
3852
4
54
14012
26
135
43
115
31
0
665
2476
6
9895
7
1119
2783
26
15
14012
1
5
501
726
9
19368
17103
1
10
115
7
12029
26
8
4788
15418
8
6
15416
12953
5
14013
6365
3
3568
3002
3701
26
12031
61
9369
784
11
0
205
6
42
9368
26
17108
43
115
7
2071
12941
1
0
1857
6
0
1099
1
7
2117
15415
4
158
7
3055
8874
1061
6
665
26
3049
6367
60
29
115
79
259
134
153
6
2449
12
0
2960


