258
13933
6622
5
1075
38218
251
1611
540
5873
358
516
5189
89
24
14561
17563
1348
122
1941
82
2
2176
3195
4800
2189
13713
104
14
5830
57
5415
896
14
67
27
3277
28585
5
54
715
14450
288
185
4767
14
31183
9002
1137
1674
502
105
13
5056
334
411
917
23
24
38219
58
32
57
1579
1887
2182
1950
27
589
28585
61
428
61
330
262
331
408
44
850
185
612
14033
515
612
13713
149
2555
449
5415
896
705
67
27
187
132
1030
610
288
144
2555
89
24
14561
27
331
521
159
34
522
3277
5
14450
28585
288
185
4767
24
1137
1674
1048
13
2425
2
24
38220
7744
1348
1579
1595
3195
164
133
5
183
2859
2189
13713
38221
9002
1125
38222
1137
2381
13
237
32
324
104
2425
1748
149
441
13
221
334
411
917
23
24
38219
69
394
467
71
10113
11121
57
2425
22598
1840
119
38223
7967
1048
185
24
1125
38222
2
24
38220
7744
13
2425
288
174
38224
91
24
9865
9
90
3592
61
502
11223
2313
2
1810
27
589
28585
61
2
38225
438
16432
61
330
262
331
33496
334
2277
5
14
170
89
24
1941
610
389
24
1595
5037
1292
5
14
34374
23
24
1148
27
331
119
50
4934
610
105
334
1595
10834
5
5696
24
169
1595
159
185
24
700
83
57
24
1669
5
215
330
610
516
278
13
1810
23
24
38219
27
331
12901
496
640
1462
61
589
28585
61
129
149
1951
76
525
1093
61
359
262
331
187
149
14
2236
3505
917
27
9939
149
185
937
9
610
288
750
13
5928
14
21584
917
652
358
105
13
1153
1058
1889
185
32
1595
5
610
44
850
704
24
434
1887
185
24
1675
27
331
7860
183
149
2350
183
8158
818
10947
61
704
372
31927
10123
61
183
53
1690
2391
1512
27
691
330
183
149
144
14
424
40
610
288
821
61
821
3573
27
331
187
149
997
12075
185
515
1669
27
2686
1093
149
6568
9
926
149
586
577
496
1222
610
1018
244
221
183
778
577
27
331
119
540
330
7967
288
935
174
13
193
185
24
16881
1674
185
24
1203
38226
37
13744
34
360
4615
484
2075
361
3748
810
27
589
28585
330
262
331
187
149
503
1348
421
497
17033
515
24
8842
157
703
1153
122
557
1563
27
331
808
28585
61
5785
61
14
11110
4560
61
359
262
331
1447
288
2884
9918
104
24
166
6571
76
124
5603
8093
61
610
44
244
1454
34
316
4615
27
331
251
2315
510
237
858
57
24
16881
1148
58
183
53
334
411
917
23
24
38219
1307
122
1714
1669
9
14
1125
38227
9
4278
9
2084
61
358
288
14374
185
484
735
2276
2277
34
1550
9
445
61
7520
33
23
2425
58
334
2978
2277
61
1656
67
11661
27
589
28585
330
262
331
408
288
4952
76
21162
1229
5
14
5628
2909
5
45
334
2209
1842
57
9634
622
1284
24
1217
24
1595
4942
27
331
408
738
185
2176
14
1842
5
610
1681
402
13743
1502
40
610
278
604
813
1407
1030
515
484
27
408
825
45
107
1048
185
515
1669
156
27
331
808
28585
359
262
331
691
1724
183
24
1137
40
183
149
1533
1030
14
63
27
331
19244
57
90
7967
278
100
9892
237
506
91
14
3232
57
5351
5
34159
27
2776
18723
1659
29138
734
2
3456
23
563
61
8972
14
80
5396
1713
502
99
818
420
4942
13
532
24
1148
1185
1579
38228
7967
27
1331
61
35
751
61
2276
2776
18723
1941
61
29121
61
149
2876
159
18
6260
61
3319
704
57
24
38229
308
185
4767
27
869
237
632
61
334
1894
38230
149
24566
13
19421
14
17126
9002
1941
89
1810
104
2425
1748
58
14
2315
7983
53
14
29536
7663
1206
27
251
31183
9002
8567
383
1941
38231
813
14
11821
1190
5
24
1148
23647
13
38232
1709
23
24
38219
64
14
23657
5190
27
119
1148
149
441
13
221
334
411
917
104
38232
1748
61
14
1203
4618
23
24
38219
61
324
534
427
262
119
55
4090
1941
57
24
1137
1410
513
9
166
494
545
27
1078
555
262
251
4381
25849
185
334
1595
19218
123
13744
2826
104
38233
4450
1748
61
1747
9042
27
534
558
262
251
2426
18723
38222
4063
334
411
917
23
1605
12061
58
13406
3071
5
14
17126
9002
38222
87
18710
58
13406
6439
1291
3071
27
5657
1268
262
251
434
10486
23
14
25816
19618
11158
9747
57
14
4343
18723
38222
23
7803
23
5657
27
251
257
147
2426
18723
2743
12620
37726
13
11158
5
185
24
1271
257
515
449
2845
23409
57
3870
38234
2
4343
18723
1137
123
334
30096
1550
9
445
27
12647
515
751
14
1858
3036
185
334
38235
1137
1333
123
14
4280
3860
1941
27
618
5657
2431
61
2276
1137
14359
91
38235
4063
334
411
917
104
38236
23
4343
58
14
25265
150
1652
445
27
1134
441
704
38237
13
107
12185
18710
4741
451
4789
27
563
1268
262
251
31183
1137
7453
34
38238
23
2159
61
1561
61
149
441
13
4699
13
2425
1748
58
183
10087
14
9865
9
1941
331
11821
1190
331
27
579
359
262
331
5745
13
20175
104
24
1709
61
7967
4411
185
4767
76
17894
4952
27
691
288
417
321
17894
23
24
20668
484
9008
14
3028
1148
502
510
542
33
13
2425
1709
61
7520
144
58
1507
5977
27
331
119
451
57
612
1864
5
1727
87
57
770
685
5
610
516
1030
13
3035
34
24
11661
813
27
331
579
330
621
2222
516
107
417
1389
1469
13
2244
3819
38239
64
14
3340
57
24
15126
7210
27
11774
23
534
427
61
24
1125
38222
1137
149
28905
64
24
712
57
10373
1941
27
842
24
3634
149
16584
91
3071
2
24
56
9098
31183
87
45
24
503
1922
13
3398
76
1137
3071
5
61
35
751
61
316
1677
3527
28635
26412
34
3272
5
7058
1341
4238
30397
144
484
1550
9
445
27
162
266
61
14
1117
20115
1260
14
1137
663
441
38240
14468
18723
13
1724
445
14
25201
1941
2
23906
27
246
1137
1674
441
13
221
411
917
23
24
6666
57
24
14561
246
15081
9992
2150
1666
105
13
5696
159
1595
5
1810
23
38219
246
20880
185
31183
9002
1669
5873
358
516
19867
89
24
1252
246
2286
6498
834
358
769
13713
104
5415
896
14
67
58
5696
9
159
246
579
1520
262
331
187
149
14
2236
3505
917
27
9939
149
185
937
331


