2017
422
6
10106
9
3544
613
29
40
432
39
5
7270
239
6
1187
8127
2
10956
1270
1
542
1
10
115
420
7
5
471
20
29655
7007
260
339
3776
12
460
483
2
15
613
1
38
33
464
6
0
7007
1
277
225
5
3872
766
6
24162
1187
3
5
2111
5476
7
193
2
135
43
482
3
0
4656
655
1034
1
4
5
942
13
1973
437
2
1722
108
613
1
173
216
7007
848
1
225
20589
2
2017
7007
2570
29
40
432
39
7270
10956
1270
239
6
1187
8127
7
460
40081
163
68
1270
18
773
6
193
10
10126
1187
12545
4
19
777
1187
2167
10
40082
2
2045
0
4061
1
0
164
1410
0
7007
9059
8728
2
15
595
817
67
85
316
17547
576
7
0
260
46
252
3
325
216
242
3
495
1
301
3
1596
479
1257
475
2
15
1596
4728
17547
3
495
12
3776
1
4
0
260
46
100
879
32
3589
11
199
5693
2
8
104
29
204
2890
684
1
289
0
20590
6
0
978
1
8
22
3649
13533
1
0
1596
3253
12546
11
693
3882
2
15
146
613
1
28
0
422
6
10106
9
3544
53
137
51
277
225
5
3872
766
6
24162
1187
11
5
2111
5476
7
193
15
22824
6435
7007
464
4243
5
423
20
5
1443
260
0
166
90
68
1270
10
115
2
10914
10
1646
3
7611
18071
1
173
68
1270
1
301
3
0
1960
2
5941
78
2244
14
1270
492
7752
4
1317
55
2
52
10
696
99
3
0
7007
260
4
10
93
3
1060
7
19
471
1
301
3
0
22824
2
475
22
25
18
253
390
3
161
110
6276
684
0
613
206
225
28
0
1596
2
26
10956
1270
1
542
1
10
115
420
20
5
7007
260
12
460
483
26
2017
422
6
10106
9
3544
613
29
40
432
26
2045
4061
1
164
1410
29655
7007
8728
26
2413
225
3872
766
6
24162
1187
11
5
2111
5476
7
193


