119
13676
1816
57
334
41272
16246
99
100
1142
23
17132
76
54
17842
7441
445
61
144
1267
58
215
149
319
91
49050
18678
8386
537
13
221
3225
2
14
4703
2060
4939
5162
12087
91
14
10029
23
7499
27
49051
49052
37
1816
149
1142
185
207
1680
23
14
7446
351
438
13
54
82
23
24
49053
4791
61
23
7485
17132
27
742
7935
5
9378
105
100
7441
445
61
709
3259
13
107
1129
23
49054
5
48262
53
91
17433
4047
34
11457
4656
129
1014
358
825
1415
4578
5
17830
27
49055
61
405
1014
24
49056
24
12319
1348
24
1816
398
87
3068
61
24
1533
1590
24
27792
825
107
27
49051
37
2255
49057
10216
61
1114
61
553
23
320
61
59
2
24
49050
16650
24
8386
49058
159
185
525
64
926
6005
978
13
2648
525
688
545
35
1750
27
12663
262
49051
49052
37
1816
149
1142
185
207
1680
438
13
54
82
23
24
49053
4791
61
23
7485
17132
61
1267
58
49050
9
18678
8386
7673
158
2
54
82
69
1363
467
71
49059
1816
3465
369
1586
4606
57
13813
23
17132
61
76
334
6922
1816
361
330
13
4652
47
13
2947
16758
9
449
1389
6471
27
119
20254
57
24
3225
9
14
17248
34
24
3940
1066
23
24
528
2787
1566
9
99
174
17132
37
41272
5402
23
2349
34
1579
562
27
20388
61
365
317
5
272
369
361
53
13
761
23
796
36842
13
151
542
5309
2
1121
4872
91
24
46411
13
42423
445
122
4091
9
6080
1816
3465
13
107
1129
23
1508
49054
27
49060
9
751
9
2033
49051
149
24
2107
593
57
14
3760
57
2367
27
364
454
495
61
1413
9
506
9
2033
49061
49062
49063
149
319
2
525
82
23
49064
61
502
61
1030
49053
61
87
663
185
24
22391
57
4669
5618
27
579
99
604
100
719
156
27
22170
262
17132
37
49065
369
361
6077
159
91
308
129
1028
1153
542
23
49054
5
48262
162
365
597
61
24
36372
57
24
272
288
6555
23
24
2248
57
24
8434
9
344
91
642
57
361
23
405
880
2933
27
1707
278
1094
9716
47
1140
23
24
2248
57
237
2107
3319
331
13
5448
709
32
2359
87
10493
331
61
49066
642
8842
20288
49067
330
27
49068
369
719
64
49069
61
1185
331
33816
331
129
718
107
17856
445
24
855
57
24
7090
61
23
3096
398
57
17132
61
5
1853
2604
27
49070
87
14
4029
4706
4382
502
1755
14
2488
6213
57
41608
23
24
2664
61
4008
5
1009
61
49071
22594
32
49072
23
7326
61
1502
64
14
3340
57
49073
23
2600
5
2887
2407
61
12470
377
27
162
24
1202
61
183
22594
144
32
1066
23
11913
27
21663
369
1502
750
13
6457
24
272
104
7764
27
2173
61
49074
61
122
1816
3465
369
4091
6080
27
842
49075
49076
6039
24
316
64
361
49077
2275
27
331
119
13685
5
2367
87
24
17403
57
24
27731
5
5776
27
816
723
1643
846
61
723
1492
244
1019
57
846
64
14
49078
61
331
215
330
27
49079
4047
3820
41272
1816
3465
369
10194
57
749
17830
61
6439
5
4228
61
1222
1129
23
49054
61
655
14
12631
2401
2401
89
24
5162
3283
21755
1129
24
10532
64
49080
61
1185
516
12726
542
575
358
369
31580
34
5046
27
49081
369
330
13
39323
24
4008
89
122
15045
13
442
542
5607
1533
2587
27
7670
369
3924
1149
262
122
10483
87
4091
7712
61
5
358
369
45
64
168
64
24
317
6882
542
27
1486
57
24
227
61
17842
369
319
9
40
24
2401
6520
646
278
100
597
575
5284
288
7506
61
22071
61
13266
61
5
17996
57
2664
288
3068
806
49082
288
164
133
5
24
1009
5
24
474
49083
133
27
5298
1276
57
2367
1341
3866
7466
34
27436
12453
27
34329
594
12792
61
405
1014
24
49056
24
3087
655
24
17862
87
3068
61
24
1533
11500
24
24365
27
331
5349
237
485
49084
23
14
11632
7446
351
820
818
183
149
997
1098
34
24
642
13
409
7707
24
344
37200
61
331
49067
330
27
119
359
1159
825
5057
151
49051
37
316
7300
5309
61
64
365
369
330
13
278
49071
27
1295
61
17354
13667
24
11103
4783
6330
87
5562
13
1020
2367
5
3319
5547
64
308
1099
1456
13
7499
13
11391
4098
10536
27
12631
1566
8789
22648
10845
330
215
149
331
10655
5794
91
24
13337
57
1508
316
635
272
61
331
586
515
104
306
8370
49065
278
100
489
23
24
528
2787
1566
647
1900
27
331
3779
2367
369
9233
91
14
175
5780
57
42338
61
5
655
17132
99
53
4759
13
9216
24
2536
61
822
1533
1393
107
456
13
1399
334
1029
13
1508
30566
10938
5
13
2648
237
1149
7262
57
24
5402
61
331
215
359
27
331
1134
87
24
506
57
6713
23
17132
5
61
64
405
14641
278
1196
61
183
44
107
14
1169
506
34
308
2797
76
49071
27
331
119
49072
4929
970
4934
14
1962
159
185
17433
4047
129
20639
237
3396
1211
57
331
11687
331
23
334
1761
13
1728
24
2367
27
842
2223
49085
61
57
1435
2520
119
33281
7244
61
502
1001
13
442
308
76
49071
23
17132
61
87
39618
27
331
1447
37
3330
709
4098
825
94
4781
13
1029
1508
49086
13685
820
496
87
818
796
76
1508
69
7768
71
49087
13
24
2366
515
612
4781
4377
41272
13685
778
331
926
330
27
331
49070
87
45
14
4751
27
331
1007
1393
2294
49065
369
2360
308
1030
421
2359
5
24
4929
99
14
511
13
2502
13
5448
237
4747
18205
3096
308
647
594
57
24
13685
8153
273
57
24
485
27
331
49070
87
14
4029
4706
4382
502
1755
14
2488
6213
57
41608
23
24
2664
61
4008
5
1009
27
187
22594
32
49072
23
7326
61
1502
64
14
3340
57
49073
61
12470
377
27
162
24
1202
61
183
22594
144
32
1066
23
11913
27
246
12864
9
2033
49051
49052
37
1816
1142
438
54
82
23
17132
246
49088
8384
318
185
1750
61
6882
2255
76
13701
246
49051
87
169
41272
318
13
107
319
23
1511
1284
316
454
246
49079
4047
3820
49054
76
41272
1816
3465
1415
14100
5
4578
246
397
14
3340
61
17842
6586
34
4606
9
76
6922
1816
331
49089
1389
6471
331
246
19244
2367
5
13685
825
5547
23
24
1876
9
47
13
1372
37
6330
246
30110
13667
57
14
331
1169
506
331
34
308
76
49071
23
17132


