144
523
9157
293
16
46068
138
1
441
488
151
291
287
16
24264
138
1
399
488
151
982
864
1644
1474
34
42
6145
12
108
457
56
44
43
780
508
25887
120
5
1776
63
5
1813
984
1655
2
15
12658
1644
43
1397
508
0
229
12
10364
120
5
166
1932
7
0
577
9093
3
1776
0
1655
2
57
13
3591
458
0
799
43
204
120
5
677
7
0
4843
62
119
0
1776
1403
10
182
152
2
3244
0
1271
157
120
0
229
10
8
32414
8
1
50
13
864
11
8
9590
8
1
4
8
32415
8
50
73
32
9667
23
8
32416
1
8
46069
8
1
62
8
32417
8
2
15
64
1644
73
32
214
508
25887
12
42
10364
120
5
1776
63
0
1813
984
1655
899
11780
16
3244
0
1271
157
120
0
229
10
8
32414
8
1
50
13
864
11
8
9590
8
1
4
8
32415
8
50
73
32
9667
23
8
32416
62
8
32417
8
6023
0
851
9
547
8
46070
8
723
10
157
7
8
46071
8
1
0
864
1415
11
8
10578
8
1
4
8
46072
8
1
50
817
8
1958
8
7
944
2
15
577
9093
30
3589
5
1185
1954
6
0
1655
14
58
13828
1813
984
2
15
3517
1
3589
31
5
46073
1651
1
58
1791
0
620
9671
14
5
984
7
1010
392
32
197
64
75
6
0
2961
345
2
930
383
537
1
14
3517
392
98
32
3589
31
1010
18
3644
2
387
13
539
3
1342
150
519
6960
4365
8142
0
586
2
360
1
0
3305
61
4284
5
3517
14
30
40
67
2302
7
0
6167
1776
1
50
309
81
426
2
57
58
13828
1813
7982
1
4
1297
6
792
6
1511
4
5055
6
0
3517
29
477
4275
7
1466
2
15
6167
1776
12
0
1813
1102
3305
13
1973
3
32
2024
31
488
406
2
46074
16
15
577
9093
30
3589
5
1185
1954
6
0
1655
14
58
13828
1813
984
26
864
1644
43
780
508
25887
120
1776
12
1813
984
1655
26
32418
450
3
46075
54
216
17
229
120
166
1932
26
577
9093
30
3589
1185
1954
6
1655
3
13828
1813
984


