9086
262
4356
52823
61
129
773
13
4458
24
1197
37129
4139
37
52824
23
17703
61
99
100
6903
57
361
2933
23
24
897
57
808
45377
119
1197
3829
552
715
87
6903
57
24
4927
596
57
1611
8021
8449
45377
2458
47
166
1245
2244
4900
34
24
737
3319
57
54
2534
642
8789
61
183
99
100
3138
27
4356
52823
61
935
14
5721
3022
57
24
1197
37129
4139
129
773
13
4458
1579
1590
52824
23
17703
61
149
301
3108
13
2297
24
642
8789
61
38438
52825
61
2
4043
515
808
45377
105
100
489
27
808
38438
510
13551
104
24
2572
4895
23
18729
23
266
61
575
215
750
30340
515
808
45377
149
26384
91
808
4356
37
715
61
43348
52826
27
119
642
8789
6934
750
542
665
43348
105
8192
13
24
3319
27
119
2107
3762
75
808
4356
3084
515
215
149
822
1533
10655
2933
23
52827
808
38438
1284
149
1195
648
27
27469
27470
4122
1605
3715
99
3138
23
334
643
515
808
4356
2458
47
166
1439
23065
13
9935
24
737
3319
57
808
38438
61
722
253
7983
6555
5
10843
1793
273
57
24
642
8789
37
2923
5525
27
52828
52829
61
14
1197
4880
1094
2797
23
44817
23
7144
58
361
561
34
4850
185
808
4356
61
330
952
57
24
6474
105
100
383
13
158
91
4190
23
52830
61
24
1032
575
808
45377
149
7983
489
27
808
52828
750
24
2414
1460
515
808
4356
12301
16128
13
3934
808
38438
37
897
5
13
2502
159
1193
5614
515
215
149
2933
27
119
55
679
149
13
4923
24
3319
185
24
125
13102
64
11021
34
642
4759
13
7180
2102
23
24
1032
27
119
169
149
13
10481
808
38438
105
2101
8955
13
1488
361
17300
34
11419
27
119
188
6542
9634
149
8955
1515
91
808
38438
37
22078
27
9586
262
4356
52823
37
715
43348
52826
69
174
71
87
330
13
278
8192
13
361
1501
1348
1611
8021
8449
45377
69
700
71
149
26384
27
119
1047
105
7983
105
334
3205
21078
262
1197
948
369
2335
1720
808
45377
149
26384
76
52831
58
1068
133
76
808
4356
69
700
71
5
54
715
43348
52826
69
174
71
808
4356
9326
34
24
188
9634
61
24
4122
3138
61
652
24
55
149
401
1098
5
24
169
516
17045
54
8653
34
4156
6439
27
742
24435
369
330
13
278
18603
808
38438
37
310
2079
13
3084
24
642
8789
4508
2
22078
27
691
369
663
391
13
278
14640
14
6581
320
16800
185
24
3207
23
334
1761
13
4722
24
4006
515
808
38438
149
11088
27230
27
119
4122
3138
515
360
273
57
808
38438
37
5525
288
12567
9
76
316
57
542
4339
101
10629
9
5
819
288
1399
101
7706
27
808
38438
497
832
515
54
562
149
23
7749
5
285
13
24
2572
4895
61
24
2401
5910
27
1172
6893
61
24
791
8789
9678
57
24
8862
61
330
262
331
187
1308
3083
515
54
6758
149
45
13
6026
40
13
532
14
5309
19905
652
215
3832
515
24
10992
149
47
23
52830
5
215
4995
13
444
133
57
646
64
182
64
1243
27
331
1312
4356
37
7019
61
38438
87
10603
27
187
1219
1492
244
144
107
8449
45377
37
897
515
215
87
2496
542
449
27
331
119
582
3762
369
24
2107
57
3096
13
16426
647
808
45377
61
6784
61
1077
23
2398
7773
190
454
495
27
119
1816
57
24
2436
52832
3104
1687
52833
61
129
105
1969
24
4356
485
34
14
754
61
149
1142
23
14
4319
23
52830
35
4824
27
187
99
100
4927
515
215
149
489
301
13
1728
158
45573
10587
57
808
4356
37
14100
8052
133
57
12641
27
12569
262
119
12958
351
57
24
52834
52835
21145
2233
23
52830
61
12641
61
575
1611
8021
8449
45377
149
1142
982
665
43348
61
129
105
7983
105
334
3205
76
808
45377
61
87
330
13
278
750
808
38438
515
926
149
23
24
4319
1547
123
24
1687
52836
7730
27
808
38438
6934
750
4744
30340
515
808
45377
149
184
159
23
14
52830
4319
1547
23
4824
5
441
13
2795
52831
27
808
45377
105
61
484
54
897
61
100
5812
3212
13
1199
334
1389
29737
740
116
4013
13
1611
7702
27
589
43348
87
4927
13
278
2859
334
3205
76
158
58
926
149
3250
1687
1193
2360
52837
2
525
583
61
330
38438
37888
61
14
52830
44238
76
11458
810
808
4356
37
5525
27
691
369
1347
330
13
278
4828
3440
609
5
9715
6638
334
5665
23
24
19924
8900
57
1676
61
502
149
4639
13
589
43348
27
3026
262
4356
52823
87
330
13
278
1872
47
166
2244
4900
34
24
737
3319
57
642
8789
38438
52825
61
324
808
45377
37
897
2291
24
4098
1915
57
808
4356
61
129
149
3931
2
54
5016
58
183
149
3138
215
105
7416
9
12579
3355
37129
4139
4781
27
119
7416
9
5317
7279
149
6934
743
1348
4678
9
11419
948
13610
14
2956
1724
53
13
1197
3989
52838
52839
149
361
10421
27
808
4356
37
688
52840
1869
37383
61
52841
5
21581
104
5735
37
49906
733
27
396
147
8581
104
3729
1956
23
24
4744
40
87
1094
391
13
107
23
4124
27
4356
52840
99
978
13
2502
159
341
515
215
2045
14
52842
10543
104
5735
27
396
330
54
7436
1264
149
1687
52843
5
215
105
2490
14
3760
57
908
11966
27
1102
610
369
45
370
11344
1105
185
237
4144
27
246
4356
52823
650
47
76
166
1245
2244
4900
34
24
737
3319
57
38438
52825
61
2401
1400
246
808
4356
87
4927
13
278
978
13
2297
24
642
8789
4850
515
14686
8449
45377
105
100
489
246
808
4356
37
715
43348
52826
87
6903
57
7730
808
45377


