258
1683
32253
251
10021
478
129
10087
32254
58
722
24
32255
23479
4672
87
2456
13
1522
14
1389
10319
10620
7546
2
24
4929
27
5273
32256
61
3970
61
2
31064
1329
10776
2241
10015
1411
666
5
1114
607
14
257
27
5273
105
24
32257
32258
23
4824
427
5
2859
776
24
25806
57
32254
144
1413
454
147
27
5273
32256
69
324
76
525
2255
61
887
71
61
3970
61
10087
32254
58
722
24
32255
23479
4672
27
579
1094
1329
10776
47
13
1114
607
14
257
5
20449
1401
3290
23269
5
10947
61
16696
4321
7748
1014
926
87
32
57
2172
57
2568
1853
24
1428
129
10087
24
4382
58
722
24
4672
27
119
4929
970
3818
34
24
55
227
515
24
26637
718
1315
32254
23
405
597
27
187
87
391
6916
825
10695
185
4386
515
2826
369
13
2430
185
8888
13
850
1222
358
18352
34
10620
27
5273
37
501
87
818
1404
515
525
485
61
2
31063
61
369
13479
24
4929
825
107
441
13
3896
10620
27
5273
330
262
1687
2186
14087
24
594
87
1348
308
850
846
23
1857
5
628
629
4800
13
980
10776
5
358
2391
104
846
64
1222
628
629
10884
1185
278
100
3477
7156
27
1687
628
1835
709
1245
13
2938
2359
23
515
628
278
373
2168
11149
5
628
718
850
24
880
358
369
537
104
846
27
5273
718
709
849
1550
1857
10789
91
2151
61
738
2239
1185
278
14
4546
27
579
99
663
105
13
5189
316
12027
104
276
64
926
44
244
151
47
76
24
6161
1687
628
278
373
2168
4227
5
4321
27
628
1028
13
107
14
3592
5802
1348
628
629
508
40
628
696
2236
144
2168
13
1550
705
257
64
183
26343
5273
1520
926
663
20449
3290
23269
5
8237
4321
64
14
3340
57
525
4382
27
579
330
262
1687
119
20071
628
2245
369
818
1401
61
628
718
738
2
361
2236
108
5
32259
13
2236
11802
13
2236
1090
23
14
2347
7404
5
704
183
1410
87
32
853
1017
13
1481
183
445
27
1687
119
4321
628
278
1348
628
629
10776
369
2236
16696
61
628
718
2245
24
8638
23
24
725
5
8838
183
1347
2256
1030
1463
87
716
846
61
183
37
2236
32260
5273
69
324
76
525
2255
61
887
71
87
2456
13
1522
14
1389
10319
10620
7546
2
24
32261
18648
25464
9033
5273
99
253
13
5189
316
12027
104
276
652
926
718
45
151
47
76
24
6161
27
579
330
262
1687
1307
628
738
89
25812
1666
2726
628
1018
244
2236
2422
1407
515
711
61
5
2088
628
696
604
100
2236
2324
5273
61
129
149
3731
4001
76
32254
5
32262
23
534
35
506
61
359
262
1687
187
718
2191
104
1193
227
27
1687
4540
6266
47
1185
1461
159
27
628
696
2236
100
539
515
628
696
45
10493
2208
1068
10776
655
6266
47
5
628
1095
2208
4270
834
628
696
1789
27
1687
305
276
628
706
107
1461
104
707
20011
5
237
4391
57
25817
1410
18
27
1331
723
728
1009
56
13
2909
5
32263
5
515
37
1348
723
639
496
37
449
13
2191
27
727
144
738
133
27
5273
69
324
484
525
3582
71
330
262
331
2186
14087
24
594
87
1348
308
850
846
23
1857
5
628
629
4800
13
980
10776
5
358
2391
104
846
64
1222
628
629
10884
1185
278
100
3477
7156
331
1687
187
912
1030
14
17824
57
20071
8838
5
104
55
183
149
2236
2184
27
1687
951
32
2236
2168
496
149
2050
185
818
358
516
1211
57
4072
449
183
27
2015
24
9119
1899
23
104
55
27
628
696
100
3559
13
617
818
3096
32264
5273
912
2255
61
887
61
330
262
1687
187
37
144
11807
515
183
37
319
542
237
402
13
4886
646
87
14
5009
27
1687
4617
421
2933
2193
515
149
24
501
5
610
728
144
3108
13
3382
183
27
727
144
56
13
4923
32265
579
359
262
1687
5273
105
13
444
24
4672
652
926
87
32266
40
1094
926
37
174
76
237
4382
34
24
557
57
525
562
27
119
1428
8058
970
3818
515
24
32257
32258
44
107
13
4923
23
9550
597
57
32254
1687
119
27107
987
818
420
149
1348
5273
285
500
34
18
316
4615
27
579
149
2150
13
2597
707
2343
23
2321
40
285
89
334
8070
2726
1779
5
734
27
1687
408
288
704
5972
76
5336
5
628
105
13
1724
24
32267
665
32256
330
24
1068
10776
149
45
1347
24
2511
2536
27
5273
1094
663
20449
2
24
30059
4513
4382
32268
27
665
32256
330
262
1687
1042
32268
1506
926
718
11410
104
1193
227
5
646
87
818
3096
257
13
257
1022
515
610
1550
34
12427
515
926
847
244
1018
27
187
87
648
515
34
705
32269
272
129
288
417
24
24246
61
32
99
10087
32254
1687
951
27487
4546
61
709
2239
5
926
847
244
1347
1153
1857
10789
185
525
2534
27
579
906
10776
185
14
432
625
5
2291
47
2313
868
27
1687
1312
703
183
912
45
144
449
24
10620
61
183
912
449
2540
5273
37
562
226
27
408
1028
308
13
6046
496
926
37
1834
76
5
13
442
221
525
2245
1533
4312
27
1687
5273
87
14
2236
61
2236
11536
5090
5
926
5960
3592
5
8148
40
183
912
2236
9547
515
926
99
105
13
5189
316
12027
27
1687
187
37
100
562
3060
34
5273
5
24
557
57
24
5988
1877
555
24
4672
99
45
100
417
13
308
101
24
636
57
1011
652
57
24
4031
57
32254
119
1428
8058
970
3818
515
24
32257
32258
44
107
13
4923
23
9550
597
57
32254
27
21663
825
444
1389
10319
218
24
32261
18648
25464
9033
1222
358
718
3382
331
1404
331
27773
27
32270
61
502
23125
23
32
23
705
4291
308
61
87
14
2371
15727
515
1755
14
1066
13
3195
980
10776
104
1754
607
27
187
87
14
402
9
4522
14963
4382
515
32271
2360
5104
5730
27
17767
2581
61
2371
2367
61
32272
32273
5
32268
9
10354
4513
21076
23
352
13
5997
27
187
87
1502
1515
91
334
32274
352
9
237
87
1348
25811
369
407
91
24
1816
40
2053
57
9879
4751
61
358
239
4518
23475
27
162
24
501
57
32254
61
25811
239
24
2788
57
24
8491
515
1493
14
2371
9
32275
280
27
1447
87
370
709
14733
40
24
4382
718
8838
107
1789
61
34
5127
61
91
3477
1551
31167
61
986
32276
5
23356
27
162
405
597
61
32277
1155
64
25830
1185
32278
718
663
442
27
187
87
648
515
34
705
32269
272
129
288
417
24
32258
61
32257
61
32
99
10087
32254
27
8920
61
129
784
122
1342
23
24
1611
4040
6424
61
8581
4653
272
76
32254
5
1142
515
2978
57
1508
105
309
24
4672
484
122
25806
1770
27
119
4672
87
1277
76
14
32279
5547
23
14
318
37
4031
57
4048
24
4382
27
1877
555
61
24
3789
57
4810
99
20965
24
1153
57
32257
23
308
101
24
636
57
1011
27
187
87
648
515
34
705
32269
272
129
288
417
24
24246
61
32
99
10087
32254
27
8920
61
129
784
122
1342
23
24
1611
4040
6424
61
8581
4653
272
76
32254
5
1142
515
2978
57
1508
105
309
24
4672
484
122
25806
1770
27
1877
555
183
99
45
100
417
13
308
101
24
636
57
1011
652
57
24
4031
57
32254
27
119
1428
4810
7576
15667
99
1142
515
605
24
32258
13
635
272
10794
122
3317
57
4048
32254
91
3970
607
27
32270
22594
24
8491
37
7410
13
25797
24
2360
2371
9
2248
21254
61
1286
7126
32273
5911
24
257
27
119
402
4522
14963
4382
718
384
2371
2367
61
32272
32273
5
61
23
405
597
61
32268
27
1447
87
709
14733
34
32254
40
9995
87
787
13
442
2828
24
25806
61
502
384
83
4790
1155
64
32280
61
20298
5
17768
27
251
1609
34
24
3789
34
5836
5
5837
383
358
105
781
13
1413
775
1195
11640
34
10620
4690
542
13
23282
27
14486
6348
597
44
45
107
3978
61
215
359
262
1687
119
32261
18648
25464
9033
15680
2002
23
24
821
1296
597
575
1463
11590
3127
3045
64
14
3340
57
14
4679
27
1687
13147
185
4672
1187
3215
1400
1550
89
3229
24
6348
7773
57
621
501
5
24
2107
787
4312
310
4121
27
1687
17805
99
132
104
405
4672
1187
3215
597
156
23
3189
57
582
1366
18609
32255
23479
5
32254
4952
91
24
3789
34
4810
27
1687
5340
237
582
1366
149
319
89
3229
183
149
2114
61
185
1303
57
32281
61
23
405
597
515
32282
149
32283
246
5273
32256
497
32284
1413
454
58
722
32257
32258
246
579
1329
10776
5911
24
257
5
20449
1401
3290
23269
246
579
718
45
1153
1857
10789
91
2151
61
278
14
4546
61
1185
738
2239
246
32285
926
706
1522
14
7546
2
32261
18648
25464
9033
246
1312
705
32269
272
129
288
417
24
24246
61
32
99
10087
32254


