144
38481
20159
7760
6223
30
209
921
3
2810
55
5
356
184
28
2604
3319
1
480
91
2033
31
19
179
13170
23601
16015
3
764
20
0
288
2
6223
1
38
30
612
187
40
3055
1440
17
338
250
7
234
246
4
1089
1
13
170
602
3
210
4244
3
1581
11
5
111
465
17
0
7798
846
1889
2
895
2604
1286
16015
3717
3036
6223
3
764
20
0
288
48
149
2
1169
118
10
16015
0
4997
374
2604
47
19701
901
243
81
236
1
21
10
61
0
130
38
2550
6223
23
5
393
120
19
1331
3206
20
9429
19542
418
82
320
2
1343
297
94
3
718
125
6
7760
6223
18
237
731
4
177
59
1032
7
3829
6516
103
16
2604
3319
1508
7760
6223
30
805
3
2810
55
687
0
1036
4245
23602
2243
16
15
1036
18
465
1565
55
208
535
4
21
30
40
1440
17
1914
17802
4
671
101
37
772
7
209
47
28843
1
6223
10
412
6
4830
11
19
179
1286
1
324
14
8
21
13
0
148
650
1286
24
29
388
614
17
2
318
13
54
6
5
333
10678
38
24
2343
128
1505
2
57
10
400
3
1487
110
21
2965
2
8
20160
1
0
1508
805
3
2810
55
5
356
1
5520
14
8
25
13
95
594
1
4
95
595
2
8
861
28844
1237
20161
20
0
267
6
208
236
1
2604
33
2468
3
5810
0
465
1
23
44
648
759
1414
59
12
5
456
2
15
4814
1365
722
3
11565
77
6382
1
967
1
4
2604
47
11566
12
508
504
873
77
985
30
28845
5
400
465
6
1062
28
5
245
6
1808
2
1169
118
250
1
45
61
671
4
0
235
1808
7
1268
29
98
40
1440
3
0
561
2
1772
7
1089
33
170
2187
14
6223
46
764
20
2604
1
17
38482
1975
209
14
8
21
58
29
100
1164
3
517
8
2
89
23
2604
356
100
2517
3
8858
0
465
1
4
234
671
4
250
623
3
32
19907
0
1833
842
7
0
627
187
1
0
3580
1181
2497
5134
2
38483
16
895
2604
814
23601
16015
30
2033
0
1508
3
911
5
111
465
20
2604
3319
28844
573
17
6440
30
61
40
180
69
1332
48
236
1
17
270
15378
7860
0
1550
3198
2
15
561
1
609
1
3436
19
1043
1286
47
6971
11
2997
47
13384
1889
328
2584
17
1270
1233
2
8
52
1624
1233
3520
1
4
30
3036
282
168
2
580
54
171
29
156
5632
14
60
46
32
12
136
229
8
2
27836
16
997
6223
8
4830
6
1286
5662
6440
1
3893
33
14193
0
64
84
74
124
12
128
168
16016
16
15
3165
9
83
1508
13
5689
23
54
6
0
235
8065
357
1201
4
13
7
1959
26
7760
6223
30
805
3
2810
55
687
2604
3319
26
15
1036
1508
18
1237
14112
208
535
26
52
30
40
3055
1440
17
5
356
3
338
250
1
119
671
1
1293
4
1270
1233
33
80
22
3
32
3050
26
895
13170
23601
16015
30
2033
59
3
911
5
111
465
20
2604
26
6223
22
21
7420
16015
8
4466
45
46
2488
19
220
594
26
38484
77
5
1237
29
1365
17803
77
6299
3174


