18629
4124
2099
13
473
477
49
23
5
797
6
1497
1289
2
89
12535
25
7
299
58
29
5
11518
1593
12
0
1793
47
433
1
37
2014
763
397
2
657
0
255
30
125
6
0
1558
1080
6
8743
1289
7
1201
1
0
3157
990
6
1187
14586
31
0
955
10768
13
1611
85
14
2199
31
75
7
169
12789
1142
2
580
419
16
15
12789
8
4124
1289
2099
8
21466
7
1010
4
1268
1
137
1
73
32
79
23
6282
23
8743
1289
294
5
768
1
0
245
6
1187
9
1785
1603
7
299
13
1611
85
7
1142
199
23
1010
1
4753
4
1268
2
570
523
21613
1
774
449
11
0
841
10914
1782
255
1
22
0
961
14
12789
9
876
1899
1289
13
6783
85
8743
1289
13
5
12684
2
35
101
270
433
1281
1
371
1187
196
6
136
4139
142
7
14
152
13
41
159
3
185
20
21011
21
22
2
35
281
711
1
25
46
143
3916
2471
4
752
0
798
158
67
2
35
221
13
48
16681
14
92
33
5
245
6
8601
1142
60
171
233
20
23
5
797
11
1289
1
199
23
1010
1
4753
4
1268
2
35
89
42
3157
1080
6
1187
6249
33
1506
85
299
2
221
13
48
1106
14
0
1551
12789
2156
254
41
773
1797
2
45523
299
16
15
255
18
232
1080
6
8743
1289
13
473
7026
7
108
846
1142
1
45
1638
161
14
0
961
14
1899
1289
6
2397
3508
13
6783
13
12684
35
101
725
25
254
1
45
25
13
79
499
4165
2
57
13
41
0
270
554
1797
14
13
3693
17
8743
1289
1
45
0
1038
3
433
13
79
23
4555
1
112
41
67
86
2
35
104
252
3
124
184
28
0
961
14
92
13
1346
8743
1289
62
12789
9
876
1899
1289
2
221
13
1797
3693
17
32191
65
625
933
81
70
115
14
3157
1845
1187
6249
10
1506
7
4998
1
1089
1
1010
1
4753
4
1268
85
7
0
255
2
15
245
6
1187
9
45524
1603
10
61
1506
7
80
261
4089
1
17
67
85
414
134
153
6
1154
1603
1440
3
1289
7
1010
4
4753
1
1292
17
140
802
134
153
7
299
2
15
1471
1
28
0
422
6
4404
7
2225
1
9476
1187
9
1785
1603
23
173
1000
6
2398
1324
1
6305
45525
1
1187
8127
4
2448
579
2
24487
16
2636
115
14
7
1142
17
8
4124
2099
8
1289
199
23
1010
1
137
1
3157
1845
1187
6249
10
1506
85
7
0
255
15
956
13
539
760
3
4839
678
11
5
2494
968
11
5
2227
6
1187
2
570
375
5035
1
28
3779
422
1
30
4254
0
623
1593
6
5
18812
2494
968
2
318
174
47
774
115
14
199
5
1173
58
29
10709
1593
12
7278
12919
1
4924
88
499
85
72
691
9557
1
45
58
615
6249
31
472
483
134
153
11
6282
12919
1
4
1789
1603
31
472
1688
7
5
2318
2
52
22
19850
0
951
58
472
1728
794
7217
3
267
35
105
4221
11
72
45526
2010
12
2348
4
4076
3322
12
18830
6
3941
2
65
18812
2494
2227
968
58
1789
3157
1187
256
31
22764
134
153
1
973
3
5
830
5833
1526
6
45527
9557
1
119
0
3163
3
0
798
58
32
72
45528
77
851
82
1
21
176
2
5374
55
397
163
14
266
33
1165
23
623
23
223
3
1530
28
1187
9
1785
2472
2
101
411
1
64
9
5073
6
0
45529
1187
9
1785
1603
7
0
255
43
266
4
5
439
43
223
1
0
950
11
577
7737
22
2
26
299
171
41
688
3
12301
8
4124
1289
2099
8
28
0
6224
26
6627
1845
1187
6249
1506
7
1010
1
1268
4
4753
26
507
1289
6
501
3508
8
13
41
159
3
185
20
80
1
8
2014
161


