144
1417
30947
96
13
0
6746
4
393
6
438
14575
15
4427
6904
1
7
50
36
3957
5
695
6
266
17
10585
25450
1
45
56
25
496
3
541
142
4427
12808
1181
416
67
6192
3
3065
27
11756
2
15
5276
9
83
513
9
529
2232
6
2119
4674
592
10967
13218
23
36
34
3
18103
5
1332
28
5518
307
689
10534
21777
13836
63
110
29880
6
130
36
148
13312
2
15
64
467
8033
12
0
925
6605
20
17390
6042
18
2876
423
63
12808
18
312
5181
4
0
266
27
1452
17665
90
13836
348
46866
38
18
212
1950
218
8
4947
4948
3875
1343
4427
12808
592
5310
39
5518
307
10534
21777
13836
348
27
110
11681
3513
36
46867
2266
1360
0
7954
925
6605
1
4427
12808
34
4587
36
58
32
4412
23
8
387
290
28
14
163
113
36
9409
80
0
599
266
8
89
36
107
1032
3
177
0
3676
243
4
9000
20
0
267
6
0
772
8
3814
18
95
1950
218
2670
350
1
8
12808
2404
2
46868
1
13836
348
16
8
13409
1
86
156
11681
218
8
8
10323
1
8
0
2232
2605
1
3585
9
36
107
74
7412
557
2
16286
12
560
43
1474
499
85
3403
17
13836
18
621
6
5225
1
54
633
16
8
46869
558
107
552
12
5518
307
1821
4427
12808
110
27
7897
11681
2407
10
218
191
48
10
12
1402
218
8
32742
2232
4427
12808
53
93
51
10
348
8
110
11681
8
266
36
3438
31
21777
13836
53
122
51
1094
1107
633
0
167
3718
17
0
1183
16
8
1169
5630
1
41
915
388
915
8
4427
1
38
61
157
3
393
4
4
2253
11
0
513
1373
6
15
950
1
592
3961
7
5
8680
3488
1007
2
12808
10
529
7
2310
4
219
3
24433
2
13836
10
529
7
665
4
219
3
26040
2
2086
1
12808
34
4587
63
110
75
445
181
56
44
177
27
1097
31
1
324
16
8
387
18
14
290
28
14
163
113
36
9409
80
0
599
266
2
8
26
4427
1
2125
1
592
5772
20
0
1332
4
107
74
355
37
2174
26
9049
12
17146
2460
0
1332
1
348
31
5518
307
2969
21777
13836
26
2266
0
7954
0
2232
34
4587
36
58
32
4412
23
8
14
290
28
14
163
113
36
9409
80
0
599
266
8


