999
57
24
1146
37
2704
4319
33822
99
902
807
334
2869
582
1188
515
4175
5556
19054
122
4319
18784
76
122
19640
27
39690
39691
5
39692
61
502
988
5
3890
39693
10495
13811
61
7539
24
2457
104
890
39694
61
39695
5
22941
10495
27
187
87
2235
13
14558
24
9677
61
502
1001
4205
14
13618
7717
61
13
22656
1533
57
1579
15284
91
24
6666
57
1462
506
27
39690
39691
5
39692
61
502
988
5
3890
39693
10495
13811
61
278
7539
334
2869
6487
2457
515
39696
10495
1161
2590
13618
9677
119
3065
87
1481
13
21011
24
418
9
23
2532
64
183
1506
515
435
9015
718
1094
91
9
6823
24
37034
20011
22292
5
219
1594
13
122
18784
27
397
758
64
1302
334
1029
13
418
9
23
8987
61
24
582
3065
44
2075
1020
24
1029
34
3604
2062
5
7768
1547
1183
27
22471
39697
87
24
503
622
4319
7721
13
4864
19007
6993
34
3824
1547
1183
9
502
183
6993
13
2909
133
104
24
1029
57
5392
104
1579
2572
15284
349
22471
61
39698
29851
61
34285
5
39699
10495
27
119
1454
726
58
39700
4450
807
24
7410
34
5556
13
418
23
218
14
6487
4195
104
9383
57
1579
5748
3607
10495
35
506
27
119
3065
87
1481
13
21011
24
418
9
23
2532
64
183
1506
515
435
9015
718
1094
91
9
6823
24
37034
20011
22292
5
219
1594
13
122
18784
14642
418
9
23
87
253
361
2977
13
9015
104
24
3017
418
9
23
10844
104
24
39700
20264
2903
9693
4319
23
1605
1606
251
5616
104
24
39700
20264
2903
9693
4319
23
1605
1606
58
2590
24
3824
418
9
23
3065
258
24
1029
57
237
506
61
24
6632
825
107
761
104
704
3868
39700
10495
13811
27
1307
14
1547
11590
787
61
14
843
87
1391
13
24
5616
37
2956
27
36398
1547
1183
369
1374
9
20993
5
735
104
24
918
20011
27
251
796
8431
1804
9993
5556
13
8994
1873
61
16628
122
39701
5
444
1183
27
39702
39691
1963
87
2815
8431
418
9
23
104
4846
10495
27
1687
7386
1028
237
652
183
4063
122
763
39703
330
2006
39704
61
129
7616
24
5230
3777
5
8991
21940
34
39690
27
1687
119
7410
13
738
700
13
851
1547
61
1213
542
33
19694
119
20167
369
373
361
39705
64
10495
12257
13
5607
47
13
8996
27
39706
902
718
253
1153
122
5337
13
418
23
61
5330
5574
5
64
14
9008
6823
27
39691
14862
14
2381
7316
61
76
5556
9641
8841
31066
5564
4205
334
4195
27
39700
4450
807
24
7410
13
418
23
218
1579
4195
104
9383
5748
3607
10495
35
506
7386
129
1030
2211
19013
718
373
4262
34
14
1533
39707
418
9
23
61
5
24
4319
1198
4315
24
1454
87
244
449
2215
693
27
803
16001
61
5124
5359
57
1366
9677
34
39708
61
502
87
2815
5703
1183
34
9217
5556
104
190
10495
61
4042
24
829
13
10728
24
582
14340
418
9
23
2532
61
586
262
1687
816
723
728
104
24
1029
57
14
402
257
61
723
2290
1028
14
853
1511
57
14
32259
824
27
1687
842
1222
723
728
171
47
104
14
582
8900
61
723
1099
1028
13
639
496
24
8766
4615
34808
39690
912
582
6487
3061
5205
24
2956
13
1644
4919
14
21002
185
24
922
57
24
1116
13
3098
183
61
502
24
1565
377
20356
5556
303
39709
122
1161
1222
122
19640
369
23
122
9096
27
258
24
1029
57
237
506
61
24
3777
825
107
761
104
704
3868
39700
10495
13811
2742
61
334
5185
1140
5190
1506
515
503
32
2956
718
107
2275
13
14
1547
104
14
227
27
816
316
308
369
5101
23
24
1547
61
358
373
2296
13
444
14
7768
3604
34
24
169
5616
27
39691
369
370
3108
13
444
1533
9015
16057
2590
122
3824
14662
13
10741
21903
61
19816
14490
5
1547
333
3400
122
5337
5
5084
27
187
87
663
773
515
14606
825
387
107
644
13
5056
24
1271
15759
61
655
5556
718
663
1153
14662
185
122
31009
515
369
10194
57
11681
14
2248
9
47
1724
2
274
27
39700
5556
53
2947
39710
23
23370
35
506
218
1579
3824
4195
61
1489
13
6649
39711
61
3355
5124
5359
57
8991
34
24
1565
27
7386
129
1030
2211
19013
718
373
4262
34
14
1533
39707
418
9
23
61
5
24
4319
1198
4315
24
1454
87
244
449
2215
693
119
582
3061
44
2075
1020
334
1029
13
418
9
23
8987
61
3604
2062
5
7768
1547
1183
39690
37
4195
13
19054
4319
18784
370
10595
13618
5128
7717
27
5115
4319
1547
5150
13
278
14
582
9092
515
718
13849
76
5337
27
119
908
2431
4319
1198
278
1533
1284
39712
15284
13811
76
14
1269
34962
5720
18784
61
1489
13
198
1319
7599
39713
5
39713
3148
27
1427
10495
278
53
9009
18
24
139
2347
494
61
40
358
5449
24
5845
27
39700
1520
183
87
1083
445
185
6487
1183
641
704
24
3027
12787
718
107
504
27
1687
816
646
149
1541
14
987
515
39714
39711
1520
61
1687
183
37
24
987
1348
723
738
47
13
851
1116
5
24
3604
1308
244
11562
842
34
24
9217
3104
39715
61
237
2290
144
107
24
227
9
39716
358
369
537
34
27
570
34786
16197
449
1469
8306
14
506
185
24
437
61
5194
1411
54
2097
82
5
1605
1606
575
215
1308
7164
1986
10094
5
16867
104
17784
6627
293
27
396
37
100
2815
39690
37
6487
1547
3604
647
563
27
1687
816
723
728
5194
704
24
227
61
853
1022
718
1550
185
14
28933
10057
34786
330
27
1687
1134
87
32
1511
1017
515
628
2296
13
1019
37465
246
39690
39691
5
39692
87
24
55
7721
13
4183
24
3065
246
27182
370
787
104
890
39694
61
39695
5
22941
10495
246
39700
4450
807
418
9
23
4195
104
9383
57
1579
2572
10495
35
506
246
19445
44
2075
1020
24
1029
57
3604
2062
5
7768
1547
1183


