144
2529
10311
33019
29
9420
11
792
6
82
45
0
350
1906
30
79
40
289
5
8710
1669
9172
2
65
111
3598
2377
1727
75
2194
9
5302
3533
3
716
88
177
42
21853
133
1046
17
3611
1
7951
4
3781
12
163
2
15
3992
1467
8231
1
180
0
35
6571
33020
6
33021
17480
110
5
265
829
109
549
4
15744
2293
5
447
47
5128
23
112
44
33
1265
784
2
297
94
11
167
65
111
1106
16
65
3992
1467
8231
1
180
0
35
6571
33020
6
33021
17480
110
5
265
829
109
549
4
3034
455
17
2518
15
2377
926
31
319
21854
4881
1
6744
4881
4
2194
9
6327
6
75
3
2465
985
6
42
16859
7
232
4451
1
50
1104
140
105
9
4
9
5
9
272
269
2
139
597
13
8760
86
14
112
0
447
2050
7
376
6
0
8
2377
8
1
44
73
177
42
21853
114
0
4881
4
2194
9
6327
33
15121
12
0
1555
7
21855
2
1544
75
38
29
41
40
17417
73
177
5
705
447
18
16859
2
65
4653
21856
8238
0
47679
5128
2
65
4094
9
17189
16860
12108
458
3
1234
5
15453
62
7107
745
12
0
1555
2
15
2377
332
5
3992
787
6
0
996
265
12
5
47680
1555
2
249
5
447
496
16752
373
3
0
33022
1
44
177
0
3767
6
35
33023
265
23
112
162
5
13542
33024
787
2
15
2194
9
5302
4
3641
10998
1750
0
26191
6
0
3611
4
5998
1
12332
2409
1
0
9586
6
7951
2
15
1909
22
16
35
33025
1
0
14604
14315
27
3285
7951
17
1
50
36
30
300
960
340
388
1265
88
2
65
111
12386
13
2550
17
0
5032
14
13
136
220
47681
15
2377
46
165
12
163
20
0
10685
9
2860
25190
1059
7
4404
1
2225
1
4
2518
38
2040
0
1128
7
1466
4929
994
9
26192
3
1265
42
16859
7
5
111
152
2
238
211
469
3
14681
888
28
91
2823
5990
12
0
1462
588
1555
1
50
0
2377
47
12240
161
25
2134
75
7348
129
44
9385
3
42
1334
2
15
2377
926
31
319
21854
4881
1
6744
4881
4
2194
9
6327
6
75
3
2465
985
6
42
16859
7
232
4451
1
50
1104
140
105
9
4
9
5
9
272
269
2
139
597
13
8760
86
14
112
0
447
2050
7
376
6
0
8
2377
8
1
44
73
177
42
21853
114
0
4881
4
2194
9
6327
33
15121
12
0
1555
7
21855
2
1544
75
38
29
41
40
17417
73
177
5
705
447
18
16859
2
15
2377
61
1624
112
44
33
1154
62
1052
1763
3
5
4094
8526
16860
3
143
5
373
525
2
15
47682
53
12568
3569
51
1555
1828
4653
21856
47
4618
9
2465
710
3
1370
0
5128
6
5
447
1433
7
376
6
0
1555
1
5623
12
0
2192
6
823
9803
2
24745
5990
16
65
3598
2377
1
50
13
5
3992
1467
8231
17480
110
212
265
445
233
109
549
4
15744
2293
5
447
18
5128
23
112
44
33
1265
609
784
33026
1799
16
23851
21857
1
5
701
10998
8857
20
0
422
6
1466
9
407
1
38
224
49
17
0
4353
1
7161
0
6171
6
384
75
38
43
93
1054
17
0
4137
2377
11
105
379
277
4
123
2024
5
26193
63
42
702
53
137
51
15
2194
9
5302
4
3641
10998
1750
0
26191
6
0
3611
4
5998
1
12332
2409
4
0
9586
6
7951
2
35
281
0
5991
2050
7
376
6
48
2377
1
1512
2517
62
18564
1
36
62
21
11082
62
7745
27
62
19
6744
1
2194
9
5302
1
62
3641
265
14
13
10752
27
62
59
2
96
62
21
14315
31
220
817
37
12386
14
10
2402
86
416
3
27
62
11633
0
1909
22
2
23851
21857
1
5
701
10998
8857
20
0
422
6
1466
9
407
1
38
224
49
17
0
4353
1
7161
0
6171
6
384
75
38
43
93
1054
17
0
4137
2377
11
105
379
277
4
123
2024
5
26193
63
42
702
2
135
43
958
628
6
108
75
6
0
222
345
133
3
1800
71
4
86
14
0
3842
34
67
1525
133
4
0
174
6
1471
115
54
439
6
75
4852
469
3
1202
35
33023
3254
1334
4
809
5310
2
47683
4
15855
16
15
8231
13
1093
3
1014
8
5
15855
787
241
5
21241
4
6432
15452
6
136
2665
2
8
3563
5
439
6
75
350
20
8
784
8
7
5
111
152
364
1299
994
5370
47684
310
16
15
2377
332
0
1339
6
5
21854
2438
1
2194
9
5302
4
6744
2438
4
21856
1128
47685
88
3
525
5
9625
18
5128
68
21857
1159
14
26194
6171
3
0
2377
43
705
3
5
284
47
8730
112
42
6209
13
882
37
787
6
784
2
35
57
18
23
112
66
352
549
212
265
2
308
352
10667
385
14
11043
3
21478
21
78
155
12082
2
101
0
625
1
0
1471
1159
14
0
67
5
447
23616
37
15452
1
0
67
0
15452
13317
42
994
9
6048
2
135
22
0
994
9
5370
2445
13
23
83
23
0
4857
47686
1452
47687
4
14
35
1433
7
376
6
5
10752
6653
13
5
7465
994
9
6048
9
533
47688
2
7578
9
5370
218
238
211
469
3
14681
888
28
91
2823
5990
12
0
1462
588
1555
1
50
0
2377
18
12240
161
2134
75
7348
129
44
9385
3
42
1334
68
21857
1159
14
26194
6171
3
0
2377
43
705
3
5
284
47
8730
112
42
6209
13
882
37
787
6
784
2
2307
8
1841
8
1334
1032
3
2053
47689
16
8
281
0
5991
2050
7
376
6
48
2377
1
1512
2517
62
18564
1
36
62
21
11082
62
7745
27
62
19
6744
1
2194
9
5302
1
62
3641
265
14
13
10752
27
62
59
2
96
62
21
14315
31
220
817
37
12386
14
10
2402
86
416
3
27
62
59
1
8
0
1909
22
135
61
2734
14
4789
628
6
576
1334
473
143
75
5310
112
44
33
4541
35
2350
47690
2
35
139
6427
6
265
3767
4
1210
2908
13
18917
6
0
1940
2099
1
11
50
0
4789
994
2984
1592
7
0
26195
44
22
2
68
47691
1388
3
143
0
702
67
5134
31
371
0
664
12
0
1555
1017
4
0
4777
356
2
657
123
2377
13
648
37
1467
1234
1
21
1388
0
1128
76
32
157
31
807
7
0
594
3
185
75
2339
11
2101
2
15
3598
2377
13
41
0
118
1234
319
33027
1674
11
256
7
5
701
2955
2
65
410
2377
180
35
47692
4132
701
18980
2391
1095
5
447
18
265
1
119
216
1128
73
47693
6744
1196
12
5
2104
1140
1555
4
163
265
1345
14
445
2136
20876
7
0
594
2
18939
218
15
447
1433
7
376
6
0
2377
2417
37
5958
1373
6
784
340
156
1223
7
21855
26
3992
1467
8231
17480
110
212
265
445
233
109
549
4
15744
2293
5
447
47
5128
23
112
44
33
1265
784
26
5620
46
165
12
163
20
0
10685
9
2860
25190
1059
7
4404
1
2225
4
30
40
2040
31
2518
7
1466
26
22750
6
0
2377
20
422
6
1466
9
407
354
25
2134
75
7348
129
44
9385
3
42
1334
26
15
1555
332
21854
2438
1
6744
2438
4
2194
9
5302
628
4
1828
5
4094
8526
16860
3
525
88
3
875
26
57
1828
4653
21856
47
4618
9
2465
710
3
1370
0
5128
6
5
447
1433
7
376
6
25
26
15
447
1433
7
376
6
0
2377
2417
37
5958
1373
6
784
340
156
1223
7
21855
26
2403
3
491
3958
102
26
2403
3
0
946
66
224
28


