1178
4245
12804
750
57
54
1025
902
58
361
1805
76
14
1389
42319
3019
34
54
3207
24139
27
1172
45678
61
2
23264
61
277
61
9025
54
2956
1565
61
11697
61
1348
358
164
445
54
2956
2241
10015
27
119
18354
9
2033
38164
149
750
215
105
34135
47
14
3019
57
1389
45679
159
13
18003
175
3207
24139
27
396
1400
24
6954
935
7176
158
54
1462
3019
149
343
13
107
2276
1389
5430
27
16120
183
149
14
9139
262
1172
45678
76
14
1392
2
11697
1982
2078
57
14
1389
42319
34
3207
24139
185
54
3824
502
4123
13
278
24567
343
13
14
9992
76
24
3824
1188
808
45678
330
262
331
1003
55
1381
149
13
4072
64
628
144
44
45
1014
183
40
183
2182
361
13015
1348
628
3832
358
288
45
8159
5
288
3769
4238
27
331
11697
978
13
1550
24
1389
42319
34
24
454
57
1372
5
4824
2
54
1806
3229
61
503
34
24
23637
13
107
12225
27
119
2536
4123
13
278
100
1515
91
14
9992
502
2150
54
4245
2859
3223
5
3880
1581
3580
57
5128
23
17159
27
808
45678
5
54
4068
16259
40692
278
100
174
3072
91
24
322
358
309
61
502
358
377
1347
3866
4664
13
3307
42145
1145
27
396
1414
34
54
24075
4245
13
107
16937
445
61
40
1347
1348
183
149
445
183
5910
13
8997
3307
5
1522
1581
3580
57
3207
5128
27
251
4233
13
1728
24
2536
91
17682
24
11198
35484
105
709
5453
5131
27
6144
183
5
18752
262
119
1392
2
11697
4042
515
808
45678
37
6524
516
107
1085
641
215
590
54
9756
1389
42319
1303
27
119
3952
99
647
330
183
825
45
2479
158
1407
1222
54
2956
13427
3006
24
25200
45680
274
104
24
4164
2077
3806
515
24
2956
149
12620
5
3806
13
6867
183
27
842
808
45678
37
63
638
45
1029
646
9
64
11697
330
358
516
373
107
5260
158
14
3939
3019
57
14
4337
1389
4278
27
396
1400
515
1348
750
24
3824
2956
2804
515
215
516
45
107
29068
133
3212
2217
54
2360
15239
1479
215
149
7176
57
24
7402
9
2104
352
27
742
4068
1420
40692
359
262
331
1172
149
9925
515
24
1389
4278
149
4140
45
47
34
21263
5
515
215
1393
3896
47
27
331
408
288
750
515
10834
13
1018
818
516
1020
358
516
107
3223
14
27848
2535
34
24
1751
1479
57
24
1617
3019
57
1389
45681
27
331
119
45682
3245
516
278
105
14
2529
5453
185
365
612
763
64
612
1563
44
278
100
34810
9
515
87
1222
610
105
373
105
14
1563
104
24
1029
57
183
704
27
331
40124
262
11697
330
183
516
17530
24
3019
625
183
99
309
5494
57
24
25200
2
24
2956
13427
808
45678
149
1391
14
1392
2
54
1806
586
358
105
12225
14
23637
57
1389
42319
502
11697
105
978
13
1550
2
54
3229
27
11697
99
1094
4312
358
288
286
13
1812
5
3019
1172
34
24
12620
2956
5
278
3199
27
1178
11697
1609
330
262
331
408
516
1030
13
3035
13
808
45678
34
1193
10957
1515
91
3880
237
18003
175
2956
3019
331
187
1308
3235
515
237
404
2
14
9992
76
54
1188
5
610
369
108
13
4030
24
3019
13
17261
64
387
64
610
278
309
5494
57
24
9992
2
54
13427
27
331
246
1172
45678
61
2265
61
648
183
149
14
9139
1348
215
149
164
445
2241
10015
246
6675
1515
91
25200
502
1391
5
309
80
3580
57
5128
246
11697
978
13
1550
3225
133
57
54
3229
61
40
1806
12225
23637
246
1657
1520
183
825
17530
2479
1222
2956
13427
3006
2536


