10096
1114
15329
1
2297
1
53
137
51
10
1753
900
4
1011
9
1573
509
13931
1
2729
1
285
7
0
3440
16997
862
7
0
22293
8426
15
1573
38
1671
0
2894
3440
16997
862
30
78
2244
129
21
10
2256
536
6
0
5201
23
25
1047
49
90
15460
743
851
724
99
3
1177
2
1114
15329
1
2297
1
61
78
0
631
577
7222
4499
3370
53
13639
51
14
21
10
6408
0
25213
571
50
4134
12534
34
40
13237
390
31
1011
9
1573
509
13931
2
68
13931
1
2729
1
10
285
7
0
862
7
0
22293
8426
7
665
81
215
4
244
9
6
9
64
68
15329
10
1753
900
2
7094
37
7733
6
97
493
209
1
0
13639
22
14
0
12
9
548
196
6
97
4376
34
1892
4
14
0
4962
6
0
5201
34
40
3443
2
57
13
98
91
5655
7
5
2477
2424
11
5
1405
9
49
4036
2
15
13639
22
16
8
15
13639
2101
4
996
1124
2244
3310
0
4912
1573
12
437
2
8
852
3
0
1573
1
21
10
6408
14
0
11048
571
34
40
13237
390
31
0
1011
9
1573
2
8
318
7225
6
0
937
4618
10
4933
17
108
1196
3010
7
0
493
2
8
52
3114
14
21
10
19223
28
0
937
23
5
768
6
0
677
9
49
9345
4
25377
28
19
1135
20
125
547
90
0
8417
5532
5100
2
8
15
13639
22
97
493
10
3098
2
68
15329
1
37
2040
1573
1
15490
55
23
0
4093
1047
49
140
59
20
2669
1057
45
10
2054
31
19
1296
8417
2
52
118
10643
8542
16272
69
19
1219
4
959
3
355
5
11123
9
49
3
1732
7
5
2269
1367
3
163
21
10
1733
2
297
94
11
167
15
3440
16997
53310
314
2580
7
0
22293
8426
7
665
81
215
120
5
1146
795
15
953
3219
2762
9
663
1
1298
68
13931
1
2729
1
3
17157
3
0
3883
119
170
11553
7
19
1135
68
15329
53
122
51
61
78
0
631
577
7222
4499
3370
14
21
10
6408
0
25213
571
50
4134
12534
34
40
13237
390
31
68
13931
53
93
51
1
38
10
285
7
0
862
2086
1
21
22
16
8
24
392
29
342
8542
20
87
2
24
516
74
1714
711
63
110
510
45
24
392
29
226
3
120
0
1219
2
8
24
1714
7689
3
0
10152
953
4
1075
88
0
11123
9
49
3
812
88
24
10
4780
2
24
183
25
18
5
6188
24
1671
2
8
15
265
6
68
13931
10
115
170
11553
69
19
1135
12
5
5017
538
31
3284
910
2
318
8417
107
41
11378
2
318
227
2338
22
36
34
8
342
0
361
6
95
142
8
2
34638
5185
2135
14
0
3428
1814
47
16973
5695
133
1093
3
3023
25
94
4
3822
1161
3158
120
2041
133
5532
390
1
1298
0
1814
3
677
49
434
3
0
6037
24141
140
0
4093
2
68
13931
10
2535
7
0
9358
45
68
15329
10
2256
536
6
0
4962
62
5106
25377
19
23656
2
52
123
5759
991
1177
20
3158
18728
4045
1606
2
6294
6
75
29
1204
49
11
0
3440
16997
702
50
46
154
2556
69
837
2
3440
16997
13
533
5
3705
34867
4
131
1146
2202
76
7116
23
390
23
208
535
2
10556
11
3440
16997
22
44
43
1129
3
1183
12
0
13639
493
62
156
985
3189
25
56
2249
31
1112
2
1318
6560
18
3440
13
533
5
3705
34867
4
131
1146
2202
76
7116
208
70
26
10096
1114
15329
22
21
10
2256
536
6
5201
23
25
1047
49
26
7703
9
83
10
1753
900
7
862
7
665
18
22293
8426
26
318
1011
9
1573
509
13931
1
2729
1
10
285
7
0
2885
12
436
1280
26
577
7222
4499
3370
493
69
862
3098


