144
636
19640
15
2633
6
12559
7615
1
0
257
1278
38
17
5894
10831
1
27
513
1133
1
285
5
7701
1
10924
430
11
0
1819
2
292
7615
61
29734
5463
14
19
9499
34
642
744
62
1601
2095
2
35
96
47
5
20423
40234
21
22
2
35
96
34
141
213
27
220
152
1
86
36
107
2958
36
24233
8
40235
24234
4
25
18
80
95
5667
8
16
12559
7615
1
834
1
79
404
27
220
152
131
27
2633
38
10924
430
11
1076
0
117
3
1249
292
7615
1
0
2633
6
1401
7615
12
19
376
9106
20
19
102
7
29735
963
29736
430
16
292
7615
1
0
2633
6
1401
7615
1
890
14
21
13
20
5667
11
0
1819
14
29737
27
15
102
7
29735
963
6
292
7615
1
0
2633
6
12559
68
7615
20628
3
1249
7
3648
17
19
227
40236
2
1768
198
1
1786
1
19
227
2924
4
42
64
2193
1180
406
82
192
2
135
622
69
5
16140
7
54
6
0
111
20451
12
0
2576
6
4394
353
2
52
10924
430
11
0
1819
2
35
24
659
0
54
14
224
24235
21
22
2
35
57
13977
1
48
242
1
25
47
4303
2
24
659
2365
20
1308
11
627
13393
1094
1127
9
12244
12246
1
5
690
7607
28
10808
7
19
12556
1
78
15
1143
16
35
65
396
6
7095
495
323
2
2838
4394
353
1
25
47
5
1226
242
11
126
4
2039
6
5
1569
512
1
45
25
73
32
5
504
242
3
402
5
1278
2
12559
7615
34
37
20629
573
17
27
145
45
11315
27
244
53
93
51
241
3846
1375
1036
10
12
2102
81
377
56
21
10679
7615
4
27
1133
5894
10831
2
135
2153
59
90
6245
1747
3846
1036
18
265
13
204
184
31
4474
39
21
10
11421
94
31
64
2873
5894
10831
53
93
51
4
1028
12559
7615
43
371
42
152
3
19
244
18
260
56
44
43
1141
31
3846
1375
1036
2
135
2153
59
4
123
1654
1747
35
221
13
5
11666
29738
21
22
2
35
238
6
95
198
47
280
79
7445
430
2
963
13
5
8222
40237
12559
7615
10
3039
133
36
2024
164
5
70
390
133
45
4356
7
0
20149
6
27
102
4
34
5
13549
573
17
27
145
2
101
5
723
36
395
3
4289
9
83
10831
1
39
0
584
10
432
12
679
635
1
36
310
14
36
2183
36
58
165
3
582
2
35
24
252
5
677
28
0
40238
96
34
649
10831
7
190
4
408
5
111
142
17
59
2
135
58
1221
3
40239
3
1160
1719
2
380
5
919
99
7
488
48
70
0
106
1141
0
195
4
115
642
11578
549
2
10831
10
482
3
1034
4
7615
3
5
11327
3530
528
2
135
395
3
277
108
418
278
1
20630
67
4
67
3997
678
173
54
14
553
3836
5
2121
4
9935
3
11711
2
1461
2180
6
296
404
0
295
2206
2
380
359
835
1
0
132
90
21
10
434
7
186
1
10831
2719
5
723
3
7615
47
102
2
8
40240
8
16
12559
7615
622
3
1249
7
1098
1
262
27
2633
1
292
1
38
20628
7
3648
2
52
192
14764
0
356
4
3233
430
11
0
1819
14
29737
19
9499
96
8079
55
6
27
1528
1310
1
687
5
5904
723
11
27
145
2
35
3972
66
11
6239
121
6
91
40241
3875
40242
36
395
2
35
334
450
3
4411
457
1
2928
66
11
2415
5
3160
63
3557
4
1747
69
385
80
63
23236
15746
1
4616
10831
3708
7615
43
159
3
177
0
549
6
5
582
133
21
10
3
32
482
3
5
5278
2227
4
100
557
684
10
3
32
204
127
27
2
144
14
71
1
25
10
253
632
4
0
64
2873
43
12
0
389
2
3846
1375
1036
10
8660
17
29739
0
295
23
44
116
42
152
3
10831
47
244
47
260
7
40243
1
37
10104
329
2
52
780
49
17
88
140
441
322
81
377
2
1722
1989
5197
55
133
3846
1036
10
2153
2
5521
379
192
1
0
64
2873
43
61
420
2
26
292
7615
622
3
1249
7
3648
1180
406
82
192
31
198
4
263
9
7
9
537
4
64
40244
26
40245
5463
14
36
10
5
642
9435
62
34
1601
744
26
963
8
13977
8
4
8
57
18
4303
2
24
2840
1308
8
40246
2633


