187
37
14
4726
515
3096
2282
278
184
34
494
27
143
1094
14
1344
99
3283
43
2236
369
24
1533
3242
3219
27
5866
57
24
10077
19805
9
334
6248
3728
57
24
594
11251
1246
308
278
1077
9
99
1142
837
1298
1299
1300
57
24
6600
288
331
2048
331
91
14925
27
47380
6181
2581
14
4894
129
4032
54
2534
1392
7663
61
5
14
111
129
2285
13
198
91
5487
14
740
14204
13
14
676
27
521
159
34
522
2186
516
10077
377
778
251
7501
2667
57
24
10077
19805
9
334
6248
3728
57
24
594
11251
1246
308
278
1077
9
99
1142
837
1298
1299
1300
57
24
6600
288
331
2048
331
91
14925
187
87
901
58
10385
10077
61
24
16847
186
34
24
4726
57
14352
27
28616
278
13
2468
24
4036
8766
91
36649
2786
2
24
3078
4474
2590
11251
1353
27
47380
6181
278
3866
14
4894
129
52894
4032
54
2534
1392
7663
185
1579
4699
58
215
717
183
76
26433
11545
27
5298
10586
2581
24
111
129
2876
3383
23
24
219
76
14
331
3513
6848
331
8044
13
3193
54
549
183
149
1189
61
5
24
17220
4389
13
52895
14
9899
7371
2
14
6933
25849
9
5
52896
183
655
6266
23
24
6933
502
935
894
13
24
1675
61
3319
158
27
3520
51876
31498
4953
24891
61
3970
288
6671
133
57
24
2667
652
358
288
6638
91
5786
5
24346
9
5291
14276
10754
23
19920
8798
27
3520
24
47120
4765
597
6825
61
52897
69
52898
1299
1300
71
288
1938
13
14925
5
144
2842
13
24346
61
14
16028
2187
6308
4947
76
5786
22574
4726
69
23698
71
515
3752
43
369
37653
5
37653
1018
3242
1022
27
119
11432
87
901
58
10385
10077
69
174
71
343
13
54
4726
57
14352
27
28616
278
13
2468
24
4036
8766
91
36649
2786
2
24
3078
4474
2590
11251
1353
27
30395
2581
24
111
129
2876
3383
23
24
219
76
14
331
3513
6848
331
8044
13
3193
54
549
183
149
1189
69
1363
467
700
71
4037
23
24
1611
4040
6424
61
24
1141
330
183
87
5243
43
369
2969
13
1550
1155
7957
13922
9
4140
64
14
43179
57
24271
61
23
13462
57
5786
5538
12416
1185
11470
23
2647
34
331
8874
3079
331
27
2617
92
52899
61
57
24
1956
57
2974
61
330
262
331
52900
13922
369
26100
64
20799
13922
61
575
24
8812
40663
87
52901
1185
2639
17115
61
5
24
17403
87
1502
997
4362
5
1502
230
27
331
1882
13
331
5786
22574
4726
331
69
23698
71
3096
57
24
2668
23
4031
3621
2726
61
411
4813
7187
61
5
15730
1099
107
4042
91
24
20137
515
43
369
37653
5
37653
1018
3242
1022
27
331
1447
369
52902
5128
14275
23698
61
40
13
1987
646
99
100
709
28048
2667
57
3219
2668
23
52903
4031
3477
2726
27
331
396
330
334
27264
4943
1393
738
13
24
111
129
5979
1348
2590
14
7662
52904
64
334
25812
25125
1188
5
769
14
52905
27
52906
54
11063
76
14
27509
2895
61
215
149
644
13
9526
54
6825
52905
13141
13024
13
29188
3383
1294
2
24
4036
8766
61
818
215
638
45
18352
34
334
11432
5
149
4752
2
24
2667
27
119
1141
3818
24
1344
99
18539
652
2282
1099
107
1533
5562
13
28601
43
34
14
10077
16452
61
1185
24
3219
2187
1099
12342
2668
23
7157
1153
1411
43
5
2282
27
842
2617
52899
330
262
331
4360
1508
18539
646
718
107
853
3259
10077
16452
7597
3083
13
221
853
1185
709
1189
8454
57
24
4031
1185
1761
104
4031
5360
27
691
144
1018
183
10092
27
162
405
597
61
24
8106
57
24
11432
3444
1099
107
4863
27
331
1312
5127
61
24
2964
1061
1667
14
20193
2230
22763
14
1536
2083
23
24
24285
1842
1393
278
12115
449
24
111
37
8106
27
331
4338
316
1267
57
2964
5175
9
834
1308
215
4734
13
3051
24
230
2002
13
1719
24
1536
2083
159
5400
778
9
358
743
61
185
24
188
257
61
515
215
638
244
278
14
4734
27
119
2261
14350
4527
61
11605
158
13
897
5
20046
54
20924
9
52907
27
331
396
330
52902
5128
2002
24
14956
7157
4063
43
2245
331
52908
331
58
14
2347
5564
61
5
183
516
107
52909
13
11685
237
133
27
2617
52899
20919
262
331
1312
5127
61
24
166
43
129
2469
14
18916
185
8944
52910
24796
3477
2919
57
7157
5
935
18154
185
334
52911
52912
1810
9129
27
69
34106
150
262
24
9129
2075
17845
61
22763
24
3268
5
3319
704
166
43
27
71
331
119
1141
1014
23698
25060
321
643
61
5
61
331
76
24
5539
36
3858
703
61
610
12142
13
4180
47
76
36833
1698
4729
5
334
15866
1344
9
14925
5
24346
61
76
5
2241
7157
9
23
14
8069
9
52913
739
2222
7306
27
331
246
10077
19805
87
334
6248
3728
57
594
11251
880
308
278
1077
246
1250
288
5246
13
2683
1298
1504
57
11432
1687
2491
288
5786
246
47380
6181
2581
14
4894
129
4032
54
2534
1392
7663
246
1843
111
2285
13
198
91
5487
14
740
14204
13
14
676
246
999
111
769
14
52905
655
2590
14
7662
52904
13
3314
3383
246
842
149
4799
2
11432
58
215
13433
11063
76
14
27509
2895


