144
1786
23513
1
491
3958
2797
6235
6236
2386
1488
18
1366
564
1114
2349
10
2655
31
1229
1325
39
371
5
23693
747
2786
77
2302
3176
63
2223
2
15
17855
1077
3717
2655
5
23694
7158
38
1156
2223
23
5
8
20243
10700
7
4965
8
4
22
21
107
41
1193
88
2
68
2349
22
21
58
41
1193
1936
3
355
59
2629
1741
9
45
1155
21
58
32
5630
17
88
8
159
94
0
3109
8
11
59
2
2386
1488
18
1366
564
1114
2349
2290
5496
39
4976
5
11594
38
22
21
107
41
1193
1936
7
299
52
22
16
8
24
58
74
1193
1936
38
33
262
14593
5271
3
0
723
4
4616
58
21
2
8
360
1
23
24
29
22
7
169
6
0
1260
1899
2966
6
142
1
24
58
29
100
6820
7
12990
1936
3
165
94
3
0
1224
11
121
2
8
15
3176
2290
5496
7
2386
1488
9
45
68
2349
1155
19
1271
34
40
8
23695
8
4
22
21
58
202
2080
3
9682
62
2088
1936
2
997
3636
3
3148
7
270
1
1229
1325
7
2386
1488
22
68
2349
107
161
2426
3
88
7
747
2
65
479
11
0
6884
1419
2169
1
570
38743
2898
9
28954
22
16
8
104
2452
0
2786
7
747
4
11
282
14
10
5
11366
2786
4
60
2452
25
2
8
65
557
565
1209
31
0
17855
39
0
935
22
68
2349
10
2874
3
3148
3
767
38
34
40
2280
62
5557
31
19
685
2
65
423
479
22
0
935
34
40
8
4123
1
1965
4
4498
8
2
8
68
2349
8553
19
2016
4
116
25
536
14
92
10
202
156
3726
12
19
196
3
10504
62
773
4179
3
767
2
8
52
22
14
112
767
14594
19
3176
7
14
152
14
21
58
3148
3
88
4
14
21
58
2954
0
1683
3
722
8519
20
0
6884
1419
2169
2
8
15
1366
564
3225
19
1033
185
4
337
11
0
1419
643
4
6017
14
19
337
10
3119
2
8
68
2349
20244
0
650
754
14
0
1419
643
30
545
7
2386
1488
1
1303
7
3315
1
1864
4
3720
2
8
11525
523
6753
2290
5496
39
1262
2223
10
8
10700
7
4965
8
2
89
19
122
3
14580
3519
10
2833
31
0
1366
564
1114
2349
570
2898
9
28954
562
0
935
23
8
8612
1
128
3354
4
661
8
2
8
104
29
78
59
110
60
809
1
8
21
22
2
68
2349
2290
5
1666
6
3211
39
3717
4976
1064
9
1419
14595
7158
11525
523
6753
2
68
6753
1
38
13
5
23694
23696
7158
20
0
38744
3994
38745
2122
7
1171
6884
1
2410
2223
5
28955
20243
120
5
14596
1918
3
19
8725
2
8
1188
161
92
33
205
1936
7
299
9
14
206
32
86
9
45
24
84
141
1193
88
1
8
22
0
11594
2
8
2223
13
28955
1
2223
13
28381
1
2223
13
5
20243
10700
7
4965
2
8
203
33
648
1664
0
15545
28956
116
31
68
6753
3
177
112
97
4967
14597
5
2708
830
2
68
2349
47
6593
685
7
5
1387
772
14
21
430
58
41
1193
1936
11
10212
5022
45
58
1193
88
3
8
165
94
0
3109
8
2290
5496
2
15
17855
1077
1
38
30
1327
11525
6753
47
2022
7
0
424
1
78
0
2368
689
14
1262
41
3
1193
54
3338
6
2124
10
41
5
2708
830
1
1453
16
8
281
25
13
123
24
659
159
1307
184
3
0
106
3
1821
88
3
154
684
127
80
217
38
161
44
84
141
1193
4956
2
8
15
4609
7904
20
5
71
56
1035
2708
1150
7
2386
1488
33
12
0
1048
2
1553
6934
906
77
0
1092
1
68
2349
219
12
0
376
1574
1
87
10877
19
565
6
23697
4
123
23402
12
5
726
6
559
3785
2
15
565
22
19
1504
3176
34
40
8
23695
4
289
5
1891
14
10
202
2457
8
2
52
311
2833
11525
6753
47
122
3
456
1703
1
45
5131
16
8
24
58
202
2806
3
773
156
9682
3
156
3338
6
136
643
2
8
590
0
19339
6
156
1685
1
24
143
25
536
14
24
2954
0
4500
116
31
80
3629
7
2386
1488
4
1
7
0
1787
2896
1
0
1229
643
2
8
52
176
16
8
580
196
6
121
58
188
3
9682
62
773
4179
3
487
1936
2
8
4000
1
0
1366
564
366
14
685
7
0
1504
1387
772
14
21
58
41
1193
1936
38
1180
14593
537
3
0
723
1
27939
3
1867
11309
1
62
217
553
7
3272
58
32
2745
31
0
1879
6
75
7
0
1940
172
2
52
22
16
8
380
80
0
4139
5843
6
142
53
24
58
1193
88
51
1
24
6011
61
5974
14
112
24
10
159
7
11
37
1012
4
0
4342
10
1229
1
58
24
1193
59
9
6
733
24
58
2
8
15
3482
1183
63
159
3
0
3109
10
128
194
12
0
2536
6
324
14
25
10
10213
14
66
58
141
1193
75
3
84
711
2
8
52
176
16
8
24
3469
75
47
122
1
458
44
33
28
0
23696
3335
1
0
3843
3335
62
1229
3335
1
3
32
344
3
1183
4
1
112
44
474
25
2857
1
3
14580
108
38746
2
8
57
58
32
5
1521
6
19776
112
60
43
41
2354
75
3
84
86
2
8
26
38747
523
6753
22
2223
10
8
10700
7
4965
8
26
17855
18
1114
2349
2655
68
6753
18
122
3
14580
2223
26
1366
564
22
21
58
74
1193
1936
38
43
8
262
14593
537
8
26
89
22
21
34
8
100
6820
12990
1936
3
165
94
3
3109
11
121
8
26
28957
2290
5496
543
1229
643
7
2386
1488
26
2349
22
21
10
118
4976
122
3
456
1703
26
38748
3
1229
1325
7
747
39
685
26
1419
643
7
2386
1488
2452
2786


