258
19071
46737
261
262
47771
264
61
905
534
1268
268
269
262
47772
264
61
1114
534
1268
251
37088
5802
5
525
688
288
1745
256
14
1536
1719
185
4386
4896
76
14
3476
8227
129
149
1142
536
503
14
20625
5
14
26097
57
47773
1504
27
119
1757
510
513
104
449
34774
23
25855
8186
61
47774
341
27
47775
10434
61
4846
61
149
4557
982
144
484
10101
61
24
13911
3545
27
579
149
14
37088
5802
104
47776
19915
8305
293
27
45168
449
545
9
2356
1914
61
926
105
505
130
445
688
47777
10434
61
2195
61
104
24
3493
76
14
549
5
105
144
6816
158
47
27
10434
61
14
3355
104
47778
6633
293
61
147
1077
104
47779
15199
4040
2095
1793
4615
58
24
1757
61
7637
44305
1840
341
27
119
6480
1757
2933
166
1573
61
47780
341
27
10009
6092
7897
47781
61
6324
61
4633
14
36341
47782
1348
215
1580
9
2291
24
23554
31033
76
47775
5
47777
10434
810
61
24
13911
341
27
1178
2805
330
365
354
4534
89
22096
14752
61
6819
14
1317
23554
47783
27
47775
10434
61
324
61
149
6934
3573
449
545
9
2356
1914
5
6816
525
688
47
2
24
3493
484
24
1757
502
510
513
23
5789
8186
185
4386
2356
957
104
24
348
750
642
24
1066
1914
24
47782
7682
2
24
348
2241
2821
185
24
622
5284
61
47774
341
27
396
87
958
64
503
536
14
20625
104
24
227
57
24
1757
27
47784
61
2395
359
61
149
6934
1914
1411
895
5
1469
2313
1299
2277
27
396
6934
149
331
40702
61
25542
5
42788
331
76
24
2335
798
5
747
13
1550
14
47785
4090
61
47774
341
27
47784
37
4089
7157
6841
69
26097
71
61
319
34
310
12453
61
149
47773
1504
8227
1533
1284
166
607
24
1106
9816
23
11247
27
396
2881
1526
5671
1517
61
349
15
6987
57
23793
9616
27
8341
5784
7967
23
24
23554
47783
105
2043
14245
61
47786
341
27
999
893
105
14
2043
6512
5
2276
105
14
2043
33
27
10434
37
549
23
24
31033
149
1461
23
24
36888
5
7639
24
1719
61
40
105
14
2043
28938
61
7637
44305
1840
341
27
47777
10434
61
324
61
149
2195
494
2033
5
3355
104
47778
6633
293
3464
10009
47784
61
324
23
14
1372
1268
38532
61
2881
1526
5671
1517
27
742
26097
319
34
310
12453
149
14
1341
47773
1504
27
47784
149
663
958
91
2395
64
536
503
14
20625
58
361
36750
91
642
58
215
978
13
10414
185
2922
119
1757
99
174
486
57
24
5284
3921
27
15445
47787
5
715
3192
61
552
5253
285
13
276
76
47777
10434
61
31
47
47784
37
1002
844
185
1750
27
47784
37
3229
99
647
100
3068
61
40
47787
4273
24
7043
61
47774
341
27
20885
4615
484
24
1719
61
47784
7983
4151
331
816
3181
484
1507
87
286
61
628
1018
244
1028
13
107
700
27
331
1843
15166
61
717
1145
2779
5977
61
330
331
47788
27
331
331
19986
61
144
13135
1738
61
331
47776
19915
13505
16923
47789
750
47780
27
331
7860
834
1018
723
3934
13
14
31152
9
2033
515
122
5802
87
423
778
331
162
14
1392
784
4166
61
47789
330
24
276
99
331
14
4734
23
513
331
34
403
1348
358
4699
13
276
185
5657
608
27
47790
825
663
787
34
704
47778
6633
293
403
23921
2002
61
2891
2451
4355
598
23
14
3833
1392
784
185
2414
27
251
393
2002
836
149
184
185
2414
104
15
5977
61
64
758
27
246
3464
10009
47784
61
6324
61
105
14
26097
57
47773
1504
1348
319
34
310
12453
8227
166
607
24
1106
11247
9816
246
47775
10434
61
4846
61
149
14
37088
5802
104
47776
19915
8305
293
5
149
1745
1817
76
688
47777
10434
61
2195
61
58
17639
158
47
2
24
3493
246
47784
37
1002
23
68
9
47
13
1757
7983
3866
4171
331
816
3181
484
1507
87
286
61
628
1018
244
1028
13
107
700
331
5
331
47788
331
104
2779
5977
246
47784
331
7682
331
348
57
1757
61
149
1142
1317
536
331
503
14
20625
331
91
642


