155
2433
4287
789
2900
2823
69
519
2221
367
12
426
166
77
19
8295
3
154
2267
11
19
754
7
0
1083
6
0
1419
660
2
48322
0
813
18
758
7
5
612
772
14
0
2630
304
16195
86
194
6009
7
1434
114
0
513
2336
643
8
13854
8
0
4059
3133
8
10147
1
2900
22
21
10
8
6994
8
31
367
18
5060
2
15
3306
4287
2763
14
367
4390
7
0
2840
11
0
22506
1081
7
0
3381
5790
264
4
1835
349
1507
1
4
21
171
220
49
3
19
3571
2
8
57
171
32
8
60
1
8
7469
519
1
8
2900
78
4228
18
7898
15232
7
37
772
2
8
57
18
212
1723
1
4
56
66
352
0
1077
1
66
29
3
32
477
11059
11
110
44
84
2
8
8
52
18
0
813
1
4
21
1026
3
32
11059
1
4
24
610
14
21
131
14
4
19887
110
24
610
10
5
33236
1
8
2900
921
2
297
94
11
167
18818
4658
16
155
2433
4287
789
2900
48323
519
2221
367
12
426
11
3636
3
2929
14
21
1
253
1
13854
0
1419
660
8
52
18
0
813
1
4
21
1026
3
32
11059
1
4
24
610
14
21
131
14
4
19887
110
24
610
10
5
33236
1
8
2900
78
4228
18
7898
15232
7
37
772
367
18
33237
48324
6
19
2336
174
15963
28
37
772
2782
5505
3612
3909
523
21913
498
3
0
1134
1623
7
2762
9
460
2
21913
78
0
1623
14
19
1725
107
74
8
6367
0
46
3
666
1
8
62
1521
48325
1
543
5915
1244
2
8
387
47
300
5
863
1
8
21
22
1
9199
0
4743
1320
2
8
101
48
276
1
60
13854
17981
4
32183
0
1259
18666
6
0
5915
2530
2
8
519
367
3192
12
21913
18
6640
6
3042
7
5
1205
5199
772
14
5068
302
1152
2
249
348
31
3320
10534
1257
48326
112
0
19860
6
0
1419
660
1
61
330
23
1761
62
17981
1
224
23
5
8
1046
2583
8
3
59
1
367
22
16
8
3600
24
181
1
136
251
6
0
2336
643
1
2571
21913
1
30
5634
14
24
181
44
13854
110
34
40
317
242
7
1434
2
8
15
813
1006
224
182
514
28
2336
4
796
606
694
11
0
48327
1
17
54
367
1723
13035
1191
1112
14
0
12113
507
48328
29
1041
2795
597
12
0
7453
304
11
20
568
0
81
64
82
2
8
16495
552
128
1113
30
40
33238
0
813
18
1899
26305
4
1191
59
14
0
790
6561
88
1
1505
6256
9193
63
17981
29
40
1045
49
7
0
10555
950
150
90
0
190
1464
1
8
0
796
606
13035
22
2
15
327
31
0
367
1723
11325
4263
5
956
48329
3182
365
12
446
14
738
14
813
367
30
1327
79
48330
1757
6
19
2336
26305
150
317
853
2
895
3306
3253
3154
10275
636
1560
6017
12
506
415
14
158
21
10
763
63
1761
7
19
232
9
755
796
606
26305
973
49
3
0
190
1454
1464
2
8
104
382
40
763
63
1761
11
810
125
71
1
8
21
78
0
3581
6
2601
4
2551
2
2900
33239
367
11
25654
7479
19
220
2002
3
7034
912
49
1761
120
5
1629
9
94
772
17
15232
20
5
8361
2022
7
7849
1
155
2433
2900
1
2292
122
1
477
5
4592
12
642
5216
92
12
426
415
2
2900
13
137
120
0
2144
17
155
3979
8361
2122
11594
1736
5489
1
122
1
5624
3
179
642
16735
1071
63
42
2830
2900
33239
367
12
426
25654
7479
19
220
2002
3
7034
912
49
1761
120
5
1629
9
94
772
17
4228
18
15232
20
0
8361
2022
7
7849
1
155
2433
39
13185
7
5
2144
12
8
3242
0
10331
8
6
642
5216
2
101
0
54
9
12
9
54
772
1
2900
1
5
623
2699
3154
3524
1
24518
19
220
3021
1650
4
3164
3
0
5216
770
23
4538
14
21
73
32
13382
9
12325
4
8612
56
0
2896
1207
2
48331
14
19
20064
243
30
8
300
40
92
8
4
19
48332
5060
13
364
12
7
0
559
67
4572
114
8
25
18
0
7959
12
1402
1
8
2900
78
15232
14
8
23
5
1077
66
252
3
32
12412
1
4
66
252
3
3297
2
8
191
24
29
14
1650
3
84
14
1
253
1
8
2900
10650
2
8
191
31
0
152
1
8
21
48333
2327
192
1
8
56
25
18
1894
3
124
7
3419
18
225
4
812
88
103
1
24
893
84
14
1
253
2
8
3323
2391
63
19
3154
9434
1
2900
498
0
3685
1295
1
324
21
30
74
756
4
1351
74
143
37
2593
268
0
111
70
2
318
595
3
5609
7
12
0
813
18
3299
6
1761
2744
4048
1
967
2
2900
1
38
61
2299
0
3306
23912
1755
1
30
22
7
0
424
14
21
1351
74
355
19
4466
12
796
62
708
1157
2962
21
1565
7
2699
2
15
5002
660
3975
219
86
416
48
535
23
3
1815
19
10959
3
1450
29533
12
10345
796
1157
3
19
48334
6
1827
3509
2
2900
30
1687
22
14
19
1516
13
7021
12
0
1157
18449
19
102
349
4
19
10062
23
33240
3104
2
4415
577
3260
479
2419
33241
78
15
2222
12
426
1152
14
2900
8
171
2610
3
110
21
1624
237
16
6505
1815
48335
4
4266
17982
8
4
2833
0
813
18
585
12
796
606
2
8
249
25
496
3
645
796
606
1157
1
519
367
30
48336
2936
3732
140
0
172
1
285
6898
2248
3983
4
614
17
136
7256
3
11735
111
2659
119
14521
1249
47
1433
4
5219
140
0
172
1
8
33241
78
0
546
4897
7
37
1944
2
26
8
57
18
212
1723
1
4
56
66
352
0
1077
1
66
29
3
32
477
11059
11
110
44
84
1
8
2900
78
4228
26
2900
10
5663
3
519
367
18
758
7
5
612
772
14
0
2336
643
8
13854
8
1761
26
367
30
40
48337
9042
11
0
2840
9
10957
356
31
0
2336
4
796
606
694


