101
405
81
70
1
4162
9265
219
12
5
132
919
11
147
4
11
0
87
71
388
36
93
27
398
9
215
9
83
198
3304
374
2
249
36
945
28
11097
1
155
2624
1
3
27
5212
6
31064
3
3586
3304
28
5
117
848
36
2205
21
10
25084
4
1527
109
21
34
5
11469
2757
2
590
105
230
807
1155
21
34
25085
1
45
258
9265
1
2473
1
10
31065
4
56
36
175
59
3
286
105
230
192
37
2194
9
5302
310
21
34
5
18230
9
12437
2639
8347
7
19
2757
2
836
259
187
83
1
3304
902
37
15045
594
4
187
7
286
3824
462
23
258
9265
496
3
1281
17
0
725
21
206
202
1450
62
5912
18551
2
3304
1
98
259
187
83
1
28
31064
7
155
2624
1
9598
5
18230
9
12437
2639
318
145
4162
9265
30
3
226
3
1281
17
0
725
21
206
202
1450
62
5912
18551
8
101
0
2230
25
1527
86
15914
1
24
887
1734
240
3433
48
228
2621
218
240
8
36
78
507
491
440
2
8
191
25
18
5
1087
6
0
67
66
183
1
0
67
66
3203
129
849
457
33
2
8
258
9265
22
39
36
1670
3304
49
12
0
1152
6
405
414
9
5
446
133
21
309
31066
23
21
31067
2
3304
137
90
19
2894
709
8
15
1195
273
21
34
25085
1
4
24
107
1332
14
20
0
71
1
0
31066
1527
3
41
32
627
28
19
4777
45
472
7
19
2757
1
8
36
22
2
8
144
506
1152
21
34
74
3698
20
80
1
50
24
273
0
3720
171
29
289
59
125
6862
2
8
104
43
289
9256
3321
3
661
49
4
8675
19
2757
45
24
76
74
84
25
1
25
10
253
11544
11
121
1
21
492
253
5557
319
0
43048
2
8
380
470
415
3304
170
34
74
3698
86
258
9265
175
59
3
0
1296
1917
20
0
286
1
113
21
10
289
37
2194
9
5302
647
316
379
2
15
2194
9
5302
310
0
2639
7
19
2757
1
17
6593
1594
1045
25
34
601
753
3285
31068
3283
2
8
249
44
352
549
0
265
0
13696
1
43049
4
11528
43050
0
3035
766
885
6
0
2639
886
1
8
258
9265
22
2
8
57
5676
0
1526
6
18552
86
0
2639
13
882
6823
49
0
1087
6
3152
1038
2
8
657
0
2639
34
40
8347
838
7
19
16607
25
34
882
25086
0
3152
122
162
4
601
5
1587
7
16607
122
162
3
19
23677
2
8
101
2272
37
31069
2725
17
0
43051
5702
133
0
5702
50
4134
19
1836
920
133
831
122
162
25
2
8
104
516
74
517
286
1
21
516
74
5912
1
8
258
9265
22
2
8
57
18
40
64
187
98
1
45
60
1347
3
32
323
5
189
71
2
8
3304
30
6833
105
753
2101
4
67
85
384
108
2397
4680
2
563
2194
9
5302
310
5
2639
7
19
2757
1
17
6593
1594
1045
25
34
601
3285
31068
3283
101
2272
37
31069
2725
1
17
0
5702
50
4134
19
1836
920
831
122
162
25
52
13
10085
3
19
286
1266
1
4
73
118
1629
49
55
6
1266
112
21
18
477
31
5
117
848
2
139
13
1303
5484
11
258
9265
1
38
81
70
10
1559
27
198
1118
80
19
19324
390
2
8
52
10
935
88
4
7115
88
184
1
8
36
22
2
8
52
10
3851
430
3
1433
2
52
309
13329
20
231
187
2
8
52
10
324
1271
109
240
11098
240
4
240
18207
240
2
240
18207
240
10
19
1545
2
8
258
9265
30
3
32
31
27
198
18
243
274
132
4
13
98
576
20
11097
18
3780
5169
260
17
27
231
9
70
9
83
263
2
96
34
444
82
533
49
27
220
1369
996
3412
4
5798
537
656
45
30
34
3
716
27
4354
165
3
32
92
11
3304
2
861
27
1248
1416
6
2332
698
1
27
757
30
207
49
5
7396
946
3
185
0
117
1202
42
576
4
701
4571
2
258
9265
30
3
32
31
27
198
18
243
274
132
4
13
98
576
20
11097
18
3780
5169
260
17
27
231
9
70
9
83
263
3304
13
10085
3
19
286
1266
1
4
73
118
1629
49
55
6
1266
112
21
18
477
31
5
117
848
89
258
9265
22
158
67
650
85
2298
279
10
1191
27
804
3
1956
5
1869
63
0
2463
6
11764
3
108
296
2
8
24
351
29215
9
43052
1
8787
8169
1
43053
24979
43054
1
8
36
22
2
8
191
261
457
33
86
8980
7
136
1170
1
28
2137
8049
3
305
9533
2753
18553
1
195
4669
1
3598
31070
28
9816
13289
3656
2
8
8
135
1608
86
16325
4
14
18
0
152
60
1860
88
45
44
352
41
44
352
2286
1116
2
8
258
9265
22
2639
3276
73
32
2448
647
5
333
269
2
8
104
84
74
300
29
1069
7
0
99
6
136
2299
86
25
73
1342
3
3567
4
66
382
79
213
3
32
86
1591
6
129
1116
44
33
1
8
36
22
2
8
281
136
804
332
54
3093
0
8152
4
11257
54
117
28
48
2175
3
4965
14
60
382
40
12
4
0
25087
1081
11
3304
4
110
25
817
11
19
594
123
25
18
907
25
2
8
26
4162
9265
18
442
198
3304
9598
5
18230
9
12437
2639
26
57
25086
19
16607
4
2295
9074
4
98
21
206
202
32
344
3
1071
62
5912
340
0
4106
6
5
1977
26
590
230
807
22
21
34
25085
90
175
59
3
124
37
2194
9
5302


