144
2258
6712
293
16
28405
138
1
575
359
151
291
287
16
37625
138
1
896
359
151
23279
16
895
172
245
54
5535
6269
38
13
648
3766
7
5
618
3
3568
27
220
4629
908
96
413
452
1661
8583
4008
4
10
494
245
64
7
0
172
2
788
4250
14383
9
866
13
67
85
5049
3
355
27
3550
12
209
47
3608
1657
133
4
36
47
41
253
3403
2
15
15838
9
83
179
2250
1501
397
532
3
2135
125
3961
1052
335
33
596
3
143
279
162
3504
3322
114
44
84
141
29
0
3630
3
7386
12
186
2
271
14383
9
866
116
0
685
63
5535
6269
1
38
13
648
3766
7
5
232
9
1709
618
3
3568
27
220
4629
908
2
3323
110
36
273
63
0
4486
9
83
12032
319
27
2013
3
2477
28406
3322
1
271
14383
9
866
2605
16
35
5446
36
2091
36
516
141
313
0
1661
19924
2
8
5446
36
8950
14
36
516
141
4
931
5536
7
5
410
3004
2
8
24
181
36
1131
58
109
3
313
5
1661
8583
45
24
659
41
662
36
47
205
511
2
35
401
6269
1
38
13
1829
5711
3879
2282
1
10
3905
245
54
7
0
172
11
5522
347
1
480
202
248
413
5
1661
8583
993
2
96
342
0
235
1167
7
409
48
70
4
13
98
3905
6588
2
271
14383
9
866
413
0
864
1420
1165
7
0
6471
1
4
1017
12268
4182
916
3
154
0
2250
993
7
5462
2
1847
295
16
5535
6269
17
27
1133
1
5711
3879
2282
4250
14383
9
866
1
137
120
27
15839
1
532
3
2135
125
3961
1052
335
33
596
3
143
279
162
3504
699
85
4194
12
0
186
9076
16
4250
14383
9
866
413
452
1661
8583
4008
4
10
494
245
64
7
0
172
3323
458
335
199
23
401
6269
43
2930
7
0
122
3004
1
36
2605
16
35
7862
6
121
131
44
171
124
12
17
0
229
2
8
24
183
95
296
58
29
22
14
3
121
2
35
89
196
6
121
61
131
14
1
112
66
188
3
6210
0
9002
17
125
6215
335
1
25
47
5
205
19925
26
4250
14383
9
866
413
452
1661
8583
4008
26
15
15838
9
83
532
3
2135
125
3961
335
33
596
3
143
279
162
3504
699
85
12
0
186


