144
10090
4528
11
1112
4
2697
1583
895
3112
4287
3151
6581
30
622
55
6
19
102
4
13
576
17
5
8095
20
5
26918
969
1
21
30
310
120
19
6926
644
2
6581
93
0
102
21
1305
17
19
227
6
2537
82
1
6785
1
0
149
90
42
644
467
1
21
310
23
21
3827
13736
63
42
4964
573
12
470
2
52
22
14
892
21
118
800
93
0
102
1
21
2756
14
19
984
10
77
7
460
411
39
21
492
2365
4
8778
20
0
573
2
15
295
234
938
603
6
3038
67
85
201
26919
7
3180
4
7935
28
179
1847
12148
9537
2240
26920
940
7
3701
11
5388
19
298
18
11690
4884
2
1769
10226
16
895
3112
4287
3151
6581
3682
20
186
17
19
263
26921
1920
12
470
1
56
21
2795
0
5051
6
19
7146
15497
17
227
6785
120
42
6926
644
89
0
34661
161
42
984
10
1175
4
14
44
43
3457
1535
1
716
1054
3501
7
5
1020
3532
2
380
470
1
0
179
3975
3827
14
21
34
1458
5
189
1944
3
19
227
105
82
320
450
3
1800
19
984
1
1441
27
19
8
29869
8
9
602
21
61
22
21
2405
86
21591
6
27
11450
14
21
467
317
11402
7
19
853
632
20
166
699
85
165
102
2
6581
13454
49
20
1713
278
4
492
1303
1966
23
21
562
1975
3
19
227
12
5554
1022
411
1
39
36
34
3040
19
1916
3
1125
0
872
386
2
8
24
10
5226
1
8
21
22
1
4
2481
8
14
48
10
2842
0
267
6
95
984
8
2
52
467
0
1944
8
24
361
66
8
45
22
0
872
8
10
54
6
0
5273
860
6
95
142
8
2
8
308
812
121
80
0
71
129
849
212
142
30
40
17
121
1
8
21
395
2
101
0
7972
16
895
3112
87
3554
6785
6581
3682
20
186
17
27
1635
1392
52551
7
14672
1
3112
12
470
23
27
9
98
7480
9
315
175
0
938
7
19
2668
52
6848
11
91
11306
1
45
22
1
8
24
322
1274
20
5
983
20
0
2802
4
558
14
30
383
67
10012
4
558
8778
1
8
21
395
2
6785
6581
202
2404
1
21
3827
2
52
1159
14
21
192
622
69
0
26918
114
21
76
74
225
159
99
3
19
227
274
132
39
0
644
2
1643
1
21
22
21
1974
119
3000
11
0
644
14
36
34
40
7
965
17
940
146
410
278
14
132
2
378
87
1
21
273
44
1305
5
1492
2921
77
11690
4884
9
6785
6581
34
786
14749
7766
11
1612
23
5
196
9
71
656
2
96
10
5861
56
21
78
27
25
58
32
3421
3
722
1406
12721
23
87
3554
1
21
22
2
6581
3827
14
21
254
74
354
19
227
34
37
2356
17
940
1
45
14
44
34
1691
37
3432
1
1966
2602
3
50
21
34
40
18313
2
378
0
2292
16
135
33
603
6
3038
67
85
201
26919
28
179
1847
12148
9537
2240
26920
940
1
137
421
48
215
1
7
3701
11
5388
19
298
18
11690
4884
5762
16
6581
22
21
107
41
354
19
227
6785
34
37
2356
17
940
1
234
137
1
45
14
21
34
5003
27
2602
17
0
3528
34
40
194
8624
85
21
273
15
179
3975
18
2395
29
2763
6581
107
739
67
11
940
85
21
58
11
156
108
3112
3528
2
6581
22
7
555
411
1
21
78
19
227
44
171
454
7959
54
62
64
3540
20
5
71
11
1740
11
0
11286
6
8
125
1378
6
52552
8
2
6785
1273
8903
940
4
19
227
1
9661
2
8
104
43
1965
1
8
21
22
2
8
24
58
74
161
20
14
547
60
43
602
280
2
8
52
22
19
263
26921
1376
31
1
4
0
8586
6
27
5680
897
224
49
2
65
295
6
347
192
1
6581
22
21
1974
940
404
3
355
26921
5
897
2720
453
201
4971
3
1202
8069
964
2
8
24
34
3
181
63
25
1
8
6581
22
2
9405
1
21
2756
14
25
10
5
2720
3
19
263
1
86
25
10
4780
2
15
1781
13
54
6
0
3180
2527
22
0
34661
489
4
732
3
9931
2
852
3
1033
3637
4
530
1
3151
6581
34
1204
0
8069
1237
4
116
64
3351
1
4
5
7610
1781
28
0
8069
298
10
116
55
3
6785
6581
2
899
142
16
8116
163
0
3180
44
719
1824
28
940
1
173
16399
19
5720
2
15
3528
366
6785
34
348
59
112
44
76
256
25
23
44
2201
20
19
535
260
6581
61
3827
14
21
473
306
6785
6581
11450
20
27
10140
1
1614
77
305
457
2
52
78
27
36
171
74
1860
3975
18
3394
2564
86
2859
2
8
96
58
21122
20
121
1
161
24
10
317
0
481
18
243
4
24
107
74
183
110
10
159
12
77
92
1
8
6581
22
2
15
8585
20
0
3975
18
3394
4
19
52553
2096
3
6226
25
77
2280
19
984
1
50
10
369
19611
31
19
10012
16245
4
19
227
18
2830
17
27
270
754
23
87
3554
1
6581
22
2
6581
22
14
390
7
19
673
1
21
7105
71
3
91
5
349
31281
1
1539
52554
4
1564
7
747
1779
2
52
22
19
227
26922
19
189
15068
184
28
0
117
4
0
8585
12270
23
19
1323
673
175
103
2
7096
213
2471
56
0
117
622
28
42
10121
3112
2107
102
3
14672
39
21
492
1635
1454
7
1570
2
26
6581
3827
63
19
4964
984
3
227
6785
20
2573
120
42
270
6926
644
12
470
26
52
622
55
6
42
102
4
69
5
26918
20
0
454
6
0
644
114
21
76
41
225
2582
92
274
132
39
186
26
52
22
21
692
25
10
77
7
411
56
36
3881
1051
5
872
17
59
4
21
395
27
37
1944
324
21
76
74
465
17
27
2802
26
15
295
33
603
6
3038
67
85
201
26919
7
3180
4
7935
28
3528
26920
940
3
3568
19
298
18
1729


