65
6451
211
38
6173
3
106
4
6739
603
9494
831
99
27075
9832
6
833
76
1125
49
3
5
70
7
1034
11
0
3894
2
15
11604
203
781
12
470
4734
1020
635
127
27076
9326
1
1280
1
38
78
811
14
9832
1
999
1
34
4526
27
7
0
225
12
20656
259
2
96
61
366
27
1567
10337
12708
34
40
2133
7
0
932
343
2
89
11626
161
14
9326
10
9590
0
166
36
327
36
10
2431
4
8774
5
27077
588
130
17
22337
11
0
2814
561
1
301
0
11604
1215
2
2242
6
91
4526
31
9832
1
36
18855
865
12
27
225
363
0
8552
17005
533
453
20
568
5
2777
28
113
9832
34
3713
69
0
7025
11604
1928
17
0
936
6
19
174
1
186
1484
163
2
6451
9494
831
99
27075
9832
10
6739
603
6
4352
4002
9
83
27076
9326
1
38
206
98
32
572
17
5
830
11
2197
3
11626
11604
203
161
9326
10196
418
3016
20
0
4311
35053
1
549
0
2108
1844
1979
17005
53
137
51
1
4
8774
216
130
11
0
9494
831
99
9326
34
54026
162
3016
20
0
4311
35053
1
5
1344
549
0
8552
17005
1844
1979
1
4
10
3578
7906
31
54
6
0
533
18
1457
2
2540
1222
332
9326
17
48
130
1
38
10
74
1459
2
52
78
106
14
21
1687
78
9326
21
107
74
326
11
0
9494
1
186
1484
163
2
15
130
131
36
34
5
8
753
4399
6855
8
56
36
806
20
19
1844
4
21
348
27
3
517
418
278
2
2143
363
1
9326
10
8
18089
99
4
6464
1
34
26013
1703
4
13473
109
1187
1
8
54
606
2369
78
11626
2
8
15
1052
123
3294
77
4
865
1095
27
122
243
1095
0
13778
21294
7
376
6
54
6
0
17005
3315
1
8
186
1960
163
2
15
606
2369
8
7161
0
122
243
6
0
1052
18
251
312
0
13778
15588
2
8
4305
192
729
14
9832
10
7
19
646
471
63
5
2777
184
119
9326
10
17488
140
0
17005
8314
2
15
11604
203
781
30
40
182
514
11
5625
9832
18
540
90
42
493
10
1046
2
9494
476
29
204
3
9832
18
2668
453
4
9326
18
1133
327
36
34
3
356
114
6
80
0
193
2659
36
467
1931
20
27
102
2
8
7411
66
154
799
6
19
251
218
7411
66
177
0
1625
20
19
260
218
580
2
135
1131
107
141
84
14
2
24
181
48
493
13
21986
1
8
0
130
78
32875
9
438
2
11604
2527
33
602
3
2488
112
9326
46
32
572
2
96
902
49
3
5
70
7
1034
4
5
201
2992
1226
112
1025
6
371
5
2351
62
9722
565
3
5
270
9624
1
50
13
5
10402
2
9326
8774
216
130
1
61
27077
17
22337
1
11
0
9494
831
99
53
137
51
26
203
7
11604
1
1134
1
161
4002
9
83
27076
9326
10
2199
4
8774
5
27077
588
130
17
22337
11
27075
9832
26
96
603
0
9494
831
99
6
4729
27
7
0
225
4
4464
27
1567
10337
2103
26
18025
1222
332
0
211
3790
5
8552
533
17
37
5783
130
1
38
192
1687
78
27
21
107
74
326
11
0
2814
26
65
606
2369
22
37
8
7752
8
9326
865
12
27
225
4
312
0
13778
21294
7
376
6
0
17005
533
26
54027
1
10
20
0
7025
11604
1928
63
5
2777
184
56
0
343
58
29
204
242
390
522


