65
20626
4772
5529
9
83
290
38
3936
67
85
29733
30
959
3
1208
67
85
5
439
6
27
265
730
39
3435
7036
859
7
359
2
3981
20627
1
28
40232
1
1602
1
556
28
5
1473
641
180
24230
4021
1
5
1324
50
1881
7782
1299
3270
6159
4
408
0
1278
210
12
67
85
24231
77
5
64
70
894
2
89
39
3435
5
1979
8494
3248
3
1789
0
912
6
27
2309
1
36
13
98
8410
12
0
538
3
2082
9
4
13
1
301
3
27
145
1
350
4
1299
1660
11
0
87
71
7
82
2
24232
4
596
16
3981
20627
30
342
472
1205
1642
150
3435
7036
859
7
359
380
0
538
3
2082
16
657
27
145
8304
1861
14
0
117
170
29
5
189
538
515
1
3981
13
99
20
164
4
13
158
317
196
7
3515
2966
40233
1312
16
3981
1
137
323
7
409
1
210
12
67
85
24231
7
64
82
39
91
1463
17
24230
4021
7
411
8
104
467
526
7
0
18152
1
5273
242
1
8
8304
20627
78
0
1287
163
2
8
89
23
0
187
4845
31
1
60
4405
8079
49
0
2371
2
1287
1
60
124
3
177
0
1399
1106
2
581
263
1
3981
1
13
1660
2
104
29
41
40
344
3
161
14
11
5
189
71
2
8
3981
8
641
10
87
696
3
914
7
411
1
39
27
1648
298
1243
27
296
8
2804
3
1207
27
3
4136
5
7036
6018
9
50
44
521
58
185
27
3
666
27
641
4
1
5839
1
1800
27
142
2
9952
3
1524
14
42
263
1580
0
2857
701
520
1
3981
8
296
467
37
478
618
3
1251
0
279
14
58
503
11
0
859
2
15
618
2362
3
32
37
1926
1216
9
4
408
5387
7775
7
28
5514
1511
140
0
172
1
1117
2298
67
85
201
6696
2
191
98
1
398
187
39
3435
0
7036
18058
3248
1
3981
13
99
20
164
4
346
991
5
412
2082
9
4
13
158
344
3
154
196
7
3593
1550
4
1702
2966
1
385
50
64
82
320
1527
37
27903
2
12203
290
90
16
3981
5825
0
7211
3248
7
359
9
4
444
187
7
2082
101
7845
278
16
3981
10
5
1660
1
596
305
290
90
91
1463
17
5
843
6929
7
411
3958
337
16
3981
8
296
941
67
85
201
6696
39
1536
37
478
618
3
688
4
503
11
27
7036
859
8
3981
30
40
500
228
205
1
8
7517
9
83
8304
395
12
5
461
946
207
49
7
337
6
27
263
2
8
96
170
254
74
109
159
3
164
4
1727
121
5
504
71
1704
45
36
2865
27
237
2
8
96
1512
128
128
4588
28
164
2
96
2211
10285
1
2191
1
4
2145
7768
2
96
254
74
109
1178
1
62
2932
2
96
2211
2163
307
96
4883
63
5
272
2777
62
67
4139
20
164
2
8
96
13
170
2999
3
688
111
457
14
36
76
74
84
119
36
10
194
10497
1
45
60
33
450
2
3972
66
815
11
4745
307
8
89
8304
750
536
14
27
263
170
30
5
189
152
3
165
1
1975
7
5
1442
11
0
1287
163
16
8
139
13
41
0
1167
113
60
1994
1911
136
2175
2
8
89
28
323
1
60
73
177
142
86
194
419
2
2266
1
385
4239
10
7429
136
1106
16
104
107
141
183
129
194
879
60
34
17
3981
2
1287
1
60
177
27
594
2
8
26
3981
20627
10
1463
17
5
1473
843
6929
7
411
4
0
520
93
27
17
5
641
180
24230
4021
26
334
9885
24231
7
79
64
82
1
36
5825
7036
859
7
359
4
30
150
116
37
6234
2082
26
527
145
8304
175
3
461
3
2928
27
1511
1
1453
14
27
263
13
98
8
1660
8
11
0
87
71
7
82


