144
5129
16493
9919
167
593
228
206
29
840
1037
847
1167
0
5418
3100
1
774
2744
2
2636
161
14
167
229
34542
185
0
843
3
143
419
4
3100
256
6
6732
12998
1
34543
197
54
7300
4
216
9
199
23
5
35
205
22233
4
5
35
849
22233
9
67
923
2
1037
847
5565
22
14
21
2306
11
1189
34544
31
508
12
0
1140
1
4
5
625
31
2926
422
7
1249
2744
92
10
125
2883
7
19
1183
2
1037
847
816
19
52100
1158
3499
4
1572
7
19
18116
2066
9358
7
2068
7
190
2
52
5565
22
14
21
2306
11
1189
34544
31
508
12
0
1140
1953
4445
26865
22
16
8
26866
177
0
172
7087
2
135
33
344
3
11759
67
597
28
5
6732
548
2
8
2636
115
12191
4344
38
43
1346
1356
9
9788
62
128
3824
9788
123
1130
88
162
5
6732
18394
1915
4810
14
12743
5
9782
7914
6
398
4990
11
79
54
9
10952
6
5
200
2
334
5
3671
6117
28
608
52101
3
6503
1578
1
37
18149
532
1
7484
3
54
1167
12
0
6856
113
5
723
34
40
2
18322
43
348
3
2917
50
723
34
40
7
14
1167
2
378
274
71
12253
1
3824
335
6
684
167
593
24460
1356
9
9788
7
14330
0
723
2
2086
774
30
115
14
9788
33
9665
20
4760
3
6732
23321
4
73
1370
67
1556
85
1356
9
9788
2
2636
161
14
167
593
185
0
843
3
143
419
4
3100
256
6
6732
12998
1
34543
197
54
7300
4
216
9
199
23
5
35
205
22233
4
5
35
849
22233
9
67
923
16508
26865
22
14
56
508
5
229
1
1225
54
6
0
8
87
9
447
26867
1
8
5
24832
750
8
26868
34545
8
63
110
21
47
1265
9
205
2407
62
849
2407
1
1076
93
62
1076
122
9
23
6063
23
21
73
2
861
71
4
702
1
0
24832
1708
1512
419
20
500
48
2
52
22
1
8
135
252
499
597
3
2855
20
5
26868
6448
1
4
44
84
25
3100
2
8
275
2
52102
16
15
13465
6
52103
2
52104
52105
2
25568
52106
2
8934
16
674
52107
2
52108
2
9056
26869
463
16
8929
52109
2
8447
6
19070
16
52110
2
8447
6
8081
16
2363
52111
966
2
52112
52113
2
6663
2035
16
52114
1461
1562
2040
5
6969
16723
7
1915
6
110
0
4990
34
40
1
45
0
9788
24460
0
1356
9
9788
20
274
71
12253
2
570
26865
22
14
0
6732
571
52115
597
55
28
110
0
1069
33
1265
1
4
1196
14
13
141
157
52116
810
6063
2
26866
23857
0
25547
3364
79
63
23
1798
23
815
1162
1
45
44
1032
3
32
1536
17
67
597
3
2212
17
2
15
1471
4827
105
686
1425
11
0
52117
1708
17080
1650
3
143
26868
34545
2
15122
44
177
419
1
44
6874
6732
1915
879
62
44
858
3698
42
595
9
371
2
5493
20
261
1339
1
52118
22
1
25
1088
14
8555
1915
31969
13
141
0
1164
2
89
21
22
14
0
108
64
8082
445
234
32
7
326
1
4541
14
25
13
686
14
0
9788
177
67
1006
1
4
44
33
67
344
3
143
419
4
6256
3328
28
0
597
44
29
720
2
26
26866
8
11759
67
597
28
6732
3262
85
1356
9
9788
8
26
3077
593
1665
1650
3
143
205
3328
20
5
3100
1526
26
21060
229
9
335
29
3698
1915
5122
1
161
321
1471


