5535
6866
16417
16418
87
6485
14
1243
2984
1454
13
32673
27
16418
4634
13
5535
35
632
58
334
32674
2984
6191
104
16108
575
215
53
144
1413
5210
27
119
7501
9
2033
87
4091
11090
104
5535
5
8457
16776
825
107
3009
34
16418
13
1862
34
14
2439
575
215
825
2502
55
9
77
2526
34
24
169
170
57
24
36
27
16417
16418
2524
1202
10210
37
1172
10237
123
14
4441
201
112
23
891
16418
23
2175
34
327
26959
123
14
10144
75
15246
23
4824
119
327
3345
5396
105
1949
24
3240
316
2487
2505
3271
2526
76
2984
6592
104
6594
61
3156
6531
5
16421
27
16418
99
1039
6324
607
34
24
327
26959
40
87
1521
13
221
334
2504
34
5535
37
55
77
27
2318
61
32673
5359
11472
3348
32675
3119
334
7940
2
243
23
24
1462
507
4615
449
24
712
57
16073
25121
27
16050
16035
3119
25121
13
738
185
2984
13
14
4441
201
2439
5
10599
10308
61
1530
10293
61
5937
61
15032
5
16118
278
1253
334
2975
27
842
32675
330
262
331
25121
3119
13
799
185
2984
13
32673
61
5
215
99
750
54
1785
16050
16035
515
27
331
408
369
1950
185
749
25121
13
32673
27
408
369
2050
704
23
185
237
6557
27
408
278
1414
243
13
748
703
334
7940
185
207
1185
202
2107
27
331
32673
663
1028
13
1862
243
3018
16073
25121
185
2984
237
5657
25121
72
58
79
23
24
200
201
75
22
23
4824
246
16417
16418
1899
16108
185
2984
2
5535
35
2157
246
119
6866
4634
13
426
2439
58
2540
144
1413
5210
246
119
7501
9
2033
87
23
6307
76
864
83
32673
449
14
2984
1454
246
32673
663
1028
13
1862
16073
25121
2
243
185
2984


