258
2039
2873
261
262
8574
264
61
507
534
1268
268
269
262
26701
264
61
507
534
1268
251
12487
26702
99
3806
13
3896
2947
10329
13
9802
1400
2
14
6480
558
17757
4720
27
1605
327
26703
26704
26117
57
26705
61
149
15417
58
104
306
2591
308
1077
5
26706
906
3233
1853
1011
3752
545
35
506
27
993
24
13877
17292
2
334
26707
9
53
26708
24246
61
4948
330
27
119
5729
149
4934
3354
61
40
373
10595
2959
14674
61
1489
13
22916
27
18240
262
251
5087
1046
14
8991
2167
185
54
1117
3389
57
14
8518
37
17732
171
24
4743
351
57
24
10419
343
13
14
26709
26708
4820
1160
8638
7152
26710
26711
149
24
24998
61
5
183
149
26712
484
183
1541
174
26707
61
330
24
8546
34
4674
4675
5
8975
27
119
26712
26713
288
4342
1145
24
1566
5
21158
13
342
776
20201
33
8638
27
119
26714
26702
1850
24
4084
185
24
4515
64
13877
1770
13
23483
5
7593
34
7605
144
1267
484
739
35
506
61
1489
13
5434
27
119
5967
57
24
5729
3748
26707
13
7284
1193
8540
61
40
149
10692
13
22916
64
1687
14
124
1431
2237
23
3431
3622
34
13864
91
3509
34
24
5284
3322
26715
27
1687
408
369
6028
515
14
835
1479
57
7346
825
1510
787
34
1291
13
5284
5
122
775
64
10620
34
24
12629
61
947
5
776
358
5227
64
14
3340
57
237
1092
17757
26716
7605
7351
2465
6014
359
27
119
3225
13
9802
24
1400
87
1622
13
799
2
24
3089
61
26717
61
6591
26718
5
24
1560
57
2276
3104
27
246
305
306
2591
308
1077
5
2276
26706
497
3233
246
993
13877
650
2
14
26708
24246
1129
13
3163
33
8638
53
91
1605
327
26703
26704
246
119
7152
14614
7593
34
7605
545
35
506


