144
49410
49411
65
957
145
6
146
10
86
1245
36
809
680
3
1380
27
3750
198
11
72
5849
7
2920
1290
2
22008
15087
1
1903
1
38
630
7
5
10419
339
7923
2293
7
5
1381
1
7
26481
1
336
19026
17
27
105
2193
808
197
105
4
398
82
83
10
2079
31
27
315
398
187
320
56
36
10
3863
27
1455
284
2
96
786
0
442
567
3
5
7033
295
45
21
10
2436
39
2355
941
0
2753
2
9873
16
139
13
0
111
3750
442
786
11
79
72
5849
49412
19
1618
13
253
1245
3
402
59
39
27
315
93
27
398
187
320
9458
595
16
22008
15087
4
27
263
1629
386
363
42
260
9
27
2355
941
0
2753
39
36
786
27
259
132
83
442
7
26481
7
336
19026
49413
16
22008
15087
4414
17
27
2600
105
2193
20
27
10327
102
7
1290
15
851
9
132
9
83
442
13
98
91
4496
11
20
5
126
47
102
2
318
145
498
878
3
59
12
417
575
45
10
15045
129
36
76
1251
59
1054
86
36
786
0
24432
9
38
13
602
3
32
909
9
3
5
7033
295
452
230
192
2
360
1
0
546
760
1956
647
0
1381
4
0
487
394
923
3534
7
4
2436
0
284
2
89
271
15087
7404
3
154
59
99
4
0
305
442
10
1258
77
3
5
126
47
102
2
527
118
1416
6
2332
13
0
279
27
8269
9
83
145
1512
39
5
132
18238
11
269
12
0
1777
2
96
22
14
36
2091
100
6938
63
1406
103
27
3750
442
1
23
36
890
25
10
0
237
595
11
27
198
4
105
2193
2
96
22
16
35
581
315
93
121
398
187
320
17
105
2193
2
104
11314
12
2958
279
95
145
6207
3
3586
2
96
34
3
14809
49414
639
53
72
275
51
28
136
2512
11
95
3686
2
24
29
100
279
3
1251
95
126
1
129
46
24
154
462
6
216
218
8869
1935
16
982
305
126
170
29
5
102
45
0
1660
567
529
12
417
14946
10
786
3
5
7033
295
7
27
1381
8
334
24
10
6419
28
0
286
1
5
7033
295
2453
121
4
348
121
3
355
88
95
198
11
49415
2
24
2452
0
1005
1
23
24
34
100
108
3149
2
24
273
95
198
58
495
5
419
142
17
9177
271
15087
22
36
58
154
99
27
198
112
0
394
840
27
17
125
2081
2
15
349
1723
30
98
289
27
1205
230
3
181
63
458
36
46
2005
0
442
2
334
14
0
6275
46
32
289
184
11
7982
2
26
22008
15087
1
1903
1
630
7
5
10419
339
7923
2293
7
26481
1
336
19026
26
96
10
2079
31
27
315
4699
3863
27
1455
284
26
96
786
0
442
567
3
5
7033
295
23
36
76
74
3572
59
26
96
22
14
36
2091
100
6938
63
1406
103
27
3750
442
26
15
851
9
132
9
83
442
13
98
91
4496
11
20
5
126
47
102


