10278
1445
43
93
5733
12
0
15473
11
63
37
889
17
9194
5835
12
9
1103
39
44
34
3
143
37
23862
2041
7
2147
2
238
6
0
1445
1
330
118
23
4162
1
180
314
5857
2353
652
12
426
1262
3
32
12
4784
24139
20577
1
50
10
12
97
152
3
6322
6323
3
988
2
15
10043
22
0
953
34
40
6324
3
2147
39
97
24140
4748
4
107
41
183
34
44
1182
49
92
2
297
94
11
167
15
10043
22
0
953
34
40
6324
3
2147
39
97
24140
4748
12
426
4
107
41
183
34
44
1182
49
92
96
22
75
34
309
3938
49
39
0
953
444
316
379
90
2041
18108
0
1432
1496
2
8
3475
18
9194
1
815
18
2360
2
24
29
100
961
110
18
159
12
558
24
351
1399
3184
2
8
4162
22
2
8
939
510
10
56
60
43
40049
0
953
175
103
311
2
8
104
352
41
662
459
2
15
953
11369
2147
11
5
305
706
1
216
316
379
1
92
10
86
194
24141
2
8
238
6
0
1445
1
330
118
23
4162
1
180
314
5857
2353
652
12
426
1262
3
32
12
4784
24139
20577
1
50
10
12
97
152
3
6322
6323
3
988
11317
43
5733
11
5
943
6
105
269
90
44
175
103
311
11317
43
5733
11
5
943
6
105
269
90
44
175
103
311
2
930
1985
3
42
14107
1
44
43
41
867
3
5192
0
1367
158
39
25
10
6293
103
1
1298
13398
3678
12
9
1103
340
0
663
9
6818
831
2
4162
22
108
1445
38
34
348
1353
464
459
44
76
41
124
103
0
953
43
78
25
10
114
6
715
1425
4
25
58
32
5
29635
3
124
88
99
12
311
2
563
10278
2194
479
729
3
507
491
440
0
795
34
40
6324
3
2147
434
3
8
5
4185
1092
8
2
8
15
18109
13
7
24142
17
80
708
7244
715
6149
4
885
0
953
886
2087
3871
20
40050
7
2147
1
8
21
22
2
997
559
4931
25
10
37
1296
2041
1
0
479
16280
25
10
7
725
5
8
29636
18109
8
2
8
9915
13189
6
80
2857
715
6819
1
0
22
1367
11702
2147
20
40051
885
487
71
886
4
13
539
3
2855
69
6322
6323
20
40052
885
487
71
886
2997
1
8
21
176
2
57
30
40
5
14538
333
187
11
10278
56
97
715
585
10
2164
39
4784
40053
2580
69
0
40054
2746
7
405
1
1003
80
19433
75
12
9
1103
2
23973
28
0
953
4
1334
6
0
1445
33
170
91
12536
28
0
2912
2
26
4784
24139
20577
10
12
97
152
28
988
3
6322
6323
12
426
26
57
116
37
23862
2041
7
2147
39
97
24140
4748
26
65
1856
22
1341
5835
34
309
9194
12
5733
953
26
135
444
0
208
105
269
5733
12
15473
20
2147
1731
26
563
10278
479
22
0
953
1141
77
11
8
4185
1425
8
26
52
22
5
715
6819
10
2024
4
0
795
175
103
311


