1429
1139
1561
0
1636
9
3132
6
0
29166
2444
1420
39
5
504
9
2185
399
9
441
1
399
9
441
313
77
20342
14641
6
2225
12
470
2
15
200
9
23805
1139
1
38
34
5
14281
7
0
87
726
1
1376
1850
119
973
463
9
314
7
0
200
207
45
477
103
178
67
677
2739
11
14641
2
8
6410
24
73
1665
11
95
208
229
1
8
0
6303
22
39
19
29167
673
313
2
52
1050
39091
39092
7
12077
242
12
0
1420
3796
313
874
2
1429
1139
9025
0
663
7
3839
39
901
5
547
7
19
200
9
726
525
7
17931
15
6303
13
371
19
1706
2012
39
20343
19
4811
7
554
3
143
5
632
2276
11
5
1167
7
0
9658
353
5018
13442
208
215
1
262
1513
3
292
11620
7
0
5149
1420
2
15
4398
9
83
175
5
2952
1254
4259
69
0
17931
1212
1
113
21
13
23805
580
314
1
3
688
3
356
28
4367
9
242
7
0
5737
3
549
0
235
398
1
86
21
73
4017
20
0
236
9
3242
23806
7
160
2
14641
34
918
17713
7
19
87
9
726
313
77
1179
16128
6
1089
45
79
105
127
1139
2
1139
2925
6810
9
39093
39094
6
1089
208
1
38
413
0
81
452
860
7
0
439
9
207
39095
3
1017
20344
20345
6
3118
691
9
399
53
399
51
1
314
9
399
1
691
9
399
53
463
51
2
4421
20342
14641
6250
0
873
120
19
1307
9
2180
1513
3
200
9
3755
1139
292
11620
4337
3
19
10235
1636
9
368
6
0
236
39
16129
20346
39096
6
1089
691
9
483
1
399
9
275
2
15
1745
9
3905
11620
1
0
235
3755
1
3881
451
4108
4
4558
19
200
525
547
17
5
11621
1426
2
8
57
10
1905
7
0
87
207
45
7
0
200
24
545
419
1
67
4826
1
67
4933
1
8
22
11620
1
38
2925
580
2
399
39097
39098
6
5708
7
0
1636
9
3132
2
15
6519
1026
3
1499
302
18
368
3
1665
19
2739
6
6389
11
0
9658
13442
2
2086
1
39099
29168
6
1739
10823
3
1017
0
1686
1501
1
580
2
463
19779
3974
1
399
9
691
53
870
51
1
399
9
275
1
399
9
441
2
3974
1
38
10
3905
5
673
9
232
8737
39
2501
4992
3395
12
19
152
3
0
5149
2335
9
3132
81
149
1
342
398
1307
593
28
275
9
275
7
0
200
2
15
6519
61
342
835
860
7
5
1263
1
173
0
87
608
6
0
368
207
2
1139
1
371
19
2012
20
0
29166
2444
1420
1
10
116
3
147
504
11
0
313
31
19
4700
29168
46
1118
13443
20347
6
8662
1
38
1561
19
439
1636
9
368
150
2582
28
5
23807
1275
7
600
31
2501
580
2
483
9704
39100
6
0
10175
3652
399
9
463
1
399
9
314
2
3193
1
5208
10050
6
1089
5638
81
70
18
12464
1
1748
28477
6
0
7202
1
399
9
463
1
399
9
463
1
901
231
1307
593
3
667
31
5
207
4
314
9
791
2
52
4952
49
5
1636
9
368
127
10013
14642
23808
2
26
1429
1139
1017
20342
14641
399
9
441
1
399
9
441
7
42
200
9
726
525
26
15
6303
13
371
19
2012
20
0
1706
3
1804
49
5737
860
26
52
1388
3
794
19
152
69
0
235
398
7
554
3
154
196
7
0
236
9
3242
9658
353
5018
13442
7
160
208
215
26
15
313
77
14641
10
0
29167
1023
6
1139
18
673


