144
7139
160
293
16
28214
138
1
870
436
151
291
287
16
24562
138
1
870
436
151
1754
5641
26933
28768
4951
8190
3
4939
1109
52674
3379
1095
5
8711
1
125
3955
29
10554
1678
6
2320
42
147
2
836
54
5350
1004
8091
13
1406
27
8191
11
792
6
1642
1
248
803
25
31
2927
888
7
3379
9
4
19202
12
5
8711
2
11975
7200
9
9707
1
2297
1
17243
4317
9
290
52675
1
7174
0
3700
2058
6
1467
31
3851
34697
1
52676
4
2061
9
13245
20
27
3609
7
9374
2
297
94
11
167
836
14
18
37
3947
5860
307
11975
7200
9
9707
5261
4349
31
19202
17
3379
12
5
8711
96
52677
27
948
4
1673
7
5616
3379
90
1547
12
3666
9
5794
1178
4
319
27
265
23
5
31626
23
36
13331
357
5
5361
599
8711
2
11975
9
38
303
3
5536
7
0
4917
23
299
18
87
1052
22261
9
30
98
2024
77
5
3350
2058
4
30
786
27
87
105
3
4980
20752
11
49
3
72
2992
2
24078
85
3666
5794
16
11975
303
3
5536
56
36
492
196
6
2053
13645
38
43
9927
31
2148
173
26934
4
34698
4
175
0
3694
172
31
1666
268
0
3666
2053
876
239
55
7
0
390
6016
52678
16
135
445
233
109
14141
52679
45
261
34699
2058
6
1467
29
786
11
72
2992
39
44
43
4459
319
19202
3034
8324
7
0
1467
16
299
18
87
1052
22261
11975
7200
9
9707
303
3
5536
7
0
4917
56
36
492
196
6
2053
13645
15
4317
6718
45
98
36
18
574
27
1120
3
0
1467
172
2523
3630
16
11975
8462
357
27
1876
4436
3630
31
974
56
36
19090
5
427
18
898
17
0
588
26935
6
27
5598
7
1570
4
13
98
5780
1226
2058
6
1467
1336
63
27
3630
1
0
145
9
6
9
64
22
16
8
24
3804
143
2058
319
410
13331
1
17
95
948
62
95
99
62
158
95
251
2
8
24
454
41
3059
110
25
13
159
3
32
4
24
79
165
17
0
4152
4
0
5681
6
0
2053
2
8
1437
25
445
454
3
233
109
385
109
5
11889
62
5
4031
62
5
2371
4
24
46
147
17
14
2
8
15
1467
12812
162
95
265
4
0
1178
4
25
1117
1104
1705
2
7194
343
16
15260
31
27
247
198
627
102
28
5012
17
619
4
1574
7251
1
0
179
22261
574
0
6155
69
792
6
1642
26936
16
11975
17
54
6
4349
3359
8
6286
7308
8
50
30
40
5343
20
72
52680
8
57
18
5
128
1374
152
3
3379
2
24
382
786
105
86
416
4
0
148
3419
30
682
3
1277
13
72
2992
2
8
11975
303
3
5536
7
0
8287
56
36
492
196
6
2053
13645
8
15
4317
6718
8
4
3430
7
299
18
87
19202
1178
167
8
52681
5130
8
2
15
304
43
9927
31
2148
173
26934
4
34698
4
175
0
3694
172
31
1666
268
0
3666
2053
876
239
55
7
0
390
6016
2
89
25
10
74
268
1570
14
36
8462
357
27
1876
4436
3630
56
36
19090
5
427
18
898
17
0
588
26935
6
27
5598
2
191
1784
31
27
247
198
627
102
28
5012
17
619
4
1574
7251
1
0
179
1421
22261
756
3
177
112
0
3034
614
12
8711
52682
140
16
8
57
116
5
7426
12
0
898
50
592
1399
3387
4
20
0
71
95
198
10
300
627
102
28
5012
17
619
7251
4
1574
7251
4
24
8180
110
25
58
233
109
1
8
36
22
11975
1
38
630
17
27
247
198
4
263
7
9374
1
176
16
8
24
219
3
0
3609
6
5
8763
1807
180
52683
4
119
60
43
21633
140
24
19090
0
898
17
0
26935
6
95
5598
119
24
738
59
125
6
95
3034
2
8
57
116
5
7426
12
0
898
50
592
1399
3387
4
20
0
71
95
198
10
300
627
102
28
5012
17
619
7251
4
1574
7251
4
24
8180
110
25
58
233
109
2
8
788
24
79
469
25
4
738
95
280
4
44
1174
25
2
24
448
25
52684
62
18239
9
34700
12
8711
9
18239
9
34700
91
0
1504
540
11
19202
2
8
24
157
3
32
5
8763
1807
56
24
10
1676
4
24
322
4476
17
3379
1
86
25
79
496
3
121
4852
2
8
8111
1442
16
527
8065
23
5
8763
1807
56
36
10
1676
29
840
27
21812
27
2019
26
11975
7200
9
9707
1
2297
1
7174
1467
31
3851
34697
26
52685
1467
20
27
3609
7
9374
26
15260
39
3493
52686
27
280
898
17
27
3607
26
32713
142
23
8763
1807
840
27
21812
3630
26
15574
3
5536
7
0
8287
7
2053
13645
8
15
4317
6718
8


