1178
9980
2421
129
1745
14
2315
23
54
1536
58
215
105
14
4542
655
1914
709
849
99
1517
9981
75
158
27
162
558
9982
9983
149
2940
76
169
9
5780
596
61
9984
9985
9986
61
5
2943
27
618
207
61
9983
149
1142
45
3253
91
24
9987
7357
943
1347
3400
215
149
9925
91
54
5087
45
13
1608
27
3627
3253
262
9982
9988
61
324
109
104
24
119
9987
9155
943
185
4824
9989
61
149
1142
45
3253
34
596
185
207
34
1914
5
1228
14
1536
1348
215
105
334
9980
4542
9990
341
515
9983
37
3509
9991
515
361
9980
149
45
9983
37
9992
5
515
1605
1606
4809
3802
9993
308
76
9994
13
1608
27
4360
361
185
87
9995
61
9983
105
334
9980
4542
655
1914
185
24
1605
327
9996
23
24
9987
185
1078
2978
57
558
27
9997
24
1536
149
9345
9998
61
666
61
129
4508
14
219
60
5
1077
24
1462
257
27
2742
23
24
1536
288
9999
10000
5
525
2152
61
3703
10001
27
119
1605
1606
2903
341
515
23
24
1779
57
1605
1606
308
1500
2296
13
107
4542
2801
34
2213
454
27
10002
9983
4508
2
9994
647
54
10003
5
510
4678
9
4542
9995
61
40
105
373
813
334
4724
346
57
10004
23
24
35
2347
494
27
396
105
100
9925
91
54
5087
185
5231
576
45
13
1608
27
331
1003
1146
64
628
639
183
87
18
61
331
10005
9998
330
64
926
3805
922
24
10006
505
237
751
27
331
10007
149
707
10008
688
5
215
149
24
3189
57
707
562
27
7871
825
604
107
24
1271
2241
158
27
331
331
628
1018
1013
1019
215
2831
278
100
1914
1222
215
2193
24
1310
61
331
926
330
57
9983
27
119
1605
1606
2903
341
515
105
9983
100
560
215
516
278
4137
14
4447
57
1411
1507
13
666
494
1778
2132
27
4360
361
185
54
9995
61
9983
105
334
9980
4542
655
1914
185
24
1605
327
9996
23
24
9987
185
1078
2978
57
558
246
162
558
9982
9983
149
2940
76
169
9
5780
596
61
9984
9985
9986
61
5
2943
246
9997
24
1536
149
9345
9998
61
666
61
129
4508
14
219
60
5
1077
24
1462
257
246
2742
23
24
1536
288
9999
10000
5
525
2152
61
3703
10001
129
288
2352
246
9983
149
1142
45
3253
91
24
9987
7357
943
185
207
1347
3400
215
149
9925
91
54
5087
45
13
1608


