144
975
6685
293
16
20571
138
1
259
460
190
291
287
16
40029
138
1
314
436
190
65
3996
690
7607
2153
19
1079
56
21
1922
59
7
376
6
5
971
39
5
1263
77
42
790
7
37
2119
1340
1
5
186
306
209
2
1756
8321
1
2509
1
13
603
6
17973
636
10277
1
775
1
103
5
6484
7
712
16275
8688
1
6153
1
262
35
11698
4
29626
20
140
40030
12
5
166
7
534
411
2
8321
8718
35
24
285
59
1
24
1922
59
1
24
361
24129
1
2327
39
68
10277
10
312
31
5
29627
971
4
285
4573
1
1554
904
372
306
2
101
186
16
1756
8321
53
93
9
137
209
51
1
2509
1
13
603
6
17973
636
10277
53
122
51
1
775
1
103
5
6484
7
712
16275
8688
1
6153
1
262
35
11698
4
29626
12
5
166
7
534
411
15
295
1
38
1305
5
72
11600
17684
260
7
0
704
1
34
40
12
5
166
55
17
64
1154
280
56
44
2763
77
42
2664
16276
2
2165
1543
3597
1
4524
1
22
16
35
139
13
0
276
6
5
130
7
19
390
6606
1
285
31
19
1079
1
0
3308
1
7
110
10
11699
5
638
6
13525
21
46
4853
11
0
936
6
19
142
2
35
636
10277
93
0
1340
390
2
15
3308
53
8321
51
107
41
188
59
3
517
1
86
21
1180
59
2
15
3308
78
59
44
43
118
159
3
517
7
259
379
86
21
171
764
2
35
15
280
44
43
55
17
34
226
80
0
152
28
3304
3
226
55
17
88
1
45
636
10277
404
3
517
3
143
662
0
2664
40031
10
4780
2
35
135
2763
1
0
3308
170
107
41
188
59
3
517
1
45
21
107
2
15
3308
1922
59
1
1298
59
3
1219
69
0
538
1
122
7
0
4191
6
37
8752
971
2
52
10
285
472
40032
15
971
700
4
5453
180
106
4
4474
1307
184
2
8321
1130
99
69
0
1340
3
124
185
4
280
13011
59
23
21
6534
1
68
1543
78
0
186
2
4118
16
15
2119
1340
9
4326
18
24130
518
9
7
712
16275
8688
113
0
358
175
242
15
186
10
78
14
8321
22
16
35
24
285
59
1
24
285
59
1
24
1922
59
1
24
361
59
1
24
107
141
1409
3
922
59
1
24
285
59
2
104
43
86
596
1
123
60
309
3933
4
24
1922
59
1
24
107
25
1
24
1922
59
1
21
47
420
1
24
285
8045
8
24
285
59
1
24
285
59
1
24
1922
59
1
24
361
59
1
24
107
141
1409
3
922
59
1
24
285
59
2
104
43
86
596
1
123
60
309
3933
4
24
1922
59
1
24
107
25
1
24
1922
59
1
21
47
420
1
24
285
59
8
939
186
10
78
1756
8321
22
39
193
6
3466
636
10277
68
1543
176
14
35
5
6695
2276
31
0
3308
1298
19
1079
3
40033
10
780
12
1855
9
45
8321
1
38
2050
259
4121
24131
85
68
10277
1
76
41
1714
48
2
52
22
8321
78
0
106
7
772
14
21
76
141
5122
0
2276
1
45
35
6219
21
107
2276
24129
1
90
192
324
21
107
141
40034
1714
3799
24129
2
15
1540
408
1855
1222
28
5
1137
3166
11700
6
0
638
8321
13
603
6
3799
19
3466
6
259
82
3
19
193
2
294
0
1222
10
958
68
10277
47
117
10937
7
0
270
5901
2
8321
4209
9
816
5
588
2020
1
1211
1767
4
1211
2584
9
14598
20
0
898
2
57
738
64
266
1418
277
108
23
1246
1317
455
0
538
2
238
6
0
266
309
3
1097
424
0
108
4
10
1922
69
0
538
79
20
0
971
532
2
15
971
700
1
40035
24132
1
469
3
18103
3
1605
2850
68
10277
45
21
10
285
4573
2
1756
8321
18
198
1
16109
1
316
1
1743
21
40036
90
21
649
68
10277
1
78
0
186
0
295
43
35
128
40037
1
892
44
34
0
35
5619
2982
77
11437
305
28218
2
8
139
13
0
276
6
5
130
7
19
390
6606
1
285
31
19
1079
1
0
3308
1
7
110
10
11699
5
638
6
13525
21
46
4853
11
0
936
6
19
142
8
2165
1543
3597
1
4524
52
22
16
35
135
1174
277
108
128
194
9
24
76
812
14
28
0
638
24
649
636
2
24
960
17
88
11
5
70
9
4
9
5
9
272
4
95
244
4
636
43
7105
3
277
40038
16109
78
0
186
21
34
40
17
0
295
12
0
166
6
0
466
1
56
44
34
1824
5
333
3016
7
0
2787
90
2447
3
0
2119
1340
2
52
176
16
35
4000
12
1
79
39
0
1655
34
806
1
636
22
21
10
159
3
165
102
4
23
21
93
0
533
1
21
574
0
821
152
11
0
260
2
788
24
78
95
1970
3
165
4
124
59
2
35
57
10
118
63
414
1578
192
56
21
1130
99
7
4
22
14
636
34
698
182
5
971
2
52
10
5979
2
24
219
363
4
408
636
182
0
971
2
35
13013
219
184
140
0
2323
23
21
10
7
2113
2
238
6
0
304
78
121
636
34
239
4
24
171
165
677
0
546
3
95
1970
1
45
24
76
74
934
1308
3
812
59
8488
65
427
38
34
61
40
92
14
166
1
6587
29628
1
78
0
186
21
34
214
8321
17
19
619
12
0
583
18
225
56
44
43
363
0
1340
2
8
24
34
330
88
11
169
82
277
1
44
1174
277
108
128
194
2
135
43
79
5
3353
1
3353
295
2
636
34
5
16277
1378
6
6920
8
6587
29628
1
427
52
22
16
35
24
34
330
88
11
169
82
277
1
44
1174
277
108
128
194
2
135
43
79
5
3353
1
3353
295
2
636
34
5
16277
1378
6
6920
2
35
636
157
3
109
5
1447
1
16278
4
925
2348
2845
1
4
1756
58
1704
40039
59
55
6
0
2787
56
25
10
71
3
165
4
636
107
74
188
3
517
2
35
387
166
60
981
34
5
4055
1152
1
636
93
9
24
107
74
1487
459
9
1756
1180
59
363
4
24
24057
88
92
7
376
6
0
1310
248
5
3160
2
35
135
6197
2575
4
123
224
99
4
123
24
181
24
408
1756
18
619
12
636
18
14512
1
19
619
357
0
376
17
5
10666
54
9165
4
19
5960
0
108
2
35
24
107
74
177
88
311
268
1756
224
831
7
324
1166
636
18
698
182
5
971
1319
2
24
175
1756
4
16109
184
114
1756
10
79
5892
430
17
5673
9
21
107
74
183
110
3
18104
8321
1
38
10
12
2149
1
4257
466
4
5358
2
15
644
1575
2
2577
60
33
1129
3
2005
685
11
620
1425
2
26
1756
8321
1
2509
1
8
9472
8
636
10277
1
775
1
69
0
538
81
534
26
12000
510
363
2119
1340
7
712
16275
8688
26
8321
8
107
74
188
10277
3
517
390
3
1781
12
42
790
8


