6116
223
38
219
740
7
21614
1119
2637
7
0
4323
6
0
6417
3480
7663
1
1085
116
965
17
42
117
506
166
39
1189
3
1119
2004
2
15
304
6259
3
1934
81
470
28
13760
3
2029
5
23403
423
1
4
806
20
0
1900
6995
45536
646
79
105
230
90
7663
1519
2
8
135
107
74
183
129
849
25
10
159
3
32
1
4
31
0
71
44
213
92
1
25
213
2471
1
8
8862
45537
1
761
227
3222
10
12
0
919
1
78
2606
689
2
11394
11395
24393
16
297
94
11
167
2403
7
0
321
16
65
23403
423
38
342
965
17
42
117
39
159
3
21614
1119
2637
120
3480
7663
34
574
49
1161
4
2685
7
1119
2004
12
506
2
3626
748
90
42
795
3
1934
81
149
1768
869
29
444
0
424
64
230
12149
450
3
1370
88
94
1
1441
1541
4375
1
513
11266
4
660
781
3
100
18831
2
135
43
1085
344
3
5912
5
911
6
4053
56
506
166
1
0
304
180
3
161
44
43
3871
99
7
0
321
4
34
2087
7
1119
1119
2004
2
15
304
43
543
0
3684
1607
2556
93
5733
39
0
9797
463
4662
312
0
2565
349
4
93
169
340
785
4
2493
1289
381
2
191
98
11895
665
20300
13
18457
11
602
216
4662
2
380
506
166
1
16724
8809
9538
10
21615
3
5
4662
1
4
13
539
3
1812
31
0
2808
3111
6
0
1940
6122
349
12
377
2
8776
1
45538
6367
14
0
4662
46
1065
103
4502
1
2008
7
5
8493
2210
8522
3
0
16773
2
9464
7
0
329
33
170
2055
3
210
42
403
99
386
2
6996
722
3
2830
17
5
1521
6
785
4
1289
381
4
2725
189
1718
11
1296
7893
2
221
43
418
8665
607
6
17748
2
15
6536
214
7
0
4323
6
3480
7663
7
0
403
6
21614
1119
2637
1934
2
836
11895
665
20300
13
18457
11
602
216
4662
12387
3651
1405
3480
7663
2
9464
7
0
329
33
170
2055
3
210
42
403
99
386
23
1457
722
3
2830
17
5
1521
6
785
4
1289
381
4
2725
189
1718
11
1296
7893
2
221
43
418
8665
607
6
17748
2
65
130
1272
37
663
9453
7
5
599
15548
6221
17
64
108
266
23
21
2865
3
429
23624
28
13111
69
0
17586
16774
7
1389
9772
1
1934
1
12
426
563
2208
28
17586
16774
6480
37
663
9453
20
75
450
3
19572
0
1058
7
1389
9772
1
1934
12
426
1188
938
7
621
3
124
456
626
28
5
17586
3348
7
1389
9772
1
1934
12
426
14436
9730
12
646
31
3480
7663
2
13244
29
40
25063
12
765
4
3078
4302
162
0
1389
9772
708
1731
1
50
2238
1619
3
3078
2202
434
3
1038
556
56
7663
7532
162
0
329
632
12
302
4
446
65
247
130
4472
418
12195
6
3941
28
5
6671
1058
2416
31
3480
7663
23
6122
1760
688
3
429
75
28
17748
7
1389
9772
1
1934
12
446
28142
4662
16
16724
8809
9538
10
21615
3
5
4662
506
166
2
57
13
539
3
1812
31
11895
665
1
4
1065
103
4502
13244
1
4209
1
43
25063
12
765
4
3078
4302
162
0
1389
9772
708
1731
1
50
2238
1619
3
3078
2202
434
3
1038
556
56
7663
7532
162
0
329
632
12
302
4
446
2
25775
29
40
4067
456
6
766
3
6343
7
25776
1
25777
1
18832
4
1934
283
3
2596
13599
2202
2
871
45539
321
2556
2673
7
25776
43
204
3
0
1835
632
426
3
505
102
2
6058
45540
6
45541
1
1934
1
22
27
117
10
289
4177
20
0
1731
114
44
29
64
247
126
2
4391
1
0
1604
10
63
231
269
3
124
55
2
8
15
6536
1091
12
11
269
1
8
36
22
6
0
4662
2
8
57
18
228
5
7965
98
2
8
45542
45543
9
45544
1
5
3365
28
15813
1
665
1
38
224
3
1934
17
19
1028
3
2029
19
13507
1716
1
10
543
0
87
3
124
55
12
5
3731
203
3934
2
563
4098
1106
6
0
4315
20
5
646
12
426
39
4662
7663
1519
7
11895
665
349
7
1934
2
7663
10
15920
3
5
5441
1666
39
687
11895
665
16773
2
57
98
2299
11
0
2746
6
16775
7
6122
349
6
45545
2
3792
13318
2556
43
1792
31
7663
65
21184
783
443
31
0
1934
16433
332
37
4098
1106
6
0
4315
39
4662
7663
1519
7
11895
665
349
65
1454
1106
332
0
1038
93
31
3480
7663
20
1389
9772
708
1731
12
426
2
4534
43
2535
7
0
2565
23
23624
2828
3109
661
65
1896
9
376
690
13
93
7
10857
39
3480
7663
9730
0
9279
1
687
792
340
785
4
2493
1289
381
7
0
6122
1252
52
22
0
1731
7
1389
9772
10
5
7965
17
2352
10324
4
5871
21616
94
1
4
1943
4
3226
5435
2
8
387
10
109
5
548
28
8
15
13043
6663
1
9122
21
22
31
391
28
25777
1
113
21
10
1136
11
37
7369
3090
795
3
1389
1522
2
380
426
1
694
1834
25
58
154
64
230
3
21617
55
0
3684
2556
38
43
91
210
49
7
4081
25024
62
646
1061
4558
3
13431
2
871
13318
6
217
43
8620
1
13199
28
0
250
1520
1
2225
4
1873
299
2
65
2121
10
12
97
152
17
9110
1469
11
792
7
0
349
6
11895
665
20300
340
825
1
4
811
43
346
3
5900
25660
2
4217
694
7
11895
665
364
14
18201
75
43
1015
11
2111
579
2
89
8699
11
5
4662
6
48
7397
92
43
100
607
86
416
6
13492
2391
1785
3
7663
2
65
953
13
2416
39
3480
7663
25778
162
1389
9772
1147
2186
687
2556
3
5952
12
0
6122
394
3
21617
88
55
6
0
2565
1252
65
21184
783
443
31
1934
16433
332
2957
6
2556
7152
37
8779
6
1934
18
1752
2132
20
1389
9772
1147
2186
39
4662
7663
1519
11895
665
349
7
1934
6015
1834
25
58
154
64
230
3
21617
55
0
3684
2556
38
43
91
210
49
7
4081
25024
62
646
1061
4558
3
13431
65
3365
45546
28
5
765
953
20
37
1752
2132
25779
7
1934
283
39
91
7293
55
6
0
4662
9
9730
2565
329
6
1389
9772
31
0
6122
1971
1244
1
7
1934
283
1
426
1
10045
598
1
526
2
25775
33
91
4067
456
6
766
3
6343
7
25776
1
25777
1
18832
4
1934
283
3
2596
13599
2202
4
1
7
0
276
6
8620
1
1580
17930
4106
2
53
12317
21330
1239
1925
16776
51
26
15
304
6
398
223
806
7
1119
2004
506
166
26
21614
1119
2637
1575
3
7206
39
0
11364
4662
312
302
26
1398
3461
33
170
93
340
2493
1289
381
62
785
4
92
33
607
6
17748
26
1094
4662
13
3422
991
11895
665
48
872
1
45
13
623
3
1065
103
0
1742


