14895
278
100
4705
13
6867
14
318
1536
7208
58
183
4942
451
2826
5
149
4373
1169
27
12939
1060
10988
778
99
1725
334
150
13
13667
704
448
449
24
7749
57
24
7208
61
502
149
185
1560
4166
5
104
24894
61
58
183
242
17261
23
451
2826
27
187
330
358
105
1142
14
331
4238
13024
331
1348
24
7208
149
1399
218
1719
2826
61
123
502
3465
57
183
288
5901
445
27
162
14
1189
1719
24
318
516
107
104
4031
57
20347
76
24
7208
23
918
652
57
24
10834
57
3465
57
24
7208
27
24894
61
502
6586
24
1536
7208
61
330
24
7208
105
100
3068
2
1579
11704
23
1078
61
40
14
1478
1479
57
6825
1363
516
373
107
6586
64
24
7208
9292
9023
5828
451
2826
27
521
159
34
522
119
24895
1536
7208
4942
24
451
2826
456
91
10988
778
5
242
17261
23
32
57
24
9003
658
133
10988
778
451
2826
369
1533
1458
1284
24
9023
5828
2826
9
349
14
331
2167
4090
331
5
14
918
9
185
1719
104
14
5138
1890
27
119
24895
7301
9
24896
318
7208
149
1195
185
1560
34
1389
4983
27
251
1609
2
10988
778
330
262
331
816
723
2534
237
7208
61
1185
639
2295
129
99
237
7208
61
610
15670
723
13
6867
183
64
387
64
1243
343
13
14
4238
13024
610
554
23
612
1536
7208
1719
2815
27
331
119
7208
99
689
2805
9822
11856
2826
13
107
6586
64
13198
34
272
2
7764
47
13
2195
9778
61
5
149
5019
64
24897
24898
7607
27
119
1536
7208
87
709
849
361
1542
40
24894
383
183
149
373
4935
1193
10639
1363
183
105
64
183
105
2011
24
9023
5828
451
16704
27
251
8567
330
262
331
397
24
5324
4451
704
57
24
4700
451
16704
610
278
45
3068
24
6825
1363
2
1560
27
331
10988
778
330
169
9
620
1430
369
787
185
7044
1155
64
24899
5
24900
5
9925
75
12940
24
7208
1185
1193
169
9
620
1536
5574
27
119
10988
778
918
1719
2826
369
658
133
104
2424
2288
61
1537
1284
1114
2288
61
5
1508
1515
24
2345
3465
57
24
7208
13
217
445
1307
24
7208
149
5860
2237
5
17460
13
14
918
1719
4090
24
17539
7208
9344
638
45
5509
24
1719
5
24
24901
650
868
64
24
17539
5145
27
119
1719
4090
24779
149
45
24902
8023
5
183
242
2459
119
1536
7208
4942
24
10988
778
451
2826
119
8454
663
3492
14
2167
5453
1719
4090
61
502
24
7208
373
242
11977
34
119
7208
149
24903
226
1348
183
149
5860
10641
61
40
373
503
242
307
1299
1300
10988
778
2826
318
1536
5574
23
14
1189
1536
1816
61
45
185
14
24904
76
14
1536
12723
7208
9013
13
183
27
1134
4063
24
16352
131
34
7665
1533
16131
119
7208
242
24
17108
1541
4090
9284
57
17261
1299
1300
23
24
1533
1982
61
3103
1719
2826
61
502
369
1732
104
5138
5933
5
5602
1284
24
6646
1428
9764
5205
27
10988
778
4373
24
7208
14
1687
1018
1013
24905
652
24
2345
3465
57
24
24901
288
5901
133
57
24
17539
7208
9344
64
183
5145
101
24
765
57
24
1719
2826
27
816
237
288
13
2191
23
14
1189
9
562
1719
61
14
318
516
24906
76
24
7208
23
918
61
76
144
24
10356
398
57
24
7662
7004
542
1814
13
24
1536
7208
27
24894
709
849
8827
237
3396
7208
23
1579
11704
27
842
183
1308
1532
14
4623
57
622
24895
1536
5574
185
1579
1490
27
397
758
64
24907
61
24908
61
3059
24909
5
1240
1542
91
24
1565
27
119
2826
61
658
133
91
24
4090
24033
57
24
5065
1536
2439
24910
61
369
758
9
1097
34
834
358
278
11475
13
14418
24
9023
57
318
1536
7208
451
18
24
35
754
27
7939
318
1536
7208
5019
64
7607
13
24897
24898
87
226
1284
709
1536
7208
104
704
5
825
5736
405
1159
23
14
1719
61
40
24
838
8931
515
14
318
2590
24
24895
14764
9
24911
1536
7208
23
1963
16
24912
61
24913
61
516
107
104
4031
57
4238
60
23
24
20609
1263
27
119
7208
87
45
185
24894
331
6646
2580
57
12328
40
10988
778
330
5159
99
2182
27
251
8567
104
24894
330
262
331
24914
451
87
612
908
10779
5
610
288
997
5794
13
4192
57
24
452
11258
23
24
10988
778
11884
18609
24
24915
14764
24911
24916
24917
27
331
1947
334
23000
643
2065
612
8549
24918
61
610
718
1740
515
610
278
105
709
452
1185
3042
375
23
8478
13
237
5324
27
331
119
24915
4623
87
6586
5540
104
24894
5
610
2182
4935
237
3396
1536
7208
23
1078
64
398
57
612
2360
582
4623
2532
61
1204
14
1478
346
57
1536
5574
369
373
787
27
331
246
24895
7301
9
24896
318
7208
99
100
4373
1169
91
24919
246
187
242
17261
23
10988
778
1719
4090
502
87
1220
1284
622
425
246
12939
1060
1324
331
4238
13024
331
23
24
451
57
24
1536
7208
246
16359
100
7356
2
5159
40
24894
87
373
4935
10639
1363
246
24920
330
64
183
4451
5828
451
16704
1478
346
6825
825
373
107
787
40
709
1533
825
107
53
34
24
3048


