144
6298
3752
895
10098
9
17978
1538
21050
30
532
7
186
3
4060
4352
5
130
363
5
3484
2
15
4867
9
83
13
932
3
29
2431
0
130
81
215
39
21
116
37
1300
20
0
2572
5130
8877
7
8114
1
2312
1
6415
2572
18
31
3461
2
16529
209
182
19
541
540
30599
21051
1
21
1002
118
3
3498
19
540
4
7281
41
578
3
54
3610
6
833
31
2501
2
297
94
11
167
372
16
15
1538
10
1436
31
6701
4
106
23
21
532
20
8114
3476
8
372
4263
31
5
24777
53
93
51
2
52
1243
54
3610
6
833
31
2501
4
46
225
5
644
7
534
24778
16
15
179
10098
9
17978
1538
1184
41
578
3
54
3610
6
833
363
5
8114
3484
15
932
358
10
363
0
2572
5130
8877
53
528
51
1
6415
2572
18
31
3461
15
932
2011
510
7
0
390
269
6
488
918
2
15
1538
1
6
822
18382
1
5294
1
2027
7
0
4307
7
5
599
1767
1
588
5295
4
588
5598
340
19
6162
30600
3355
23
0
766
10
1039
3
59
2
8578
372
1
4524
1
78
0
186
0
932
358
10
22
3
29
510
7
0
3884
329
6
0
288
2
8114
5725
2721
59
14713
2149
4
21
13
434
3
938
644
11
64
230
20
0
222
5725
8
186
28
534
542
2
21050
116
19
540
1328
19
3345
30601
21051
4
257
6860
29264
7
3666
5794
2484
10098
9
17978
2
15
1538
1
6
822
18382
1
5294
1
2027
7
0
4307
7
5
599
1767
1
588
5295
4
588
5598
340
19
6162
30600
3355
23
0
766
10
1039
2
52
1002
3
3498
19
540
4
4060
833
15
1538
13
434
3
225
5
64
9
132
644
20
8114
3476
8
372
1
137
1
28
534
542
52
34
1216
23
5
7695
1807
7
612
82
1
346
17
42054
42055
4
2325
417
6
927
1
45
22
21
678
3
30602
10098
9
17978
1
38
219
12
42056
7
411
4
3434
1817
0
262
70
2
15
2484
2725
7
16530
3662
7
2649
4
443
5
5796
6
8357
182
42
1504
540
0
42057
42058
13668
2
21050
1892
7
200
242
12
1674
163
4940
1529
6097
7
409
2
52
10
0
6525
9
49
374
4147
2571
8536
39
371
4145
11
19
1916
3
30603
1341
7925
9119
24779
2
334
0
1300
20
2572
18
81
215
1
21
78
19
3362
12
560
14
21
34
5
8
400
166
8
4
0
8
1730
10
2090
8
2
2045
209
18
942
21050
10
531
31
5
24777
162
5
3472
6
1382
6701
1
5
2070
2826
2927
19
251
1
4
210
7
5
588
5879
90
6823
184
2
52
10
192
214
1677
7
8114
1
18437
0
5757
6
19
195
17
37
42059
6
4346
28
7978
90
2229
5
14674
10028
1224
2
2577
60
33
41
648
3038
685
12
48
1954
2
26
1847
1
896
1
532
182
19
541
540
6
30599
21051
26
52
1184
41
578
3
54
833
766
90
8114
5725
26
15584
2011
10
39
1300
81
215
20
2572
18
3484


