144
9143
26653
13933
15333
7
1134
1
4950
312
4804
8775
12
470
9
1990
23
5
536
911
6
3115
39
5
30426
2025
2
15
2399
43
4921
7
4804
8775
339
13438
7
0
403
18
10428
5579
1
173
234
0
1067
12156
6227
4
0
629
11835
916
1
6075
6227
2
15
577
727
1395
22
14
0
2399
1561
4804
8775
12
470
1
301
3
0
2697
1583
2
12850
8775
1
0
5644
451
131
1
13
56
8
20
568
1913
1757
6
0
2895
140
0
10428
5579
33
18593
17
2381
4
599
2399
2
8
57
2139
14
0
7604
21388
17
0
577
13933
18857
3497
2
15
4131
1
477
274
3115
1
13
157
23
5
7777
6
56
2933
7814
2895
43
289
3
0
250
1520
31
2237
7
15747
23
5
6278
6
6748
1
301
3
97
587
2
1134
1
4950
10
1631
9560
77
0
872
1
34967
3800
1
159
31
0
245
6
8812
204
162
0
403
18
4927
53720
1991
2
15
4281
131
53721
8812
43
204
12
437
4
414
1
53722
11037
43
204
12
377
1
56
0
13933
18857
53723
175
242
2
380
302
1
4950
3967
2338
53724
78
34967
36
273
25
10
0
148
9560
36
18
214
0
403
7
575
82
2
8
15
1718
29
40
189
1
25
18
40
8920
323
1
60
34
3
1097
63
272
5
2777
79
3
325
5
242
3
124
381
1
8
36
22
2
297
94
11
167
9873
16
13933
15333
4
0
53725
6227
33
214
555
259
1
526
28
0
10428
5579
7
1134
1
6177
96
22
3860
307
2160
53726
1
896
1
122
1
6
10392
1
34968
1
13
214
1514
19
1028
6
64
82
2304
53727
1
918
1
3
4247
59
23
7814
16462
2895
7
4804
8775
621
0
21774
22175
17
0
12156
6227
7
0
3170
7
1134
12
555
259
1
526
53728
16
29500
7306
1
870
1
6
16164
1
34968
1
4414
12
5
7814
16462
1267
455
0
21774
22175
7
1134
12
555
259
1
526
1169
9
86
9
1493
638
16
65
295
9409
182
33766
7814
15333
20
11889
455
0
21774
22175
7
1134
12
555
259
1
526
15
403
18
7814
15333
1561
4804
8775
12
555
259
1
1891
1913
1757
6
0
2895
34
2381
62
599
2399
24626
16
15
2508
2212
3
1083
374
0
12156
6227
23
0
7814
15333
2212
3
8775
20
0
10428
5579
555
259
1
526
7
1134
1
4950
8105
13
323
16
139
555
259
1
526
1818
332
0
7814
15333
7
4804
8775
339
0
1134
17386
9873
1431
16
53729
6
75
18249
0
10428
5579
7
1134
1
437
1
555
485
1
526
1
3
1659
0
18593
7814
2895
1769
1374
16
1188
18249
0
10428
5579
7
1134
1
437
1
555
485
1
526
1
3
1659
0
18593
7814
2895
16175
33
214
16012
162
0
403
18
10428
5579
329
12
437
1
555
485
1978
107
24
84
218
6982
14553
1253
53730
6
5390
1
19727
7814
16462
2895
339
0
12156
6227
20
0
10428
5579
12
555
608
1
526
7
1134
4950
34129
307
65
2868
669
295
214
9140
543
7814
16462
2895
20
0
10428
5579
12
555
608
1
526
7
1134
4950
25597
6
2541
663
16
65
211
12290
5
7814
16462
1267
8775
20
0
10428
5579
12
555
608
1
526
7
1134
4950
26
13933
15333
312
4804
8775
12
470
7
1134
1
4950
18
10428
5579
26
12850
8775
13
56
20
568
1913
1757
6
0
2895
29
2381
62
599
2399
18593
26
53731
17
577
13933
18857
3497
1
50
1130
162
302


