258
463
464
3968
13916
13917
37
715
7206
310
5542
5
13918
525
583
37
3066
13260
1348
926
3068
158
2
14
2097
13919
82
61
274
278
3138
27
119
3762
369
53
23
14
376
13917
37
5087
53
58
11472
13917
510
525
13920
9
2033
583
2
24
4014
82
104
9101
35
751
27
396
11672
23
24
1392
515
24
3066
13260
149
24
503
880
24
3607
2871
2424
4093
44
107
3074
1185
13921
61
5
3138
665
13917
149
7176
57
24
13922
27
4810
9976
262
7628
274
13923
34
13916
13917
3820
358
7176
54
715
57
24
10059
57
3031
158
13924
274
104
24
82
663
65
7186
3091
358
105
747
13
12830
13
4181
122
8518
61
5
4927
515
665
13917
174
2241
4455
14
163
171
926
149
10663
158
331
75
310
5542
331
27
119
952
288
3283
23
24
463
1840
23
5434
2104
13
13925
4325
6460
104
4761
13926
1707
27
1882
13
2617
2465
13927
61
129
4911
34
13917
484
215
149
3068
2
24
3065
61
665
13917
331
13918
54
13725
9
13260
61
502
4952
54
503
4855
13
13928
5
13929
331
27
119
5087
359
262
331
579
149
11086
57
24
13922
57
2931
818
5
149
750
926
149
13930
808
13917
23
2508
13931
9922
1185
1243
12140
27
331
13932
7658
13933
13934
663
53
14
376
3091
13917
37
715
3068
158
331
1347
3400
628
278
1610
4042
515
183
149
1169
5
44
107
2390
331
27
579
359
515
665
13917
149
5794
449
24
1827
4093
37
1096
58
215
149
4828
91
54
316
5253
27
13935
262
13917
37
4014
99
100
24
4051
57
14
7180
1411
54
1093
61
13936
61
174
61
5
715
61
11472
61
700
13937
4382
262
1819
4093
13917
61
4051
61
99
10087
13938
2
334
4743
13939
7310
13940
4856
10917
3138
515
665
13917
2831
107
2940
76
13925
4325
61
5
750
24
463
1840
926
105
7983
3068
320
1240
1129
13
151
525
583
2257
27
4338
14
13941
485
2051
1411
13917
37
715
5
54
1509
272
2
14
3240
568
61
24
1827
4093
149
3068
2
562
2002
13411
185
202
27
742
5253
105
100
7934
745
34
158
647
665
13917
3068
158
2
24
4014
82
27
396
149
147
1142
23
14
9953
2930
13010
13
486
57
54
715
27
305
237
222
61
13917
105
10087
13938
2
4743
13942
61
5
149
319
13
14
4772
320
61
575
4047
5
14
3509
34
54
1093
61
13936
61
377
215
87
4339
27
4338
13936
13917
149
417
14
2959
3023
515
3748
525
13
4699
525
571
13
320
61
215
149
319
445
562
2002
27
397
758
64
24
13938
4820
61
215
99
8885
5
13943
37
27
251
6558
6671
202
515
13917
37
4047
2831
1728
765
9
3066
24
4339
4849
3695
5
1119
158
13
13944
868
9
167
24
1106
5
12473
13178
57
54
715
61
129
4557
331
727
278
4089
185
851
680
3555
331
13936
13917
99
7593
14
642
2401
7358
515
525
1431
9
2255
37
829
13
3051
13916
2
24
13919
82
35
751
288
2958
61
13945
1341
27
13946
262
162
14
592
5016
13936
13917
4934
515
525
571
105
100
3068
2
562
2002
8496
1341
515
13936
13917
3138
13
278
310
5434
515
2057
24
5282
13947
516
5562
1361
13
13917
37
897
27
579
717
185
525
592
844
515
525
571
149
4339
23
320
27
331
13948
612
571
912
322
13
3058
9
6490
4014
149
32
57
24
13949
11835
610
2342
1541
105
13
221
61
331
926
598
27
331
1312
24
35
2978
1267
61
612
571
99
100
10881
257
5
2356
91
603
5
4014
91
54
5253
13936
5
793
61
54
688
6720
61
54
469
13950
5
2179
9
23
9
3802
291
61
5
54
11920
549
13951
13952
61
331
926
359
27
246
7393
13923
34
3022
1520
11472
13917
149
7176
3031
158
149
13297
246
8492
13936
13917
3119
642
13
3911
1400
57
13925
4325
246
13920
9
2033
2871
2424
4093
99
100
3068
2
562
2002


