1270
1233
449
6637
6199
30
482
55
5
536
827
6
337
3
4003
3171
4
78
1511
3
1347
59
99
7
0
174
11
0
703
6
502
7
5
149
18
71
2
3171
30
1552
1270
18
81
64
593
4
17
0
243
1075
42
237
4079
6
0
236
86
416
340
59
1
92
29
40
992
11
6199
3
2610
17
5
4838
34907
6
18286
1
7760
6223
1
22302
11182
4
523
3821
2
89
0
1270
814
22
16
8
1188
1608
3
29
4913
38
25
10
14
668
0
901
616
7
0
1775
370
368
81
236
4
38
25
10
38
668
7
0
1889
328
368
2
4003
3171
1
1270
1233
18
72
22373
1882
1
171
32
1123
3
326
127
502
1
1861
6637
6199
3171
13
539
3
32
1123
11
56
502
326
1270
1233
7
0
1889
328
12
426
166
6199
12
3171
18
2486
515
6
0
14200
16
8
281
41
11
377
123
11
0
229
127
502
8
8
52
53
3171
51
13
20877
168
4
60
46
177
129
21
13
20
0
872
1
4
112
41
11
377
123
11
0
229
127
502
2
8
18286
13
5
476
8
1545
45
444
148
6
81
236
1559
28
0
3828
23
3171
18
200
272
6
0
236
116
59
54
6
1270
18
148
650
335
2
6199
22
81
149
14
56
0
72
22373
130
13
1123
123
21
46
32
7
0
243
2
387
2088
125
1511
170
12
5
232
39
1270
10258
502
4
1293
7
0
837
6
178
230
17
18286
20
0
664
6
64
2189
174
4079
2
89
6199
1624
3171
18
907
4
482
5
536
827
6
337
3
59
23
19
174
5075
11
426
166
18
10620
8514
12179
229
127
439
9
7790
243
34916
2
3171
30
5
35634
3781
3374
4
30
41
545
150
0
81
708
677
2
221
33
5463
21
10
158
1407
11
0
872
56639
45
14
234
0
288
4
0
561
4832
3
1604
216
149
90
19
505
2
6199
22
81
149
14
56
0
72
22373
3171
13
1123
123
21
46
356
99
69
0
243
18286
53
93
51
30
40
2706
11
1270
17
5024
3081
53
122
51
150
29756
11
0
900
3171
26
1270
1233
18
4003
3171
30
40
11306
434
3
5
35634
3781
3374
26
970
393
13
207
3
32
9745
12
502
7
5136
1889
328
26
6637
6199
7792
0
179
1510
9248
3553
3
32
1937
1123
26
8
104
46
177
129
21
13
20
0
872
1
4
112
41
11
377
123
11
0
229
127
502
1
8
2579
6199


