258
8314
26132
34
2952
1486
1762
3089
369
1735
1222
122
13609
20933
718
4652
14
233
27
842
45658
24
45659
16025
122
9788
13
6035
64
215
99
100
901
24
1146
912
4994
1762
185
316
45660
27
119
15217
5666
129
763
23
5165
5166
718
1876
70
2769
69
890
1012
71
185
54
36620
9378
23
45661
7404
27
45662
3555
45658
24
45659
99
100
901
24
1146
912
4994
1762
185
316
45660
27
396
1410
144
45663
7404
13
37773
360
1012
185
54
918
45660
23
14
1686
57
45664
21394
69
324
71
143
215
1410
144
45663
7404
13
37773
2584
2769
69
1507
1012
71
185
54
918
45660
23
14
30928
1686
57
45664
21394
27
3116
10861
237
21737
61
45658
15757
2329
185
54
918
5
36620
9378
8651
27
742
1264
9
2058
6626
369
24
55
13
107
3283
2
24
2107
12277
2118
12278
6248
407
23
891
27
3116
1481
24
582
2960
215
105
13
1306
365
8053
23
101
890
7404
61
502
215
1789
185
54
55
1761
27
3627
6841
76
237
26174
61
24
1762
87
663
644
13
11383
680
61
9777
61
2115
14
45665
5
1347
37317
54
2534
40636
27
18903
13
3347
262
45658
15757
2329
185
54
918
5
36620
9378
8651
69
324
700
71
5
718
663
4239
69
174
71
61
11383
680
61
9777
61
2115
14
45665
5
1347
37317
54
2534
40636
34
34243
128
27569
3555
119
15217
13609
2
5165
5166
718
1876
890
1012
185
54
36620
9378
23
45661
7404
69
324
71
162
24
139
506
61
45658
99
1510
334
3207
30140
61
76
45666
57
128
185
592
61
5592
61
1002
5
7812
5
99
1347
3423
23
14
32301
18573
4162
522
64
758
64
23
3484
13035
27
12277
2118
12278
10759
9
23
9
1702
61
1041
45667
61
330
262
1687
1307
45658
55
2287
89
612
11485
61
610
288
244
1347
4149
215
149
1189
27
1687
396
1577
1030
14
2797
61
1483
31728
7132
27
396
2290
107
2575
40
215
37
2168
14
80
13038
61
5
54
14100
57
3402
847
244
107
35234
27
1687
396
1219
25060
54
513
23
24
582
12277
2118
12278
767
61
502
87
3924
796
237
506
652
183
10677
612
17944
5223
27
1687
45658
87
144
32
57
24
3096
1225
582
1264
21105
23
24
767
61
5
24
55
57
3096
796
37870
610
706
107
45668
119
767
825
2457
41869
9427
9677
515
14632
24
18951
13
1415
1264
9
42060
13
562
23
45669
187
825
738
185
1560
185
891
2978
34
1389
1011
27
45658
37
3089
278
1414
13
5449
10701
61
818
358
1018
1013
2554
311
868
2
122
15932
1762
27
5468
14820
3555
742
1264
9
2058
22787
87
24
55
13
107
3283
2
24
2107
12277
2118
12278
6248
407
23
891
27
396
87
1253
1867
69
174
71
5
76
54
11432
69
700
71
246
45658
24
45659
87
334
3207
1351
5
763
23
5165
5166
246
119
15217
13609
718
1876
70
896
69
890
1012
71
185
54
36620
9378
23
45661
7404
5
2584
896
69
1507
1012
71
185
54
918
45660
23
45663
7404
246
742
1264
9
2058
22787
87
24
55
13
107
3283
2
24
12277
2118
12278
6248
5392
246
33636
718
663
11383
680
61
9777
61
45665
5
37317
54
2534
40636


