144
1883
2502
293
16
21771
138
1
598
484
190
291
287
16
21771
138
1
598
484
190
5523
64
5073
6
126
576
7
665
33
4255
14726
1
301
3
4983
111
1146
1339
2
1217
1280
134
153
6
67
85
5
341
164
1652
8600
31
0
349
18
1864
1917
43
3905
7
0
8
1660
2886
2
8
15
2001
998
1517
665
17
5
8
6037
433
1377
8
0
1917
18
251
1
1786
27180
30
763
2
55350
16
7344
85
5
439
6
126
7
665
29
40
4270
23
8
4255
1123
8
7
1594
4215
31
0
349
18
1864
1917
53
1630
604
51
15
1594
553
13510
341
1745
1
4554
4
6588
9
5519
613
28
357
0
349
2
139
13
0
200
70
7
5
1263
14
2871
7
665
29
489
1245
2486
1339
7
0
1594
2
11791
1080
7
0
349
34
845
40
115
3
32
4194
2
8
249
60
73
448
3070
85
54
55
6
105
6
136
1242
4255
1123
1
60
183
60
29
5
6037
270
433
1377
12
136
844
1
8
68
27180
1
78
0
1389
1522
1143
2
26088
16
139
13
0
200
70
831
14
8989
2871
29
668
5858
11
2486
2
139
2324
82
6
6814
6862
53
1630
604
51
68
27180
763
14
42
13
5
8
128
536
3718
197
1702
2486
4
6645
9181
2
8
52
22
665
47
126
171
32
289
8
67
4150
11
2129
1
455
17
419
1220
3
1660
5298
4
2493
1
2541
381
1
8
301
3
0
1143
2
15
349
18
1864
1917
13
450
3
3568
1660
2879
11
3573
18
7
8989
7
979
2
26
8470
163
79
1280
134
153
6
349
18
613
33
4255
1123
26
2516
1917
131
1339
1517
8
6037
1377
8
26
3101
70
7
5
1263
8989
2871
29
668
5858
11
2486


