258
1111
2251
261
262
41402
264
61
1114
3192
1268
268
269
262
33771
264
61
1114
3192
1268
18738
262
32570
46454
129
8225
525
791
583
259
2251
23
21863
119
6989
9
583
57
14
1330
7731
3829
99
734
5
45
8523
13
54
485
34
2584
494
647
54
10073
61
183
99
100
3283
27
2036
46639
46640
46641
32570
46454
10070
2
259
2251
23
21863
5
215
10420
704
2489
76
54
2534
485
27
665
46454
9
129
46642
2
589
46454
9
2251
33
13
525
20126
3584
14
754
495
9
149
477
13
808
2251
34
190
494
484
358
10070
27
742
485
369
3009
13
444
33
23
4919
76
122
402
769
4635
818
515
215
718
2934
54
469
37
10925
1462
632
27
665
46454
87
24
1093
57
791
46639
46643
3954
46644
46454
5
1903
64
14
46641
2
21863
40
4644
2
10023
104
24
35
6330
23
555
27
808
2251
149
3793
47
23
527
941
40
4534
18
13
5790
13
107
76
665
46454
23
8907
64
926
1642
13
4180
23
525
571
37
13779
5
738
89
10023
27
119
1047
2011
23
3424
61
40
122
568
5145
159
5
358
288
10070
27
119
35
227
808
2251
37
485
23
327
2325
13
158
61
215
149
1950
23
24
8636
4813
104
24
12277
2864
23
7817
61
24
7731
3906
1341
27
1447
149
709
3125
515
11
13
158
2189
6849
9
5
54
485
1018
244
639
1607
215
99
244
8523
13
542
27
691
278
604
1341
158
500
652
358
1014
215
1099
278
1975
13
56
14
582
562
5
164
704
2489
58
54
10066
27
742
469
804
259
2251
1077
970
5
54
10925
1410
513
1462
632
27
396
663
99
2276
469
289
6354
5
14
2179
289
15192
27
119
500
111
37
18283
2153
2251
61
5555
61
750
24
7731
3906
262
331
4885
23
24
485
109
23
24
1428
99
944
2
158
647
21863
27
331
187
2290
107
515
215
1308
244
1028
13
107
23
4919
1185
515
1465
99
640
13
158
27
331
816
610
718
532
259
61
183
516
107
2508
13
850
158
156
5
1119
158
13
377
20647
13
54
469
27
331
119
10925
87
3477
23
513
23
808
2251
37
4448
527
941
104
26334
18660
23
6756
185
1072
4884
27
665
46454
99
45
7976
185
525
6989
9
583
27
1605
4068
262
32570
46454
76
525
3815
2930
23378
4501
6607
39949
23
4399
27
119
1047
369
373
609
246
2036
46639
46640
46641
32570
46454
8225
259
2251
23
21863
246
691
1018
244
639
1720
215
87
2257
1185
982
40
840
215
825
6849
542
246
808
2251
37
469
804
259
99
1077
5
54
10925
87
1462
632
246
396
149
477
13
665
46454
34
190
494


