251
1785
57
14
2331
924
87
361
7920
58
215
7983
2339
24
2271
57
14
3246
37
1536
76
14
434
2417
18
14
3125
449
4539
3060
525
27
119
1565
515
3890
24
333
924
23
23628
61
438
16468
23
14841
61
330
183
149
331
3316
331
24
1785
105
4942
13
9701
122
331
2639
9
23629
1708
23
1834
76
14
3042
8555
27
331
12868
9361
61
5791
61
330
926
149
2358
5
1089
1348
24
1785
21298
24
434
2417
57
2721
5
1129
183
13
13293
24
2271
57
24
1536
655
926
61
525
1093
5
2688
7427
810
27
12868
9361
1400
14
2331
924
1785
2339
525
2271
76
14
434
2417
23
3125
18
1292
119
315
510
513
64
24
15273
9
2033
2182
445
104
14
20238
2331
924
818
926
44
4350
47
76
2331
484
3477
525
2688
13
276
27
579
330
262
331
628
105
707
1093
5
316
2688
23
24
1536
5
628
2422
628
105
1389
1011
13
444
2331
61
64
758
64
14116
5
1499
2
24
4366
27
331
1031
37
1607
628
2193
628
516
444
1389
890
33
64
628
4995
183
147
185
27
331
628
330
331
19739
723
278
503
417
846
1292
34
1389
890
61
628
65
723
1389
1011
61
331
40
215
149
244
722
1193
57
183
27
331
628
1414
1222
215
44
418
24
18380
23630
1185
24
2055
652
628
149
4149
57
24
3225
628
65
158
61
40
215
747
27
331
119
2271
149
174
10492
2339
58
24
315
5
642
369
2335
589
9361
37
1400
589
9361
1400
24
315
510
513
185
24
2331
924
23631
23
23628
61
438
16468
589
9361
330
926
935
289
24
642
13
2401
24
315
61
129
750
525
183
149
14
5832
710
5
926
2831
4081
13
2998
3908
27
579
359
262
331
628
149
244
108
76
515
27
331
628
4886
628
935
5368
24
4918
652
628
149
244
108
5
510
14
718
57
4965
2
24
16956
5
285
5
7427
23
707
1536
641
24
642
2084
27
119
1785
7983
1805
24
1536
76
24
2417
331
251
4539
655
147
24
1785
650
18
61
21298
14
434
2417
515
149
1751
57
2721
922
61
5
2339
707
2271
27
331
628
149
2358
5
1089
104
496
105
640
5
847
244
3234
13
444
183
13433
27
331
14841
1707
731
24
315
5
383
358
369
2335
14
501
57
2958
1187
27
119
765
330
709
9
32
99
100
6555
27
119
20238
2331
924
87
1876
91
3952
23632
7720
27
1543
23633
61
1060
1565
6209
57
23632
61
330
262
331
23634
57
612
18380
2960
8931
24
3042
638
221
14
1389
1011
3212
2078
5
183
4123
625
24
23635
1770
183
182
12872
27
331
408
728
7444
612
2534
643
89
24
710
40
652
237
87
373
23
1579
1920
5851
610
369
45
3539
13
7780
24
952
104
237
227
27
331
13536
61
1893
3858
24
4121
2
612
18380
2960
61
610
825
107
4917
24
3042
13
23636
13
525
24
1389
890
57
5185
1292
515
926
87
343
2
525
23637
27
331
408
728
3316
24
1785
57
24
333
924
4942
13
1350
612
1398
57
23638
14
2639
9
23629
1708
1348
1834
76
14
3042
8555
27
331
569
237
2745
57
3873
87
1151
183
1308
9715
2191
23
704
7720
14644
27
331
162
24
1296
836
32
57
612
1864
9712
358
278
45
100
417
24
8510
1479
57
1292
61
612
1398
87
13
1812
13
1505
24
3042
37
4814
23435
61
182
5
6497
104
24
222
57
1560
27
331
246
12868
9361
2182
34
2331
104
333
924
23
23628
23
14841
246
842
3246
1400
926
149
23639
91
1389
890
5
8211
246
23640
924
1785
18551
5
24
1047
9991
18
525
3820
246
589
9361
289
642
61
510
718
57
4965
2
16956
5
285
13
193
23
525
1536
246
579
1400
1785
21298
2721
2417
5
2339
525
2271
246
23632
7720
330
183
149
331
3316
331
1785
149
45
2639
9
23629


