144
7473
27445
293
16
29246
138
1
870
484
190
291
287
16
29247
138
1
870
484
190
14664
16
20223
1832
2000
1253
563
1467
771
38
7482
0
2757
6
5
39279
814
17
5
1175
2009
20
5
14615
9900
12224
30
40
856
11
142
2
2000
1253
1
896
1
1156
4343
1859
7
376
6
4387
17972
39
0
7083
9
83
116
8
125
29248
8963
3176
8
63
5
290
2
15
770
10
9927
31
1132
391
5872
23870
1
113
68
1859
10
37
1074
2
15
3465
1
50
10
780
12
1855
1
7475
19
29249
16162
4
19999
17826
4
601
1825
777
983
2
29250
5331
469
3
1800
0
669
244
6
64
31
319
23871
3
6357
0
5380
1
45
21
239
146
230
192
2
1253
1243
466
4
366
21
34
118
13458
55
17
0
2009
114
21
2888
68
1859
10
159
3
343
59
2
89
21
10
1025
39
5
64
9
149
644
20
0
1355
3318
4
856
11
142
1
17
5
2494
6
591
82
2
68
1859
18
6745
2924
10
7
186
1391
0
644
4
16163
4
11632
464
6
27
117
23
0
3550
10
2719
2
1485
636
29251
78
1253
16
8
308
175
5
142
11
100
419
1164
85
14
212
583
206
29
1922
66
20
5
9560
1344
4
116
125
29248
8963
3176
3
5
290
38
10
1359
3
66
2
8
308
2416
31
212
1794
86
194
14
10
205
7
14
117
2
8
297
94
11
167
1978
25
510
16
2000
1253
53
7
599
51
73
32
214
39280
49
3
4711
9167
20
0
1344
2
15
583
73
32
214
1272
5
3941
2009
4
1359
12
19
1132
391
23872
16
2000
1253
13353
29252
49
3
4711
9167
1
1433
122
7
376
6
59
42
902
472
4895
39281
16
2000
1253
3144
99
28
4711
9167
4
2096
3
23873
19
391
9509
103
16
2000
1253
3144
99
4
29252
49
3
4711
9167
1
38
73
32
214
1272
0
3941
2009
7
19
93
619
8111
638
16
2000
1253
73
32
214
23874
4711
9167
18
3941
2009
1
50
21
2828
69
19
1897
1578
192
1253
1
28
2432
1
881
19
343
1780
39
6914
119
29253
11
837
20
0
770
18
456
1344
39
14615
9900
34
1892
27
1124
2
15
1693
34
40
1359
3
5
290
4
348
68
1859
11
125
837
2
52
2605
16
8
96
254
74
188
3
32
1359
3
66
2
96
981
194
699
32
1359
3
121
1
58
74
66
1
361
218
8
334
3799
4
17973
197
0
266
1
1253
2755
0
1446
130
18
2009
6
3941
90
12970
25
20
19
1897
2
101
5
565
3
0
186
1
271
1859
1
761
126
33
808
178
4
398
1
5198
1253
2391
1
324
16
8
308
175
37
2090
130
184
28
282
86
6000
4
100
54
46
3172
14
2
24
444
146
230
1559
95
315
1530
2
8
24
10
17
59
56
19
265
574
1211
4
21
175
19
81
4599
2
24
46
202
3172
14
2
8
1253
1
38
34
100
1033
4061
62
3772
1
13
5
10920
422
3008
38
614
20
5
1422
1725
2
1485
29251
22
6
0
2009
16
8
57
10
5
4447
1998
2
52
10
5
4674
130
2
8
52
176
1253
34
617
385
8
50
10
3431
55
6
1452
8
2
6842
16
4711
9167
10
2153
39
0
14615
9900
12224
17974
1253
21
176
16
8
308
107
41
4086
7201
0
2009
66
157
2
24
322
5247
66
107
41
6936
3
922
68
9167
4
66
43
1006
23875
2
8
271
1859
30
309
5
618
1
909
39282
1
3
1275
1906
4221
28
632
9
166
403
528
2511
7
0
2115
6
27
315
47
193
2
65
5251
207
49
7
27
540
3570
0
1795
8036
2857
3
4389
5
1776
7
3075
79
230
90
39283
644
467
2
96
4
27
64
126
1
808
178
4
398
1
33
170
91
1015
11
737
9
6591
4092
696
12
31
0
193
4
36
30
40
1129
3
505
3
147
2
35
15
126
33
10632
6
121
159
99
114
17975
219
3
147
4
202
224
29254
36
176
2
68
1859
34
2977
28
19
102
7
3521
1
3375
1
3
2047
5
423
3593
31
19
6399
23870
12
555
463
2
52
10
434
3
764
0
166
20
0
1137
8745
6710
10825
7
6466
4
301
3
3628
21
10
35
1274
7
742
6
39284
158
609
21
34
40
1289
2
1253
10
346
20
0
2432
9
428
29255
17441
1422
1725
1
113
21
13346
0
2098
6
3727
1
6053
1729
4
391
3336
2
16028
16
4711
9167
1881
374
227
2924
53
137
12
42
897
132
51
4
42
64
126
808
178
4
398
16028
983
16
4711
9167
18
227
2924
5198
19
1693
2391
1
324
8
308
175
37
2090
130
184
28
282
8
14325
278
16
4711
9167
137
17
19
227
2924
1
1743
21
10
17
11
414
82
52
2977
94
3
160
17
19
566
3230
1
835
1
28
0
102
44
1305
7
0
403
17
19
145
39285
1
37
798
1941
1
4
216
1676
566
2
3230
34
413
2993
3
0
423
7
5
3060
1203
3593
31
0
5540
839
4
3578
10920
422
3008
1253
4
108
280
455
2
15
304
3422
3
0
12224
39
6158
69
0
8039
6720
1928
7
1432
1
1647
160
2
3702
161
0
2009
10
1175
90
25
312
68
1859
47
1897
1
686
12
5
3215
938
1137
2
35
6704
62
41
0
2009
10
1175
4086
92
13
100
1332
21
2801
3
8420
0
2009
69
0
1897
6
0
130
38
17976
11633
22
68
11488
2
35
15
1593
6
19
1794
43
4444
3
80
2
15
19738
6
0
29249
16162
3691
7
3378
4
39286
39287
39288
2609
12473
1
54
6
6429
1996
1
562
0
2685
6
0
2009
1872
23
35
109
5
2038
1906
91
39289
35
24
408
5
1825
13396
7
0
583
47
1897
17
777
10686
55
6
6458
21
22
2
35
24
210
95
619
12
25
1
1547
906
1
45
100
978
110
60
107
25
107
141
429
86
24
2619
95
5960
7
0
1587
7
19
1897
4
14
47
110
15963
4837
1847
6
0
163
16
8516
14615
9900
9
137
23
36
2794
0
533
9
2546
11
1996
20
0
770
8128
16
2924
9167
1
6745
6
4711
9167
1
20
0
1355
3318
68
12473
10
192
5728
31
0
891
4
2510
5
72
4516
5001
11
19
1794
2
1094
39290
1
975
29256
1
123
348
0
1344
481
11
125
23871
2
52
22
16
35
24
11634
87
1469
31
12067
2038
140
0
583
47
1897
3
6357
0
4152
6
39291
68
29256
34
421
5685
1253
3
0
640
2327
39
0
343
12
68
1859
2
35
52
10
2447
991
121
1
21
34
5
1046
233
6
5326
12
19
23876
21
22
2
35
24
10
7
100
1685
0
2407
4120
184
34
2431
0
2407
38
10
5380
2
35
24
2755
0
1400
4
213
59
3
0
640
2
15
29257
2453
121
4
24
1159
0
2407
24
10
1272
34
79
20400
0
108
39292
1094
28668
38
3624
0
343
10
4478
1214
1
5
4688
11
0
1583
1755
1
38
22
36
10
1136
11
27
427
3
3586
27
4583
56
36
306
5
2009
7201
2
1253
10
477
31
481
20
0
548
4
78
0
251
6
606
16
35
24
2080
24
34
141
617
14
2
57
10
5
3710
2358
2
3778
107
24
84
29258
19733
16
4711
1859
1
2473
1
13
3340
69
37
2683
363
0
29259
3484
39
91
1898
20
5
2507
9
3349
423
477
31
2799
839
23877
13459
1911
16
14615
9900
4
39293
1903
20401
0
4300
20
0
423
90
0
1282
39
0
163
1182
7094
530
1
21
366
21
34
13246
35
23878
14468
114
21
273
68
1859
10
159
3
312
59
2
52
22
0
1446
130
34
29260
127
59
39
11635
4696
17
552
12
0
391
129
44
43
159
3
35
84
0
29261
2
1253
1
38
30
100
1033
3772
4
34
202
40
432
1
22
21
10
35
14665
6
2544
91
39294
56
21
116
0
10469
1101
3
23873
68
1859
47
391
28
39295
21
9000
20
121
4
5382
78
121
24
10
7
39296
21
176
2
35
57
10
385
455
0
1718
6
1
1166
308
929
39297
8
2
35
249
24
408
0
2009
7
19
619
24
10000
2
35
24
175
0
2009
103
59
2
24
13246
23878
55
4
13247
8045
52
1155
21
34
41
1175
0
2009
14554
4
1273
25
392
29
1519
385
1162
90
25
3869
17
68
1859
2
3323
112
21
34
2457
3
10247
68
1859
1
21
2605
16
35
13976
41
2
24
10
6049
2
24
10
2525
2
35
24
107
141
6936
3
1797
59
4
24
76
177
21
10
2280
2
24
10
228
1
228
2365
17
1308
9
4
29
40
4
46
32
2
35
24
107
141
188
14
3
29262
39298
16
4217
825
4952
0
1004
363
0
770
14
34
40
2457
3
3568
23870
18
6271
11636
451
6379
476
16
4579
101
435
393
10785
2300
4
11624
18
12183
2312
43
543
0
17977
20
0
166
29263
0
811
16
12344
173
15
2007
5776
3433
2312
393
2374
23879
1
93
1
4
179
10098
9
17978
848
29264
498
42
985
3
106
23
44
93
0
23877
423
12917
16
29265
438
393
5129
16164
4
1538
29266
39299
61
1327
0
393
9
9543
22681
26
2000
1253
1
896
1
28
2432
1
10
856
11
20
568
591
82
209
20
0
1355
3318
26
5304
4013
11488
22
16
8
57
80
510
128
923
1
2505
54
200
9
54
200
3
154
5
142
2
8
26
8102
332
0
638
1253
9579
0
3941
2009
21
1828
3
10613
0
2757
6
4711
9167
1
2473
26
9717
9161
79
39
6914
119
29253
11
837
20
0
456
1344
20
0
29259
3484
7
160
39
14615
9900
34
1892
27
1124
26
29250
5331
469
3
1800
4711
9167
31
319
23871
3
6357
0
5380


