258
9330
9331
261
262
44332
264
61
2010
266
1268
268
269
262
46381
264
61
2010
266
1268
957
958
24
5355
1348
334
331
46382
688
331
7983
978
13
6457
54
448
34
14
1389
46383
18578
91
1914
542
89
14
10422
61
14
2959
944
902
27
2153
46384
61
3837
61
87
6903
57
5013
24
331
1757
331
91
1914
89
14
2425
10422
76
54
571
7714
46384
61
9192
61
2255
26339
61
2744
61
5
18283
487
61
2154
61
704
1260
24
23158
1536
27
119
571
9
57
9
166
2
46385
61
2916
6624
61
129
105
334
331
46386
46387
331
34
54
448
331
3225
61
149
24
11174
46388
57
122
1389
46383
1535
5
2516
13
444
24
1842
23
122
825
27
331
46389
46387
331
262
3702
5
26339
46384
288
100
1142
982
23
496
149
104
55
14
344
596
9
8955
27
777
688
61
2153
61
3837
61
700
61
87
185
801
18
122
12629
119
2959
944
3702
46384
61
9192
61
344
515
14
505
1536
1719
89
14
10422
149
334
1761
91
54
688
13
6457
158
5
54
715
26339
61
2744
4404
262
119
540
37
8967
288
743
58
14
2897
11258
24
7480
5
642
5145
89
122
1563
23
2425
46384
147
2469
24
2637
58
54
448
7639
24
4927
10422
596
6474
818
215
147
1841
24
1058
9
3319
61
2425
3222
943
944
27
119
5829
61
995
5
46390
540
288
1142
12241
104
1015
4623
76
14
42609
9
445
10399
104
24
485
37
23600
82
23
23181
61
11254
2425
185
1078
916
35
506
27
7637
454
505
185
563
1011
61
46384
53
24
55
224
1761
13
444
54
680
185
122
3225
91
7983
5013
24
10422
1719
27
396
750
642
147
14
21922
23
24
437
1099
278
1515
158
13
23591
445
24
437
5
89
24
1229
27
46384
4872
14
23158
5
4633
2
54
82
23
24
5748
326
185
24
10478
57
3477
54
448
5
18283
61
129
99
4033
18830
61
133
34
14
42583
2286
37
7314
3600
27
15659
4476
750
24
2959
926
149
1914
1817
45703
6036
23
46391
61
527
2425
61
1145
4884
5977
185
14
2350
61
6481
40
16732
2356
1348
926
389
14345
57
14
1536
361
5008
1006
2467
1795
525
331
704
57
14
994
27
331
4810
3071
262
26339
46384
149
174
14903
58
24
1719
61
5
149
4410
13
14
1317
320
46392
262
119
540
3279
430
755
23
563
58
122
1536
939
89
46393
45703
8255
607
262
119
540
105
365
4508
450
452
5
769
122
1093
166
494
495
331
305
24
227
628
648
183
2290
107
46394
9
144
24
1890
61
331
926
750
24
2959
27
331
119
10123
1150
57
285
445
13
707
174
5
628
1850
24
83
57
24
1576
61
935
183
8158
13
738
47
5
183
285
89
24
10422
27
331
1420
4476
31
47
5
289
411
412
484
3431
133
57
525
1536
27
331
628
1850
405
308
6266
185
24
10422
1806
27
1447
149
24
1536
5
935
628
1850
1214
7427
185
908
57
24
1536
27
396
3469
13
107
6764
10641
104
24
1536
61
10491
61
331
10953
846
3555
3933
442
846
3555
331
331
251
853
2549
58
628
2168
133
57
707
1536
646
3469
13
107
334
508
2910
444
133
57
24
10422
27
331
804
12220
8721
61
10955
61
1414
24
1844
262
331
7424
723
850
1407
133
57
24
6056
123
24
227
723
288
23
24
23135
5
36181
1508
815
778
331
331
951
61
331
1420
4476
10479
27
331
7939
21922
1185
37502
23
24
437
104
24
227
778
331
331
951
61
331
926
156
10479
27
22886
7142
1910
23
24
2306
5681
19853
24
10422
5
2
54
14010
44
850
24
23158
37
10123
185
101
24
1229
27
808
7142
750
24
8672
215
25202
13
24
348
5
1850
46384
23
24
1229
3108
13
217
24
12570
57
24
1536
27
119
6576
935
4412
47
185
908
57
24
1576
13
9956
33
75
24
12570
76
54
21247
27
8194
262
9618
330
24
348
105
100
53
13
2391
1030
14
596
9
8955
331
305
237
222
628
105
13
4376
34
158
13
444
445
24
1536
61
64
183
149
2540
183
17685
61
331
808
7142
330
27
331
628
14072
183
5
215
2168
445
24
1536
27
331
487
46384
105
2168
133
57
24
1536
218
24
918
2315
3036
5
2950
24
420
10422
83
61
808
46384
3355
105
1789
13
444
133
57
32
33
3036
76
24
442
57
54
688
61
40
26339
46384
149
373
23
24
1536
27
331
119
5784
2315
44
45
444
133
57
24
12570
27
579
149
244
3031
61
1461
1294
373
5
4411
646
641
24
1536
2075
497
5896
13608
61
331
808
7142
330
27
251
29017
2057
331
80
46395
331
61
24
2959
944
61
91
5994
89
24
11761
2715
57
24
46393
45703
5
22929
76
334
15497
13
217
24
33
3036
57
24
1576
27
331
396
149
586
61
331
628
278
525
620
3555
331
218
24
33
3036
27
364
622
37806
105
13
738
23
13
9283
27
331
119
1536
149
13608
34
32
1185
316
146
40
2075
926
149
31
133
57
24
1536
27
331
12647
331
133
57
46396
331
215
3881
24
348
34
4121
57
14
21922
40
1142
2185
27
46384
8479
316
6987
57
596
5
316
6987
57
2285
596
27
119
801
149
25003
641
3354
27
1102
610
369
1103
13
1104
1105
34
1106
1107
27
246
2153
46384
6903
57
331
46386
46387
331
34
54
448
331
3225
246
396
105
100
10692
14
2637
34
3108
13
1714
448
2
1719
246
1331
61
23
1078
35
506
61
24
540
288
12310
159
76
14
10399
246
3702
5
26339
46384
61
57
11254
2425
61
4508
2390
947
246
943
37565
46384
331
3138
515
1463
149
3108
13
1481
158
47
331


