258
481
1369
261
262
41245
264
61
4504
534
558
268
269
262
41246
264
61
4504
534
558
8339
262
4415
41247
61
4983
61
324
76
791
695
41248
28356
61
99
100
8011
23
2946
5
87
6903
57
190
318
3219
10437
119
7901
57
908
1611
2302
4211
41249
149
902
8011
23
2946
34
2276
493
3133
58
361
6903
57
8659
13
7466
14
318
27
41250
4415
41247
61
4983
61
129
149
14
791
4501
57
20340
41248
28356
61
87
2940
76
190
318
3219
10437
27
119
594
4238
87
30006
76
14
893
4381
61
507
61
13
7466
14
730
101
24
636
57
145
27
119
7901
5
316
2282
369
663
6903
57
8697
13
8831
23
3743
4184
76
14
627
101
145
27
41247
61
57
41251
61
1747
5713
61
149
321
2940
76
166
3833
1517
57
7997
61
2540
5
1291
57
13128
3224
57
272
27
396
87
663
6903
57
7997
57
331
1401
20604
331
9
405
1870
2609
27
993
166
3469
4205
522
5009
104
3150
3222
943
237
296
5
503
2325
13
1740
122
5251
104
24
29331
956
61
14
41252
23
24
1106
2532
61
502
13113
1511
1284
890
146
27
119
2302
3022
15385
11000
41248
28356
34
1511
1284
14
506
23
7066
61
637
24
1047
369
648
13
278
4411
486
5
288
324
609
23
2336
27
41247
61
960
23
14
2060
10186
61
2060
654
5
2137
61
2325
503
13
1740
54
3584
902
27
2692
372
537
185
2
24
1857
17811
149
24
15942
912
2255
20664
27
41247
1949
739
23
38183
7007
23
41253
61
1747
5713
61
58
361
8011
185
534
1526
27
1178
3359
13
14
6558
23
3150
3222
943
34
7988
149
25003
34
2276
956
13
1550
54
11571
185
24
1517
185
563
2978
27
119
316
2282
9
32
1519
1011
2
16466
5
24
622
507
2
39221
9
288
663
8011
23
2946
185
2381
8697
1517
1870
272
27
1178
505
2959
944
2424
3224
57
272
5
318
4325
288
361
7920
23
24
41254
2325
57
122
1025
58
215
149
2940
27
251
376
330
262
331
408
532
13775
23
14
1779
57
1025
27
331
408
369
4033
449
24
952
57
24
643
1817
76
723
27
331
187
87
14
1098
227
34
703
5
612
775
61
5
610
1028
13
4457
612
128
34
122
2002
64
610
9502
7909
27
331
2036
540
262
4415
41247
324
76
41248
28356
23
2336
27
119
1047
15385
34
1511
1284
14
506
23
7066
618
1679
262
41247
1756
76
41249
61
552
3697
2581
2226
676
6688
27
119
4211
99
6586
1145
16384
5720
8712
9409
262
41247
149
32
57
166
308
2940
91
642
27
364
2282
61
1519
1011
5
507
61
288
663
2940
76
331
2381
10437
331
9409
41247
99
2045
14
3760
57
8363
34839
27
396
15385
3484
11000
28356
34
837
14
506
23
7066
5
23
1073
215
149
34043
2275
13
5285
41255
41256
27
41257
41247
21072
41249
23
21863
76
486
2
24
1478
791
7295
2321
57
41251
27
691
2859
2505
15149
1145
1747
5713
5
288
2075
4494
61
4181
2550
414
41258
4488
20979
41259
23
1897
27
41250
262
41247
324
76
54
41249
41260
9
129
278
53
14
376
586
358
369
2050
218
331
1098
607
331
119
4211
288
104
24
30194
57
24
965
331
35624
41261
331
1274
5
3102
4606
57
3899
128
27
41262
3693
119
34550
41263
57
25566
6599
41264
9754
4935
1533
1284
4650
13013
27
119
4211
1770
13
221
175
499
5210
104
1428
4162
41265
5
185
3484
1046
5
484
402
358
288
4935
133
1581
41266
27
162
4399
358
407
169
3693
3985
10139
502
285
3618
23
3699
9
76
1533
1284
12044
13013
4936
27
119
4211
9237
185
14
1146
8419
484
1239
41267
14524
502
149
407
23
10645
27
22671
414
41268
2168
13
533
23
24
1428
9614
9
122
6206
512
3368
76
2226
14250
6688
27
1102
610
369
1103
13
1104
1105
34
1106
1107
27
246
41250
61
4983
61
87
663
2940
76
8697
13
8831
23
3743
4184
76
627
101
145
246
41247
2881
190
318
3219
1517
23
2488
61
349
7997
5
1291
57
13128
3224
5
7997
57
1401
20604
246
9409
3469
4205
522
5009
902
76
316
2282
5860
331
2381
10437
331
246
396
15385
41248
28356
5
149
2275
13
7316
76
41255
41256


