258
6889
24758
261
262
35820
264
61
1526
1372
1268
268
269
262
35821
264
61
1011
1372
1268
251
7716
1071
3034
99
4872
1140
9918
5
3879
14
8222
18707
13
2648
14
223
91
24
30484
1611
23248
4226
35822
27
119
2912
18707
285
47
4386
18
14
4515
23
24
26722
11202
575
35822
12794
9
16212
316
20929
18110
18
14
331
2262
331
21072
91
14
20030
3036
33834
5
14
35823
1496
4722
1339
542
27
119
1140
3774
288
319
58
14
24075
35824
12794
9
16212
18
24
223
5
149
11359
13
24
1675
91
24
1651
27
35825
262
119
3089
57
24
1071
278
3879
10147
5
14
20135
9
1116
13
2648
24
35822
35826
185
122
4515
19781
4615
262
119
3089
369
23356
405
1651
1123
34
24
35827
129
278
6247
922
24
527
26722
1071
13
1772
24
35822
2418
6386
35828
1187
1123
61
10663
24
17233
2060
35829
76
35830
7157
27
28373
35831
61
552
485
988
24
1071
61
1346
23
1605
1606
17304
515
525
571
1391
525
14
3210
185
2272
296
586
61
331
35822
16212
612
1071
35
2356
5
14
80
1651
87
22161
27
2186
2831
610
1018
778
331
187
37
45
14
5218
13
107
319
2835
27
35822
35832
1532
34
11499
57
2947
16
5720
5
8148
9
11105
6546
54
223
76
26443
35833
27
4816
334
2277
58
24
223
149
35834
61
24
35824
35835
183
5
486
5
8324
4705
24
485
13
1550
3774
13
2648
24
223
27
35831
1520
515
926
5
525
485
13595
515
358
105
34813
1510
4723
34
14
2418
57
1857
8148
27
35836
262
119
2418
99
1872
1873
57
308
647
183
3469
2272
296
2520
8974
262
11940
16670
9918
24
223
91
1611
23248
4226
35822
902
23
24
7716
5757
57
1605
1606
35837
262
119
223
149
47
34
1511
1284
334
2277
484
14
35824
61
719
109
23
14
24441
35838
61
12794
16212
18
183
27
364
20391
978
13
1728
24
35839
4280
1038
262
119
223
4183
14
21922
3036
35840
185
24
83
57
14
1071
23
35841
61
7716
61
13
1650
23
34
14
2262
35842
262
119
1071
5678
87
719
109
2397
24
35824
13
24
1675
27
396
289
642
61
40
24
4987
23248
4226
430
258
545
2272
296
61
4006
105
4722
5
1533
1284
5415
308
105
6247
13
1772
24
35826
27
119
485
4872
14
1140
8974
13
1650
2995
18
24
12773
61
5
1793
1533
13
2244
24
2356
3289
27
1707
5
125
35843
288
244
1919
23
759
24
485
2648
122
582
35844
61
818
358
510
16705
89
122
2534
680
27
331
408
373
278
1013
1469
1299
1300
2114
496
13
1018
61
331
35831
750
24
1605
1606
3801
27
331
842
610
1018
278
24
35845
9
5
369
3108
9
13
5461
183
34
24
1857
818
183
718
107
10149
5
2045
61
5
45
5874
23
1193
880
27
331
1477
24
223
87
301
361
27126
34
24
12508
1857
61
582
520
3193
24
485
99
9981
405
73
5
8394
4615
27
7313
717
13
334
5592
3229
3193
14
1862
18
24
20135
1116
69
502
3669
14
13991
57
8923
10147
71
28656
308
515
24
1116
825
799
47
34
12508
104
2778
5977
27
35822
99
1515
2471
14
4367
23
24
9525
4164
61
575
215
37
11855
14
35846
331
13139
27
331
1605
23112
2248
705
296
13
2683
14
582
223
35847
405
3182
57
24
1032
27
35848
4324
8148
262
119
35824
129
8666
18
35822
37
223
149
11359
13
24
1675
91
14
1651
129
105
6247
13
850
24
2418
5298
1071
3089
278
663
100
1165
13
5461
496
44
107
14
124
3225
9
12763
61
1185
1511
35849
61
14
2418
57
8148
34
1857
35850
27
251
1478
35826
57
24
35851
19975
23
35852
149
4157
23
10147
5
2276
35822
57
14
474
9
9386
35853
87
101
8974
5
35854
9899
27
6897
6092
3746
330
35
632
515
23248
18466
2930
5
87
331
14
1862
57
35728
61
331
40
330
24
7705
87
45
18579
745
34
24
35855
4226
27
162
24
1526
1267
647
35856
650
13
1605
1606
932
34
14
818
9
289
13139
61
128
57
54
223
278
105
13
4474
75
35857
61
129
369
11264
185
4126
183
76
122
2534
10677
27
2906
57
24
35857
850
35822
64
334
35858
2733
185
122
9201
61
655
405
850
158
64
14
1532
9
133
27
1958
819
444
14
17660
133
57
933
122
2534
3856
185
223
91
1155
14
186
4226
27
246
35822
12794
9
16212
334
12773
185
24
83
57
14
1071
23
26722
185
202
2356
246
1947
14
24075
35824
35859
18
24
223
61
24
1071
37
3089
278
319
3774
13
2648
183
246
1447
369
1094
14
10147
3389
61
14
20135
35860
5
35861
9918
9159
24
223
246
1486
970
61
24
3089
278
9981
12508
607
185
24
8148
9
2628
1857


