144
5641
6924
293
16
24540
138
1
316
359
151
291
287
16
33475
138
1
316
359
151
895
1147
3655
3292
5352
34488
940
30
3340
0
13212
12
129
3870
4670
165
3
0
2587
7
837
2
28574
4670
0
4650
473
1125
187
20
5
71
7
837
1
86
2560
3943
11
319
0
7088
471
7
5727
8291
33
5202
2
3347
940
1
38
2384
0
585
11
0
4505
837
795
31
5
211
20
51924
230
1
310
985
6
0
8
17659
51925
8
7
5
167
1746
6
0
652
2
51926
16
895
1147
3655
3292
5352
34488
940
7767
0
24482
18
7088
471
7
837
7
5
2843
167
527
1746
6
0
72
31459
3943
738
14
25
13
1708
80
5
276
6
13289
4
25652
56
25
496
3
159
3
0
2587
7
837
2
15
2587
1
36
3052
1
16664
8
6677
11
64
7224
8
9
245
54
4
245
64
9
17
410
3047
9
16257
34489
3
2005
277
2
30482
55
0
245
64
27470
1
36
131
16
8
308
177
25
18
1399
501
4
66
29
3
29
1399
205
3948
1
4
32
1309
3
143
662
457
124
716
165
7
0
122
3004
2
8
51927
27
1958
1
36
2139
16
8
191
25
12290
5
305
706
1
86
24
351
3735
25
49
2
8
139
13
11
245
1935
558
3347
940
2384
49
0
3047
9
16257
5701
113
3870
31664
191
48
13
11
245
64
16
1461
4628
29
22222
8
3
402
457
159
7
0
122
3004
8
1
36
310
8
3193
92
18
5
3695
6
1581
1
8
36
131
1
173
5
3546
1084
11
321
3870
4
5
34490
1
5284
2911
6472
31
1198
12876
2
3347
940
1
5
321
2854
1146
1573
1573
38
30
77
452
6180
1125
5
943
6
472
51928
230
7
837
1
131
0
1353
33
1646
17
7236
1
25619
4
51929
6520
1
8
7
276
457
228
124
55
6
742
8
2
8
15
245
54
3364
73
124
228
80
77
0
242
112
66
84
74
3948
7034
1
8
36
6008
2
1100
1
36
2139
1
234
11240
29
5
305
706
6
22222
3
402
457
8
159
7
0
122
3004
8
2
590
14
2541
1299
16
3347
940
860
55
0
442
6520
116
720
11
3870
65
305
2908
4672
558
3347
940
15392
2296
0
16973
917
14
51930
3870
8
34491
1213
733
1
14
18
11009
14
80
0
232
9
4602
6726
4670
0
4650
402
346
23
1093
2
101
746
92
10
5
2106
4670
0
652
56
97
1248
2587
1047
94
17
5
585
608
75
4670
2
238
6
0
14936
7
0
1353
18
1248
2839
7430
1
50
13
3869
3
0
652
18
51931
9
13866
571
2
23860
43
680
3
15774
8628
1
7236
4
6272
11
125
30531
51932
2
135
5330
2206
0
22218
1
346
168
69
0
1152
45
732
3
6220
0
863
268
5471
1345
43
482
28
1177
2
26
3347
51933
940
3581
5
167
1746
140
0
3656
3943
26
15485
34489
33
157
11
8
1935
8
4
8
30376
8
1
36
2579
26
96
61
2579
129
14825
5637
34490
1
26503
2587
1581
26
15
2587
13
5683
17
908
6
6520
8
7
276
457
124
55
6
742
8
26
13512
837
652
5352
789
18657
310
7
5
560
18445
81
70
14
3870
12
837
4883
256
721
8
51934
51935
8
112
5410
31
5
448
6
2069
120
5
837
1097
2


