258
1111
1112
261
262
28450
264
61
2213
1078
558
268
269
262
28451
264
61
2213
1078
558
251
11628
1060
99
717
4166
24
952
57
28452
12804
4198
5
13865
183
1400
13
278
7719
2
14
25052
13848
27
119
13865
44
3447
14
1404
1140
4031
13
25052
4163
1222
358
1153
24
1271
14663
5
8814
12302
1853
622
7107
27
119
1366
149
717
91
14
1195
4821
11628
1060
27
28453
778
251
11628
1060
99
717
4166
24
952
57
28452
12804
4198
5
13865
183
1400
13
278
7719
2
14
25052
13848
119
28454
28455
9677
2108
1490
1341
515
24
1060
61
502
2403
1981
28456
1657
61
7441
89
334
4387
28457
57
25052
37
1490
575
358
23663
28458
3229
952
27
251
25052
325
2937
13
2951
27
119
5310
4198
3469
13
15269
13
14
10489
9
18
9
13360
9
6339
61
1185
28459
61
333
289
25052
28460
61
502
3890
185
25052
37
14729
21182
27
119
28460
333
87
137
91
28461
61
14
28459
14350
515
149
4936
91
28462
255
28463
23
1972
27
119
13901
331
1490
575
24
1617
3820
149
53
61
28464
61
149
45
787
147
185
2272
27
187
149
4639
23
266
27
28465
1490
28466
1341
24
13901
64
586
24
3077
149
5473
64
14
331
2248
9
47
1724
5
45
64
14
1206
331
5
515
25052
37
1140
149
28467
27
119
28460
7454
87
32
57
1793
23
3291
454
27
119
3104
9065
333
28468
3818
35
751
515
28469
5720
416
13865
105
100
7719
2
1579
1490
27
246
28470
1060
1400
25052
37
1140
87
331
28467
331
246
28471
5
10734
717
4166
246
28452
25052
4163
104
4031


