993
40
32
57
14
360
9
416
5584
515
7616
24
6997
18857
1806
99
100
2896
91
18856
10770
27
7637
43119
288
417
122
22430
8821
91
10770
185
202
27
10856
3931
288
791
6628
57
4809
61
46546
46552
46553
51564
61
43114
51565
51566
2
4440
61
51567
51568
2
3527
5
51569
51570
61
2
362
24
18857
27
51571
133
262
18856
10770
99
3931
1413
57
54
18857
1806
43119
61
1489
13
14
3830
46546
11472
9
3348
51572
61
219
57
24
51573
5717
34
51574
51575
61
2072
54
1086
61
1489
13
119
14790
27
119
292
2886
4042
515
76
24
11273
57
51570
61
24
43119
288
704
144
3284
454
89
14
169
61
360
9
506
4522
61
722
100
7360
91
18811
23983
27
119
18857
1806
149
433
23
14
3225
9
33192
3125
23
1972
58
6838
6467
554
7983
2398
11460
4184
362
24
6048
27
923
10053
51576
13076
51577
5
54
7163
17871
30994
288
7920
58
11460
642
3299
38593
6872
2
14
18857
1806
3229
27
25191
262
2036
18857
6628
57
4809
46546
46552
46553
149
32
57
372
129
769
54
1086
187
149
3138
515
1347
64
24
1806
149
3091
13
2732
3225
9
33192
61
183
5145
24
3802
91
3108
13
6862
3225
2241
5755
24
39314
1185
12942
61
1185
496
24
3225
149
361
1129
34
27
187
149
334
11046
26363
3250
91
24
18857
27
10770
1099
45
107
171
822
603
34
54
13866
43119
61
40
215
87
34
2207
10754
61
64
215
912
6322
334
6323
13
542
13
3531
11118
912
7314
76
158
27
251
2634
61
4039
331
119
18376
57
1833
8482
331
1725
91
18857
1032
36487
2207
61
14913
10754
13
14
1409
4413
76
24
51044
1462
751
27
30193
91
24
18857
37
51573
5717
34
779
61
8905
369
4700
13
5676
91
5657
1114
13
2827
122
513
27
251
821
796
11118
37
257
262
18856
10770
99
4838
2207
10754
13
14
1409
4463
104
24
18857
185
266
3970
246
119
43119
288
7360
91
18811
23983
6329
484
215
7031
246
119
18857
1806
149
433
23
14
3225
9
33192
3125
23
1972


