258
8138
12953
17592
9065
1783
1002
7539
24
2107
12034
13
1579
2780
56332
8844
3354
61
9963
1061
76
14
4197
8323
700
23
24
6666
57
24
8221
27
1002
1094
21956
374
57
24
2978
11228
23
24
33263
9
2033
56333
56334
1071
61
5
4936
24
22561
56335
8323
13
738
1817
76
24
8221
37
7446
529
27
331
408
696
1129
24
21242
57
24
7446
64
14
4369
2137
9
23
76
1002
5
1579
12758
32376
61
331
2964
5600
56336
56337
750
56338
27
6688
61
82
185
24
1002
4623
262
1178
22561
4197
8323
149
7539
23
1002
37
582
8221
8844
185
3354
56339
133
262
119
1625
57
24
8323
4128
47909
34
1061
13
1406
3561
5
3484
13429
34
11734
16877
13
197
262
1002
37
2964
5600
697
24
6189
9
2033
8323
34
334
10974
1479
2
14
125
4871
129
56340
542
2
2600
31276
53798
13097
262
1002
1094
21956
374
57
24
2978
11228
23
24
33263
9
2033
56333
39459
1071
119
9501
56341
34316
76
24
56342
5223
57
24
257
3989
12546
12542
149
2876
9
10813
24
594
186
1066
13
278
1910
23
14
4197
8323
27
119
5359
149
3132
23
14
32
9
1547
8323
23
7913
5
12542
56343
61
24
272
37
1071
2320
61
369
901
58
158
27
119
23197
57
24
9501
1130
13
278
100
14
28120
27
808
56337
697
24
4197
8323
2
14
17989
61
2097
4871
129
56340
542
2
2600
31276
53798
27
331
408
15216
542
34
14
506
5
610
2928
822
2168
14
1842
57
56344
2403
61
331
4871
12551
56345
330
27
331
1307
723
1019
449
183
61
12940
14
10198
9
2033
4197
8323
515
99
100
5292
13
24
28080
87
45
14
821
1582
6553
3208
723
728
2931
1465
6526
1030
496
87
361
456
109
27
331
569
24
1623
57
24
8323
149
604
407
61
26816
56346
1142
14
331
1533
159
4939
4203
331
4935
34
1145
2947
10653
27
25383
23875
262
119
4197
8323
87
398
57
1002
37
582
8221
12666
262
119
1565
38812
1579
8860
76
4518
1475
61
64
56347
91
24
56348
3268
21989
2964
262
5298
4128
57
24
8844
2581
14
10699
12779
61
899
990
5
33369
27
12978
61
2276
1772
57
24
582
8221
119
56349
8323
149
56350
23
24
8221
2241
1579
1619
13
1358
17381
5
14
1584
34
1061
13
1406
3561
27
119
8323
149
56351
76
43513
5
14
4051
24053
76
3484
13429
5
14
3047
924
27
331
727
718
850
24
620
57
24
1617
56352
129
1163
542
61
331
808
56337
330
27
331
187
37
1211
57
9654
515
24749
515
288
1163
7141
23
24
22561
278
1094
11332
27
119
4310
129
1163
542
369
402
982
61
57
2510
61
40
369
1150
57
373
109
27
628
1211
57
1030
515
27
331
5298
4128
57
24
1565
37
8844
2581
14
10699
12779
61
899
990
5
33369
27
246
119
4197
8323
149
32
57
24
2107
42968
13
24
1565
37
8844
23
24
56333
39459
1071
23
7223
2780
2781
246
2918
5600
56336
56337
28430
24
8323
2
14
4871
129
17541
183
2
14
31276
34287
246
119
9501
57
24
582
8221
6529
2418
663
34316
76
24
56342
5223
57
3989
12546
12542
37
6502
246
3989
12542
2494
47
23
14
32
9
1547
4197
8323
23
2887
7913
5
12542
56343
4335
369
901
58
158


