144
7531
8641
293
16
50992
138
1
316
522
151
291
287
16
50993
138
1
316
522
151
65
130
38
239
7
5
16405
17
1790
2759
39
4426
5
3087
9
83
290
4
1003
27
145
4
566
93
279
3
27
2408
2
523
1194
8840
93
201
26713
3
4514
2490
18
22149
2408
39
10900
27
23
19
142
1648
16924
1
301
3
0
117
18
3762
2
52
107
74
183
459
45
890
25
10
11
0
2776
6
4514
1
0
290
4665
31
8840
2
523
1194
8840
1
93
1
93
201
26713
3
4514
2490
18
22149
2408
39
10900
27
23
19
142
1648
16924
1
301
3
0
117
18
3762
8464
16
8953
2490
1
802
1
10
115
420
4514
10
2436
7
0
1790
16405
12
20656
259
7
0
18768
13425
4
945
102
3
1119
2004
2
8840
1
775
1
34
40
109
37
4719
3
0
2490
126
4
0
244
18
237
427
2
8840
909
34140
2490
23
0
7179
16924
6
19
9726
9
1209
142
1648
1173
7
411
1
50994
27
11
19
757
26714
2349
1
0
12030
6664
6
19
3378
117
1
22150
22
2
8840
960
17
34140
2490
11
63
64
82
90
2021
5
260
7
746
7
9817
1
63
2450
724
1653
6
1119
2004
1
22150
22
2
2625
115
0
1053
6
7839
2490
1
3113
1
4
8953
2490
1
802
1
7
0
9817
260
39
25
10
207
12
514
2
8840
18
757
180
4514
18
244
1
7688
2490
1
12
437
3
812
59
63
0
142
1648
4033
2
8
135
34
5
189
3160
63
42
10909
983
1
450
3
143
1378
6
110
510
1
4
4616
6
88
34
37
6666
1
8
22150
22
2
3470
3
12006
16
7688
2490
1
0
244
6
9703
583
4514
2490
1
598
1
3739
3
0
559
262
19
505
3
1119
2004
1
665
1
12
522
406
1
151
11536
16
7688
2490
1766
5
2554
9
1767
17
0
1701
6
19
227
4
198
12
0
99
9
761
1334
43
115
7
8840
18
4202
102
8
7688
1527
3
10131
14
26714
10
23
194
5
583
7
48
23
815
1162
2
52
6596
27
0
237
2
8
65
3595
11
7688
2490
4
19
117
1
24060
50995
1
2479
3
1183
2
8840
614
23
5
32668
13718
20
15
50996
1782
3182
7
1119
2004
2
34141
6810
50997
61
2479
3
1183
2
2160
34142
1
782
7854
20
0
1321
9
2655
11053
6552
3182
1
22
12616
3951
1351
74
1377
5
758
2962
0
16924
13
1969
6
3959
7
0
193
2
5482
29
289
100
5384
14
8840
34
156
14373
2
8
12064
194
23
189
66
352
420
1
0
1648
298
30
128
305
1683
3
4060
0
758
1
8
34142
22
2
26714
2349
30
204
2389
6
27
566
18
1590
1
1945
1
28
4514
2490
1
22150
22
2
8840
1
5
1590
9
3466
1
175
1945
119
12
0
389
1
4
0
1590
10
5091
17
4514
39
0
1663
2
9740
16
203
115
8840
18
195
1
1372
17
6907
4
6646
6
5826
7899
1
20
5
4903
251
20
0
2576
6
0
2464
2122
13425
50
4475
5
1825
818
9459
16
8840
18
195
13
11328
184
28
0
454
6
0
4903
113
25
10
115
26
523
1194
8840
93
201
26713
3
4514
2490
18
2408
26
52
909
27
7
19
142
1648
16924
26
4514
2490
18
145
4
1676
566
43
285
31
8840


