258
4577
2905
17217
2275
13
8787
8788
278
100
1062
91
2772
1140
5602
61
32
57
6505
149
7983
2933
23
24
8434
57
334
3607
2889
5
870
6989
9
9905
27
1707
5
8462
8169
1062
6159
19276
5
19277
19278
185
3354
23
14
8731
185
122
19279
23
19280
1696
23
24
11035
9574
1032
57
19281
23
14
14234
6605
575
24
9207
19282
1060
99
658
133
8434
34
8722
61
14203
61
19283
5
622
5684
57
19284
27
999
622
9888
430
123
24
8731
61
642
330
27
177
19285
61
24
8265
3899
627
61
6307
13
15362
7838
810
24
2772
1203
4904
23
19281
61
256
54
1488
23
555
119
6746
14211
9
19286
8193
7613
330
2241
19287
515
24
14224
288
23
7997
57
8796
5
14120
5434
1348
6555
27
19276
149
391
13
107
2933
23
14
346
57
8434
61
349
57
177
19285
61
334
3607
129
149
3970
1348
215
430
2
54
19288
23
555
58
360
454
23
19289
185
19290
7484
61
438
19281
27
119
9888
663
99
100
344
57
4915
23
24
8191
57
11894
19291
61
14
791
870
9905
129
149
7882
438
24
11035
19292
1032
23
563
35
506
58
2431
454
57
7477
19289
61
1489
13
24
16265
27
19293
8434
278
402
100
14
2536
23
24
11035
2705
5
278
100
459
5193
185
24
9207
19282
61
334
8072
9
8788
9
2275
1060
185
14
2580
57
4744
4894
17358
61
5
1579
19294
2884
3085
27
119
9207
19282
61
502
370
99
449
4278
2884
8125
61
149
14223
23
24
1920
8887
23
19290
61
449
19295
2313
527
57
19296
27
543
334
19297
17177
57
19298
5
19299
61
183
3863
13
18226
19300
61
1185
19301
5017
61
40
769
1579
3604
4781
1920
23
9216
61
3223
183
185
14
8600
12778
57
9212
5
8498
27
870
8400
11894
19291
61
16882
104
2705
7304
19302
19303
61
23
19281
256
54
5361
91
14224
23
563
1268
177
5
54
2255
19304
61
2
19305
61
4777
61
288
319
8400
185
122
2157
10747
91
9207
19282
27
119
1047
288
140
19304
37
4448
1566
5
288
343
13
4699
82
24
256
257
1348
358
288
8265
104
8385
27
691
288
184
34
1533
1284
316
454
23
14
1507
896
91
608
896
8281
10146
1348
19304
149
7882
27
177
935
53
54
1488
316
9
5
9
14
9
170
454
147
27
396
1789
13
19306
139
9918
5
7682
13
24
5945
7626
61
575
215
650
1853
14168
61
129
9025
24
1203
27
808
19291
61
14
571
9
57
9
166
61
149
488
104
8385
185
534
1507
61
555
61
2
54
82
23
19307
91
9207
19282
27
396
1949
2431
454
23
24
7477
76
54
19288
484
215
149
2075
7882
34
14
8722
27
246
3607
177
19285
430
2
54
19288
23
555
58
361
184
34
360
454
246
870
11894
19291
61
334
6989
9
9905
61
149
19308
34
2431
454
91
9207
19282
1060


