2425
2426
113
1543
6787
19220
99
3283
183
87
26086
34
24
2439
13
2837
922
57
24
200
201
2999
34
316
2487
23
14
3125
27
2426
4699
13
3860
2175
104
82
13
1530
10293
185
1750
76
316
10283
75
908
1413
20
11066
5
2461
722
417
3348
2992
3349
37
83
405
1483
1584
1778
5535
61
2425
932
5
243
27
1585
9506
19220
99
37663
144
834
752
183
87
34
2426
13
444
33
23
13
5828
2526
37
2412
26890
2482
58
2074
237
36
23
24
35437
27
2425
2426
2448
1543
6787
19220
69
174
71
3428
24
2439
1393
18352
34
24
200
201
9506
19220
99
2469
334
25323
511
23
2426
37
204
13
24
908
1413
57
24
4441
201
818
420
331
408
278
13
18352
34
24
200
201
61
709
710
496
61
331
330
9506
19220
27
331
408
253
1996
133
35
36
61
5
14
77
1030
2425
2426
718
45
1018
515
316
494
23
14
3125
27
331
569
3356
3349
37
77
278
4000
34
30696
237
36
61
9506
19220
99
100
9756
1521
156
23
74
27
119
4094
5396
37
2534
712
553
23
3259
64
215
503
99
32
506
174
185
54
6524
104
24
1029
57
237
36
27
119
7713
9
2033
87
370
185
5396
7508
76
5492
61
129
2502
16361
185
207
2356
9506
19220
87
108
13
278
54
27246
10225
24925
69
174
71
23
24
2425
2426
2438
76
158
1295
61
9506
19220
25588
834
822
215
32889
24
2545
2544
34
24
6703
23
502
183
99
26046
13
2468
54
2544
23
3291
2487
27
331
628
629
14
24856
61
19965
2745
61
502
2531
846
23
707
10084
61
331
215
3283
27
331
397
14
113
61
723
2296
13
12941
14
1440
57
19965
13
24
557
57
24
77
27
331
842
61
4878
107
750
61
2545
2526
99
4073
846
14
2508
2528
27
331
628
696
10087
14
1842
8364
61
628
278
8618
2474
707
7077
5
278
3745
2474
704
10039
57
707
2544
27
331
628
149
821
635
1348
628
650
109
40
61
1413
494
185
61
1022
369
821
692
5760
27
1134
191
2236
19364
846
61
64
723
1451
14
1842
109
27
331
24925
69
700
71
87
759
9506
19220
2468
54
2544
61
5
2971
1011
494
57
27528
824
119
791
5493
113
3531
334
1225
316
4757
104
24
9301
9302
484
1913
2426
1877
5657
61
9506
19220
99
100
1950
104
2436
2437
76
791
4094
5396
10225
24925
64
54
16381
27
331
10225
24925
5
628
223
821
758
609
1221
628
629
821
108
13
107
76
158
61
331
359
9506
19220
27
331
628
629
4033
818
822
2
158
61
45
144
23
27528
5967
417
54
9916
824
61
40
663
64
14
1066
27
331
396
37
14
821
25514
2913
76
14
1842
57
5241
27
32020
61
215
37
600
2472
13
9682
14
620
61
3108
13
442
133
76
54
5542
61
3458
123
192
27
331
396
2084
104
5493
23
6588
61
5
174
23
5657
58
776
334
16472
16473
16474
60
24925
9619
76
1094
9
5535
225
8457
16776
58
5493
37
112
75
11085
6886
23
1972
246
1543
6787
19220
5224
515
2425
2426
1393
221
24
908
1413
246
119
4094
113
1615
515
2545
2526
99
2474
54
2544
246
396
87
3632
722
27246
10225
24925
13
442
158
237
36
246
3507
24452
262
4242
2426
825
2837
36
23
169
513
246
2105
2106
34
24
2107
4242
18211
2108


