144
7139
160
293
16
24783
138
1
542
534
151
291
287
16
19989
138
1
542
534
151
96
13
0
6858
1492
2013
18434
11
27
11676
1223
4
24272
20834
2
191
98
1
57199
5933
5444
30
310
0
7811
374
27
17060
2541
9
1667
19311
23
36
3024
11
5
207
6
2189
202
9
214
9
90
1712
2
7812
148
3216
0
4002
9
83
30
2392
55
3
812
223
14
44
84
141
252
13197
4536
62
37
10618
6
143
9
49
3955
3
233
24272
274
132
2
297
94
11
167
8801
2013
16
19995
11
27
11676
20834
1
0
7776
19623
393
2579
27
2013
1493
3
1112
2499
480
248
511
279
3
23306
12
2108
3380
4
235
9
1108
143
9
49
3955
1
5933
1
38
13
5565
128
94
9
3
9
3883
1
1861
36
8142
0
6449
2
1336
3
1112
63
27
2013
7811
1
36
22
16
8
57200
77
0
9880
17
143
9
49
4
2558
8976
254
141
300
143
282
233
62
474
419
133
24
300
474
67
2187
4
1338
31
500
0
265
6449
90
24
1439
55
2
8
15
237
2013
4225
24
29
133
4
25
47
41
158
5
1493
133
13
3
4092
129
650
0
6449
33
2
8
26712
11265
140
4588
1069
1
77
1223
14
30
41
40
34899
4
816
1338
2944
12
57201
948
46
202
143
66
474
205
2
2403
3
6449
16
997
248
511
279
3
23306
12
2108
3380
4
235
9
1108
143
9
49
3955
1
5933
8142
0
6449
109
27336
3794
8
57
18
0
501
457
14
29
3
32
617
87
1
199
23
57202
28
235
3
6104
1
14
143
80
0
2089
2
8
590
121
1
371
662
95
1223
13
6226
4
883
456
1
31
319
1729
109
27336
34361
1
4
1886
11104
4
21995
95
225
80
143
121
474
2187
7
95
1223
2
8
6704
24
659
143
9
49
456
62
57203
11
5
1811
1
24
252
0
1697
14
95
1223
46
32
17881
456
2
27337
507
22299
35773
1288
35774
25566
4
35775
13
400
11
4139
256
133
25
12290
2120
1
2091
400
12
95
1223
4
13
228
11382
3
256
2
8
144
500
0
4139
2013
6449
274
211
73
474
400
63
784
2
8
2523
1998
16
930
402
27
1223
17881
456
1
36
28565
12
27337
507
22299
35773
1288
35774
25566
4
35775
861
125
6
0
10772
57204
7
14451
1
5933
1159
14
317
205
462
6
27
948
13
61
5202
16
8
861
80
0
3030
24
84
24
252
3
503
158
67
1120
3
95
948
23
44
473
154
5
13376
307
101
725
1
7910
7557
11461
107
67
1038
3
95
948
85
8248
6882
24549
307
8
836
24
5952
12
1729
109
29744
10825
57205
3
185
121
124
95
948
99
3
91
57206
3546
4
6226
2
8
861
95
431
24
659
1726
14
24
124
3
1802
1338
2944
45
25
817
95
948
252
3
233
205
253
133
5
1551
1574
462
3810
13
650
11
121
23
25
47
1472
3
3172
63
212
948
1
1225
56
44
929
2402
184
2
8
4570
27
19311
16
96
3052
36
1512
2688
6
1060
1
5697
1886
4
30
5
205
2728
3
3205
27
19311
57207
129
36
7136
27
18434
19311
162
27
2728
4
2341
1
480
248
5
1753
14276
147
4811
1
0
393
310
16
8
57208
13
13580
2
590
121
48
2150
31
6258
24
124
2688
6
1060
1
2129
1886
4
29
5
205
2728
2
8
4918
462
6
2979
13
1472
56
66
2617
261
105
457
2
8
96
1110
12
3
2832
129
36
30
40
1637
7
1705
98
14
36
18
41
3030
140
12
986
12
7910
7557
11461
2
8
24
177
95
3607
463
278
5
149
4
36
926
121
228
504
2
24
382
202
40
54
3
4060
1308
156
5298
9
24
1001
86
24
73
1616
110
24
188
307
1
8
36
22
2
96
206
41
32
5
912
5727
1
45
5933
2539
750
0
148
6
27
35763
4442
4
25320
1313
4
300
829
400
7
1313
9
14875
4211
2
8
308
29
3
147
17
110
66
382
213
4
35381
0
237
7568
2
8
24
181
25
18
41
300
63
1637
49
17
0
111
1068
12320
23
44
67
473
85
41
1
84
74
2020
80
5721
1
45
699
1820
5
152
6
371
0
111
12320
147
11
66
1
8
36
176
2
5933
18
776
431
2417
27
57209
11
0
8071
3
27338
618
2
65
612
625
31
8071
3
27338
115
14
0
955
211
46
1125
67
85
72
15837
120
27
6094
12
350
4
1299
205
2
2636
115
0
8
752
6
1697
8
4472
5
9362
968
4720
1
23
223
11032
55
72
57210
5
70
9
62
72
57211
7
42
6094
9
12
2013
1729
7
554
3
474
419
63
784
2
3563
5797
134
153
6
223
758
42
1697
13
7439
3698
112
44
33
168
9697
28
235
3
6104
2
191
231
7
851
223
29
5
4214
2013
1919
7
242
3
1524
44
517
0
260
1299
7363
63
42
1300
2
89
0
625
61
115
14
480
0
16738
57212
1
223
118
474
205
63
784
11
105
269
4
2297
379
5
132
2
1336
63
27
754
1
50
5793
3
21264
223
3
233
4
474
400
31
1444
55
4139
2013
6449
3
3822
14
17060
35
19311
8
1
36
22
16
8
24
322
1987
3
32
196
6
8071
3
27338
1
109
169
211
24
858
34
95
220
265
5348
9
3558
7
0
424
45
24
659
9417
63
1408
62
2768
108
223
3
474
2187
7
42
220
1223
4
4819
1492
2013
2
8
89
0
5389
393
300
30
27
1069
7021
207
12
0
594
2
1336
63
27
425
678
1
36
22
16
8
24
351
552
14
2526
3
402
2112
1
4
300
361
3
29
457
7
95
5479
307
8
378
0
638
24
351
2112
346
12
95
672
50
13
434
11
1013
7
0
5180
2
8
221
33
396
18
6
4409
457
91
5186
892
23
602
24
351
41
867
3
1016
88
17
66
16114
4064
812
80
1
23
760
23
24
73
307
8
57213
290
16
5933
7136
27
26339
1313
17
1551
147
9
55
4824
17
27
1210
3607
57214
948
16
8
7910
7557
11461
107
67
1038
3
95
948
85
8248
6882
24549
8
22
5933
275
2
65
14218
28
5
1079
1
427
62
57215
2
3514
3520
10206
883
1239
5
111
615
4
57216
2
5493
205
7
5
57217
2
3514
19401
6226
1673
1239
91
883
57218
2
27250
28
5
205
166
18
57219
2
3514
5
57220
2
4790
78
8
24
361
57221
2
22318
28
5
1008
4
1299
57222
2
65
2545
28
5
57223
2
155
57224
2
308
124
78
66
233
57225
2
308
33
57226
57227
2
308
124
348
113
66
1082
57228
2
65
284
131
66
33
57229
2
27250
49
1167
57230
2
12001
37
4047
50
332
0
1545
196
6
212
57231
2
5986
212
5375
57232
2
4790
348
55
12
5
57233
2
11526
57234
2
65
412
225
6
143
9
49
26
1847
57235
31
1951
2013
1919
6
27336
3794
4
27337
225
6520
26
18784
17
3607
105
278
5
149
26
7560
346
12
27
5680
672
26
3288
46
1125
67
85
72
15837
120
6094
12
350
4
1299
205


