258
7329
941
261
262
29703
264
61
1371
1078
558
268
269
262
29704
264
61
1371
1078
558
691
377
17778
1502
25075
122
3089
61
40
34
32
893
61
237
149
14
5993
9427
27
1421
29705
61
129
2196
14
4337
1656
2111
1850
14
858
57
525
5
525
29706
5666
29707
5
3832
358
132
15737
27
187
4769
525
89
2175
5
926
1399
365
525
5
29707
185
14
1397
2128
27
29708
1290
189
262
1421
29705
130
14
2569
533
670
7408
162
144
18
14
506
61
926
99
769
837
2213
2111
5
29707
87
2707
29709
9768
27
1421
61
2
29710
61
6013
61
330
262
331
628
638
1013
6046
144
834
124
628
105
2168
641
628
1850
24
467
57
846
5
707
29711
61
29707
27
331
628
149
3330
3883
91
183
27
305
515
222
628
2193
628
105
13
1018
1465
449
24
2125
628
3556
2124
185
27
331
187
912
100
1131
40
1094
628
2391
5
2245
2508
27
1007
20944
104
846
34
14
1245
106
27
331
1421
29705
61
4983
61
2859
3574
185
24
2125
64
14
2889
5
91
24
227
926
1805
1114
926
4000
13
14800
89
525
2146
70
4250
27
162
563
35
506
61
29712
23
4372
5
3828
61
1421
2114
13
4458
24
8890
24133
8553
27
119
4639
7658
29713
13
14
2146
70
58
2126
185
25594
1434
5
15162
29714
5
3577
525
2511
21076
149
2131
2216
27
29715
9442
262
1421
2114
13
1248
1290
58
5049
14
858
57
525
5
525
1762
29707
5
361
1089
91
122
9130
579
330
262
331
628
516
1406
104
306
32
1016
2216
61
704
13
2208
61
14
632
5
628
1129
13
1005
9
23017
704
707
1434
61
628
3330
1689
1135
5
105
542
76
1690
27
628
29716
1348
628
1019
33
13
496
628
1129
13
1406
27
331
628
1129
13
850
707
2343
185
14
10786
12645
5
1347
926
516
3043
621
3613
834
822
1290
628
3556
1354
362
14
2347
1267
27
628
149
986
24
286
1475
61
23
24
286
15091
7408
5
104
24
286
607
61
6601
2931
3330
709
11351
27
331
5141
1066
262
1421
1094
2256
2246
13
4658
2220
515
926
3119
29717
986
16817
17336
76
14
4793
57
11351
404
23
1421
776
2
20181
33
8638
27
1042
450
3071
15196
525
13
6827
24
26648
1449
5
19407
185
14
29229
11351
6418
27
1421
373
9993
2151
24
22604
3163
5
330
262
331
628
373
603
18173
5
8838
628
3163
2208
13
14
5640
40
628
2342
4023
45
13
18
9
29718
5
718
1094
1728
2208
2
986
24
1016
18173
61
144
722
24
32
1478
2418
27
816
628
278
1465
25131
628
4997
221
4149
628
23355
183
445
104
24
2042
401
27
331
1477
29719
369
1564
13
107
29720
61
29707
4995
13
1248
14
2549
57
1290
401
27
4303
61
29707
5
1421
4000
13
584
4539
8053
5
1347
1129
13
1608
7366
12247
159
24
437
13
24
3048
13
1363
47
185
26694
3569
27
1421
87
1094
14
12798
2146
3970
61
58
9858
11114
5
2131
61
5
365
926
5
29707
369
29721
24
9818
57
122
1290
189
61
3477
402
22094
5
3431
1583
57
11351
27
1421
87
663
3632
21970
525
4271
61
722
130
533
670
7408
61
5
330
262
331
628
603
361
644
13
6822
89
175
4324
4366
1030
1700
7448
5
4658
2220
628
3556
604
278
1347
4483
57
536
27
331
579
1129
13
9935
1778
1674
2060
7479
5
525
402
61
2350
4008
61
40
1094
1421
99
24
4372
13
738
34
14
4539
61
7696
7442
4255
5
25547
11536
61
2758
662
5
21247
27
4360
237
926
29722
2334
525
2033
2220
5
330
262
331
628
2342
2072
24
908
5
4250
515
628
149
536
23
24
467
76
29707
13
20926
846
834
420
628
2342
799
27
628
604
1028
13
1399
24
1290
33
185
5
5049
542
8220
1030
19925
23
707
4271
4063
846
753
13
817
667
27
331
1421
330
262
331
628
611
2245
822
25156
1094
27
628
8838
1094
738
133
185
4692
61
40
1950
104
24
4014
82
5
2050
13
24
2042
1308
1013
996
846
76
822
227
13
2597
43
3555
331
119
467
57
1421
5
29707
149
319
104
14
223
2222
5
4132
13
14
858
3693
185
24
223
5327
515
704
274
44
1167
5
1960
278
389
14
2529
2187
23
1421
912
4372
647
2189
24
1290
27
579
330
262
331
1007
104
223
1724
846
29723
2
29724
24
29725
652
628
2357
600
108
5
29726
1145
76
29727
57
3828
61
23774
484
628
1129
13
22569
1145
1030
29728
3555
331
1421
503
99
14
2111
5
14
170
13
1248
484
13211
525
6557
1290
57
493
2111
27
579
330
262
331
29707
87
707
16160
61
707
32
5
704
27
628
603
525
13
17996
5
926
99
100
707
3022
3841
5
628
2357
1735
57
525
401
3555
331
246
1421
29705
2196
14
4337
1656
2111
5
4000
13
2250
89
2146
70
4250
246
579
130
533
670
7408
5
87
1094
14
12798
2146
3970


