144
1417
5603
293
16
28110
138
1
966
436
190
291
287
16
37108
138
1
384
436
190
1302
6251
1
137
1
22
947
6
0
2342
6
1816
10689
4
1037
847
1841
58
170
29
40
14277
158
112
4214
1583
5067
43
7
242
13040
6
0
2342
6
1816
10689
4
1037
847
1841
58
170
29
40
14277
158
112
4214
1583
5067
43
7
242
1
22
179
749
1468
509
6251
2
1302
6251
1
38
30
61
15716
2811
1
22
0
7099
19345
171
4737
2428
156
2190
3
14278
0
1583
1
114
35
28111
37109
628
76
32
214
12
0
1066
7712
2
1302
1610
7099
13
434
3
1517
19
365
69
1583
2503
208
215
1
39
5
189
3029
2290
31
0
391
9
7829
3606
2
1302
6251
1
5
848
6
0
1583
10690
3121
1
941
0
1092
6
35
0
863
6
2167
8441
7
5
1852
3598
19774
120
5
6167
1776
2
52
22
25
10
35
504
3
37110
5
67
717
4810
85
0
54
1302
1610
7099
13
17444
1
45
2183
0
267
768
58
32
5
35
111
1
8554
1
994
9
10065
23048
37111
7
537
11
0
87
71
2
1302
6251
22
16
35
104
29
79
34
64
1583
19775
2289
28111
3316
1712
6
464
6
136
712
1769
133
1037
847
7
4186
4083
4
0
2342
6
1816
7
1010
133
50
29
28112
5515
0
863
6
2167
8441
7
5
1852
3598
559
842
2
35
24
1685
25
30
2284
1302
1610
7099
47
1120
14
0
1712
6
0
2342
43
933
7
1142
17
10065
17445
1031
23
686
10066
11
0
255
2
380
48
530
1
19
8580
6
720
2879
1181
3
32
37112
52
22
799
6
0
2342
43
87
933
7
1010
1
35
0
264
5095
23
248
0
797
6
4214
2908
37113
1
45
0
1694
43
35
37114
31
37
3033
38
76
19525
156
186
1235
17
1735
17446
28113
2
15
1712
43
123
933
7
1488
1
50
1302
6251
22
34
5
571
5689
23
0
686
797
11
0
255
2
864
1518
28114
87
933
799
6
0
2342
10689
1
1180
31
5
245
6
15717
5376
4
3703
1
50
277
29
0
1650
3
8992
4238
11309
12
0
1583
85
7
299
1
61
933
0
799
2
1302
6251
2833
0
194
9
2460
37115
4
3627
0
5856
6
5
111
1805
1
9933
265
17
0
35
13184
1
3412
4
3064
6
493
3
5516
23049
1157
23
44
37116
2
2607
373
3
292
524
1
38
46
1580
1302
1610
7099
47
365
208
215
1
29
1273
21
13
10632
6
8581
3305
28115
1583
19776
2
26
1302
6251
22
7099
171
4737
2428
2190
3
14278
1382
26
7497
69
1583
2503
13
434
3
32
2716
208
215


