65
321
6645
30
40
1720
2171
7
8481
155
5339
31
697
1971
266
38
4425
103
27
4707
883
4
93
27
315
2915
1841
3
5
1267
2
15
5478
9
83
211
1
38
10
5340
774
69
8453
3265
7
5
2071
4159
12
22773
2035
1
10
1360
455
5
7413
1370
17
27
315
4
5
2726
12
437
56
44
43
207
2234
31
0
1720
1971
17
12132
4
8122
2
527
315
4
0
2726
43
6646
4
4335
31
0
266
1
38
123
157
5
7413
1537
3
9439
103
0
211
18
883
90
4249
27
7
5
4160
3937
4054
316
379
2
8
2380
6
832
8
16
15
321
6645
1
1903
1
10
17
27
315
4
5
2726
56
44
43
17273
31
697
266
1971
17
8122
4
12132
9
36
10
1720
2171
4
27
4707
883
4425
103
15
211
2801
3
1450
55
63
0
2894
343
9
5217
31
0
264
18
2847
1449
1114
36452
23
8
0
27738
1236
6
832
8
9
3
5999
0
1282
14
223
7
8481
155
5339
702
2
15
4589
1720
1283
224
499
85
5
149
39
37
962
130
576
7
0
1647
22774
6
8481
155
5339
10
303
420
4
19
27739
1028
1720
2171
56
5
304
6
266
1047
69
42
260
2
15
321
211
1
38
2141
11
5
1818
45
107
41
188
3
1750
27
2665
1
1002
3
559
7
4958
22775
23
36
4
27
315
3635
11
5
795
3
517
0
264
2
8
24
10
1360
455
5
7413
1370
17
95
315
4
136
2726
56
60
43
17273
31
697
266
1971
17
8122
4
36453
1
8
36
22
2
36454
37
3937
14
30
482
1907
3651
1391
0
264
1
0
211
22
0
266
87
1122
27
315
4
0
2726
3
4158
1841
90
44
43
469
3
2895
2
1437
44
574
3
0
211
2
527
1482
43
6647
103
1
27
844
43
4335
4
27
4707
883
10
12133
103
17
7413
12132
2
96
10
123
2171
54
31
54
31
0
1720
11
5
4160
316
379
2
527
3937
1182
118
56
385
7
0
4159
17274
0
1720
4
44
1130
184
2
15
321
295
18
2726
959
3
677
456
4
443
88
1
90
44
80
1130
1841
455
4590
2293
11
418
269
1
1571
3
210
23
194
2195
23
686
197
784
4
0
548
6
0
343
7
276
0
1720
224
99
2
5815
44
1561
5
2071
1381
113
44
43
289
125
2562
4
28
113
44
43
344
3
1251
0
2753
2
10586
16
15
211
1
38
10
12
27
1745
703
3
8481
155
5339
1
10
5340
774
69
8453
3265
4
3266
586
12
0
2071
1615
103
0
264
18
2435
1742
15556
16
15
5478
9
83
6645
10
346
12
2071
22773
2035
120
27
1745
919
3
8481
155
5339
56
36
10
1156
135
192
116
42
152
99
3
36455
1
12
0
2435
1742
6
0
22776
1
90
1189
3
0
1496
4958
36456
2
65
487
1645
346
11
8482
840
0
295
1630
106
607
4
12134
5
795
55
6
0
264
2
8
139
804
171
41
226
55
79
114
24
322
599
1
8
22
0
211
1
38
10
12
27
1745
703
3
0
264
150
27
87
919
7
468
2
96
58
764
11
49
3
146
187
5340
27
774
69
8453
3265
4
0
1525
6
3266
586
12
0
4159
2
8
581
804
171
226
55
7
0
1388
14
25
36457
8481
155
36458
223
3
938
49
4
161
100
67
1282
127
223
7
48
264
1
8
22
0
211
1
38
107
41
188
3
1750
27
2665
2
8
24
610
95
804
73
143
5
586
2
8
89
1113
106
2929
44
29
306
199
992
90
28
27740
223
80
140
8481
155
5339
2
14129
2648
2350
1282
7
125
1000
28
42
9440
77
2357
1157
1
4
4589
11309
33
1258
55
3
223
603
6
19566
1
50
13
19567
7
2071
1345
6
0
264
2
101
488
5
3026
9
83
145
603
6
19566
10
3730
28
27
1381
1
204
3
5
6360
9426
1
6646
4
4336
1733
339
6882
27741
1
7
0
528
6
0
264
2
191
421
48
215
37
2524
211
10
9983
17
5
7413
1537
39
91
603
6
36459
2
15
321
211
18
4160
804
30
40
364
3
0
631
8088
7
4958
22775
1
45
5
2102
544
209
498
100
1183
2
65
479
11
0
106
7
4958
22775
22
5
565
34
40
204
45
100
4061
34
40
116
2
26
15
211
10
19568
8453
3265
7
0
4590
12
22773
2035
26
13043
17
27
315
4
5
2726
56
44
43
207
2234
31
1720
26
3458
1122
315
4
2726
3
4158
1841
123
2915
88
3
2895
26
1437
4335
0
8857
18
844
4
6000
2171
27
11
316
379
26
17134
466
6
962
130
761
1028
10
2171
7
264


