336
3130
33
12
0
4903
6
11354
12178
854
13554
19134
2
15
4867
9
83
13
55
6
1237
208
535
4
76
32
720
11
5
5962
9
94
968
7
409
2
19134
30
369
668
146
731
7
146
593
48
236
4
30
3214
3
6210
1062
28
5
245
6
1808
140
1201
2
11354
12178
18
13554
19134
13
91
4907
336
10029
10030
23
44
233
3
12958
42
343
15
10640
1824
42
87
313
6
0
236
81
872
56
44
1017
7820
6462
18
1510
243
275
9
791
2
65
200
9
272
523
8537
5756
10
511
3
15925
857
2387
3032
17
80
105
860
2
7584
49
11
336
3130
7
0
589
328
13
5
703
28
2868
9
8697
243
4011
1
38
1
109
2165
14675
18
243
1
29
2217
11
731
48
236
2
15
653
18
1237
13
49
20
0
267
6
0
236
86
21
76
32
720
12
0
4076
7
409
15
4867
9
83
653
30
668
146
731
7
146
593
48
236
1
5707
1062
7
0
1087
26
336
3130
33
5494
13554
19134
26
12206
30
668
146
731
7
146
593
11
11354
12178
26
19134
13
55
6
1237
208
535
86
76
165
4076
7
409


