144
507
491
1215
293
16
26206
138
1
399
359
151
291
287
16
26206
138
1
399
359
151
15
155
331
106
544
603
6
47776
478
3
9703
1
4679
4
1616
19
227
46
41
6261
7
19
644
1
687
19
6839
7
0
844
6
0
1540
1
25
10
310
209
2
2241
1
4637
43
680
3
718
5
167
6
5
211
116
3
1032
3
32
5179
77
37
661
10770
28
0
13178
33049
587
544
13851
4383
157
1
23
0
186
306
0
569
30
24111
464
4
17461
3456
875
2
101
0
368
132
6
3637
397
1
4383
2185
99
2113
23
21
78
0
891
25
10
8
41
19
3452
8
3
6261
2
139
13
0
118
71
21
30
2392
120
19
15863
644
150
25
309
12
488
575
2
380
644
16
13851
4383
1588
3727
3931
6065
12
129
3
2584
49
1
8
33050
8
4
4679
5
290
33051
33052
16
15
179
155
331
283
106
544
13851
4383
1
137
7
5
8535
9100
1
1502
3
2584
49
19
227
4
718
27
8564
3
193
1
21
22
10898
16
101
0
368
132
6
3637
397
1
4383
2185
99
2113
23
21
78
0
891
25
10
8
41
19
3452
8
3
6261
15
394
13129
5
149
39
25
467
450
3
2136
14
4383
469
3
47777
17
605
12
0
2945
3
9703
1
922
4
47778
231
223
1
173
280
4
19
227
2
15
530
1
204
28
3727
7105
3
18023
4
2042
223
1588
31
3846
13851
4383
1
61
1041
628
6
223
17
22576
7
42
10763
4
6065
12
35
129
3
4679
5
47779
2
3460
1692
1375
26207
22
4383
8
309
497
1966
8
23
4637
43
958
0
13178
33049
587
113
4383
649
0
932
1011
9
26208
17
1743
21
3501
7
20213
478
14866
4
6087
9
7135
14748
2
8
57
213
59
128
1966
1
8
26207
78
0
155
331
1623
2
8
57
696
99
0
1030
702
2
8
26207
61
22
4383
5003
14
8
0
644
13
1085
627
3
5
6448
4
19
6839
13
7
0
1540
47
844
2
191
14
47
5
1509
730
11
552
3
1980
8
2
1475
0
644
18
454
81
149
1
4637
29
306
18135
1039
15856
28
2957
6
2945
14866
4
2421
7
50
4383
3066
17
605
63
4594
4
2042
223
2
2607
223
1041
19
7480
227
1
9166
15219
9
4383
2
3291
6
64
3350
5743
2289
223
1
20
568
105
43
541
1
2527
16167
2
4970
2395
22
42
2848
18
8855
9
5743
43
8
6678
18192
8
1
100
67
1116
85
5
1774
916
5155
62
5
4685
2138
2
2086
1
1790
1140
17297
10076
1774
33053
3827
4383
4572
1588
3727
1045
223
91
8556
1
173
54
14
1031
628
6
223
38
107
41
3201
2
35
871
33
420
2
65
295
6
88
532
3
29
40
47780
21
22
2
294
68
33053
562
0
628
4359
12
167
7852
7
1827
186
7
3312
1
1549
4637
210
844
3
42
10763
4
4359
108
1943
6
4179
2
238
15863
587
719
1588
31
4383
3025
801
44
58
35
118
1580
0
1558
1737
996
14387
8
2
15
1540
61
306
129
0
544
719
592
49
8
129
3
2584
49
5
290
8
1
8
996
2612
6181
8
1
8
129
3
33050
5
290
8
1
8
24
188
3
1380
5
290
12728
8
1
8
129
3
4679
5
290
8
1
8
193
26209
8
4
8
676
5288
14355
8
543
108
21548
0
2668
131
43
196
6
5
26209
10109
14
202
2141
5
541
1350
2
8
33054
8
16
9166
15219
1
999
1
137
17
27
315
1
10
1031
49
3
5
4891
130
3
32
5179
4
4109
6213
6
3731
19818
7
3312
113
0
644
6
155
331
203
781
544
13851
4383
1
603
6
12680
3
9703
223
14
21
1502
3
4679
4
1616
1
467
563
17318
783
5881
23
530
332
13851
4383
17
19
263
2
4383
13
603
6
3532
3
9703
5
211
4
22835
256
6
5
537
3402
9062
14
2527
161
21
157
3
185
1349
5
874
6
1168
3811
15
167
738
3
0
1540
1
50
10
115
31
0
1790
12
4383
47
1140
1
13
1708
4127
4
332
5
1841
1
3221
211
3737
77
37
661
10770
2
924
628
6
1841
223
33055
12
5
1462
19563
43
658
7
5
1140
1630
6
418
3350
1712
14
4383
887
12
5
179
2877
427
1743
2527
29
1459
23
5
1649
6
0
932
3261
2
15
225
6
54
211
2527
161
21
2989
10
615
55
4
47781
1095
5
6444
6
5
211
91
16861
7
5
5873
2
3386
61
34
404
3
1517
23
169
23
2125
17107
6
158
67
24542
628
115
12
4383
18
1140
13584
223
91
8556
1
420
1334
4
265
1345
2
135
675
5
604
6
5
420
265
17
0
948
615
103
50
4383
18
227
3827
36
408
56
36
219
3
54
6
19
7897
2127
4
658
459
21
2201
49
632
478
2
360
321
2077
1485
636
47782
1846
44
43
41
47783
114
44
43
5100
5655
7
24790
5684
12
4383
18
1140
2
35
939
60
84
74
29
13
4538
14
21
388
408
0
628
24235
21
22
20
0
454
6
0
200
149
6
0
644
2
11248
16
101
48
8300
9100
1
9166
15219
1
122
1
33056
63
10667
27
315
18
2360
26209
11
18023
4
2042
223
380
644
16
101
48
8535
9100
1
13851
4383
13
214
7
1827
186
7
155
331
23
19
227
1
9166
15219
33056
360
1
0
891
9690
0
47784
6
4383
18
2945
5513
63
15863
23
168
23
4538
14
0
544
592
49
9741
1458
63
0
1283
4
466
6
5
247
211
4
605
63
5
3856
9
83
290
38
10
6426
4
2153
7
665
2
15
11063
683
61
738
14
37
1954
5283
35
47785
73
32
13757
1
2014
47786
4
461
3198
6
932
3811
43
3745
2
294
760
23
0
394
1892
1
2668
2395
348
0
891
3
47787
42
2848
1
324
2527
732
3
1517
6931
530
3
716
5
1540
2488
458
4383
1502
3
1256
55
5
830
2
65
891
7208
595
2
4970
1635
3645
47788
22
25
30
41
602
40
756
458
0
544
46
6261
2
2086
7
0
644
1
2527
366
0
4968
9
83
10
553
7
478
14866
17
5
4891
130
3
1743
21
1031
19
1127
227
11
2612
2
378
3312
3731
372
81
149
1
3637
31
1790
13734
12468
5444
8553
37
37
478
5268
197
4383
4
5
130
909
24566
4015
81
70
1
113
4015
22
21
8
58
361
3
14573
5
290
4
143
27
2612
8
2
4383
1
38
649
4015
12
5
587
11
75
38
47789
63
2042
996
6973
1
395
14
21
10
8
450
3
1804
55
5
290
38
6902
73
1386
77
8
2
52
176
16
8
24
73
1071
95
1028
69
159
3
1290
1
8
113
5444
22
24566
4015
366
3
495
2
25554
16
9166
15219
1
137
122
23
36
18
2930
184
28
186
12
446
47790
16
15
3727
1588
31
4383
3640
628
6
223
17
22576
7
42
10763
10969
276
16
65
11710
6
5
3731
2337
1997
7
155
331
127
4383
52
10
14400
9166
15219
1
0
211
38
58
383
4383
47
227
63
231
187
192
4
3825
106
63
27
315
18
707
19969
39
36
115
2793
12
19
11380
2
15
584
29
5
442
263
2
135
165
12
3
1071
63
8
14205
8
15219
1
317
4149
4249
27
4
123
19930
27
386
2
4383
1
999
1
30
40
477
340
2149
150
19
436
1348
2
12933
0
644
1
19
2395
29
1156
394
530
23
739
67
85
5
130
47791
17
109
9
12343
75
2
15
394
30
6096
14
4383
202
649
0
15603
2945
1011
9
26208
4
14
100
223
43
11818
2
8741
29
306
3637
28
4383
18
7480
227
4
28
179
8038
4
108
223
38
22
44
692
4383
12
5
9770
2536
4
202
1407
59
1116
2
1768
3637
10
1180
31
530
14
80
6
88
43
0
8178
6
2421
4
14866
4429
129
44
76
32
7431
184
4
4109
2
15
635
6
3532
3
9703
4
20904
256
6
5
1827
9062
571
76
934
4383
1
999
1
5
142
905
112
21
18
1025
2
15766
16
52
719
5186
129
3
922
5
211
31
4405
5288
27
77
2421
17
1011
9
26208
3846
16
4383
614
20
0
155
331
203
781
18
20722
11678
26
13851
4383
1
999
1
1588
3727
17
6181
11
996
2612
26
17721
116
3
718
8753
167
6
4127
8
5288
8
6
223
26
155
331
33051
33052
603
6
12680
3
9703
4
1616
231
223
26
238
6
0
231
223
10
19
227
17
1743
21
30
5
263


