101
5
548
19919
6
0
3722
1945
6763
27356
27357
783
1
1037
1253
4
0
2342
6
3592
43
137
12
132
105
6
42
1290
1746
7
376
6
5
8629
8912
25234
1979
2
191
421
7
0
132
0
295
492
57529
21797
1
113
1253
10
289
37
390
1716
2583
2
15
6278
224
5682
6
1652
20
5
164
7
0
35824
10419
7
0
884
6
0
403
1
5
57530
6
15880
64
4
105
9
6734
57531
17
5111
305
381
62
20004
2
4947
4948
3875
1343
9141
4
1253
363
0
27358
25234
120
132
105
6
42
949
703
3
1290
12209
16
6763
1
1945
6
970
1
7
376
6
0
27356
27357
12
485
488
4231
1
120
5
712
1746
6
1290
1253
17
17836
363
0
7307
2
139
46
32
0
712
295
18
439
949
703
3
1290
386
4
42
148
3960
602
238
6
0
1404
8
57532
8
7
1290
1
17
67
85
4301
9427
1
869
17
231
62
452
126
57533
69
5
957
471
2
7012
9
17173
1324
13
14193
4
21028
57534
31659
7
0
1777
23
126
326
2
101
5325
0
13207
1
967
1
13
0
11205
164
1
5
32681
19013
6
610
11
0
10419
18
792
6
126
1
169
6
1743
58
32
680
69
284
3583
340
97
185
2
15
7307
10
8945
17
0
185
6
792
6
4620
77
178
82
4
13
98
5
676
3365
5191
15
8912
7307
30
5
20318
1248
329
1
50
2190
14775
1574
232
4
35825
1574
1456
13503
16
9141
137
120
5
1746
6
0
7307
15
1248
11146
13
8
2745
8
31
27116
2406
1
50
29
676
4298
7
8912
2099
1213
97
35102
1652
808
105
3
834
1
8800
134
153
1812
42
349
11270
119
3511
134
153
165
12
3
1596
2
5911
1
799
6
0
1356
9
3088
164
18
1216
2361
33
8406
3
0
3668
9
455
17
129
194
44
33
98
4922
2
238
1
5
247
211
180
57535
1
30
79
204
27
2100
451
11270
4
98
926
7
0
2119
394
18
8692
853
4922
2669
18932
5
215
9
140
72
2034
2
5223
81
215
36
960
7
0
10419
17
27
34536
244
53
38
58
4082
140
2933
18932
134
215
62
72
384
51
1
45
30
98
622
69
37
1844
7
5
67
57536
329
6
0
403
2
57537
57538
1
1983
1074
771
6
0
164
1
50
30
86
416
840
67
85
31842
126
1
22
16
8
3563
1711
134
153
6
0
9427
495
323
6354
119
0
108
316
134
153
33
22200
910
28
2920
1290
1
24652
1
57539
1
57540
4
0
109
2
57541
16
1037
1253
13
2716
17
5
4115
28
1652
20
0
11205
164
23
9141
1
2342
6
3592
1
829
12
57542
16
15
11205
164
13
5
19013
6
610
11
0
10419
18
792
6
126
9342
16
11205
13
54
6
0
1558
9
8618
979
11
0
1245
7
1290
14336
16
15
2770
295
4
42
10618
2673
20
0
11205
7721
714
18007
2954
16
1253
13
4812
31
54
6
0
11205
164
18
481
464
1253
1253
17484
210
19
844
386
11
110
13
330
23
5
8
57543
8
9057
56
21
806
20
0
11205
164
8
221
33
140
314
57544
53
5206
6211
51
75
323
576
7
2574
17
100
541
20004
2
35
9342
2361
33
350
94
20
66
28
261
3668
2
8
15
251
1021
1
35826
57545
1
467
27
1234
7
5836
31
2370
57546
550
3
0
10419
18
57547
223
86
44
76
4082
67
279
4
77
9
2810
42
9440
8
8295
3
1386
42
126
3
164
2
35
249
35826
309
1
869
43
41
2874
3
1386
42
126
3
164
2
1768
2049
43
74
7
742
2
15
13794
404
0
126
3
383
8622
2
96
4578
12
0
2049
3
355
88
2332
86
44
76
11070
103
0
17261
57548
1159
57549
5574
1
5
1103
848
1
761
179
9726
5256
3202
0
2733
6
0
164
2
1475
123
25
30
383
54
6
1558
8618
979
11
0
1245
2
281
25
10
5
394
164
1
25
58
32
3905
7
1290
18
235
851
134
153
2
895
681
1430
57550
7966
7321
34
545
5
1185
754
7
5256
2815
0
841
50
1565
0
164
2
15
295
806
472
272
37
889
632
9
780
49
7
0
403
18
5222
1902
9
45
92
43
1297
6
3461
1136
11
5
9790
6
0
11933
2849
2
12428
16
1037
1253
13
2716
17
5
9638
1716
1254
15
11205
1652
498
1037
1253
5
4115
17
8
2450
8
7
3293
12
235
52
4
19
227
923
219
549
11
5
1746
6
0
35178
2493
3943
1
8033
17
125
6
0
57551
2831
5012
512
126
2
15
1037
78
1021
29432
57552
21
10
35
128
57553
17
0
164
18
57554
2156
4
97
1364
12
4424
75
55
6
7147
2
3244
0
613
44
649
10
13049
1
1903
1
38
10
576
7
0
10419
17
452
108
75
7
54
471
56
21
1050
5
12722
733
20
0
164
2
836
21
13
346
7
5
1340
4922
10233
18932
5
215
4
30
622
55
6
0
10419
69
5
260
6
19
220
2
35
281
25
10
74
11
0
164
24
84
74
183
110
24
58
29
617
17
57555
21
22
2
35
7204
3
88
24
322
500
86
12315
52
13
170
957
1
45
30
100
678
3
4247
602
2
35
24
188
3
124
69
5
1962
6
3277
4
383
5
425
303
57556
21
22
2
35
1437
24
46
181
63
12414
17813
1354
216
196
6
0
703
1
0
11205
12039
2548
103
1253
8
33866
1716
4894
390
56
44
2716
59
17
5
102
9
116
2363
5211
57557
2
15377
498
59
0
4115
17
8
2450
8
7
3293
12
235
5
149
515
6
19
57558
1716
208
149
2
15
7601
46
2029
19
1716
12
0
81
132
6
19
697
9
132
1746
3
1290
90
1189
3
21962
21963
3
3932
0
927
20
0
5010
24596
6
956
16058
2
15
4115
10
116
31
8069
613
20
0
14768
2774
164
182
0
29743
6
487
11322
3156
57559
13049
2
238
6
0
8428
31332
22
44
34
55
178
3711
7
0
4308
11
5
232
9308
1860
2
15
295
1117
219
42
1443
1678
17
9141
2229
18880
11
247
223
550
3
32
57560
4
4111
1
119
1253
3745
126
2163
1140
2019
2
15
2342
348
0
223
3
163
88
42
2019
4
158
469
27
619
20
125
9005
13160
2
15
295
93
39
140
316
379
1
42
4974
6823
162
0
15988
1777
2
13038
4
10578
16
1253
3739
17
5
693
120
19
703
3
11205
15617
714
1037
1253
120
19
703
3
0
5211
1782
3182
7
35827
657
1253
219
11
5
747
2051
17
0
5608
519
6
1290
1
57561
14611
14574
57562
1
19
227
219
3
0
102
6
0
257
899
3886
113
36
649
17
223
28
0
7578
9
34477
3288
18
53
22486
51
2
15
2342
10
4812
17
5
2954
7518
4459
55
7
925
4
599
4358
12
0
640
180
5
57563
2
15
22486
2747
2134
1229
223
677
55
28
7147
31
346
11
784
4
9141
1436
29520
23
5
304
6
4517
7
3353
18745
5614
57564
9746
9005
28
35828
319
42
948
2
9141
4928
223
28
22486
1
5
994
9
4692
223
18
14148
20
0
899
3886
18
57565
8
24
29
202
214
711
109
14
7
95
142
2
57
13
3749
1
8
36
22
2
15
35828
33
1225
33294
4
123
16861
11
0
223
3
9048
28
2
135
73
4082
49
3
3984
18932
53
72
802
51
11
5
1442
6
11431
162
22486
1
1548
110
44
58
2845
4082
2
9141
123
6859
49
17
27
315
3
703
54
6
0
172
18
1404
18703
1
27358
1
1151
7
1557
2
294
44
806
44
43
289
35577
6
57566
57567
1
119
1253
10
57568
17
5
925
10869
12
19
5420
330
23
5
57569
31
5
57570
53
62
8095
51
4
289
5
6748
5423
2
15
295
2141
363
0
8912
7307
18
20318
1248
329
1
50
2190
14775
1574
232
4
35825
1574
1456
2
57
10
1115
28
57571
2381
24999
4
2274
57572
12824
4
13
1372
28
235
3
1857
17
26528
7145
985
6
19035
1
19036
1
4851
1
8078
4
33770
2
57
61
5834
6
31036
11572
23971
1
697
57573
4
4274
2629
998
2
15
1248
11146
13
8
2745
8
31
27116
2406
1
50
29
676
4298
7
8912
2099
2
12767
6
0
295
3782
363
0
7307
14854
5
6123
604
6
1253
18
632
87
227
1
6763
1
1945
6
970
1
38
57574
2367
1054
11
6701
7
376
6
0
27356
27357
7
1290
7
4231
2
1037
1253
13475
844
17
1290
18
519
26215
16863
23
9141
3978
90
42
935
20
0
57575
57576
3154
8638
7
155
9988
12
437
15
13582
303
10
3449
14594
3
32
5
911
6
0
349
6
0
295
18
984
2
13445
1253
4
9141
295
2534
12
3
11170
31
747
3934
113
44
46
2047
5
4304
57577
1740
2256
31
1290
18
8076
130
1
57578
57579
2
861
5
1210
4369
6
201
903
1261
1
21
13
61
0
200
8076
130
7
3147
4
13
3905
2473
7
0
13540
874
6
15
353
18
1772
24913
1188
2
380
470
1253
1588
0
5211
1782
3182
7
35827
50
10
2550
7
57580
4
13
0
1404
528
6
97
1084
7
407
3147
1
4412
11
97
4627
6
3729
12
29909
2
57
3405
148
6
1290
18
4159
362
4
2010
20171
4858
7
5504
199
23
2955
2385
1
4716
2644
4
1128
2
26
1253
10
2716
17
0
3293
4115
31
1652
20
0
11205
164
26
15
164
13
5
19013
6
610
7
0
35824
10419
7
0
884
6
9988
26
4000
0
295
1588
0
8629
27358
8912
7307
1979


