258
1041
13307
261
262
22699
264
61
905
1078
558
268
269
262
4160
264
61
905
1078
558
999
57
3989
6215
6216
37
908
1140
948
99
17057
5377
37
6282
3954
185
4744
6993
34
14
1243
239
185
6283
61
183
149
3138
902
27
3052
1140
6954
3311
22700
1642
13
16347
5377
515
4772
87
3539
13
4975
22701
2831
22702
5
6290
12045
13
102
6283
13
15729
1579
5451
22703
6632
27
396
2011
13692
6203
6204
123
14
3613
13
24
1566
505
237
751
61
1489
13
24
5389
8651
3830
22704
27
17759
262
6283
37
22705
22706
4090
22707
23
24
16693
1178
5389
4929
1609
638
45
6420
13
14
8497
34
2951
5
14
4744
4931
1609
44
45
107
2950
27
6283
3965
262
6283
37
3989
22708
22709
2281
5377
5
3699
1019
6283
37
6632
101
24
6094
57
3989
22708
22709
61
87
6271
104
4048
22710
61
5
45
34
11235
12453
64
6291
1400
27
6283
99
3203
13
5696
159
24
22711
57
22712
61
502
87
1129
91
2424
1299
1300
57
24
1146
37
4965
22713
61
23
11021
34
6290
9981
185
24
1566
27
842
24
4744
99
7149
515
183
825
45
1119
6283
13
22714
445
32
57
24
1146
37
14746
18521
22715
5
334
3607
1203
2805
330
515
331
1193
2405
825
45
107
16640
27
331
251
8859
1609
7176
515
6283
516
22045
1579
2534
331
5859
13638
331
1222
183
22716
24
5396
4965
5162
27
22717
472
58
6283
912
908
8807
8842
22718
515
22719
159
24
20246
516
107
1687
3468
1284
3181
14
929
57
22720
143
358
5910
13
1639
76
6283
4043
32
57
1579
7706
1884
99
1231
522
5
4105
14
4744
1148
4034
438
334
351
575
183
149
6534
133
1203
22721
27
816
6283
288
5204
13
1337
1167
13
24
22711
57
22712
61
24
1623
57
7188
4965
516
837
1219
204
2738
27
1947
14
10859
2401
35
506
515
24
22722
105
253
100
2396
61
24
4965
1623
1764
91
2947
15
61
13
18
2947
1469
14
2816
27
251
3355
8091
2805
99
7149
23
24
139
515
20246
14715
516
107
644
13
221
47
34
1193
15718
1515
91
24
6290
61
40
237
516
107
57
853
1153
1222
6283
22723
23
2215
445
24
22722
27
246
3699
4789
6291
5451
6632
87
6271
104
4048
22710


