258
15355
119
884
57
14
7058
893
129
15356
525
13
897
76
14
2302
61
11605
525
855
5
935
8695
525
1816
185
14
7449
2073
99
100
561
61
1533
1284
1011
494
58
525
331
15357
331
7466
5
596
27
1704
15358
4503
61
5783
61
149
3218
13
14
6577
57
2584
494
5
166
454
1778
2132
185
2272
23
24
10926
7357
943
34
24
596
57
15359
15360
61
15361
341
27
665
15360
149
14
2052
9
2033
15362
893
129
105
799
13
465
23
24
1920
3766
64
14
550
27
579
2168
2933
23
7156
61
906
89
14
15259
10543
5
1770
1950
64
14
15363
438
7058
37
1968
15364
2013
27
162
5657
4596
61
926
734
27
15365
1142
525
9606
5
7479
15366
104
15367
61
23
24
1741
3052
3274
185
24
527
5945
57
10926
185
266
16
61
5
525
1816
149
554
387
5653
27
10555
12550
262
4338
2467
13
465
2
24
2705
64
14
635
2262
61
15359
15360
906
89
7156
5
15368
5
23
5657
4596
24
2052
9
2033
149
319
13
24
1741
3052
3274
527
57
7058
575
926
149
7438
91
1704
4503
61
1011
61
935
15356
76
14
1581
2302
502
12550
23
525
855
15369
532
262
15365
15370
104
15367
23
15371
185
24
10926
527
5945
185
266
16
61
4596
1142
1508
2220
13010
13
596
593
15359
15360
15366
185
14
7449
2073
27
119
982
893
37
1816
149
1142
387
15372
1707
753
926
105
100
7438
5
935
15356
13
897
76
14
1581
2302
61
1294
11605
525
855
61
525
1816
935
7502
14
1478
7096
5
12919
27
119
501
285
15373
641
555
1348
7260
23
7685
9677
3748
642
13
112
15374
1142
185
5
810
665
15360
37
1816
13
1704
6430
4503
5
2276
111
61
15375
972
15376
27
119
43
288
2940
61
40
15376
9762
54
10483
27
3850
15377
15378
15379
158
23
563
58
15380
15376
37
3359
515
24
4121
149
15381
57
15382
14
8672
57
54
15383
27
9046
1142
262
14
2073
218
24
15371
104
15367
23
24
1741
3052
3274
527
57
7058
61
575
7468
893
15359
15360
37
1816
149
1142
2010
494
495
5
34
552
596
14
111
61
1704
4503
61
99
2113
100
1391
13
5672
34
14
6577
57
2584
494
5
166
454
3850
15378
750
24
2959
185
2272
4503
105
319
14
695
34
15384
13
15367
61
575
665
15360
149
1142
61
1348
215
15385
525
23
24
545
8887
5
1920
15386
27
4503
105
750
525
215
105
1745
14
1066
23
14
7449
351
5
15387
13
525
496
215
105
456
27
396
516
278
100
6324
104
24
227
27
119
2959
944
4503
149
3383
14
593
57
14
4396
2943
23
7066
61
502
105
174
158
76
14
4238
8491
60
5
853
4567
57
54
505
562
27
3850
15378
330
515
655
4503
105
970
1253
12335
61
586
215
149
331
15388
5
3072
331
91
54
7280
61
54
2958
2079
638
45
1119
34
15389
23
54
6578
27
3850
15377
15378
330
4503
37
15390
6578
57
6324
494
5
190
454
149
6350
417
24
577
15357
577
5
577
15391
577
1992
57
54
2102
27
4503
825
107
12005
34
13124
23
4824
15392
27
246
119
2052
9
2033
593
15359
15360
149
15356
13
897
76
14
2302
246
1704
4503
61
935
6324
61
147
14594
449
24
596
13
14
695
246
15360
650
13
465
64
14
550
5
906
89
7156
5
15368
246
15393
501
12925
76
7685
4121
57
884
37
15374
185
665
15360
246
3255
330
4503
105
1253
12335
40
638
45
3935
15389


