144
6298
3752
65
749
2969
30
40
1156
495
12
663
31
37
8
2365
1865
8
23
21
364
28
0
1835
197
1498
4
0
4759
6789
2
19125
11960
10
1535
28
0
1865
403
6
22127
48
415
56
340
1869
21
10
11230
17501
31
37
5783
13755
2
18639
6
0
749
9521
10534
11002
0
130
4
1200
59
55
6
303
23
68
11960
10643
19
18172
1
3098
3
1450
647
79
54
200
2
297
94
11
167
19733
16
19125
11960
53
93
51
10
1535
28
22127
56
21
10
1156
31
37
8
2365
1865
8
53
122
51
15
6353
760
93
4
10
41
432
1
119
0
2969
9
38
10
1535
9521
120
19
3579
20
25897
257
71
9
10
11697
2
15
358
6041
0
755
6
8585
7
1498
23
708
4236
12953
77
0
64
9
149
868
50
30
86
416
285
67
85
3229
6318
4
966
10558
2
4759
18
1430
4216
131
20
568
50719
6318
29
40
285
7
0
6009
1
119
0
11074
853
6
9110
3882
6418
20
568
105
5327
43
4467
1
12521
364
2
563
1865
2504
10
285
209
7
1259
7
2808
4759
1
2298
0
245
6
1865
1721
729
420
3
918
2
924
1865
4467
61
29
40
285
2
68
11960
10
816
5
7742
1211
14530
2826
17
8
1382
8
7368
357
25
56
21
10
1156
2
23395
16
68
11960
10
816
5
1211
2826
17
8
1382
8
7368
12
25
4
1535
9521
7
0
3579
2132
16
15
130
2794
0
303
2264
4
9472
0
2969
55
6
0
152
1
45
21
760
921
52
30
41
40
0
118
4688
3
226
182
0
906
6
0
8085
3279
495
12
663
2
380
302
2898
50720
10534
50721
2898
9
50722
1
38
10
413
5735
11
19
6003
1
10
5410
31
7385
7
0
1269
6
5
3579
63
6318
285
31
1865
3934
3382
2
9138
103
19
1063
2762
9
905
1
21
467
3
20204
90
1360
55
6
1106
6
0
710
2
65
749
479
78
1112
16
8
657
4931
495
28
549
0
1865
403
6
22127
48
415
749
9521
2969
19125
11960
10
15981
31
37
2365
1865
2
8
19125
10
11697
4
46
722
4931
23
1260
2
8
68
11960
1
37
3889
1865
7496
1
224
3
0
10055
77
5
70
320
28
3768
689
6006
39
3095
1852
559
7
160
1
0
479
176
2
6937
710
16
68
11960
18
1836
76
32
306
3098
3
365
23
1732
11002
0
6353
14612
16
15
710
123
20302
93
3
163
68
11960
9
38
887
5
10632
1072
12
19
1732
55
6
303
26
19125
11960
10
1535
28
22127
339
1835
6
1498
4
4759
26
8451
1869
21
10
11230
17501
31
37
5783
13755
26
52
15562
11
79
54
200
90
3098
3
1071
103
9
710
26
14449
30
285
67
85
3229
6318
4
966
10558
7
64
347


