563
12432
1411
244
30716
19
142
3
1800
19
198
31
3799
59
3
715
28
0
4191
6
5
3907
2
16551
16552
4845
19
198
16553
184
28
0
6889
6
0
1393
2327
90
0
222
937
5861
59
3
193
7
18462
283
7
17805
1044
2
203
161
0
584
34
40
6391
12
37
3035
10355
17
16553
1
3107
1
624
19
17143
9
83
244
69
0
403
1
7
0
17929
6010
6
0
264
2
42284
16552
1
93
1
13
1922
3
715
31
19
244
16551
23
0
3907
24854
69
0
10355
44
43
4796
69
0
403
6
18462
1
1044
4788
244
16551
16552
1
5464
1
11542
19
198
16553
1
3107
1
3
715
23
21
13
3730
182
0
6889
6
5
3907
7
18462
7
17805
1044
1855
628
163
0
584
4408
6197
20
5
2994
23
5
3907
496
69
303
2
89
23
0
1393
24854
7
3
42
10355
1
0
244
14249
9579
19
198
4
11542
59
184
3
715
2
1544
23
0
3907
1130
77
19
1673
1
21
10
170
450
5331
3
2276
16553
184
28
2463
2
13674
192
0
244
18
2916
10
389
77
1
1003
59
4573
2
16551
16552
887
49
19
2468
1228
3
2276
19
198
3
715
1
158
56
19
220
1673
43
91
5861
31
0
3907
15
8327
628
43
204
77
5
894
6
79
1578
2
16196
806
1780
39
1
45
21
10
2658
420
20
0
548
119
16553
10
24855
31
1296
4807
4
1015
11
1907
2
15
1393
700
1
38
1365
1130
28
0
548
6
0
974
1
30
40
432
119
106
2235
0
193
2
14485
39
16551
1
5464
1
2054
19
198
18
142
1
10051
220
142
13
1182
56
19
2916
13
5861
31
0
3907
20
5
538
2994
7
18462
1
1044
26
4788
244
11542
198
3
715
23
3907
24854
69
10355
20
2994
26
16551
16552
887
49
3865
1794
158
23
1393
1565
77
19
1673
26
17143
9
83
7728
8930
39
222
937
42285
19
2916
26
24856
432
39
8
831
28
0
974
8
7
18462
283
1
1044
26
10200
16
11395
14240


