15
1383
370
30
40
37
40467
3
169
1808
7
612
82
133
45
289
0
1521
6
1216
11
148
2549
7
0
1745
9
726
1203
1
2906
76
32
0
3007
132
55
11
5
1030
2662
6
476
2
15
872
7745
6
338
283
1
435
1
1510
1
1460
4
612
328
370
4961
4501
283
29
289
125
2592
4245
5
541
16347
6
1216
20
81
2
281
66
154
55
0
105
6248
133
671
1
338
250
4
502
133
2998
6
0
108
834
1808
93
29
413
5
753
2918
197
88
7
259
82
2
4504
335
2029
39
2501
435
441
9
314
7
0
1383
370
20
3406
2158
11731
40468
6
4504
1904
39
1435
19
174
18
200
616
12
377
4330
854
2640
18190
1904
39
1435
11
19
243
127
338
283
18191
6
0
1808
1
1913
134
153
6
217
93
7
0
1203
1
29
141
413
5
1285
4320
1
1383
370
62
328
370
48
1669
2
1315
85
272
29
141
3340
753
20679
11
775
82
4
452
1808
1531
9
1277
0
3101
353
1320
2
3222
1199
1
5534
1
6502
4
1816
250
29
202
413
5
2918
2
221
33
125
1399
425
1701
38
29
3635
5
189
71
2
7891
6
0
336
2836
335
38
46
225
336
3130
7
0
1745
726
43
1733
56
42
174
413
0
1383
370
7
4742
2
5715
224
28
374
3
1017
697
9
130
4501
283
463
9
275
7
42
1383
370
1455
726
1981
275
70
133
671
53
526
1383
370
51
314
82
133
338
250
53
151
589
328
51
463
82
133
502
53
190
328
370
51
485
82
133
4330
53
1686
328
370
51
608
82
133
5715
5883
53
1870
328
370
51
414
82
133
2432
283
53
2649
328
370
51
835
82
133
2542
1900
53
5174
328
370
51
1314
82
133
336
2836
53
4742
1383
370
51
775
82
133
2766
655
53
6943
328
1620
51
2162
82
133
1952
53
9210
1383
370
51
2297
82
133
3183
283
53
9120
328
370
51
3107
82
133
336
3130
53
8044
1383
370
51
3643
82
133
4357
13324
53
11010
1383
370
51
2881
82
133
3521
820
3801
53
29865
1383
370
51
1579
82
133
3779
250
53
24322
1383
370
51
16255
82
133
4504
283
53
14305
1383
370
51
580
753
8336
133
5534
1
6502
1
1816
250
1
3222
1199
3222
1199
18
12
9
1331
854
7553
10296
1904
120
0
0
1383
370
313
127
1460
10030
476
29
3
32
158
1446
3
1714
901
5
4037
2
1768
1383
370
4914
7
8044
10
86
189
320
1
449
1961
12205
10
170
5
4428
9
83
7
769
5295
2
1952
29
444
0
81
2162
82
450
3
12255
42
6123
1383
370
9
901
8296
6
9210
2
3696
44
33
4712
4961
1292
3
1455
9
726
10778
5055
5534
1
38
29
202
413
5
753
3060
1
62
9966
1745
9
726
5055
4504
283
2
135
1561
0
328
370
368
5
295
6
82
320
45
11
882
901
385
1
66
29
3
40469
3
14305
2
338
250
43
477
3
5
12381
1203
17
1816
250
7
42
2584
20
6759
1749
5674
28003
53
528
51
1904
24323
11
2432
23
44
2862
1510
55
6
0
1383
370
14123
0
425
105
1
4330
33
0
148
612
2918
4961
1
6505
0
328
370
7
1686
182
1257
15726
2
16198
9
726
5055
2432
283
4
2542
1900
29
61
413
0
328
370
7
576
1915
45
44
43
125
71
320
241
2649
4
5174
6486
2
57
46
355
815
37
1176
9686
56
1745
9
726
872
496
140
2
191
1714
118
64
6
0
4457
93
29
118
413
5
425
2918
7
944
486
133
3835
2375
20
671
1
4
0
29866
15726
1
98
7
766
6
2766
655
38
225
6502
2
26
589
328
235
105
43
80
2459
55
31
1611
9
1285
3358
26
18191
6
0
1808
29
141
413
5
753
2918
48
1669
26
3222
1199
1
5534
1
6502
4
1816
29
202
413
5
2918


