7173
4484
2
24
12633
6605
38606
91
6254
825
2502
23
24
8944
13975
237
36
27
119
8944
7173
5040
1520
23
14
376
515
4484
2
24
9687
57
38607
61
38608
5
38609
825
2502
23
24
169
8199
527
61
14
188
9
9313
8944
191
27
9360
133
262
12650
14257
2502
76
14
2526
438
8944
1203
1573
104
24
38610
38608
4450
1748
23
24
12633
6605
27
26482
2
24
12633
6605
825
1094
2502
23
24
8944
191
1877
6254
38606
24
37712
23
266
61
183
99
4639
360
582
4484
646
27
119
38608
5971
825
1153
14
7224
17194
91
1094
9
38611
12650
4441
201
77
17266
38608
35
36
27
12650
7173
17252
1609
38612
38613
750
24
4577
2905
515
6254
105
709
700
13
28214
2526
185
496
6260
9712
1579
8442
61
5
289
185
14004
5
16371
13
331
1550
21672
11835
331
23
352
27
8944
5405
57
24
9832
2118
2434
278
330
12633
44
4093
5971
331
1986
21865
123
24
11944
27
5048
47
262
6254
825
4093
24
1462
14004
2118
2434
23
9832
5
12633
44
4093
5971
331
1986
21865
246
12633
6605
970
38606
91
6254
246
38614
57
38607
61
38608
5
38609
825
2502
23
24
169
8199
527
61
14
188
9
9313
8944
191
246
6260
7173
17252
1609
38612
38613
2403
34
14004
5
16371
13
331
1550
21672
11835
331
23
352
246
12633
44
4093
1986
21865
34
5971
104
9832
2118
2434
23
6254


