65
260
14
10
786
7
5
349
6
7559
13207
30
40
17911
4
210
99
12
0
842
79
231
187
192
9
11
72
1688
67
2
15
15880
105
9
1528
2335
9
7127
102
7
6402
6184
2057
1
21170
1
1554
1
10
786
11
72
42715
7
359
39
91
11496
12
690
818
587
12696
2
15
947
6
0
260
10284
5
30888
1
17
15880
12045
8048
12
21171
4
3178
9
8032
1
5854
8546
4
7565
2402
31
15682
4
6032
6
1482
17335
7
274
471
2
297
94
11
167
24978
16
14561
12045
1
15021
30889
4
3207
10366
7131
0
2137
7
48
2001
690
13686
783
50
532
12
587
12696
7
488
42716
6862
16
65
111
787
50
30
532
12
690
818
3727
1
12696
4
42717
1
332
5
6840
2137
9
12633
170
7612
125
147
997
0
2001
799
1
1617
3774
30890
2393
30891
562
0
690
23
5
8
894
876
8
260
3910
8
42718
30892
42719
8
7
0
42720
4
5
8
5514
7934
8
2
15
690
61
7213
5
8
117
2839
8
4
5
439
1528
8
2959
85
212
1260
4112
439
1528
8
23
168
23
91
79
272
9
5
9
2777
28
21170
8643
3292
4
487
3109
2
15
2137
12918
10
562
23
3910
8
5
908
6
1884
4
1955
4628
20652
5
54
9
4
9
5
9
272
6779
20112
5499
8701
17
42721
1
9546
17517
3
675
17797
1
29616
4
14348
8
2
30893
9
0
690
10
3745
591
278
31
9966
4686
4
10
12
0
842
11
54
215
90
91
1082
11
0
412
1514
968
7
359
2
42722
16
15
576
471
10
137
478
350
109
5
30888
17
6360
8048
5189
9
602
0
690
170
3570
5
7303
18507
49
16
15
776
3829
332
5
24979
576
471
9
0
260
7
21170
1
1554
1
13
98
12
0
842
11
72
11239
57
10
4782
31
5
690
7607
38
2183
3
42723
25
4
1070
25
69
5
2108
117
102
2
89
209
25
1172
14
0
260
10
11
1078
311
4
1
7
5
911
6
0
3303
3399
842
1
34
37
1514
968
6
72
11239
9
5
72
1688
1048
7
79
231
187
2
15
7303
1
38
30
41
40
1459
1
1878
562
0
260
23
8
5
8638
8
2
89
397
19
361
11
0
690
1527
3
29
29095
23
3467
799
6
0
549
6
0
260
350
24979
532
12
0
12696
587
2
17476
16
15
1528
10
2764
1397
17
16173
6
1482
24980
0
1266
4
30894
3737
661
30895
42
4967
12
3
0
2402
898
20974
16
15
1482
29
40
204
184
45
0
1528
13
416
28
8521
17
0
917
103
97
21172
4
5
24981
9
350
8754
7
0
1269
6
0
898
1429
11416
1
6
21170
6308
15022
1
22
16
8
15
2407
38
1082
25
10
5
690
7607
45
21
118
213
23
416
23
42724
80
0
6360
55
4
123
21
1130
55
6
71
2
8
57
18
41
1595
1
25
1026
5
111
2352
1
111
3226
1
111
1647
8073
1
111
850
2
57
18
5
1825
1377
2
8
191
552
38
2211
7585
2
18508
14
252
147
124
67
1120
2
57
1026
850
500
1
25
1026
42725
4
1536
311
2
8
380
12696
1
0
776
13686
13600
16
8
15
690
30
1890
7
15
507
491
56
0
690
10
412
6
6976
4
6360
53
98
1145
51
2
15
690
46
252
5
412
17910
4
13
12
0
842
434
3
0
111
1040
41
40
344
3
1046
0
926
2
8
57
58
2020
552
17
2688
6
71
12
42
844
4
32
344
3
5900
0
690
3
5
21173
641
2
15
690
13
676
549
4
171
32
3745
3
4925
0
837
12
1005
1346
23
5
117
102
62
2893
9
471
716
690
2
8
16337
3829
16
15
737
532
12
12696
7
488
17
1617
3774
30890
2393
30891
4429
0
690
23
5
8
894
876
8
260
11526
12
0
842
16
15
6840
690
30
15691
478
17
37
1514
968
6
72
11239
9
72
1688
67
85
25
10
1082
11
7
359
380
0
776
12696
3829
1
25
3346
16
8
15
690
58
2020
552
17
2688
6
71
12
42
844
4
32
344
3
5900
0
690
3
5
21173
641
8
26
1206
219
12
0
842
7
488
9
3620
12
690
587
12696
7
5
349
6
5263
17287
26
21152
25
10
786
11
97
1514
968
6
72
30896
3
690
7607
38
2183
3
1070
25
69
2108
102
26
89
39
231
187
21
18
118
2853
55
0
6360
4
17911
0
1968
1
17
0
260
170
41
8
21173
8
26
997
48
9
25
18
98
99
12
0
842
11
72
11239
9
17
111
12696
947
1045
103
260
18
12229
1968
2


