144
507
491
1215
674
3467
20
35390
14269
12
20722
484
411
2531
46
13023
5
2904
708
1059
12
0
594
6
2068
208
215
1
25
1172
209
2
15
356
13
5
2626
127
0
5649
663
9
4296
14
285
823
4891
1760
20
0
872
7
37
3069
276
6
6238
2665
2
65
394
949
78
0
8482
546
1725
16
8
15
8754
30
756
41
3
2047
0
17832
935
2
8
2531
18
4561
20
0
1059
34
40
1407
5202
3
1524
9823
7
0
1252
2050
5
880
2
297
94
11
167
55533
1087
16
4891
11387
9
574
9
4681
55534
4015
53
93
51
55535
17
2188
6
4455
55536
4326
55537
1
38
10
54
6
823
1760
285
7
5
5649
343
20
0
872
1
20
19
102
7
55538
11622
5153
5
321
2220
7
55539
397
7
1295
3
0
5649
663
9
4296
2
57
10
209
366
14
5649
1244
206
29
40
5502
69
2461
1965
4891
1835
2495
31
0
5112
1643
1
8793
321
765
607
1750
14
5649
1244
206
29
40
5502
69
2461
1965
4891
1835
2495
7
5
8708
19342
31
0
5112
2
15
343
9
50
2531
327
219
12
11
472
64
269
4
921
158
39
1760
34
1184
17
1244
3
429
9
3367
0
9432
1965
514
358
17
2531
150
0
2068
868
467
2
65
2146
4930
9398
3833
4348
10
1156
31
0
5112
7
0
390
269
6
377
415
2
657
8715
0
5112
7
0
5858
9
3367
1835
329
1
0
4348
13
22
3
29
6238
54
6
0
2531
16704
55540
11
5
7800
27194
4
180
7
5
5649
35391
4
343
5805
3
661
514
2
321
694
1
1535
12
641
6
9060
1
758
0
607
2135
0
5112
206
29
4086
469
3
15824
5
1842
9
1835
514
9
666
14
58
207
99
10664
18379
197
0
321
4
5649
1244
4
4891
1760
20
0
1312
9
11022
1835
2
11299
5258
6841
1064
9
513
11023
120
5
2626
7
11922
209
2
221
13
3838
2802
357
2531
262
0
663
9
4296
15
358
30
482
0
31238
717
4930
9398
2531
573
69
5
55541
2
1495
523
35392
1
251
6
321
2782
20253
1
397
734
21
30
4334
22409
1495
1774
3137
1
37
1752
2132
721
2101
544
1
3
667
0
4376
69
0
358
2
22409
1495
3137
30
40
1122
3
675
12998
28
0
5649
9
531
1244
7
2068
1
23
168
23
5507
28
0
3833
4
4891
5943
2
852
3
0
321
765
1484
562
3
546
1725
0
2697
1583
1
0
2146
321
4
3833
4348
6369
99
9
49
39
91
312
31
11487
4
501
1942
514
31
5112
3133
2
2266
4760
1
0
2146
4930
9398
3833
4348
87
3713
17
0
4891
2530
1
50
364
25
34
100
1721
7
0
329
1
0
765
1063
22
2
871
64
269
192
1
170
3564
0
10873
9
38
34
31
123
1708
2198
7
0
3004
6
4891
1835
2495
9
0
321
5352
1148
110
21
273
10
5
7800
27194
1
17
1509
2015
6069
12
55542
2
15
2146
4348
180
11
0
663
9
4296
20
140
55543
487
71
1
41
8771
0
27194
10
1708
0
4891
1835
737
2
28808
12413
16
15
823
4891
1760
38
43
285
7
0
1150
33
3385
397
32495
16
4891
1760
6125
543
0
11303
6
30315
120
397
18
1481
8595
163
0
4098
1295
1041
18116
343
5805
4
37
55544
35391
2
321
694
33
346
12
0
16681
0
5112
2801
0
2424
11
0
87
343
3
1014
9938
4
1203
321
4
4891
1244
69
3942
12
277
108
1
25
13
366
2
378
0
857
518
1
479
4607
8241
22
519
2221
367
11362
0
4891
1603
5
1819
1
4
22
0
1723
13
1571
3
2235
2
15
5657
443
5
146
9
946
9515
28
1495
35392
16004
22409
1495
3137
3
2805
110
510
1
50
4628
43
553
1
50
1935
107
62
107
41
1842
0
1835
1
129
0
1012
10
17925
1
4
110
601
0
1603
4
579
2
22409
1495
3137
392
61
1682
4985
63
129
1835
2101
76
32
3698
2
318
368
365
392
32
5881
31
405
928
2
15
985
6
0
663
9
1872
1172
23
55545
43
81
166
55546
357
0
321
765
4
6531
5239
1
2048
4113
4
2714
1718
11
0
3833
868
4
0
1216
6
37
5680
708
1059
2
657
321
694
2303
4853
4
11377
77
0
1842
9
1835
358
1
44
33
41
18891
2840
1
2520
12420
607
63
38
1582
87
2
15
663
9
1872
10
10268
5498
23
168
23
2749
1
627
23
321
694
43
346
3
4509
5184
17
0
55547
39
5
695
6
753
26646
1
173
0
321
18717
2980
69
2531
14
285
6898
2248
3983
7
5679
11686
16
5649
5805
705
3
48
54
1151
514
12
0
4891
2530
29956
373
3
97
1835
17
2068
101
612
347
1
765
1325
34
3214
6513
125
27195
14
4930
9398
2531
765
17469
455
0
1835
10
2230
3
1665
2
1217
81
426
1
321
1539
4455
1495
1179
55548
78
5657
3258
14
2689
6
3942
28
2531
6009
34
31104
103
7834
7
612
347
2
5657
1382
2491
778
3250
81
166
5131
0
252
11
5
989
765
573
17
2531
2
52
22
16
8
15
4891
394
1624
136
1056
12
14
1
4
14
13
60
84
4853
0
983
6
142
7
48
358
1
4
60
33
1664
25
2
8
15
765
16199
467
472
1006
2
2531
30
4530
2904
2714
8305
11
4930
9398
531
1721
7
2068
4
4178
1134
22057
5
1955
157
31
513
4294
2
2531
1122
4597
2564
3
55549
42
5414
1012
20
2531
18
55550
663
1955
647
64
347
1
5
1113
4891
949
22
2
15
694
1002
12
641
6
9060
3
3065
2336
3916
2
380
0
6531
376
1
0
367
1723
22
2531
206
2056
55
6
37
708
1059
12
2068
208
149
23
5
768
6
0
358
2
15
660
781
61
1209
5
111
1869
11
321
2281
7
2531
2
57
22
80
321
394
3274
346
7
2531
43
91
3225
3
55551
4
763
1576
3
32
12
2369
11
686
18085
2
321
2281
7
2531
33
91
78
3
1024
7
13048
1
1605
4300
4
5577
4
402
5
838
1709
2
26
2531
7138
41
3
2047
708
2243
12
2068
7
17832
26
321
8793
607
12
343
233
20
3791
6
5112
3959
26
5649
3775
0
1603
23
8
2287
4
20165
8
26
55552
6
2221
367
12338
23
792
154
3
0
1777
7
2626
26
2531
2530
4178
0
343
171
7985
9
45
25
921


