144
9755
13532
293
16
27792
138
1
896
359
151
291
287
16
25295
138
1
896
359
151
139
13
0
31408
7491
6
25296
9
25297
38
492
37
478
393
39
5
167
6
19
2019
532
12
43791
2
1186
8590
1
713
1
28
8337
15084
7
25298
1
492
37
478
6132
39
5
43792
4741
1045
59
1637
5
486
7
0
663
219
4229
2
15
18651
1132
391
1222
738
31408
68
8590
12084
7
5
2085
9
11329
195
1247
1
45
25
10
511
3
12158
0
6393
6
0
353
25299
2632
6721
7
3339
3
7743
59
3
32
0
393
2887
20
42
1489
1481
2
297
94
11
111
167
6
1186
7
684
558
1186
8590
1
713
1
492
37
1066
6132
39
1222
1045
19
486
2019
10
633
478
68
8590
30
383
5
487
3056
7
19
102
704
6
8337
15084
39
0
167
6
19
2019
219
4229
982
18651
628
12483
68
8590
18
16442
43
511
3
2596
0
1072
6
24536
694
68
8590
30
40
5
168
9
330
1313
7
0
2679
704
11
67
85
5
2318
1
45
56
111
1222
1045
59
1637
0
873
49
11
743
5
977
10
633
12
0
19531
16
25300
15084
461
946
20
0
872
1
19
2976
219
1852
23
486
476
0
172
77
43793
20
19
2019
2
15
4741
332
59
1075
37
2706
1352
7530
31
54
587
3
14
6
15060
2693
2004
5706
1
6603
0
873
140
19
1897
4
5906
340
4895
25
2
15
1222
1
50
13
207
3
7297
4916
104
8299
2867
1
10
2207
339
0
16073
7
25300
15084
31
125
14092
9
31
38
1148
59
28
42
195
2
12704
75
6219
25
10
5
14972
62
5
6643
5097
3894
1
45
48
1241
68
8590
1002
55
63
19
2402
3630
2
52
22
16
8
57
18
4577
3
181
14
86
169
75
29
214
95
2019
9
48
13
79
110
24
84
2
4461
1242
46
29
5
2061
140
17
121
45
44
300
517
39
24
382
958
88
49
2
8
52
22
21
309
4506
0
873
140
39
21
342
19
431
23
5
12677
7
1870
1
4
98
5550
64
269
5
132
12084
7
0
195
1247
2
10883
77
5706
16
68
8590
30
444
82
28671
19
2019
7
19
5212
1169
23
1472
23
25
829
16
318
2019
29
2919
59
20101
28
140
0
172
18321
3
503
0
4043
16
68
8590
332
49
487
2871
38
226
94
11
5
2061
63
43794
16
15
25296
9
25297
393
7404
3
7909
19
2627
23
21
332
103
19
873
742
68
8590
176
16
8
24
351
810
30945
11
5
425
2407
4
24
382
213
205
619
9
1072
25301
1
3562
4
7604
2
8
24
351
1399
205
158
609
24
382
213
5
396
6
31409
12
121
16
25
18
79
5
978
6
1779
4
24
382
213
2688
6
71
12
95
844
11
14
2
8
836
0
6393
6
0
353
25299
2632
6721
29
3578
59
3
393
7
42
1489
1481
7
3339
208
215
2
135
46
1412
59
77
87
1108
1
210
59
49
7
5
172
9
1108
646
1
4
503
59
72
1887
5
132
119
21
13
92
2
65
479
22
16
8
52
18
5
6132
9
66
516
74
154
212
1069
103
59
2
8
68
8590
5550
64
269
5
132
8
346
49
5
12126
8
31
12084
19
6234
486
2019
1194
1022
1
546
3033
6
487
1581
0
1940
3496
1
78
1112
68
8590
10
5
168
9
330
1452
2
52
22
16
8
52
18
40
500
25
94
31
0
16073
11
82
9
24
157
3
177
59
82
320
1
45
11115
28
0
1222
1
21
18
213
5
396
419
150
123
2
8
23665
12
0
461
946
1
3359
308
12447
74
14294
1978
2670
139
8196
3433
1
33
2931
25302
1
17
54
324
16
8
25303
55
2693
2
104
408
59
1219
77
54
132
1180
31
5
2319
233
140
3
177
112
767
408
4
43795
1
60
107
2
8
1094
478
1843
395
16
8
3081
218
5706
218
6102
8150
218
308
206
98
1985
8
4034
2407
28
25298
8
3
14
43796
874
2
8
26
1186
8590
330
7
25300
15084
1
25298
1
11
486
2019
26
52
309
25296
9
25297
56
21
342
19
12677
18
431
7
1870
26
31410
3
1032
20
353
25299
2632
43797
7
3339


