435
393
1508
6124
4654
30
40
1045
103
19
6964
6
2019
23
196
6
0
111
13615
414
229
2
15
4488
708
1
38
1250
12
0
376
1202
1328
1293
47
4586
2168
1
13
214
7
48
167
1444
55
0
111
6155
4
16217
3034
28
2946
414
11
875
3
2995
37
2213
12
42
5055
2
15
2019
675
5
10723
1812
4
1433
14888
8112
23
0
1508
47
3630
13
4359
7
541
71
90
91
5958
11
0
952
486
229
2
435
1508
6124
4654
6207
5
1433
14888
8112
7
5
2019
167
11
2946
414
15
167
41092
9788
129
3
2056
103
0
6233
14
4654
2096
7
0
167
4654
1
38
13
12
0
376
1202
11
2946
414
1
30
34
19
2019
4268
3
1384
12
0
167
229
15
4488
708
13
54
6
0
148
5389
335
357
1201
1
958
17
261
2019
275
2
4586
2168
10513
314
2
5024
3081
10732
463
2
30086
20813
1579
441
2
24522
24523
1579
483
2
4288
12516
1579
399
2
17144
24300
7589
691
2
2331
2126
7589
802
2
16244
14733
6990
870
2
17883
11760
6990
259
2
6124
4654
6990
4654
30
1890
7
80
146
6
435
47
589
328
1893
48
236
23
0
4480
29
37
41093
585
20
235
6
0
1639
2
360
4654
10
1129
3
2726
4654
3
5
1889
328
313
12
506
23
2247
2151
47
243
43
93
4356
23
6809
477
0
336
6397
3
5
275
9
275
1203
2
4654
46
610
0
2019
13332
7
48
2946
414
167
73
185
435
3876
23
44
251
3
0
4861
3
225
993
3139
338
283
12
302
2
4654
1
38
30
383
37
11776
196
6
2151
18
435
243
1
61
1250
7
2946
414
18
12460
4654
19452
5
1840
14888
8112
12
5
24524
11
2946
414
1
113
21
13
4270
0
6586
237
561
6124
4654
4
4586
2168
23416
0
1202
6
41094
4224
8
776
2946
167
229
11
0
1043
236
2946
414
13
720
7
1837
28
460
896
26
15
4488
708
13
12
0
2946
414
1202
17
4586
2168
26
6124
4654
30
383
37
11776
196
6
435
18
4838
26
15
4946
9
83
332
103
19
2019
7
5
2946
414
9542
167


