8689
7
2920
407
1019
1
5
4160
599
15544
2192
13
21386
2873
3
1083
49
7
20066
6
4508
4661
18
504
9
2185
2182
6
5
9263
17264
2
15
416
9
122
15373
22480
18578
53
27344
51
13
550
792
6
6782
7
765
9
876
57337
8493
6
15041
3
666
11
5
1443
599
349
2
144
132
1
44
33
1922
3
42
1702
6946
17
833
5504
4
994
9
1480
4535
1
80
0
119
91
78
6
0
2463
28
8
0
1628
6
15153
450
3
922
66
8
2
1437
31
166
1
44
33
5142
3
7749
2858
27345
50
169
2183
34
2575
28
407
1019
11
205
2
297
94
11
167
57338
16
24405
154
196
7
5
765
9
876
57339
389
31
0
416
9
122
15373
22480
18578
50
13
550
4
21386
88
69
317
49
57340
6
2320
5
1443
599
349
8
24
84
74
29
588
280
8
16
27346
4062
1
5
3856
9
83
6415
57341
1
30
5
1158
1284
127
19
251
120
994
9
1480
4535
20
0
15373
22480
18578
1568
339
15041
590
27346
4062
1
5
3856
9
83
567
9616
12
0
776
1568
1
0
12837
6
83
11532
33
369
18236
7
19
1516
2
8
101
0
7378
25
131
588
75
392
495
17
588
75
4
599
75
392
495
17
599
75
1
8
21
131
2
8
308
73
41
4308
4089
2
24
84
74
29
588
280
2
281
44
226
3
95
243
4
1821
3
1450
3
121
1
24
46
161
100
2
6147
24
46
1070
95
99
12
88
4
1097
184
2
8
27346
496
28
5
2568
2629
117
1
196
6
5
501
45
1571
5205
6
15373
75
38
170
32080
11
10371
9
3796
4171
2
52
13
54
67
85
3058
2873
38
29
2047
35790
3751
1
37
27344
8
18184
8
1568
11
599
2871
1
77
0
81
64
82
2
33805
1180
42
804
11
5
2302
3738
180
57342
31
57343
24421
2
8
104
188
136
220
264
8
16
4218
6
0
1568
5153
0
407
2117
2220
57344
1272
37
15373
54
24333
16
1315
85
3058
2873
38
29
2047
35790
3751
1
37
27344
8
18184
8
1568
11
599
2871
1
77
0
81
64
82
15
1568
13
389
31
11474
57345
1
5
3320
6
0
407
2117
10371
3796
2
8
407
1019
13
5380
1
8
21
131
2
8
191
48
13
459
60
29
3
1001
136
75
3
32
1534
2
8
221
18
1628
4
1628
6
15153
140
66
1
16027
66
558
4
1003
66
2
8
788
66
29
3
7815
1569
2909
3
3201
4
14
18
459
60
161
0
118
571
60
73
165
98
11
13
41
10371
2
387
18
200
3060
2
1366
3060
13
3356
2
8
318
15570
2685
109
385
204
1307
55
6
0
12728
9
2383
3796
2
144
132
1
0
2871
33
1922
3
42
1702
6946
17
833
5504
4
994
9
1480
4535
89
31
166
1
44
33
5142
3
7749
2858
27345
50
169
1131
2183
34
2575
28
407
1019
11
205
52
2750
88
16
8
104
233
410
2
104
84
74
233
0
222
23
88
2
8
135
29
3397
6130
2
15
6130
33
623
3
16234
8568
2
8
13409
218
104
29
3820
6130
2
15
57346
5000
12
0
549
33
2790
410
3
13647
2
8
57
18
194
67
3891
2
387
18
459
282
35791
183
1
312
88
127
0
5000
4
44
893
1219
3
0
640
2
2499
42
5000
33
116
7087
2
8
4000
1
464
6
0
1568
33
2207
4202
0
407
2117
2220
119
1272
0
15373
54
2
8
580
54
46
794
282
3
938
182
48
2220
1
8
44
161
2
8
104
35791
188
136
3356
2
104
188
136
220
264
2
8
26
9056
9
122
15373
22480
18578
1259
11
1443
599
349
26
57347
1
414
1
131
16
8
308
73
41
4308
4089
2
24
84
74
29
588
280
8
26
35047
5142
3
7749
2858
27345
31
57348
9
3796
1325
26
135
33
78
16
8
104
233
410
2
135
29
3397
6130
2
104
29
3820
6130
8


