144
2778
15652
293
16
24868
138
1
591
534
190
291
287
16
30733
138
1
591
534
190
30734
9
231
1969
24869
1
173
5
7302
1077
1
5
1778
1021
4
956
2564
1
29
40
432
357
0
255
7
5
753
106
493
69
9491
284
345
628
12
0
1066
2
4218
6
0
1971
1244
1
5
14994
4
5
16481
43
61
543
217
4747
7
0
13183
1012
1
50
553
67
85
775
106
1244
5399
2
3792
1711
126
29
40
204
3
715
23
196
6
0
493
1
173
316
38
43
115
3
32
576
20
0
3228
3414
31
362
2
24361
16
203
531
31
0
4687
21100
4
3958
7415
2169
5117
20
568
14775
818
7636
4
432
7414
3847
203
531
31
0
4687
21100
4
3958
7415
2169
53
12681
51
5117
20
568
14775
818
7636
1
23
1638
763
14
628
91
9067
31
24869
33
1621
67
2350
1
18467
4
1867
2
1772
6
0
7636
1785
3
787
2178
1
173
0
2389
4
6146
6
3398
628
6
126
1
12681
22
2
3798
432
675
5
4282
1
37
8409
2966
5400
1
5
1140
17608
4
330
3264
38
34
6371
0
1105
6
0
6443
18468
8
12416
2
12681
209
933
5
365
1869
14
767
780
13676
284
762
628
478
3024
5
759
6
6245
1702
345
1150
12
126
2
15
365
22
14
54
3425
738
2622
134
153
6
24869
38
18469
3398
628
61
4434
707
2178
127
126
2
15
365
61
763
14
3733
1664
478
3398
628
6
126
1667
37
8
4724
21101
8
20
5
71
56
106
10860
33
91
615
2
1197
14995
1
5
3704
4722
20
12681
1
22
16
8
15
628
91
9067
33
2497
1621
67
2350
1
18467
4
1867
4
1384
2497
1676
126
2
8
360
1
0
14439
4
245
6
628
477
31
3264
33
41
511
1054
3
11075
0
759
44
3006
62
0
905
44
171
1580
1
0
365
22
2
12681
2033
106
1244
3
12279
0
493
6
767
780
17
284
762
628
38
30
1472
1220
3
126
2
1429
5645
1
2496
782
1074
20
12681
1
22
16
8
57
13
536
14
217
38
18469
3398
628
61
3006
5
1710
759
3
126
4
3236
4
4527
14
759
13
41
37
1472
17444
2
17472
16
3702
763
14
628
6
126
12
0
1066
43
1621
67
2350
1
18467
4
1867
2
53
13214
1818
51
8
360
1
56
60
934
386
0
776
2336
604
1
15846
1011
9
42323
106
684
4
8633
337
28
136
1732
7
0
9229
24870
3462
3612
1
60
33
371
0
255
5
67
13167
242
11
217
38
33
2215
3
10475
136
126
2
8
12681
180
11
0
811
3
233
2026
0
20555
4
14439
6
0
628
1
1453
14
5
412
759
3530
171
32
1407
90
5
891
844
94
156
905
2
258
14995
22
0
2781
1048
7
628
91
9067
1
4
0
1874
3
106
3412
1
1413
362
2217
17
0
15518
45
5131
14
0
9720
14
156
276
206
768
7
0
10006
6
5
583
171
32
20
0
21102
6
274
493
2
96
176
16
8
15
1080
6
11812
4
0
21101
6
3398
628
6
126
13
4724
2
8
65
2319
4
20324
493
11
277
276
13
2497
14834
2
6077
10006
13
0
1185
6834
2
8
5064
639
276
2741
28
2125
1244
115
3264
38
234
14637
284
762
628
4
1156
126
43
8
472
8456
599
5007
8
1
148
808
197
835
4
1627
2
238
3302
10
115
17
21103
170
4
1076
628
2
68
5645
22
16
8
139
13
37
8349
245
6
628
45
25
254
41
6687
1409
14
447
46
165
12
3
4434
965
2178
2
8
2607
41
7
147
1
4
2692
3278
217
17
232
1080
6
1066
10991
1
217
346
7
979
62
462
147
1
4
217
7
14376
4
6762
1396
116
49
148
6
0
7713
1
0
365
22
2
101
5841
134
153
6
1000
1
3264
350
20
3398
628
6
126
107
86
20
102
1
17
0
936
350
20
628
3804
20
147
2
15
1879
960
17
5
22727
62
1079
4
6
14
304
1
67
85
272
43
576
17
126
2
1754
0
17455
3264
7
0
625
1
42324
819
6
965
762
43
1459
2
42325
3
12681
1735
31
42326
134
153
197
555
81
70
4
359
1
998
738
2
15
365
22
16
8
139
547
7
71
30
0
1168
3
32
5
4521
512
11
284
2647
1
45
0
9595
6
1128
13
623
3
143
0
1066
37
2497
717
242
3
2235
2
8
15
3888
2781
1083
7
147
10356
46
3962
5
2541
233
20
8791
18237
4
0
3412
12022
3
48
329
6
8791
2
8
1553
906
16
65
365
763
14
3733
1664
3398
628
6
126
1667
37
8
4724
21101
8
20
5
71
56
106
10860
33
91
615
336
2875
203
22
25
5098
231
5807
77
0
424
64
230
23
196
6
0
5399
10228
1012
2
1722
75
43
432
4
146
126
8
42327
8
39
1314
362
5117
7636
357
0
794
329
7
9374
1
1554
1
42328
1
30735
4
8797
2
65
12619
9
83
130
10
432
7
9374
1
5
7083
9
83
130
10
432
7
8797
4
5
9438
9
83
130
10
432
7
30735
1
80
12
3135
6
13676
3398
628
6
126
2
828
105
29
40
443
12
106
2149
17
4214
1105
5778
557
10238
1
5
479
22
1
4
2932
43
3352
28
80
5807
2
15
6004
1785
3
1969
2178
2289
628
1
173
0
2389
4
6146
6
3398
628
6
126
1
5
479
22
2
15
794
22
5511
42329
10
5
2146
1012
197
2162
106
1244
4
362
28
0
9229
24870
3462
3612
53
42330
51
1
4995
75
273
3
32
7
2389
6
284
762
628
2
18470
7
0
336
2875
43
1459
162
487
5185
23
168
23
2336
489
2391
28
12681
2
4481
6152
12577
4718
1
28
0
794
47
4687
3958
30736
3290
1
22
16
8
139
1950
6
147
13
159
12
274
132
357
0
336
2875
23
60
2806
3
3003
217
38
256
0
1066
23
5
937
3
10504
127
126
32
25
9029
11
707
2409
62
371
1
7762
62
9985
3398
628
2
8
104
33
1654
3
11741
3847
1
14996
628
4
6258
136
126
33
3543
28
762
2
8
6955
203
729
14
97
362
61
175
196
7
0
6004
2
65
17939
9
83
130
1
28
42331
1
339
9723
1
10
432
12
3135
6
0
371
1
2389
4
6146
6
3398
628
6
126
2
65
794
479
22
0
130
10
443
12
2149
3
2047
9723
106
652
12
460
441
2
3565
1109
1
251
6
0
15693
47
707
762
1238
1
22
16
8
139
5044
774
0
15693
1091
55
81
70
50
310
54
7
105
6
217
1025
6
7762
284
762
628
30
61
1654
108
645
707
2178
127
126
2
8
52
176
16
8
57
47
5
128
4983
1081
4
67
774
13
735
12
0
148
2560
3389
4
520
6
3264
780
7192
284
762
799
2
8
24632
3
429
0
2789
2383
7
261
628
13
2694
5
676
4810
2
8
89
25
392
141
32
214
7
7529
2
57
47
196
6
5
194
2959
707
762
863
2
8
191
60
392
202
3172
14
261
628
33
762
7
784
4
473
128
247
126
1
173
2785
1
33
91
2431
4
2171
86
261
799
73
32
2543
2
8
26
871
1711
126
43
204
3
715
23
196
6
0
10228
1012
1
50
10
531
31
0
4687
21100
4
3958
7415
2169
26
1315
85
775
106
1244
1091
55
20
568
30737
6004
197
88
7
0
837
6
2509
269
26
8
42332
8
126
1041
316
38
43
576
20
3228
3414
31
106
26
4687
762
628
478
33
1621
67
2350
1
18467
4
1867
1
1638
3545
26
4305
1664
284
345
628
225
8
4724
21101
8
119
106
10860
33
615
1
365
3503


