579
99
3863
13
43382
525
172
10383
167
3632
14
3291
8820
23
21640
27
3384
4061
23163
61
12194
61
99
330
926
825
12116
525
14509
13702
76
525
3104
40708
91
8933
525
5861
13
3152
5159
9
1465
502
926
1520
87
8123
2275
76
7483
1292
27
331
3672
628
2245
3253
449
704
24
11738
515
24
172
1146
11975
778
9958
61
628
718
7940
515
91
586
515
628
1835
1094
3108
13
221
707
2534
3104
1533
25458
5
5244
9
6806
61
331
926
1520
27
4061
23163
61
129
2045
14
8820
23
21640
61
99
330
926
825
45
14558
9
926
825
1018
24
3000
23163
5224
926
825
1094
107
644
13
1153
525
9016
13
9968
525
10023
1533
56211
27
119
175
9
172
5600
2
11528
330
926
3119
13
14946
5
2468
496
525
1565
253
1308
1537
1284
5547
183
61
167
3291
4228
23
12641
5
24
2572
27
579
663
53
14
1389
1507
2979
16301
23
558
9
14825
47
185
24
3240
506
27
331
628
278
2114
45
13
14558
1193
1533
27
162
1217
628
1028
13
1018
24
3000
61
331
926
750
24
379
27
331
628
1835
1094
1533
1919
23
2820
1537
1284
23353
27
331
162
2381
172
61
926
87
1913
5602
76
56212
34
14
582
531
13
48190
119
16863
27
251
4251
9
654
6743
76
14
474
9
9386
4334
9382
15215
24
1435
37
4759
87
20745
91
334
15286
57
28383
61
4229
5
9407
3376
23
24
582
858
9
531
27
6649
15935
61
11267
260
5
1093
9039
1072
29663
61
24885
56213
5886
5
1172
481
5
23163
2151
2457
23
24
582
1481
57
3224
91
11432
9
2548
15932
4114
4475
56214
52103
27
396
1520
262
331
1007
1028
13
2002
4061
23163
27
579
912
818
6262
27
691
850
4061
64
1463
2236
796
5
308
2245
24
22864
13
7180
23
525
3182
27
331
119
3371
18346
34
56212
663
2457
20678
56215
37
10958
2968
5
10958
56216
61
64
758
64
24
3442
56217
27719
27
9407
474
9
46300
6649
15935
22093
54
512
31294
3447
23
32
57
24
4251
9
4252
3607
5285
5
3442
11267
260
61
5785
61
1046
445
525
5285
15882
9039
1072
29663
61
2010
61
24
7649
1093
57
16548
29663
5
11267
260
61
17321
525
2255
34
24
531
331
2186
628
1028
308
13
107
644
13
1018
87
13
4658
758
61
91
55
12923
758
5
935
2540
183
35
27
331
143
628
663
1014
515
1222
421
517
144
14
2347
729
1022
61
646
516
45
107
1155
14
7483
1292
2536
27
331
1007
1018
244
6046
834
182
610
369
22430
1795
14
1243
3152
12454
27
5340
24
1362
5511
1652
47
2217
316
15287
61
723
847
244
1728
183
27
22958
23462
369
515
610
825
850
14
204
57
1533
1030
56218
1185
56219
61
502
516
1020
515
1690
546
6846
516
1510
56220
27
331
251
43
37
48190
119
16863
4251
9
654
23
56221
87
370
787
2
4061
23163
37
4166
2077
34
1389
1851
27
33220
9
7442
7901
56213
5886
18895
4661
47
76
14
10064
5
29720
18067
7662
10696
10697
1172
481
61
2842
61
1046
54
2857
13
24
384
10958
2968
61
12194
61
87
512
1969
64
14
416
57
24
20678
56215
3500
77
10958
56216
61
5742
61
663
20250
361
14
416
57
20678
56215
61
64
758
64
361
14
3608
5
56222
56217
27719
61
6784
61
87
3022
57
11703
1030
16751
4401
5908
61
56223
61
33106
61
56224
6899
11768
5
119
923
21571
246
25773
61
12194
61
1520
926
825
221
172
10383
14578
167
16301
8820
246
56225
3291
4228
23
12641
5
2572
5
53
14
1389
1507
2979
16301
23
558
246
48190
119
16863
531
4128
251
9
2580
5180
61
4229
5
1540


