258
3080
8882
261
262
19331
264
61
265
1372
1268
268
269
262
35975
264
61
905
1372
1268
4120
262
35976
369
10634
6005
3233
342
1348
358
2296
442
61
14
2401
99
1142
35976
369
10634
6005
3233
342
5
122
2670
1348
358
2296
442
61
14
22309
2401
99
1142
27
162
32
501
61
14
7658
750
24
583
57
14
8518
129
149
361
26057
3233
262
1687
628
1835
14
3753
27
628
1018
1013
1018
35977
27
162
2276
61
14
4635
105
13
848
34
410
641
274
105
1636
17710
185
14805
27
119
2401
61
784
1671
61
87
1893
185
18194
4198
2
342
61
2670
5
8898
12606
91
24
3789
57
4810
18
24
139
190
454
27
119
4954
3492
1105
2
791
16536
61
129
13667
515
9764
362
24
10084
369
35869
652
57
14
4793
57
12845
61
24021
5
6094
27
119
3728
61
28885
91
24
3789
57
4810
61
149
781
13908
91
7630
35978
61
24
3904
3817
129
5145
159
23
24
1385
57
9809
35
506
64
926
958
834
525
583
105
1077
23
320
1687
1030
14
11158
35979
27
589
35978
149
147
7360
91
24
3463
5856
13
1645
133
14
10941
3728
57
834
24
6670
10028
76
375
61
4741
9976
594
369
144
27241
16153
27
2906
57
24
4121
87
22309
27
999
4635
330
262
1687
628
285
13
24
13919
924
185
32
6018
13
850
24
6922
77
17710
104
24
1029
57
334
14805
1562
27
628
149
2072
735
61
7206
61
641
183
149
35980
3904
3817
7630
35978
22164
35
506
64
926
958
834
525
701
583
105
1077
23
320
1687
2
24
6481
5
2
308
129
638
1013
35981
27
331
396
149
821
17439
331
262
3904
3817
7630
35978
76
525
545
583
8746
20269
579
2325
57
24
1687
35982
61
35983
5
35984
57
16536
5
834
525
7195
34
442
288
1687
27241
35985
27
1042
29033
9
2033
583
61
8746
20269
61
149
361
279
23
24
1956
7628
57
5713
23
3150
34
31675
27
396
663
4508
2
946
32006
27
589
35986
61
7566
61
330
262
1687
396
638
1013
278
1193
2220
18
158
61
215
149
170
4157
91
316
61
821
10526
61
13132
6537
61
54
2769
288
14048
133
57
24
5282
104
334
17500
61
5
215
149
997
6481
27
628
978
13
2244
158
76
14
35987
305
32
1679
61
926
330
61
525
608
896
15
23
583
149
1687
35988
47
75
24
17501
2132
57
24
35989
27
579
359
262
1687
396
149
821
17439
5
3769
832
57
54
4918
5
61
637
1103
13
4081
652
57
24
2646
21746
61
215
53
183
3466
215
149
6481
5
1545
13
799
82
27
9958
61
14
2347
4615
147
61
215
1077
27
1687
628
2072
574
308
27
628
516
738
89
24
32071
5
646
288
144
709
16536
1145
27
628
2182
32
7658
23
24
32071
5
1414
525
1607
215
149
1013
23
11033
4014
27
1687
579
330
262
2344
1447
369
4348
57
308
1512
1284
158
2346
61
5
926
2287
16598
119
583
57
2276
8518
330
262
1687
1307
140
707
715
820
58
334
4046
13
10542
525
2043
11095
61
628
1414
14
7658
34
442
64
926
149
361
821
61
821
4703
27
1687
579
4934
61
2344
628
1835
14
3753
27
628
1018
1013
1018
4703
2346
5
174
846
13
2528
76
24
35990
251
791
7658
129
105
100
140
14
1689
32
23
320
330
262
1687
305
405
57
24
594
752
815
57
24
257
61
3600
607
61
1348
183
2831
107
704
680
185
16765
61
24
274
369
16088
13
107
719
27
331
2186
185
7090
718
358
107
2931
515
1410
35991
5298
4644
16536
129
11475
13
24
2401
7176
515
24
10084
105
1510
1511
13923
652
183
19793
6094
61
24021
5
14
1440
57
4887
1795
342
27
35992
57
4014
262
589
35978
61
174
61
1520
525
583
1077
23
320
331
1030
14
11158
2221
331
61
655
4810
6628
6967
6004
61
700
61
1520
646
718
107
709
331
709
513
34
4126
15787
331
1348
8518
451
87
104
6427
691
330
16536
902
288
1533
5794
76
14525
310
24104
1155
64
3477
21585
1537
1284
3060
35993
61
32409
1185
3066
27
5298
2670
288
1147
57
3355
4047
61
405
57
6505
288
958
64
1687
35994
61
1687
35995
61
1687
31545
5
1687
35996
27
19117
13
14
1685
61
24
1093
57
32
8518
330
262
1687
1134
149
14
111
76
14
676
57
635
4047
23
9528
61
35997
542
23
24
1271
35998
12602
119
2401
8346
515
646
105
100
14
1687
754
57
35999
23
5967
57
24
880
24
6670
11401
76
375
27
2906
2670
105
100
174
735
190
494
34
334
3090
27
2226
506
1533
1284
36000
375
288
53
13
24
450
333
1221
11206
14
257
1221
40
3096
288
12895
7206
1185
3481
449
27
36001
262
162
32
501
61
14
7658
750
24
583
57
14
8518
129
149
361
26057
3233
262
331
628
1835
14
3753
27
628
1018
244
1018
4703
331
27
162
2276
61
14
4635
105
13
848
34
410
641
274
105
1636
17710
185
14805
589
35978
330
262
1687
1307
628
53
1857
24
7773
57
707
2534
583
912
897
35
506
61
628
149
1089
91
24
36002
57
36003
2
308
552
824
57
13387
149
8332
27
187
53
846
753
13
1018
707
512
13
444
1292
23
24
1156
27
1687
408
278
417
342
5
122
775
14
10489
23
237
2401
61
5
122
843
13
24
6670
185
375
87
3466
27
1687
119
1267
57
11661
61
7284
61
5
9282
1393
1029
61
5
13387
1393
1510
3098
61
4033
36004
589
35986
598
24
2401
76
3809
8512
7657
61
14
791
7658
5
8789
7164
57
1747
36005
320
27
691
1724
34
14
4396
36006
34
834
24
6670
12875
375
27
11683
2581
605
342
14
2418
57
2886
5
14
6848
91
122
11588
13
2634
159
9976
1185
221
10904
34
8892
27
119
2401
663
6498
13387
13
3911
705
8555
9141
5
1493
14
2401
104
24
1029
57
621
506
6532
834
358
278
100
11401
76
27
4810
6628
6967
6004
330
262
1687
628
1028
13
850
14
1306
24358
23
36007
1708
13
375
61
818
515
358
1510
7712
64
15706
4033
11139
27
331
1447
718
107
709
513
34
8394
6095
1185
4126
15787
1348
8518
451
87
104
36008
5401
1284
18194
342
61
2670
5
791
6670
274
1221
349
16536
1221
65
4121
34
24
2401
27
10140
369
405
57
122
1105
262
246
35976
369
10634
6005
3233
342
5
122
2670
61
1520
2401
246
162
32
501
61
14
7658
750
8518
37
583
262
331
628
629
14
3753
27
628
1018
244
1018
4703
331
246
162
2276
61
14
4635
105
13
848
641
274
105
1636
17710
185
14805
246
7630
35978
1893
2401
185
18194
8518
61
4635
5
274
4198
246
2226
506
61
926
750
834
525
583
105
1077
23
320
331
1030
14
11158
2221
331


