15
25871
5735
13
54
6
1068
18
148
12214
3882
9
4
14
10
148
1728
6459
7
0
1007
5144
2
7297
1
18864
11905
1
4785
18865
4
9942
3857
80
13805
12047
18866
20
81
166
18
3961
1481
1
3593
31
15
1153
6
3061
19737
6
1249
2
7297
1
38
10
909
8
3061
46002
8
20
0
5735
1
10
11699
0
528
6
1120
20
0
155
331
770
16
0
46003
1538
3534
55
7
5
7780
1
2790
7467
15177
32380
1007
50
738
103
274
4065
6
27
5597
1313
2
297
94
11
167
15
6858
4521
290
16
7297
1
38
10166
0
1068
8077
2105
20
81
166
18
25871
5735
1
531
0
9075
3366
7
27
46004
1901
21673
4706
15
4137
4047
10
7247
9
116
31
1832
1901
21673
4
16797
6
5
943
6
32381
16721
5584
2
15
1538
2024
27
233
17
5
46005
9
55
1901
21673
32382
4
7236
2
1094
1090
225
3
644
0
9075
3366
10
18864
11905
1
38
32383
7
5
32384
11753
14867
9450
4706
1
50
36
24954
17
425
883
4
5
3039
2381
7089
2
4785
18865
9
1798
1621
136
245
54
876
13159
9
2027
55
7
5
1099
6
898
9
2573
11485
31
159
769
4
5252
7
37
46006
11574
9
876
1451
32385
28
1832
509
25872
2
21674
4151
9143
1766
5
12349
1451
9075
1007
1
50
36
1093
888
1
119
10036
9942
3857
25873
7
5
12015
898
9
2573
9075
3186
4706
2
32386
25369
16
7297
228
13998
7
27
4137
4047
1
50
10
7247
9
116
31
1832
1901
21673
4
16797
6
5
943
6
32381
16721
5584
6681
46007
16
18864
11905
32383
7
5
32384
11753
14867
9450
4706
1
50
36
24954
17
425
883
4
5
3039
2381
7089
15
189
4
128
769
6
25
307
4785
18865
2027
55
5325
80
0
898
2573
816
1657
7
27
11574
876
1451
32385
31
509
25872
1336
63
81
166
18
3366
1
2507
12749
1401
28888
22
16
8
16798
33
0
65
9
14450
1545
1533
20
0
638
2
8
135
33
3961
1
46008
1555
31222
1423
4
233
400
182
0
27491
6291
9
28664
2
8
16798
4556
154
5
849
604
1
14
18
114
44
33
79
86
11852
3
1802
2
15
3186
1
1451
4
46009
158
55
1223
7006
4
2020
148
883
4262
2
15
4225
13
3
143
662
66
84
74
233
109
5
634
32387
1
5
18867
46010
81
166
20
0
25871
18
2
8
139
233
13
80
63
371
5
305
165
5
189
152
1
4785
18865
213
25
1167
12
7
21399
25872
1
1637
0
10273
1951
4
6168
2573
769
2
8
1094
9075
1843
307
20104
9942
3857
25873
7
5
12015
898
9
2573
9075
3186
4706
16798
43
1858
20
0
32388
332
17
4111
319
0
3366
3
1014
25874
1
21675
4
11852
3748
2
46011
46012
6
32389
1
1031
49
5
12490
3186
18377
50
492
0
1071
6
3061
4206
2
6756
28468
4
16799
61
11632
21675
46013
1
119
46014
1288
46015
498
42
3748
0
4521
1698
2
1786
1908
4
2680
3136
4832
11
12457
46016
1
119
14987
15783
482
743
80
6
19
1632
94
0
6706
7
19
3560
18866
2
3061
4762
2258
46017
176
16
8
861
274
236
496
5
111
207
6
12320
1
45
125
202
165
184
2
16798
13
300
5
425
804
1
1225
120
0
3115
1239
535
187
2
8
221
18
5
111
9075
14
13
7723
21676
1
50
13
67
21677
9
4613
25875
85
6778
3215
2
7297
9
892
24
4312
181
27
46018
4047
1533
13
4303
4
46019
9
332
103
0
232
9
46020
3366
6
0
638
2
4938
290
16
16798
43
1858
20
0
32388
332
4
4111
157
0
3366
3
1014
25874
1
21675
4
11852
3748
2
21674
4151
9143
1766
54
36
1093
888
81
166
52
2526
5
32390
307
14987
15783
13
5
676
1843
6
18866
4
44
382
1890
7
743
80
6
19
8700
46021
46022
46023
25876
11588
17
14211
25877
1
72
46024
1
25878
1
122
1
23631
25876
46025
8224
46026
1
72
406
1
25878
46027
160
4311
25876
10781
46028
25303
46029
1
72
1627
1
25878
1
122
1
46030
46031
9075
3940
6053
20072
2103
1
72
2796
1
518
6
3231
26
16798
33
236
18
17794
3366
1
214
20
32389
4
14987
15783
26
7297
1
9942
3857
4
4785
18865
1766
18866
81
166


