65
130
38
682
3
29
19
1326
6665
2176
49
3
124
5621
6
42
7879
284
30
209
40
856
11
452
82
2
2942
475
1
928
1
14362
17
64
280
3
124
5621
6
0
284
39
2163
2304
5547
1
542
1
34
383
1326
120
42
2356
2
475
1502
3
9155
401
5547
3
5
1247
7
10161
1
26273
1
12
0
26581
6
4696
0
2635
1
113
2160
9630
4
5
439
130
58
343
27
17
5
1537
4
19097
2
297
94
11
167
2942
475
1
928
53
93
51
1
30
40
856
11
452
82
39
10002
3
29
19
6665
1156
86
36
58
1208
42
7879
284
2
2160
9630
1
928
53
122
51
1
10
856
11
5
70
39
7830
3
1256
55
0
833
475
213
2304
5547
1
542
53
93
51
1
1326
119
234
6
88
43
7
108
2482
2
334
36
805
3
33880
0
442
1
21
467
1329
0
833
475
1
38
10
7
5
573
17
216
290
1
404
3
143
0
343
233
109
5
4114
4
61
2457
3
32
900
2
15
1537
58
32
157
3
10634
59
4
401
5547
90
234
43
2431
2
89
19
12254
3261
10
15207
56
0
439
130
805
3
124
553
4
5942
106
2
475
4
9630
43
432
12
488
793
1
0
132
0
343
10
207
3
154
242
2
475
1
6
10161
1
10
572
17
12680
3
773
18219
7526
1797
45
469
3
758
605
34
13208
0
951
2
401
5547
649
475
12
461
113
0
584
309
1359
1
90
0
87
649
1780
90
634
81
70
360
21
10
16706
1025
39
5
178
9
132
644
20
10161
904
372
4
856
11
452
82
2
9630
1
6
10161
1
490
0
222
766
4
10
856
11
406
187
2
1461
266
43
234
289
5
259
70
5372
554
127
0
583
31
1485
4610
22072
2
14123
186
401
5547
9
38
13
98
398
187
1326
9
22
16
8
7862
6
121
931
3
354
14
21
10
210
49
3
48
31
552
1
45
1592
94
24
183
14
13
41
0
276
2
8
57
13243
5
396
3
183
14
552
24
809
86
373
3
76
951
48
374
95
99
1
602
86
170
32
86
2120
3
95
225
2
57
18
79
6113
2
8
6388
30
0
122
3
161
458
552
1
1225
5
442
1
171
495
62
1530
2
8
281
2942
107
41
188
3
124
553
17
0
442
21
107
74
29
3
4
21
692
48
2
139
750
110
21
5143
158
4902
3
1190
2
8
249
95
284
13
83
511
24
46
812
88
63
48
4
716
88
2488
112
44
188
5
573
17
2942
9
268
123
24
46
84
850
24
252
3
84
3
1231
95
284
2
8
334
0
276
4481
7442
11229
50118
22
16
8
139
10
5
9491
4
1631
1116
3261
3
773
5
247
211
3
1208
27
7879
284
2
8
57
13
31514
129
767
58
188
3
1256
55
199
5
12503
4
1867
1236
2
8
57
10
37
2286
13282
1236
31
475
38
498
100
273
23
3
110
1593
19
1794
76
2846
29
12
0
583
2
8
4840
0
755
6
1282
44
43
1534
3
256
1
60
76
810
3146
29
40
1853
17
5
466
2
8
8776
1
54
6
217
266
10646
31
475
3
1256
55
19
4792
147
408
1378
4
2249
0
106
86
60
76
7155
4
1695
199
5
645
358
317
242
2
8
475
649
583
2304
5547
20
37
39
164
20317
7
411
4
44
467
10852
12
461
2
15
584
649
49
1780
90
634
151
480
234
91
7
2482
17
108
75
2
475
1
928
1
213
0
542
70
9
83
1326
12
0
118
3020
44
34
345
1
7
19
588
5918
2
475
123
4178
19
3466
12143
42
7879
284
45
39
36
805
21
4044
3
29
100
965
17
19
442
2
475
123
1502
0
343
9
158
2229
0
15615
1247
7
10161
1
50119
0
833
10
434
3
154
242
2
475
1502
3
14984
401
5547
3
5
2071
1247
7
10161
1
26273
1
113
44
58
234
32
1156
17
5
19097
4
5
1537
86
23
41
3
50120
3135
52
682
64
266
3
343
234
21
4
401
5547
17
5
19097
4
5
1537
50
21
2183
58
267
27
2635
2
509
23687
1
4524
1
22
16
8
475
116
25
536
21
107
74
188
711
3
84
17
0
284
4
107
74
188
19
540
3
1032
12
0
878
6983
2
8
101
725
20
14
71
21
116
25
536
21
404
27
3
12143
0
2635
2
52
3664
224
49
17
5
951
11
2304
5547
3
1208
27
7879
284
2
8
15
951
10
11
59
4
2304
3
32
55
1360
31
5
19081
4167
4
123
3
32
1156
31
64
266
1971
17
5
2902
7646
4
1537
2
8
2304
10
3
32
2755
1
477
94
4
0
2902
7646
157
3
773
579
3
773
27
3
26582
2
8
89
0
3261
10
15207
56
0
439
130
2249
106
4
9630
469
3
2056
55
6
0
2360
3532
2
7843
475
1
1485
22072
22
16
8
308
29
100
1033
3772
4
33
6
205
1452
45
14
13
5
32950
2
8
15
583
1525
565
332
0
128
400
4179
66
29
601
3
48
290
2
8
65
1998
58
29
40
157
4
25
107
41
154
242
162
156
1921
6
11734
3
429
25
2
8
3193
17066
244
9
6
9
64
9630
1
928
1
1485
22072
22
21
58
1789
19
905
7
914
6
19
390
578
3826
4
0
725
21
469
3
2056
55
6
0
343
20
0
81
638
2
509
23687
1
4524
1
22
0
951
10
11
401
5547
3
32
477
94
4
11
27
3
32
2176
17
5
19097
8
3
773
579
3
773
27
3
26582
8
1336
363
186
1
401
5547
562
475
23
8
6113
8
1
324
16
8
6388
30
0
122
3
161
458
552
1
1225
5
442
1
171
495
62
1530
2
8
52
61
22
9630
58
1580
5
5833
39
91
4255
2431
7
582
23
5
768
6
1433
23
5
3542
2209
2
21743
22072
61
22
14
9630
10
8
41
6
5
50121
349
6
1516
8
20
0
71
6
0
358
2
22802
50122
1
13301
11
9630
1
310
21
10
11449
20
0
71
6
0
358
39
0
22960
6
19
4848
3
3282
14922
1
793
2
96
22
16
8
9630
1738
3
17864
12
48
1600
10
739
769
6
2789
2
52
10
20
5
547
7
19
142
113
21
10
4855
6332
2
52
10
20
5
242
113
21
809
92
10
100
1164
3
1256
12
17
19
142
2
8
3126
33881
1
13301
11
475
1
22
583
401
5547
30
5
8
2959
1164
41
3
1193
767
311
8
39
91
1156
2
52
22
16
8
96
3775
0
2914
12
27
1966
349
23
497
2365
3146
4
18446
69
2113
2
8
96
22
56
27
284
13
83
511
3
1190
21
46
29
3
812
88
63
48
4
716
88
2488
458
44
188
5
573
17
42
244
2
8
68
33881
22
475
10
6
1033
205
1452
4
14
19
1794
34
601
400
4179
3
19
117
2
52
176
16
8
2942
475
30
601
4179
3
19
117
23
168
4
48
13
54
6
0
169
4783
6
19
7896
2
8
590
88
25
13
86
55
6
1452
14
44
325
25
717
3
3773
129
21
213
69
48
1056
2
8
52
9692
21
30
213
3
32
1503
63
48
905
14
21
13
159
3
1850
2
8
6077
2304
1
542
1
761
117
33
28
4753
1
30
4832
41
3
325
55
0
345
6
27
442
268
25
13
529
2
26
2942
475
1
928
1
15602
3
29
6665
2304
5547
1
542
1
1156
26
475
224
49
17
2333
39
401
5547
805
3
33880
19
442
26
52
682
2160
9630
1
928
1
4
5
439
130
3
343
27
7
5
2071
1247
26
50123
17
1537
4
19097
1093
3
143
401
5547
26582
26
20965
15207
39
439
130
805
3
32
553
4
5942
106
26
475
30
40
856
11
452
82
4
9630
856
11
406
187


