21724
24001
24002
149
3218
13
1298
1267
23
3254
58
5552
318
4325
5
24003
7549
251
8230
893
129
13479
525
190
9
506
9
2033
688
215
149
4339
2
3976
13
4568
1533
1284
2947
12970
23
15209
5
444
14
2801
2158
13
4721
99
100
561
27
21724
24001
24002
61
265
61
57
24004
61
149
3218
13
1298
1267
23
3254
5
360
494
185
5673
185
207
27
579
105
3252
3253
13
32
13597
57
24003
7549
5
32
13597
57
318
4325
23
891
27
9618
330
24002
750
525
688
515
215
105
24005
5
2168
54
21617
104
2356
1348
215
149
10776
27
579
516
663
18806
54
219
705
296
484
215
285
13
276
27
24002
750
308
926
149
23
1404
3245
652
57
14490
34
525
688
27
143
104
32
222
61
926
1347
330
926
105
1510
7734
23
3023
13
5408
14
2829
112
34
1632
10190
322
34
525
318
27
4716
24006
288
184
34
24
318
1411
3192
558
5
563
237
506
61
1348
24
24007
149
5292
27
16948
57
403
104
24008
15946
8305
293
11617
2947
24009
5
14
1435
1876
23
24010
24011
24012
3274
11258
2947
24013
61
1341
24
8202
3801
27
842
24
7549
149
5292
1348
24002
149
24014
91
14
5087
104
24
4008
20920
575
926
3366
6485
525
688
37
14490
104
24
7670
37
7628
23
8202
27
119
5087
497
5794
515
926
2193
704
24
342
104
24
21634
9576
104
24
320
40
638
45
6985
24002
37
688
27
999
57
24002
37
1960
289
642
5794
515
24
485
149
3880
1581
16798
57
3225
2
15209
27
24002
1129
2947
13021
5
663
510
525
485
185
14
4721
2158
61
24
8216
2916
2917
37
2918
330
119
679
57
24002
37
331
3976
9
16881
331
190
9
506
9
2033
688
149
663
2612
1039
23
14
1435
4474
4338
2335
61
24
8216
2916
2917
37
2918
330
23
563
515
331
183
149
743
515
830
24002
831
638
9829
525
688
61
485
5
356
515
525
190
9
506
9
2033
105
3976
5
149
3880
3976
322
647
1871
891
558
27
331
999
506
147
61
331
18
2947
12970
331
149
6247
91
24004
8895
61
24
2963
37
2964
330
27
187
149
3283
515
331
18
24
35
1793
454
61
10005
24002
4312
104
306
2947
24015
2
515
3229
64
758
64
14
2158
13
4721
34
2151
5
525
485
61
502
149
590
34
91
24
11617
7346
27
331
1468
2947
11397
149
1142
810
525
82
331
5
23
14
1364
4860
61
830
24002
831
3818
515
525
688
1308
45
278
3976
61
5
5778
515
405
57
24
3225
4818
149
2
15209
309
61
331
24
8216
2916
2917
37
2918
330
27
24002
37
688
61
23
24016
57
334
7707
11179
784
91
4845
8202
61
330
331
215
5224
215
99
3976
5
87
2050
13
1067
331
5
149
101
24
9745
215
309
24017
21617
14490
27
119
627
663
3283
331
54
4620
24018
54
219
705
296
484
276
61
331
1489
13
24
784
24016
27
187
149
1341
24002
37
331
3976
9
16881
331
688
149
663
2612
1039
23
14
1435
4474
61
5
515
926
717
331
9009
331
185
54
322
4166
27
8861
330
24002
7983
717
14
6542
2580
57
3976
14490
34
525
688
4166
119
2891
57
24
627
37
276
61
24019
15036
61
330
104
24
227
262
331
408
369
10655
7896
91
1508
3762
5
8563
13
1451
515
334
1509
1099
278
319
3275
57
334
1205
318
5
612
276
356
27
331
331
842
24
3762
1018
45
61
23
1193
880
61
24020
24
4814
5
2002
15387
91
24
24008
15946
356
34
14
318
391
13
107
5860
14
562
9
2965
238
27
331
187
87
752
34
612
356
13
1359
13
3193
2002
5
24021
34
237
318
61
129
87
663
14
593
23
237
501
27
331
119
318
149
21827
11
13
1014
515
215
149
3233
61
5
215
149
45
4723
34
24
426
912
4927
7280
27
331
246
21724
24001
24002
157
525
190
9
506
9
2033
688
1014
215
105
20668
3976
246
24002
13891
525
688
37
219
705
257
484
2050
13
276
5
750
158
215
24022
54
21617
104
2356
1348
215
149
10776
246
579
3252
3253
13
318
4325
5
24003
7549
1517
246
12703
13
1298
1267
23
3254
5
360
494
185
5673
237
632
246
119
8216
2916
2917
37
2918
330
24002
1129
2947
13021
5
663
510
525
485
185
14
4721
2158


