144
4151
14693
293
16
30841
138
1
802
460
151
291
287
16
29858
138
1
870
460
151
15
740
4058
2791
42583
38
2198
386
114
44
107
41
188
3
32
482
3
1443
232
979
29
40
658
1161
7
2572
48
415
1
301
3
811
2
3760
1067
1
608
4
9259
4322
1
591
1
34
40
740
150
522
11296
1
56
9259
175
19
145
18
588
1557
1908
9739
4
4715
2
15
64
247
4611
43
1148
20
5
1337
652
339
3
21150
42584
4
37
4980
10043
3825
0
2572
106
38
806
3
325
0
3103
7
0
99
6
0
937
7
5
2807
396
12558
3
0
652
2
4947
4948
3875
1343
8364
16
15
24943
655
1859
18
781
131
3760
1067
1
608
1
4
9259
4322
1
591
1
43
81
214
12
446
1
522
896
7
6993
6650
2
2609
30842
6
0
2572
106
1917
78
2861
689
14
0
12228
2639
10
420
4
14
0
584
34
389
55
6
1337
2
7754
6707
1
509
2589
1
22
14
0
247
2873
34
40
576
7
0
195
11
743
64
347
39
44
2198
17
118
201
1711
197
88
2
203
107
41
1092
37
8286
24944
23
44
521
4322
4
1067
34
18316
386
2
6650
2
30842
22
14
0
3103
78
59
44
34
40
8
159
3
0
487
10318
4
2691
136
30741
8
2
360
2572
106
33
450
3
5509
67
597
12
129
0
64
959
3
8569
337
784
150
44
93
12
522
11296
2
135
61
188
3
183
110
44
43
43
500
7
2572
2
6913
0
12228
1
106
658
14165
5864
3
0
64
1
12640
3
88
14
4322
4
1067
34
5654
1502
42
1927
2
15
24943
655
1859
47
781
131
3760
1067
1
608
1
4
9259
4322
1
591
1
43
81
214
12
446
1
522
896
1
7
6993
1
4058
2
9259
175
19
145
18
1908
9739
2
1475
123
1
4616
117
306
711
28
88
2
1461
2180
6
296
22
0
247
295
18
573
34
2316
253
645
253
760
2
135
43
22
3
29
40
128
2088
20
0
546
44
58
32
159
3
410
4058
232
979
1
50
44
58
29
309
48
149
2
3760
18
145
61
310
14
36
78
27
263
36
100
879
2745
0
231
9
215
573
2
96
1130
184
125
71
192
2
8364
16
3760
1
122
1
13
562
23
483
8
463
240
2715
4
4624
63
24945
2
96
30
4707
883
4
30843
1239
1211
1069
2
9259
1
93
1
13
483
8
42585
2715
1
4624
30844
4
30
4707
883
4
1211
1069
15898
16
15
3103
33
521
3
32
624
5
1557
588
24946
24947
50
11043
3
9259
18
3013
5894
18
244
1
137
17
19
145
2529
24948
1
22
16
8
57
18
109
5
4104
2
308
84
74
183
110
3
84
1
113
3
165
62
38
3
448
8
1868
30845
22
16
8
57
18
109
44
865
103
0
225
6
0
3883
2
580
54
73
325
88
2
8
96
395
5
827
11
121
7
16574
12
0
2377
324
1
240
24
361
66
86
194
1
764
596
4
1338
240
2
8
135
33
64
2785
450
3
154
12
0
172
2
221
33
1409
1
4303
75
55
92
2
1217
226
102
1
442
2
1217
226
102
2
8
96
22
42
231
9
215
573
10
253
645
4
3760
22
36
76
41
495
340
9259
2
8
387
18
56
24
809
24
34
3
934
95
263
99
3
1674
2
15
132
36
93
24
78
27
24
100
879
2745
42
573
2
8
5894
18
244
2032
4322
78
42586
16
8
57
18
109
5
4104
2
308
84
74
183
110
3
84
1
113
3
165
62
38
3
448
2
8
9259
18
145
1
2529
24948
2
8
135
516
74
495
12
42
220
2
135
33
608
4
591
82
83
2
135
107
74
188
3
84
711
45
32
17
277
108
2
57
10
1399
3432
11
5
5544
9
83
2
2529
78
2861
16
8
104
592
140
0
260
4
5003
9259
10
740
4
60
170
107
74
13392
25
114
9259
30
74
34
700
18
550
2
52
13
5
247
591
1
86
100
1700
8
702
11789
2
8
96
22
36
492
1689
56
0
64
6
88
309
30050
280
86
44
76
1125
80
42
71
386
2
8
135
107
74
188
3
5348
55
17
280
2
1768
1364
10
277
108
4
14
18
1399
3432
11
5544
9
4462
1
8
24948
22
1
1453
14
27
198
107
41
154
0
546
44
43
159
3
410
232
979
128
168
2
8
9259
78
282
21
10
5226
2
104
273
14
44
34
30846
4
41
1265
277
108
4591
1
8
36
22
2
3760
18
145
1868
30845
22
16
8
57
18
109
44
865
103
0
225
6
0
3883
2
580
54
73
325
88
2
135
33
64
2785
450
3
154
12
0
172
2
221
33
1409
1
4303
75
55
92
8
20388
16
1768
296
354
44
118
34
4904
201
1711
1
5
167
229
11021
1
5
21151
1333
4
108
1556
14
76
32
786
11
1357
9364
16
15
740
6961
14277
140
0
329
11
0
3103
38
29
40
698
11
851
230
3760
13
562
23
178
948
1
105
4121
2715
4
4624
63
24945
2
96
30
4707
883
4
30843
1239
1211
1069
2
9259
13
178
948
1
4121
4121
2715
1
4624
30844
4
30
4707
883
4
1211
1069
2
1768
296
354
44
118
34
4904
201
1711
1
5
167
229
11021
1
5
21151
1333
4
108
1556
14
76
32
786
11
1357
2
336
4058
747
1072
2419
2589
13
196
6
0
174
450
3
325
0
2873
2
8
24632
3
325
261
64
30
40
5
305
706
67
717
85
156
6
282
58
29
273
1
8
21
22
2
8
135
33
608
4
42587
9
83
1
1133
4
1028
2
57
18
136
3817
44
29
41
116
965
17
767
2
8
104
183
44
29
40
7
3102
4058
2
104
183
44
29
40
1391
1647
4058
2
8
15
81
329
60
183
11
662
13
0
42588
42589
329
1
45
25
18
40
5
333
230
150
60
382
34
5
205
4826
667
6
113
60
692
44
43
2
8
52
176
14
0
3103
29
623
389
55
6
279
4
46
623
454
8
500
457
66
84
74
188
3
177
1242
84
3
143
279
8
2
5461
212
8607
254
41
337
23113
2
26
3760
1067
1
608
1
4
9259
4322
1
591
1
115
576
7
12228
339
0
4167
376
6
2572
12
302
415
26
135
43
81
214
12
446
1
522
896
26
2007
34
201
1711
197
88
4
125
42590
1556
26
5006
84
41
183
459
44
58
389
184
45
22
0
231
9
215
573
10
8
253
645
8
26
8060
44
76
41
495
340
277
108
26
3760
18
145
78
27
12
0
132
36
1130
184
14
36
107
74
337
0
573


