144
13697
3072
10677
293
16
42679
138
1
542
600
151
291
287
16
42680
138
1
542
600
151
15
927
931
25
3
19773
49
4
2855
369
241
27
3345
3753
13
74
194
42681
241
0
6701
363
0
42682
27585
33
159
8896
4577
241
125
6
282
33
8309
112
36
18
1329
3
3159
0
559
4
355
878
7
6502
1
4
60
5088
1245
1197
18
1309
3
466
552
7
48
21159
2878
2
1754
8067
66
352
1433
1
712
4187
30868
30
1561
6621
2059
1
4
25
18
1621
717
3
402
21160
6
110
18
228
159
12
2
89
112
66
352
14
2468
3
32
0
87
3
183
0
977
9
31
9
977
42683
3189
0
594
11833
558
92
18
37
1055
11
14
2
297
94
11
1938
1197
18
442
13
434
156
132
98
1
86
112
66
188
3
402
21160
6
110
18
2621
7275
0
111
712
4187
1055
11
1586
15
2926
4
2342
6
1816
18
87
284
1
38
46
32
0
439
7
621
3
0
9092
1
30
601
5
15016
6
5542
80
77
0
172
4593
1
7
6427
17
708
546
5644
1583
1755
1
29
443
5
456
1
22889
1132
1055
3
2029
0
878
6
0
87
442
6
0
2926
4
2342
6
1816
1
3
32
5283
24961
1037
62
1945
885
540
886
6
1816
1
434
156
132
98
2
15
1055
9
50
13
5526
11
5200
42684
62
192
12
11254
1
10364
4
9816
42685
9
46
987
7784
63
0
878
1
0
442
1
0
296
4
156
108
24962
8616
2
57
46
30869
546
2361
1785
3
0
712
117
18
111
3212
4
156
5581
560
8616
1
2440
987
24963
69
1033
2770
12923
4
0
3944
117
2
18502
20
4593
38
29
443
0
1055
11
456
17
721
23625
1985
9
16452
1
161
16
8
12543
3
0
712
4187
9454
1
5
3839
6
1197
4
10478
8
596
132
8
221
33
61
5
3695
6
21161
682
9
11
1985
9
16452
50
30870
67
2568
69
0
869
8
24963
1
173
54
50
24964
0
573
1037
1392
18
145
6763
34
17
27
2443
1
4
54
63
1037
1392
18
573
17
1197
2
15
1055
3218
66
3
42686
162
0
683
6
0
111
2272
18
117
1523
10866
9033
947
6
0
179
1197
3944
7
27
111
2770
754
1
4
947
6
1037
1392
1391
19
142
2
18502
161
16
8
12543
3
0
712
4187
9454
1
5
3839
6
1197
4
10478
8
596
132
2
8
6913
66
893
32
344
3
7275
136
456
721
1
3349
17
0
87
799
6
0
111
3212
23
168
23
0
596
296
2
308
893
61
1580
0
776
546
1
560
3893
4
67
9
80
456
2
8
308
73
61
7275
7023
9
3336
3349
17
7
9
4770
1250
1
14783
6055
4
0
776
8225
6
10478
1
1197
1
2770
12923
162
0
4028
1
0
596
400
9
7381
1
23788
847
4
8282
67
2
8
294
71
1110
12
1
60
893
402
234
136
456
1055
4
261
24965
3467
17
80
0
776
799
4
167
6
0
111
3212
4
19
1239
27
1987
296
2
8
1366
3144
1
270
2414
1
2770
3795
9
66
893
124
25
80
307
8
712
4187
30868
30
5305
0
403
1
0
264
1
0
172
16114
4
98
0
12978
1058
2
308
516
74
356
340
30503
77
5
30871
15
23533
1213
15
712
4187
1055
62
37
1055
14
2134
66
8
30872
8
212
220
6275
2
2307
33
125
6
0
21162
16
8684
0
712
4187
42687
20542
1055
1
93
1
62
355
212
220
442
5
2770
9172
17
0
4187
20529
783
1374
1055
712
4187
16578
3218
66
3
32
1037
1392
4
154
0
442
11
5
1097
12
0
16440
14653
15
712
4187
20453
3218
66
3
8
30872
8
212
220
6275
1
93
1
62
66
76
185
540
0
442
17
48
1055
1
122
26
4593
5625
456
1055
3
987
495
7784
4
1712
26
712
4187
13
443
7
6427
17
546
5644
1583
1755
26
19400
12
1586
1
5381
4
9816
17877
1
17
682
1985
9
16452
26
13698
8034
3336
1
173
712
4187
6337
1
61
720
26
8
42688
8
212
442
241
4276
712
442
540
241
143
712
442
24966


