65
10357
38
2153
19
25520
180
4207
4
366
0
567
34
556
5
7729
1
301
3
811
2
509
15160
1
575
1
10
350
39
64
9
70
9
83
21604
18822
1054
20
42
102
7
15437
1
1602
12
506
1241
56
21
180
4207
3
161
0
567
10
1312
2
249
1296
825
806
1
21604
1
38
34
100
683
6
433
1157
1
34
4444
1943
6
4568
1
173
9091
4
579
77
19
265
4
3285
579
1
106
78
45476
2
15
3573
10
6854
3
1759
18
2451
2451
1801
3661
4
10
1284
12
5
32169
2
7461
16
509
15160
1
575
1
30
40
603
6
1496
466
7
0
193
6
21604
18822
1
122
8893
16
15
567
18
145
1
45477
1
10
20
147
119
15160
592
39
0
64
9
70
9
83
1054
12
506
89
12
437
1
807
2658
59
843
420
4
21
10
204
103
142
337
2
52
1317
184
12
377
1241
4
19
117
29
3605
19
7951
2
563
6431
13
170
9762
3
2805
19
773
6
193
2
203
2164
15160
12
110
34
510
4
19
7225
6
110
510
10
18823
17
0
284
18
579
1
44
22
2
15
567
18
145
1
38
30
64
108
2443
1
10
20
147
20
0
71
2
15160
10
432
12
437
166
4
572
17
1496
466
2
52
13
648
7
0
15437
11295
17
100
2921
2
203
22
42
493
13
3119
2
17700
16
15
3573
10
1933
3
286
17
7421
4
3285
579
4
10
2658
843
420
13175
16
15
305
567
1
0
4063
6
105
2570
1
1317
184
12
377
4118
16
15
64
9
70
9
83
4
19
32170
43
20
42
15437
1
1602
1844
1979
20
0
71
8
308
1487
63
3364
109
48
12
0
546
80
0
71
1
45
56
25
3949
86
373
3
102
66
79
516
74
354
25
18
2621
2
8
65
117
427
1305
5
167
3
3031
1788
2347
3
0
305
567
2
8
52
10
86
247
1
8031
1
4
5277
2
52
1174
19
18824
86
194
307
8
0
427
1
45478
1
395
2
8
417
308
11359
101
21413
4187
45479
60
361
66
86
194
2
8
26
509
15160
1
575
1
10
350
39
21604
18822
1054
12
506
56
21
180
4207
4
22
0
567
10
1029
5
7729
26
89
56
1296
825
806
1
0
305
567
8
34
9091
77
19
265
4
34
556
3285
579
8
26
52
10
210
12
142
337
45
2658
843
420
4
239
12
377
26
15160
10
432
4
30
40
572
17
1496
466


