24627
34201
34202
34203
5
23694
34204
278
799
101
434
58
15838
448
105
24
700
13
4330
1720
13
4711
122
2907
27
2281
3097
1899
4093
1543
34205
5
25319
24519
8936
185
24
3777
34
14
3675
4099
449
4679
185
202
296
27
119
21263
650
144
3133
58
3059
2455
5936
1077
23
14
7318
320
58
776
26677
2
4835
4836
27
162
7095
147
15240
331
1169
5
12737
331
61
665
34203
1196
448
2831
1550
4678
9
4679
7095
89
3626
27
143
23
14
19189
2647
76
4093
1543
34205
61
665
34204
330
515
448
4330
1720
1185
45
13
4711
133
57
603
34
122
272
27
521
159
34
522
1543
34205
61
24
571
57
1413
1509
272
5
14
7308
61
149
7051
23
54
155
57
4679
34206
4099
262
2036
21721
34202
34203
69
116
71
5
463
34207
4093
23694
34204
330
448
2831
3911
365
3346
57
24
4679
4099
27
24519
8936
69
174
71
330
448
2831
331
611
331
4711
122
272
2520
434
262
119
463
34207
4093
23694
34204
69
324
174
71
87
24
2255
57
16246
34208
61
655
791
21721
34202
34203
69
700
71
87
324
655
7734
23
555
76
525
583
3322
34203
665
34203
330
262
331
408
369
956
237
3554
679
69
449
3059
2455
71
40
610
369
663
45
956
6918
57
308
129
278
663
1077
2
361
4670
64
758
27
331
119
791
1049
21721
330
926
4670
525
272
61
5612
515
308
2296
13
331
1319
365
3346
57
24
679
331
27
665
34204
61
24
4093
57
119
463
34207
5
14
2255
57
32
61
9991
262
331
3601
244
183
24
448
331
700
13
4330
496
358
1028
34
122
318
778
331
331
951
426
6515
13
1018
183
1185
45
1018
183
652
358
1018
244
603
122
318
61
331
926
750
24
5584
27
331
14895
603
122
2907
61
5
358
221
24
512
829
820
69
358
71
1019
358
728
2540
27
331
1042
10056
3327
14
400
34209
2
1543
34205
61
14
7308
5
24
2495
57
1413
1509
272
27
34205
330
448
1393
7885
185
24
4006
57
12470
61
45
331
2617
5383
331
69
1185
1366
448
532
4166
71
27
331
1447
87
709
10020
61
331
215
330
27
665
34204
330
448
2831
4081
13
122
4047
449
4679
5
515
308
516
935
331
2765
5558
331
13
4711
27
331
951
426
6515
13
1018
183
1185
45
1018
183
652
358
1018
244
603
122
318
331
61
665
34204
750
24
5584
34205
69
174
71
330
262
331
816
723
4174
4677
23
5781
61
183
87
244
122
829
1222
183
4790
1214
2359
37
318
820
3627
1222
183
22594
707
26608
331
27
34204
69
700
71
330
262
331
14895
603
122
2907
61
5
358
221
24
512
829
820
1019
358
728
2540
331
34210
34205
262
119
24627
4093
6405
2065
485
273
104
14
2117
618
14580
32634
35
506
4562
13038
23699
34211
34212
34202
34203
34
525
10056
185
1002
4562
5744
23699
34211
26168
23
185
665
34203
37
1105
185
5538
833
61
28435
542
331
3438
1169
5
12737
331
23
14
3232
57
1002
7043
27
665
34203
2896
33
262
331
34213
705
426
1569
1066
758
14119
99
24
700
13
1319
27
628
1835
19030
4672
40
723
1393
850
705
83
27
331
119
448
57
2455
5936
4705
448
13
444
122
272
4670
505
237
751
27
4338
122
1724
61
1202
870
4948
7607
14
4734
34
3097
9
13
9
107
13
1522
2801
4835
4836
4677
27
1468
34214
3097
825
107
12005
13
1522
24
26629
621
751
27
331
2686
3700
6545
133
57
612
2534
2211
755
87
13
1728
448
2
722
13
33258
24
10727
57
34215
2133
12629
61
331
2455
37
2495
11161
598
185
24
485
37
592
844
27
2455
5936
69
324
71
1077
58
26677
2
4835
4836
27
396
149
15511
104
14
7962
333
35
632
246
24627
34201
34202
34203
5
23694
34204
278
799
101
434
34
122
10056
449
4679
246
2281
3097
1196
448
2831
4082
24
7095
57
4678
9
4679
7814
64
758
64
310
12470
246
665
34203
5
665
34204
365
330
358
105
4670
122
272
246
665
34204
61
14
2255
57
32
61
330
262
331
3601
244
183
24
448
331
700
13
4330
496
358
1028
34
122
318
778
331
246
777
10056
2458
14
19189
352
2
4093
1543
34205
5
25319
24519
8936
246
665
34204
330
448
2831
4174
13
122
5087
61
1537
1284
331
2617
5383
331
246
23699
34211
15240
665
34203
37
10056
331
3438
1169
5
12737
331
185
5538
833
246
119
4099
726
144
3133
58
7318
3059
2455
5936
1077
58
776
26677
2
4835
4836


