144
975
6685
4
1067
43181
674
3467
20
43182
3802
12
13228
484
411
65
145
9
6
9
146
38
4715
760
39
627
102
28
5
8268
423
10
209
310
3
29
1997
11
1924
79
105
347
320
2
2967
10378
1
3113
1
10
364
740
31
280
39
36
10
81
214
31
27
315
20
102
7
21238
1
5770
1
390
302
415
2
203
33
98
12149
3190
11
271
10378
1
39
27
10492
195
10
115
2079
499
85
5
2777
184
28
42
102
17
5
1589
8686
2
297
94
11
167
8364
16
2967
779
10378
1
3113
1
6
21238
1
5770
1
30
41
40
214
150
36
93
5
8268
423
77
0
872
527
315
292
1
1743
36
10
14105
1
78
106
21
81
408
19
227
20
102
39
36
945
28
0
423
3
1791
103
42
126
2
68
10378
22
44
1002
6197
90
21
219
3
1266
1
45
21
30
41
3066
3
3258
63
19
227
2
96
1997
11
1924
12
436
485
2
271
10378
18
1686
10492
43183
10
115
2079
12
0
243
6
5
538
339
27
102
17
5
1589
8686
1
364
0
21238
660
13495
2
527
244
2028
779
1
5522
1
78
2861
36
76
29
213
5
1589
8686
4
756
3
517
0
195
4
1097
102
56
385
510
3
27
2
35
24
181
0
148
753
551
13
3
233
20
13
0
81
330
2424
113
60
692
36
43184
8649
655
1859
4135
6948
78
31123
2
31124
16
2967
779
10378
10
81
214
12
302
415
31
27
315
20
42
102
39
36
93
5
872
8268
423
96
30
64
2443
7
2877
4
64
2193
808
452
4
697
2
15
4063
290
8
79
7432
8
4
46
8
4863
1616
8
98
1
68
779
78
2861
2
35
24
181
0
148
753
551
13
3
233
20
13
0
81
330
2424
113
60
692
36
10
8
8649
655
1859
4135
6948
527
2941
391
13
61
740
2
203
22
25
10
81
157
20
63
483
322
12
302
56
271
10378
7599
0
1066
12
0
1149
2
24054
33
346
17
0
391
298
3
16620
97
81
2424
2
527
315
30
41
40
909
23
5
1400
7
0
276
2
191
0
295
18
3208
9
83
198
3521
22
21
30
202
214
88
91
1867
991
277
108
1
364
43185
2
380
426
1
811
3414
0
329
31
2066
4
12
0
640
11
156
5951
23
3
110
206
29
510
3
27
2
24990
16
2625
33
346
17
0
391
298
3
16620
0
81
2424
6
2967
10378
18
1132
391
221
33
100
1943
6
6989
326
4
27
3764
13
91
1015
23
5
740
10120
276
1
1859
6948
78
31125
2
1523
276
16
271
10378
18
102
13
41
416
28
113
8130
31126
10
4665
10605
3902
1
5
10121
427
6
10378
1
78
31125
16
8
57
18
109
576
7
5
4104
14
66
516
74
2115
49
28
2
8
8
2967
630
11
27
126
2
135
43
27
172
2
96
58
41
84
48
3
88
1
112
36
76
1695
25
2
8
5770
2244
33
61
500
5
6600
3425
12
0
195
6
43186
1319
271
10378
1
38
30
4707
883
4
1264
1069
2
101
2272
1
27
102
7
21238
13
79
1711
724
184
28
113
3208
9
83
3831
693
8130
31126
10
4665
7
43187
7
555
2
2456
187
39
14
31127
1
27
117
33
3098
42
220
5513
4
2244
33
2326
3300
4
346
12
0
276
1899
2
4623
167
323
26
2967
779
10378
364
740
12
302
26
5770
145
1
3113
1
1997
11
1924
81
215
26
15463
292
10
81
447
3
177
27
12
377


