119
1747
2787
4929
99
4934
6993
13
10569
2884
8169
89
1579
12469
2238
23
14
4233
13
2648
24
1566
912
13640
2
13641
12460
24
13642
186
13643
27
119
6993
9
502
44
850
1055
13644
9176
2544
13645
7365
5
7838
536
2356
9291
13646
185
24
1675
9
288
4934
64
582
6918
3193
515
1533
12437
278
100
1745
23
1747
2604
237
506
1284
104
1193
227
647
24
13647
1272
27
419
420
237
506
61
14
2488
57
13648
57
24
13649
13650
278
100
1745
23
1747
2604
91
13641
1950
34
13212
5197
2102
13651
502
1532
24
13642
13643
34
1153
23
7768
5096
27
13652
262
119
13653
57
14
7713
9
2033
12444
13654
104
13655
4669
13656
129
149
94
533
13657
91
13641
237
751
64
6918
2057
1533
12437
278
100
1745
237
506
1284
1193
227
647
24
13647
1272
1486
57
24
13643
1029
47
23
361
1129
23
7768
5096
23
12641
1185
13658
61
575
183
87
391
358
369
692
34
13659
3096
1276
57
13660
2
3976
13
13661
27
119
13662
12444
1745
818
420
237
506
87
420
1533
1284
24
13663
1745
23
1747
2604
5911
24
1016
57
555
5
837
12364
1299
1300
1533
1284
24
145
12444
1745
23
1747
2604
144
360
494
495
27
10120
12470
377
515
24
13664
13665
99
1510
818
4238
23
1747
2604
9
502
99
1145
13666
12444
5
87
82
13
895
1299
1300
57
24
1146
912
12444
5402
9
515
24
669
5
2060
12444
2571
369
23
4031
57
1510
3127
12422
27
691
13667
515
14
13668
222
99
100
2950
64
1533
12437
369
1094
4339
1284
369
361
3132
27
331
13669
331
13660
262
12442
23
1747
2604
369
1950
34
13212
5197
2102
13651
502
1532
24
2609
331
13643
34
1153
23
7768
5096
13670
13665
262
119
13671
57
14
2255
12444
5
525
10250
13672
58
361
1745
91
13641
64
24
1479
57
2609
361
1745
99
5867
818
822
515
669
5
2060
12444
2571
369
23
4031
57
1510
3127
12422
869
237
751
32
13664
7437
1789
13
6457
533
12444
23
1747
2604
912
13673
3052
3274
27
119
2609
61
502
3866
32
10250
61
288
2876
484
122
13643
9
1586
1389
13674
14
13675
185
24
2060
4939
9
288
7513
7441
2
122
8967
27
1687
119
2609
288
663
13676
34
122
1009
5
13266
61
655
32
5784
105
525
13677
164
13678
24
4450
12488
34
11727
12489
912
3608
10071
6150
330
27
1687
119
5816
57
12437
361
13679
34
122
13643
13680
5
13680
61
76
24
5816
57
12437
1745
23
558
253
837
1058
515
496
183
149
316
494
495
76
594
57
372
361
23
1745
23
24
13673
3052
3274
61
13681
12469
912
512
13682
13683
13684
5714
262
251
3059
12444
3890
23
13673
3052
3274
575
24
594
2609
369
361
1745
1347
3400
183
87
13681
122
331
512
13682
12456
331
187
149
23
352
13
1508
13685
515
24
4098
3965
57
24
1747
2787
6605
61
502
87
82
13
594
57
24
1566
912
12444
4934
14
4734
13
13686
24
8462
27
1687
119
12676
5
13687
75
24
12444
61
64
13688
57
612
13689
5
5006
13690
61
99
423
401
13691
5748
1202
13692
13693
13694
330
27
1687
8288
2284
13695
34
9653
3774
13
2648
612
10324
5
13696
665
13694
638
45
3934
834
24
1203
516
107
1129
40
1195
13697
6993
278
3866
2590
7838
76
2356
9291
13646
9176
24
2544
2238
58
2350
64
758
64
722
5603
2895
6722
5970
23
24
7365
27
13698
57
24
1401
5190
222
133
515
24
13664
13651
369
2786
758
9
2884
61
758
9
5445
5
758
8050
27
1427
13664
11382
2786
1681
89
24
2544
2238
91
1055
104
2356
27
691
935
1153
2356
9291
1240
13
5131
6517
24
12444
104
438
222
13699
4623
1185
13
13700
183
484
11631
183
13
897
76
13701
27
12429
12446
87
53
57
12447
61
14
886
1480
1142
23
3078
12449
27
1447
87
709
310
4121
13
2002
13702
515
24
12446
87
692
34
8933
3233
9
450
27
569
646
369
709
10853
5737
13
33
183
47
61
183
87
648
515
24
346
57
12444
1745
23
3291
494
1099
278
100
13703
91
13704
123
11035
2604
912
13647
6257
1348
61
104
32
222
61
646
288
503
1145
5435
12444
174
2257
27
331
13705
401
420
331
262
119
5748
1202
13692
13693
13694
1520
515
3291
13687
3763
12437
99
11
13
331
9653
3774
13
2648
612
10324
5
2631
331
246
5401
12437
278
100
1745
23
1747
2604
237
506
1284
104
1193
227
647
24
13647
1272
246
119
4929
99
4934
6993
13
10569
8169
13
12469
2238
246
12442
1532
24
2609
331
13643
34
1153
23
7768
5096


