251
111
1481
14
27720
185
434
58
215
149
3194
133
57
14
3268
27
22087
1767
104
42678
37
42679
1385
23
7059
290
17727
23
9577
61
1561
61
1046
24
111
444
89
14
8965
76
20118
185
2414
2356
27
1882
13
42680
3518
492
42681
61
24
111
105
100
3886
76
1792
425
5
149
750
215
516
278
13
3896
76
3212
1185
14
21679
714
27
42682
262
119
27720
87
330
13
107
19409
24
111
13
24
1675
58
215
2333
14
2538
57
18605
185
158
42683
262
119
111
42684
91
7306
24
27720
185
434
61
642
23
7059
290
17727
61
9577
61
330
7478
61
215
149
3194
133
27
842
215
4634
146
147
76
14
2538
57
18605
5
2333
183
185
24
27720
27
119
27720
5
54
549
17999
24
111
61
5
11359
158
484
24
111
9497
24
27720
185
434
5
7682
23
14
9095
27
8024
7833
42685
330
24
27720
149
319
13
24
320
76
4238
18796
27
25061
2
810
262
1007
7427
104
24
3268
23
42678
37
42679
1385
686
64
24
43
1694
922
14012
262
1007
44
107
719
37822
133
57
122
5574
1348
24
1547
1991
11536
76
24
447
246
4242
2168
89
14
8965
76
20118
104
14
3268
23
7059
290
17727
23
9577
246
396
149
3194
133
935
4634
76
2538
57
18605
61
9448
185
27720
246
42686
17999
24
111
61
129
935
1481
158
185
434


