144
5928
23401
293
16
34779
138
1
441
488
151
291
287
16
53031
138
1
483
488
151
96
18
330
11
27
1307
9
1359
12
15
1928
6152
4
15
26972
2
191
158
56
398
187
1326
17
27
200
284
1
1401
34780
1861
9225
517
73
32
228
8
504
8
12
6399
2
15
20150
1
38
13
3863
27
200
284
1
2750
0
111
1092
6
0
2618
1143
16
8
24
1584
181
6
1308
23
5
13895
45
25
18
810
504
3
389
5
656
140
75
38
33
3270
103
12
9225
517
1
4
206
62
206
41
226
99
2
1094
54
12
0
152
16
15
26972
393
1401
34780
1861
9225
517
73
32
504
12
3106
53032
16
15
20150
1
137
12
0
2275
483
163
1
22
25
10
504
3
389
5
656
17
75
12
517
25478
16
15
6430
9
83
1
137
12
749
163
15
26972
1
13
5
145
1
438
393
4
1565
5
12722
8
15
956
7373
1
86
25
18
41
0
279
1
25
18
79
717
3
325
128
205
75
3
4574
5
1056
14
18
2528
3
32
4081
2
8
788
24
181
125
6
25
13
5
1492
768
6
15892
4
125
6
25
13
79
114
60
352
41
289
5
4351
880
2
8
15
412
772
13
7
0
111
1092
6
0
2618
1143
1
12
1078
98
1401
888
30
3
3562
91
145
3
146
9
70
9
83
263
26973
17
27
438
332
4
831
27
12496
12722
17
27
315
4646
2439
2
15
6430
9
83
1861
25
18
717
16539
850
1
45
36
7404
3
474
578
63
91
5
346
145
2
96
1159
16
8
24
474
100
10139
20
80
20
687
95
263
2
8
674
149
3419
22
1
240
20211
66
240
3
121
23
24
20065
27
17904
844
28
121
2
240
96
1994
124
77
25
1
240
24
2605
2
240
96
1994
165
3
164
4
3172
7
64
379
1589
2
240
8
57
47
80
617
7
37
1101
3
143
121
474
578
4
24
6876
307
8
24
84
0
237
24
73
2
581
263
1624
14
2
581
315
1624
14
2
135
79
29
3
124
12
17
25
2
8
3514
2564
12
9225
517
3951
4293
501
3315
416
67
85
670
5071
10994
5265
6
792
6
75
2
20010
910
33
3359
3
3281
347
6
53033
23476
20096
1
100
978
129
189
44
29
40
17
37
9726
1
129
169
269
44
147
62
129
194
44
33
682
2
28698
33
1129
3
586
0
2208
47
1237
1281
4
1105
340
2522
120
9225
517
9
112
44
84
1
44
33
7
3105
6
1237
2
281
44
154
12
5
4081
1634
3
4574
5
3099
1
0
111
2208
13
3359
3
412
5798
1102
39
406
347
8
147
1
301
3
2278
1694
2
5345
145
38
7138
44
100
879
188
3
505
3
42
412
53034
269
73
812
42
9726
49
3
398
347
90
44
505
3
147
4
0
9726
392
15495
3
9512
156
2804
11
196
9
71
8221
346
2
15
412
772
13
7
0
111
1092
6
0
2618
1143
1
12
1078
98
2
26
96
1155
36
10
8
5
13895
8
480
27
32700
2016
26
53035
22
25
13
504
3
389
5
656
140
75
38
206
41
505
26
8060
25
13
504
3
325
205
75
3
4574
4081
5656
26
438
393
176
14
36
2091
8
100
10139
20
80
8
20
687
27
263
3
147
26
53036
4745
11
26973
1
146
1
17
438
147
4
1565
12722
17
315


