258
6889
54861
3672
723
1028
13
107
24
1735
3034
57
909
2465
28297
37
2033
918
1116
61
14
1047
57
6655
42894
76
46798
13643
1185
14
54862
54863
778
9958
61
1094
723
718
9
11121
57
10683
37
1562
57
24
1146
37
54864
6492
723
604
2193
723
1545
27
2692
542
369
14
35621
18684
9
12708
1762
9932
76
24799
2750
61
14
2804
61
48424
11492
18056
5
334
6838
41921
15592
27
521
159
34
522
7255
24
331
54865
331
9
14
6655
32089
54866
4627
445
76
334
18322
43107
46798
12446
27
251
1047
57
542
87
1622
13
1532
34
1389
15777
104
10683
37
1773
57
24
54867
1562
23
891
1134
14475
1762
9932
61
12708
76
919
57
4606
57
35621
30810
5
24799
2750
61
87
7348
13
221
1389
18438
3440
37
7648
1562
1563
87
1083
24
22363
1560
23
1579
54868
2079
9
34
14
1481
57
4348
401
11256
34
2360
25770
27
119
331
54865
331
9
14
32089
219
76
14
46798
4584
12446
9
87
1622
13
1532
34
14
4337
1389
15777
27
119
7364
331
1116
13
909
2465
28297
37
2133
82
87
1481
13
4652
1145
1389
4569
61
655
723
706
278
13
3896
1145
1389
15777
13
444
851
680
185
4851
16506
26799
2
24
17050
5371
145
3336
1941
27
119
1116
13
909
2465
28297
37
2133
82
825
7818
28279
128
61
655
24
594
16210
8303
47
34
1560
87
334
15627
6189
54862
54863
7348
13
107
1586
1145
1389
10319
251
5065
10186
57
9244
76
14
12776
16203
54869
44
107
25165
34
1389
18438
251
2839
57
3648
928
4494
91
7091
50426
9
23
6116
50439
4255
9
44
5498
1389
8911
61
24
1271
1479
64
334
1088
1296
19223
54870
54871
197
27
3779
369
405
57
24
22264
6492
47
34
1560
27
119
1842
76
24
498
2615
87
334
15627
6189
54862
54863
61
625
967
91
24
21277
57
28308
27
119
54872
12137
61
502
87
1481
23
14
9989
6189
54873
61
12515
14
54862
39394
648
13
1020
183
604
1652
40388
61
5
87
7348
13
107
1586
1145
1389
10319
27
1134
6649
15828
16518
45860
3306
87
20745
185
43331
5
149
417
13
1075
54874
54875
64
14
5398
23
14
38640
215
53
76
9871
28405
23
24823
27
187
87
1622
13
221
1389
7591
104
1562
251
2839
57
928
4494
91
7091
50426
5
14
1389
8911
19223
54870
54871
197
9
32
57
24
1640
24150
9
15720
192
1541
53
9
369
94
24
15901
4348
1134
2804
48424
11492
18056
87
773
13
4652
1389
4569
187
2290
738
758
76
14
29050
6189
5065
10186
57
9244
76
14
54866
16203
54869
61
1622
13
1532
34
1145
1389
54876
334
12179
6189
6649
8585
1624
22867
3062
61
7348
104
1389
18194
27
10683
37
331
1773
57
24
54867
331
1562
149
184
34
24
55
227
35
891
61
5
11825
185
891
15
76
2707
1587
64
3096
4348
9
15901
23
2488
27
54877
13037
61
219
57
3197
330
262
331
408
369
821
6028
13
5605
24
2539
13
26828
1465
14
853
1245
2
10683
37
1747
10768
27
331
119
1562
4128
14
6279
4623
57
12748
3096
57
502
278
604
100
719
104
1562
27
331
1134
506
610
825
663
107
9558
14
2019
57
1001
23
334
4166
9
503
1562
818
515
17643
718
17401
2
1145
24
9947
27
331
408
2391
2237
13
9552
24
1857
13
24
2801
6322
1374
9
1560
11943
5911
237
751
27
331
4905
1123
26799
2
24
13098
5371
145
3336
1941
825
12417
13
704
1584
9
11105
44913
1540
21013
23
17503
5
14
2804
41921
15592
44
221
24
2829
4296
34
334
25487
82
1134
929
197
19939
47
91
14
29941
5
525
3059
825
1481
723
33
1145
1389
3868
104
24
16276
1560
246
331
1773
57
24
54867
331
1562
87
1579
22363
1560
23
2079
246
5065
10186
57
9244
5
5371
145
4851
9590
663
94
24
4348
246
54862
54863
7712
104
1389
10319
87
594
16210
8303


