1424
3390
668
5849
278
11
1952
133
45
131
158
21
58
2830
11
731
7
9008
5369
47
243
2
15
2432
283
1286
1053
0
118
8160
3
313
0
846
4938
14225
262
19
384
589
328
731
7
925
4
599
7
2649
2
3390
1104
12
19
83
288
48
872
133
5
525
21
1861
13
5
935
6
4727
3139
133
45
131
21
30
11377
17
0
2211
6
2160
4726
4
8547
10653
2
1424
3390
668
5849
278
11
1952
45
131
21
58
2830
11
731
7
9008
5369
47
243
15
2363
5477
29
74
115
0
2634
743
511
48
236
4
33
2055
20
0
1574
6
0
1639
2363
5477
814
5369
13
54
6
5
245
6
235
9
795
5666
38
5637
3
11378
5
12030
854
9
19
243
1
967
1
29
732
3
2277
7
178
6
485
1285
593
48
236
2
3390
1
4209
1
34
12216
8150
23
5
22949
120
19
71
20
0
1749
6
7173
4
78
3314
21
58
41
1659
2765
31
430
7
0
1043
174
2
35
1952
33
100
410
3
5
396
6
1662
7
319
0
571
45
25
58
29
40
3947
3
177
129
24
445
29
27999
7
6458
22
0
6430
9
83
1
38
13
98
54
6
2455
6044
47
6682
22950
20
0
916
4175
1749
2
35
24
858
300
2655
1308
3
2277
731
45
24
659
5362
14
86
194
6
95
673
10
444
23
54
6
5
584
6
9510
2
35
24
107
326
54
49
376
991
0
267
6
95
71
20
1952
45
24
84
141
181
25
10
5
571
50
7810
282
20
0
71
4
24
107
141
228
1659
4837
3390
840
1952
3
7477
4554
9
1284
8512
182
1114
3631
20
0
1070
6
0
28000
4
413
398
246
6028
120
14
894
2
3390
10
0
28001
6
5
3159
7
0
920
119
508
20
0
1749
6
7173
318
6395
17
8150
1053
54
6
0
81
6923
6
5
3096
4297
7
0
589
328
3796
1
4
21
176
16
35
135
43
2748
278
11
0
288
4
60
1527
3
2277
11
1374
1
45
24
34
425
12216
1328
121
4
24
181
472
274
854
10523
3
326
7
5
64
49
376
2
35
52
803
5
396
6
2739
11
121
1
175
5
396
6
0
906
103
121
4
14
10
54
6
0
7811
3
136
28002
2432
1
11
0
670
196
1
29
545
64
49
376
48
236
17
5674
28003
2745
31
1346
2942
19712
62
292
36913
2
89
3390
8950
44
33
7
0
5205
2
35
57
53
54
49
376
51
13
0
1964
17394
21
22
2
35
89
25
4728
5
2561
854
3
228
143
25
147
2
35
191
0
1185
3
25
13
14
212
4838
30
213
3
32
128
2560
20
2461
4
497
653
3
337
0
36914
2432
1
4209
1
29
342
42
81
146
4
29
7383
69
0
1857
105
1
50
13
113
1952
36915
268
0
313
20
3222
1199
421
48
215
2
191
3390
6459
16
35
104
29
141
617
2859
86
416
45
0
1185
3
282
2412
49
13
500
168
127
0
1662
7
4
140
282
9
4
1952
226
69
14
36916
26
2432
1286
668
5849
278
11
179
288
1952
26
22951
225
0
2363
5477
12
377
20
916
4175
1749
26
1424
3390
1053
0
118
8160
3
313
846
4521
5757


