251
11577
3059
730
129
149
1142
982
810
14
11050
718
922
334
6319
5236
1563
35
632
149
3132
2257
5
935
23858
61
1489
13
24
20051
27
251
29331
10625
2
24
48391
2916
20051
185
3354
330
24
3059
1142
104
48391
1956
3780
149
2707
1751
4522
1348
926
149
3132
61
48392
1341
27
119
318
37
2255
87
14
393
104
24
1478
276
23
1605
14849
61
4948
330
35
632
61
40
358
278
747
13
5361
525
3584
27
521
159
34
522
21918
262
251
11577
730
149
1142
810
24
25964
922
24
5237
48393
5239
5236
1563
61
324
61
104
48391
1956
35
202
27
187
99
1094
953
24
3059
149
2257
1348
926
149
3132
691
7272
525
58
24
318
37
1816
149
1142
185
202
2356
922
24
5237
48393
5239
5236
1563
185
48394
23559
27
951
1517
278
100
7593
27
251
1956
642
798
289
24
2963
912
2964
104
1145
2779
5977
185
202
58
215
1341
5049
14
982
11577
922
24
1071
27
119
1816
149
810
14
17539
8986
23
24
11050
718
61
1489
13
341
27
187
37
24
169
227
14
3059
99
1077
57
30560
104
24
276
61
119
2903
3968
2936
27
13933
8313
61
935
2010
61
149
6555
185
30218
9616
5
622
1517
23
10714
58
926
65
7764
13
14
3059
627
23
525
3780
5665
5
935
1399
158
23
24
25964
27
396
147
1077
27
8313
61
129
149
14
393
104
24
276
61
3252
3253
5
149
3218
23
13
166
494
23
5672
23
535
61
40
926
149
407
58
374
454
27
4404
262
187
87
24
169
227
334
8322
3059
99
1077
104
24
3733
3780
23
7074
6319
27
162
10714
61
24
1816
57
14
3059
627
149
1142
23
14
8250
5
54
2255
1903
374
454
23
5672
6319
99
14
13904
33776
17027
515
37
100
23
513
647
1897
1924
3037
57
42206
13
8881
996
122
318
104
14
320
1185
434
924
27
119
11577
87
935
7918
76
318
412
5
5057
935
1399
23
14
2628
82
27
397
402
64
24
11577
1046
709
1862
57
4325
1185
4702
935
24
2255
1308
45
855
1193
1106
1517
27
48391
1956
61
502
87
449
3190
2313
528
57
10670
61
99
5435
403
27
6982
546
34
522
246
119
1816
57
14
3059
730
149
1142
810
14
17539
8986
23
14
25964
718
922
24
5237
48393
5239
104
48391
1956
35
632
246
1178
8485
99
1094
3283
515
24
3059
149
3132
2257
5
149
2707
1751
4522
40
1077
2
30560
246
119
318
37
2255
61
552
3584
99
45
100
407
61
99
8523
76
642
40
99
45
100
2940


