144
33433
6796
29634
5220
29
11206
69
37
5030
9711
4
601
5
7371
6
792
6
7944
6
2052
208
3
5
952
5063
4031
1
8139
5
753
6491
3928
2
3792
7590
7944
6
2052
29
11769
5084
373
3
0
2043
19233
1
79
34963
28
235
270
164
13258
2400
7
5250
2
203
33
1664
0
343
12
0
20490
21559
9711
1
521
3
32
0
87
6
97
1084
7
0
255
2
7590
7944
6
2052
29
11769
5084
373
3
0
2043
19233
1
137
1
7
5250
65
5250
203
1416
78
15
491
12
302
16
35
104
929
157
3
2052
91
1923
28
6490
31
2920
3621
45
48
13
810
5
1439
557
2
924
266
29
40
4747
7
0
5434
329
17
5
670
990
6
14850
2052
45
20
48
986
60
84
141
183
112
0
64
2689
33
53704
15
3085
10
28
0
53705
9711
1
50
4472
2052
28
0
53706
31256
339
1460
3
0
1554
53707
8310
2
5269
5
5860
67
1379
7
1507
1
0
5220
7809
94
63
802
1057
3
124
3
0
9711
1
123
11206
5
501
1587
7
25
2
135
3869
5
14610
3
0
9074
50
44
1130
3
5
538
1137
4
123
1372
17
5084
2
334
1547
5
7724
12
0
267
6
0
14610
4
2927
42
2293
1
25
13
521
44
945
20
166
3
4574
10366
2
15
9711
53708
197
1444
3849
4
13816
2052
2
3792
7590
7944
6
2052
29
11769
5084
373
3
0
2043
19233
1
79
34963
28
235
270
164
13258
2400
1
137
1
7
5250
89
105
347
320
5
21894
7532
0
14850
14610
28
97
5105
12171
4
5330
25
55
6
0
9711
1
1298
0
7371
2
375
18859
1
38
11787
5
23592
2441
12
0
4031
1
22
16
35
15
425
1681
13
14
48
2052
46
124
69
0
4031
4
5031
0
626
1962
2
57
47
128
53709
20490
13
973
0
1916
3
3844
0
7015
4
13
7647
20
0
569
3
688
3
4306
110
13
2621
3
0
2052
3623
0
1491
2
360
25
13
3591
458
25
46
32
6741
69
0
4031
62
8701
69
0
33578
1839
2
65
479
22
16
35
57
47
128
6384
4
4185
147
13
159
12
3
688
3
4678
458
48
46
2914
0
381
1639
4
0
27416
3282
53710
1
3595
11
6491
304
10813
11
0
2043
19233
1
22
16
35
57
13
4983
4
60
610
0
4031
1351
141
32
2859
9357
45
100
54
73
6367
113
0
2052
46
267
11281
26
7590
7944
6
2052
11769
5084
373
3
2043
19233
7
5250
26
10313
11206
5030
9711
1298
0
7371
339
5063
1167
26
11686
12
20490
21559
9074
521
3
32
87
6
97
1084
7
299


