19751
85
54
7
452
284
345
762
1000
23001
31
299
18
1404
106
794
29
531
3
1020
635
1
998
29
310
2
654
4403
4254
28067
607
6
645
1150
12
23002
197
468
4
436
81
70
9
79
28068
6
50
53
591
134
153
51
1182
17
5
447
91
5686
2
19751
3264
170
43
1025
39
2527
1
38
43
1258
985
31
160
18
3994
203
1
4234
1000
127
88
162
0
3393
2
19752
16
238
7
452
284
345
762
327
7
160
267
7
3542
1
998
163
53
2141
31
797
51
15
998
1
3316
31
2419
19753
11
0
3728
12
302
1
163
106
1216
2458
37029
480
5
753
6057
12
284
345
762
2
15
3224
1365
696
7
49
3
639
1176
362
7
151
3
3003
345
762
1000
173
284
8440
4
0
1350
6
9029
11401
2
15
5855
9
49
10
37
1101
3
1665
0
3224
18
2302
5511
14251
1283
2227
39
25
10
603
6
8565
7
1033
82
2
563
5113
365
7
151
115
8
182
9
3694
4
77
9
8566
8
362
7
6466
1
884
160
1
34
3850
2470
819
3
37030
42
1448
3
2986
14252
2458
2
1287
18
998
33
22
3
675
1283
1
1720
1283
1
284
8171
4
707
833
2
10572
16
15
3224
203
1365
696
7
49
3
639
1176
362
7
151
3
3003
345
762
1000
674
70
0
15693
763
284
1283
2458
43
158
2471
85
949
998
2135
114
169
1000
33
202
364
3
0
811
2
8
1169
80
1000
226
3
0
1120
6
0
106
4
1
158
112
44
84
1
44
206
2488
25
13
41
7
0
237
3725
6
0
284
3
2235
37
358
23
5
1020
2011
1
8
5
479
22
2
15
841
845
22
125
284
345
762
1000
43
12232
114
126
43
91
1243
0
337
44
735
3
355
530
7
186
2
37031
3070
85
5
1636
6
14253
2178
7
190
1182
7
5
3542
1
0
841
22
80
126
1075
530
171
29
37
28069
3
185
465
17
8
13167
8
5225
2
13168
3
0
448
1
0
394
1209
111
6149
324
284
345
762
1000
171
118
32
3900
17
31
2561
2527
38
6383
8
17426
1
14254
4
23003
8
2
7416
392
61
32
1031
8
2890
337
8
199
23
9528
4
1020
1000
171
32
306
7
186
17
23
333
4733
23
686
1
0
6149
176
2
15
3994
203
107
41
1006
505
6467
11
1183
12
209
18
998
2
26
5374
163
3224
203
78
6
28067
645
345
1150
12
23002
26
89
118
28068
6
0
1000
1
50
675
14255
1
531
3
1020
635
26
15693
16
871
1000
3901
56
819
84
41
29
511
337
26
956
2687
111
6149
7
151
3
185
247
819


