258
463
464
3968
1312
13589
9
2033
21599
56524
183
149
600
2050
13
107
32
57
24
2511
1267
57
54
562
61
40
496
215
44
244
278
21730
149
24
56525
54
9438
56526
483
149
2050
13
1645
27
569
622
2883
516
107
6832
122
2467
9
57
9
636
23
30004
8650
1853
24
2426
4715
61
21599
2114
215
1545
13
17383
54
35704
91
722
54
23
24
14468
2321
54
7308
7682
23
56527
27
1447
105
1013
100
14
3619
333
23
24
56528
30036
647
484
24
7842
818
183
149
668
515
21599
2114
13
4699
13
17383
24
3398
57
54
485
27
521
159
34
522
119
880
183
149
262
1447
105
244
100
14
3619
333
23
24
56528
30036
647
484
24
7842
61
641
505
237
751
1348
14
13589
9
2033
1605
1606
627
650
13
24
1032
54
7308
7682
23
56527
13
3320
54
9438
56526
17246
262
21599
912
33948
7308
430
24
6724
1348
215
149
144
14
1478
318
13
24
8119
5040
56528
30004
262
1585
7366
494
2033
5
625
24
19193
4051
57
14
11127
356
61
183
87
24
1032
37
11174
5009
13
1579
23820
13690
331
1003
7308
61
56529
56530
61
129
149
3132
23
237
2321
61
516
278
1510
14
9438
56526
23
237
821
30004
1222
45
34
2118
3623
3624
61
331
330
21599
56524
13
7142
1840
27
21599
912
33948
7308
430
24
6724
1348
215
149
144
14
1478
318
13
24
8119
5040
27
396
61
1817
76
3838
57
24
4624
17098
2797
23
56528
438
24
12650
8404
7682
27
119
6724
489
372
129
4411
27
779
9404
262
56531
2495
61
7714
61
330
515
704
57
24
24
485
37
14246
288
2
7841
27
742
485
650
13
3699
23
24
9857
1605
824
262
3190
5556
53
24
2158
18
13
7841
13
3320
76
21599
27
119
3308
288
56532
76
594
722
604
100
13
14
3619
333
20121
14
222
262
1007
278
978
13
22045
24
17098
34
4606
57
494
61
21599
330
23
54
6270
61
64
24
6724
978
123
24
7842
27
842
24
3619
308
5429
21599
37
9438
56526
87
45
144
14
40092
23
54
2534
562
40
663
34
24
30004
23
502
2031
5
5378
40623
105
45
100
944
23
4653
494
27
17098
105
100
23
56528
647
56533
61
5
2707
170
57
1579
12970
11638
288
57
24
14444
484
24
7012
18469
27
724
61
56528
99
709
17098
27
2847
30004
61
625
24
19193
4051
57
14
11127
356
61
87
24
1032
37
11174
5009
13
1579
23820
13690
27
119
30004
61
1533
1284
7366
494
2033
61
149
3127
2311
5
56534
123
24
7012
18469
27
1585
19383
61
183
87
14
13466
4051
1129
34
7884
5
10351
27
1447
288
41718
5720
17098
23
7841
484
24
7842
27
1539
5430
5449
27
860
57
54
12746
23
2079
61
21599
132
13
24
712
76
54672
27
331
8440
707
9438
56526
87
24
55
57
3096
1533
23
56528
61
331
215
330
27
30019
1543
56535
61
24
56524
485
912
44239
2
5674
2916
61
11
24
333
61
19042
24
4172
76
14
4107
27
1007
278
978
13
22045
24
17098
34
4606
57
494
61
21599
330
23
54
6270
61
64
24
6724
978
123
24
7842
27
842
24
3619
308
5429
27
1031
149
24
843
23
54
5378
4150
61
5
54
9438
56526
23
56528
149
14945
24
2285
20048
105
1013
22723
27
331
33478
61
723
369
24
18902
5009
23
24
56536
7721
57
3619
2849
218
166
7819
494
61
2
10748
13
237
257
61
331
24
44239
330
27
21599
912
2495
61
7714
61
330
515
704
57
24
24
485
37
14246
288
2
7841
27
742
485
650
13
3699
23
24
9857
27
742
4620
61
7829
61
5
525
448
2084
23
24
2426
4715
23
1601
1348
24
14468
26108
4929
807
334
4678
9
7055
531
27
27174
262
119
1226
57
2031
2
24
5378
105
45
100
944
23
24
30004
34
4653
494
2819
5409
13
5409
262
860
57
54
12746
23
237
2079
61
21599
132
13
24
712
76
54672
27
331
8440
707
9438
56526
87
24
55
57
3096
1533
23
56528
61
331
215
330
3190
5556
53
24
2158
18
13
7841
13
3320
76
21599
27
119
3308
288
56532
76
594
722
604
100
13
14
3619
333
27
187
149
14
582
824
34
175
276
5802
61
56537
56538
9
56539
27
331
628
648
183
516
107
1533
989
61
331
926
330
27
331
628
149
5246
91
24
4107
1184
5
24
56540
5
3706
27
187
149
818
56541
27
628
1545
13
11909
1817
27
331
56538
9
56539
912
393
61
56542
56543
61
2195
61
330
926
3556
1869
449
56544
61
40
1644
5049
24
9438
56526
53
525
4729
1189
27
162
1501
9
257
7841
61
3096
635
56044
278
604
2011
14
1382
37324
5
369
6760
449
24
11127
3619
139
27
1447
369
373
4678
9
7055
2284
23
24
1566
5
23248
3469
185
24
56528
30036
35
980
27
251
14468
2639
9
16301
87
759
13
2645
17485
23
24
1566
218
4747
27
119
24609
34
51575
4556
13
17372
56044
449
24
3619
5513
5
24
1566
912
5006
3619
2079
27
246
21599
56524
61
145
61
149
9438
56526
104
56528
30036
23
7841
246
4624
17098
1910
23
24
1032
484
24
5017
9
902
646
369
2185
246
5401
1284
3190
5556
731
24
483
502
149
663
23
17383
57
54
7308
129
604
105
32
246
119
56545
9
2033
30004
87
1129
64
14
13466
4051
16768


