8947
850
1423
3
66
63
497
669
1
2206
28
0
706
113
66
2584
0
5611
218
281
86
1
66
352
7
3715
2
65
2328
1746
4841
13
1075
16155
10243
0
880
3
1014
42
1595
2328
62
599
897
31
2246
5
1007
1
2399
4
1712
9
340
0
252
11
5
6350
2
29213
10244
13
2370
0
64
9
132
7695
9713
3673
7
0
403
6
17960
7
2237
2
65
1645
46
32
12
9
619
1391
0
415
3
2465
80
0
721
2327
1768
587
2744
25
445
32
5
451
3
2428
8
112
66
33
33
957
4
66
84
74
183
112
66
58
32
344
3
124
669
8
9
4
14
25
18
5
12340
1683
3
210
12
5
897
1007
4
29
212
604
204
8
56
66
33
247
4
1338
8
2
10245
454
20
72
23847
4
675
5
1210
6542
11
1996
3
2488
197
0
1848
2328
4706
62
5
599
897
1007
4
17062
7914
2
308
893
123
703
5
2561
9713
1224
3
4690
212
1545
1007
62
23848
2
1022
64
3181
17
5
883
4
143
9
49
5020
90
0
3929
6
0
4706
2
10245
454
20
72
23847
4
675
5
1210
1007
6542
4
703
3
5
2561
9713
1224
12479
13256
9
171
66
252
88
9
675
5
2328
6350
1
1176
2399
62
5
8284
520
1022
64
3181
17
5
883
4
143
9
49
5020
90
0
3929
6
0
4706
65
1645
46
32
12
9
619
1391
0
415
3
2465
80
0
721
2327
23
66
356
197
0
12480
4
0
2328
1255
6
39223
39224
39225
11
0
949
783
1811
2
15
465
1358
54
166
7
5
646
1
5
7023
783
5307
4
17961
2610
3
154
102
17
66
3
9714
66
6
0
132
2
12479
13256
9
171
66
252
88
9
33
5
2328
6350
1
1176
2399
1
8284
520
62
5
1079
3
29
1740
17
3
20383
0
6229
6
0
166
90
2
17960
1
64
269
884
6
7485
31
5817
1001
1
30
40
909
0
353
47
2092
283
7
0
10244
4
20384
4876
526
2
57
30
5
10209
683
4
2976
23
2237
47
1504
1496
4
6084
528
2
15
403
13
102
3
0
9094
1199
4
13
0
118
242
113
541
29214
73
170
32
214
2
788
1
112
66
29
125
71
3
922
90
62
39
0
7867
10910
1
92
18
5
396
3
32
497
12
17
2
590
67
597
12
0
9713
3673
1
703
39226
62
39227
2
26
29213
10244
987
5
7695
9713
3673
7
17960
7
2237
26
924
132
465
17
1764
1536
20
72
23847
11
1007
1
143
9
49
4
947
26
39228
13256
675
5
6350
1
67
2399
62
5
1740
5739


