258
18301
18302
41248
28356
11688
525
2107
5470
57
1337
649
662
5
28753
23901
34
49671
27
119
1827
5
7249
11000
61
70
61
1540
334
15286
57
4313
5
38281
7683
23
2696
4301
61
20721
2412
5
26399
18922
34
1971
9975
267
27
41248
61
1094
23
525
7482
506
1950
76
24
4166
7679
61
87
324
23
14
17439
82
7306
34
24
2302
49672
1921
6517
27
521
159
34
522
41248
28356
25547
525
3334
61
18070
5
27820
1921
251
9
8976
49673
18911
23
14
49674
4301
34902
61
1389
905
49675
18895
2
525
20490
4623
2581
14
2696
4301
45953
9
4255
670
61
164
23
14
12060
9
1921
4255
57
175
49676
5
4539
49677
27
41248
61
129
99
100
10340
34
24
5577
647
427
61
25547
14
1624
1861
32327
18
525
19110
5
14
38779
61
32770
22169
4108
2391
34
24
531
467
27
1042
2107
4623
4128
14
26399
27052
11110
35082
5
20918
10186
61
76
49678
519
27
119
49679
3658
87
18898
76
18071
26246
5
14
4301
49680
61
20745
185
41248
27
41248
4063
47
398
57
14
20881
1804
9
47
57
5616
1554
34
49671
61
502
663
2581
525
512
549
7864
7865
5
582
4470
38357
49681
27
1042
17647
369
1969
34
122
4270
49682
40
76
14
4919
57
525
3405
937
27
119
28356
49683
49684
61
1389
5791
61
87
164
23
14
5148
16229
4255
61
2829
34
171
445
14
1047
57
12803
17450
1134
28356
49685
18911
61
1389
5791
61
4128
334
41776
11110
5
87
2829
34
24
2964
61
445
9
7508
1267
5
5546
331
816
628
629
1634
2246
61
628
1030
13
2242
1465
8758
5
11536
61
331
1520
41248
27
331
1003
5470
87
704
449
722
7420
76
851
2220
9
4256
23
14
880
515
4063
723
2245
4078
5
851
512
27
331
251
325
34
49671
330
262
331
305
4148
610
2863
13775
185
759
612
3042
68
14
19907
562
61
5
32
57
24
1246
610
10861
237
87
91
605
1167
13
5540
1564
17647
104
2508
9001
27
331
41248
37
5470
87
600
10116
12907
5
610
369
3915
237
36
13
107
2276
80
4228
27
331
1605
550
41248
477
30642
5103
61
76
6505
926
87
14
426
13
31180
9
2033
688
38963
61
23
14
2231
941
2157
526
505
237
751
27
143
926
49686
76
4498
15958
123
14
11949
34
24
5470
185
202
1680
27
579
16691
525
28472
5470
13
172
833
76
334
898
15750
2222
104
1409
273
2439
61
119
44659
6603
23
941
61
536
14
14308
2755
33923
670
61
1389
4626
27
41248
23
24
27052
5
49678
11110
20918
69
1389
2149
71
5
10773
69
4983
71
49687
41248
23
24
28356
49688
2871
69
1389
905
71
5
2870
4336
69
1389
666
71
61
14544
334
704
9
18
27052
11110
119
49688
2871
69
1389
905
71
5
2870
4336
69
1389
666
71
2457
334
704
9
18
27052
11110
23
49674
9029
119
20340
5
5600
9716
133
34
12987
4977
24
2418
2
525
2107
4623
9
2829
34
14
526
5616
4332
9
206
57
525
2504
27
119
2928
41017
42635
1039
14
31098
672
61
49689
45121
5
14
43602
61
4539
4336
61
171
445
525
32036
61
12803
9378
27
38694
49690
53
24
2391
2243
38779
27
41248
18898
183
76
2928
4302
4707
76
20358
4301
30839
61
5
49691
175
26991
26246
27
41248
37
5470
87
787
4166
1094
27
20915
4623
2
1389
49692
61
5
7408
738
2
4884
9
2584
618
202
1680
61
18176
525
28472
5470
104
119
44659
6603
23
941
246
41248
61
70
61
11104
2107
13253
61
14654
9558
34
4166
7679
246
49693
11536
4301
45953
670
5
20721
49694
6230
49695


