258
463
464
3968
261
262
25598
264
61
1656
1078
1268
268
269
262
43112
264
61
1656
1078
1268
119
3766
1605
43315
43082
50339
57
42181
769
2947
12438
1586
57
39480
5
622
4162
9926
13
14
1536
17220
129
7673
122
2992
64
358
2369
104
14
50340
61
2097
36751
14265
27
618
2414
256
14
10992
61
7706
1767
1046
1463
1914
445
2
24
1060
912
4319
76
14
2992
298
76
1690
358
288
449
13
1550
76
542
185
14
5828
8419
27
1585
24
4211
61
512
1969
34
24
122
13093
1805
628
23262
69
419
13212
27640
71
61
278
174
34
1428
8419
4692
2241
18493
9
1163
39480
61
1679
2220
61
5
622
6492
3401
405
57
502
358
2342
105
647
122
1920
20353
14464
27
1331
262
50339
57
42181
105
122
2511
1805
23
13093
40
373
5056
27
4338
14
3291
2097
3193
61
14
1536
17220
7673
2947
12438
1586
57
122
4162
1240
187
149
144
58
14
50341
61
2097
3193
27
119
1060
4634
13
122
4319
13
557
2957
13
14
230
3193
23
5196
2097
484
23885
445
34
14
3368
23
6785
27
4865
32
2356
912
50342
23
24
36751
14265
1876
2947
6197
61
24
1060
174
449
2947
12438
23123
3401
24
3958
57
122
20677
32
9
57
9
14
9
1211
39480
61
28446
20630
61
5
11897
27
397
358
2369
61
7706
12549
1046
14
111
217
3098
122
1116
5
1608
445
76
24
1240
9
298
1576
27
9525
189
262
569
24
36751
14265
1547
3958
144
2947
6197
1299
2356
61
24
4211
37
18493
39480
5
622
1240
8227
1586
2947
12438
9
50343
24
189
515
3438
1805
542
575
183
10493
7237
244
34308
262
6720
50344
69
174
23
13119
61
700
104
1501
71
5224
1463
129
731
122
50341
61
2097
3193
2193
496
215
149
2931
1348
215
4633
445
76
14
2992
1751
57
16210
9926
61
3400
14
125
642
798
1308
45
1014
24
4211
149
12443
8495
50345
262
50346
23
24
545
29412
23
2461
61
327
91
14215
6720
50344
69
4051
71
5
5734
50344
69
700
71
61
24
4211
5923
13
107
7024
61
3400
76
14
1245
50347
1585
262
22671
7901
6720
50344
99
769
24
2024
41958
61
5
655
215
2369
23
14
50340
61
2097
36751
14265
185
2414
215
769
704
54
4211
37
1240
5
14
970
1231
1940
3693
13
14
1536
17220
1687
2454
912
4107
149
620
9
1163
27
628
1153
14
540
57
50348
515
369
50349
68
7901
6720
50344
61
129
1094
50350
34
14
6495
9
12400
219
2053
57
54
791
2024
50351
23452
61
750
45427
27
2742
7719
23
24
2992
288
1131
13844
515
5443
334
6922
582
1940
3693
1231
91
50344
27
1687
1031
37
1030
14
506
5
14
170
1586
57
223
515
628
847
244
50352
50344
750
50353
27
22671
22285
2454
10845
149
663
1805
1131
91
24
12161
27
50354
262
5710
1046
14
111
26672
47
13
24
2992
64
183
7427
4964
922
24
36751
14265
37
12958
351
3710
868
262
119
17220
935
13844
445
61
1817
76
2947
12438
1586
57
1240
1687
187
1213
723
14
4703
1634
810
5363
515
515
1240
515
723
2534
5
1129
13
2502
1046
5
515
723
696
100
2590
48304
10845
750
50353
27
1687
12668
494
278
144
21442
691
2342
1094
174
34
255
29284
122
9926
61
40
840
13
19500
14
880
13
5056
2241
183
27
50355
262
4338
1114
494
61
24
4211
373
24875
61
3400
358
1094
444
822
14578
1873
1284
23
122
1920
20353
14464
3627
24
1271
262
119
4211
87
719
61
104
174
61
1756
76
3902
1240
185
24
257
256
24
12161
2053
57
122
20677
24874
27
104
700
61
358
5056
23
122
3766
14464
331
1011
494
278
144
734
331
262
22671
22285
2454
10845
330
215
1999
10835
58
24
12161
2414
27
331
187
1213
723
14
4703
1634
61
331
215
330
27
331
187
37
2050
13
26310
612
1046
331
262
119
1060
99
1094
8459
445
34
5828
8419
4692
61
40
1393
1153
3902
1240
1687
1312
703
61
183
37
2050
13
26310
612
50356
50344
330
27
1687
2686
9926
87
8495
20993
34
19237
119
111
4633
868
23
24
4211
912
669
13444
1076
50357
2992
76
1561
17506
27
187
149
4964
23
918
57
24
36751
14265
912
12958
351
27
119
4211
87
2456
24
17220
1185
7672
1018
1013
444
868
76
4935
24
1240
27
691
22864
2938
76
1366
13
1724
50340
61
2097
642
104
69
50358
71
50359
9
50360
27
13229
21429
57
42181
935
5
1094
820
246
119
4211
149
5101
23
14
50340
61
2097
36751
14265
246
2906
57
24
1240
4692
33
13
122
3766
628
23262
69
419
13212
27640
71
14464
246
22671
7901
6720
50344
663
769
14
582
1940
3693
215
1231


