144
507
491
1215
293
16
55743
138
1
591
488
526
291
287
16
55744
138
1
591
488
526
15
818
11
5
740
20670
211
38
13
178
187
1326
1575
39
27
2664
790
10
115
316
724
28
113
27
280
115
27
4336
55
1
2079
195
506
1152
12
0
1615
6
55745
2
22420
1483
1
896
1
10
81
214
302
166
56
36
1992
3
2777
16436
316
12
0
14705
6700
3
1804
49
1257
10462
1
27
1127
9
1133
4
244
6
27
7879
284
1
38
10
2619
7
14705
1
339
0
2434
4502
6
0
1615
2
10462
78
811
14
19
1393
34
1175
94
4
21
180
19
12
9
311
103
9
311
1028
3
185
59
2
8364
16
22420
1483
1
896
1
30
74
40
214
150
302
56
36
840
27
1127
9
1133
4411
19
195
8
96
1670
121
49
28
95
260
20
55746
1
1992
55
3
95
1393
14
24
213
2619
7
55747
4
36
1376
121
103
20
95
1393
3657
25
175
121
63
259
379
3
4411
95
1393
1
27213
24
34
1176
914
5853
17
121
20
14
71
1
8
10462
22
7
37
3289
772
17
5997
689
836
2
8
191
123
60
224
99
3
55748
2
191
24
351
1399
662
24
408
27
2676
7
95
55749
0
1600
71
2
8
10462
131
21
219
102
4
219
3
1266
4
107
74
1781
3
177
458
1483
268
0
262
415
2
96
202
213
99
3
59
2
15
262
132
1
426
1
10462
131
21
10
55750
63
13074
9198
31
106
10843
12
19
917
2
135
78
59
1483
18
117
34
364
27
740
4
34
289
88
19
540
2
10462
1861
21
107
74
29
0
3007
573
17
0
117
6
19
7879
442
18
145
2
10462
131
21
219
3
0
106
652
4
10
23102
31
3733
1664
1483
18
3764
2
52
61
131
21
10
289
5
4051
16318
1146
2
8
15
203
78
121
24
732
1
8
10462
131
2
8
135
107
74
143
121
154
25
311
2
24
351
10495
41
4005
24
732
1
24
181
44
445
29
79
22
14
23
5
20473
1
45
24
228
84
74
183
9
24
351
1360
140
122
98
340
7764
12
2
8
55751
16
35445
195
10
115
4336
55
4
12
97
243
418
230
39
27
3764
10462
131
21
1624
21
13
8
19716
1131
0
2847
1400
1
8
45
7136
14
21
107
739
3
1797
1483
1
3708
254
21
183
113
36
13
2
380
426
1
1483
18
5015
5694
1
27214
1
10
115
20
0
55752
34932
455
0
14705
6700
2
8
96
10
12913
1
14196
1
8
22420
18
145
1
8678
1483
1
78
0
652
1
8
53
27214
51
10
10480
2493
2
8
15
262
132
1
280
6
0
740
211
9
8
3190
12
5
27019
8
9
115
35445
195
8
12
97
243
4
196
6
25
10
4336
1
8
20
0
235
6
21556
8326
677
1
5
952
8326
1167
339
10462
18
102
14
13
116
49
6
2931
9045
3816
4
13
10566
17
2079
1246
2
8
55753
13
5
1399
849
5222
329
11
75
38
5080
1246
3
165
4
6636
88
1
8
21
131
2
360
1
92
10
100
911
6
1483
2
8
221
13
1584
100
1164
14
35446
58
29
204
27
195
55
92
1054
1
8
27
145
22
8
57
18
5
423
242
2
35446
13
178
4
5
272
187
1326
1
23
5
290
66
79
84
74
165
55
92
1054
4
27214
10
74
17
27
2
8
17514
16
1483
18
4336
55
195
10
115
7
5
2071
329
339
0
102
6
27
1127
9
1133
334
1820
0
2079
195
1
8678
1483
131
36
30
8
274
1476
4104
831
162
95
251
8
45
6812
3
722
0
818
11
27
740
263
2
8
2161
74
355
49
350
11
27
2
15
818
951
30
1362
1
25
30
74
1141
2
96
170
13
74
115
4
98
60
183
113
0
195
13
1
86
98
60
29
3
454
350
80
140
323
1
8
8678
1483
131
2
8
24
351
159
3
688
3
124
5
2066
311
2500
4
454
350
11
27
455
0
9279
2
8
5968
17
597
12
1483
18
5823
13
348
3
965
4481
55754
31415
20
53
25604
51
12411
9
55755
120
656
269
62
53
25604
51
55756
9
55757
39
269
2
26
4867
9
83
22420
1483
10
81
214
302
56
36
1992
27
1127
9
1133
3
19
1175
195
26
1483
18
790
10
115
426
316
724
28
113
27
195
10
115
20153
4
2079
5
132
192
26
1483
18
1127
9
1133
4
244
6
27
284
30
40
2164
31
106
4
289
5
4051
16318
1146
26
1257
10462
22
106
78
59
21
732
0
4051
16318
1
45
44
107
74
1348
59
26
10462
4257
8732
1483
62
3059
113
36
13


