5523
274
7831
1384
6
0
1586
399
4
1586
399
7011
574
55
3
32
1470
1
5004
54
133
0
6755
1555
2
2242
976
3120
38859
4
29020
10224
14
234
1384
35
12437
9
13419
38860
120
81
149
18
1291
2
191
98
607
758
0
6755
5123
43
207
3
32
1041
12
0
111
2023
1
45
0
678
34
3
32
2079
56
44
887
2036
1791
1594
2
297
94
11
167
14251
5123
43
7831
3
32
5
1384
12
0
1586
399
53
93
51
4
1586
399
7011
1
53
122
51
45
0
111
10224
1384
35
12437
9
13419
1906
969
2
6992
327
976
34
3
6968
97
6755
5123
39
44
1687
7258
120
1594
1091
55
31
976
6533
976
369
1828
6755
5279
7
97
38861
13420
7259
12
0
1586
12438
53
137
51
23735
6755
13
5
504
1
9933
2793
116
6
38862
15395
29021
1
2543
20
232
3678
2
294
0
2793
13
6348
1
25
4006
29022
14
73
32
9016
319
7577
9
23736
29023
2
982
726
29022
33
640
69
1705
1
4
14562
1
3
383
1906
2
15
1128
13
7388
157
7
718
4746
114
25
13
3820
1
3770
9
989
4
9517
29024
2
976
369
1828
6755
5279
7
0
17877
6114
14608
9017
12
97
776
1586
12438
4
3
23737
0
391
18
710
2
294
5
768
1
6755
1906
76
2846
2851
29025
12314
648
157
7
148
232
9
267
7260
2
38863
4722
9694
38864
78
29026
14
612
7435
2822
1148
35
418
607
6
0
6755
38865
1354
2104
1791
1594
1
0
1555
10
22
3
29
1687
7258
1
4537
976
3
2565
3
216
4585
2
29026
17878
607
14
0
595
3
4090
5123
10
116
79
347
90
0
1291
770
2
65
6755
1555
1
967
1
10
1041
12
0
976
4623
4
25
13
273
0
2397
1
23738
1352
10
141
23
10664
23
0
2006
4746
2
65
612
2018
28
29027
115
14
0
6755
1555
10
0
148
404
111
1384
12
0
208
9
2662
2023
1
543
29028
134
153
6
801
2
139
10
1506
85
0
245
6
75
38
404
37
3698
2639
142
4
2006
1555
2
7863
391
1648
839
1
15601
3965
23739
1
30
214
5
1280
134
153
1048
7
1038
327
357
0
255
77
0
424
70
1
4
48
30
40
1440
3
3963
5123
2
15
118
412
6755
9
12987
1132
391
648
720
13
0
38866
29029
17877
1
5
3770
9
38867
797
14
964
72
38868
7
0
255
4
201
38869
7
0
631
2
15711
28
0
1791
1146
327
1
976
13
61
273
3
29
2079
6755
5123
114
6
0
1128
47
968
2
57
47
1834
14
5
1848
1906
1555
964
5
5872
140
72
38870
134
391
241
5
6755
1555
13
521
3
752
140
72
542
2
144
0
71
14
1176
752
30
17879
94
3
0
3904
12
0
232
1004
1
801
76
32
350
20
5
391
14
47
72
639
67
1707
85
5
1260
1906
9
14185
797
2
65
612
2018
28
29027
115
14
0
6755
1555
10
0
148
404
111
1384
12
0
1149
1
543
29028
134
153
6
801
2
139
10
1506
85
0
245
6
75
38
404
37
3698
2639
142
4
2006
1555
53
137
51
2266
0
1291
1
5
3031
2130
366
3
29
6891
54
6
976
18
6755
5123
9
4
5142
25
3
5
9430
6
762
1
28
5672
25
17
5
1537
4
4669
3
17725
4
16084
25
53
29030
137
51
65
6755
1555
10
1041
12
0
976
4623
53
137
51
4
25
13
273
0
2397
1
23738
1352
10
141
23
10664
23
0
2006
4746
2266
0
1291
1
5
3031
2130
366
3
29
6891
54
6
0
6755
5123
9
4
5142
25
3
5
9430
6
762
1
28
5672
25
17
5
1537
4
4669
3
17725
4
16084
25
2
38871
17880
1
5
952
3031
1227
366
81
215
3
29
213
0
1555
28
168
9
330
976
20282
29031
10888
1
38
800
116
19
220
167
12406
0
1352
2
8
24
4405
1738
92
13
1584
100
152
24
73
677
48
1352
182
95
220
785
1
8
68
17880
22
2
8
15
1476
17881
12
0
1491
10
882
95
14608
3990
4
0
4613
28
3299
25
86
194
2
8
15
1906
13
61
1631
232
9
1737
1
68
17880
2734
16
8
221
47
1584
100
3047
3298
119
350
162
0
6755
1906
2
8
976
369
1828
5
501
990
6
6755
1906
11
0
8
1206
8
7366
4
710
7259
7
0
1586
12438
1
45
0
936
6
0
1043
1586
376
1352
13
116
6
29025
12314
2
26
14251
5123
43
7831
3
32
5
1384
12
0
1586
399
26
89
0
111
10224
1384
35
12437
9
13419
1906
969
26
6992
327
976
34
3
6968
97
6755
5123
26
135
1687
7258
120
1594
1091
55
31
976
6533
26
14251
5123
43
0
148
404
1384
6
0
5540
26
29032
29
214
5
1280
980
1048
7
1038
327
7
0
424
70


