144
2775
2393
293
16
30733
138
1
314
488
151
291
287
16
25391
138
1
314
488
151
657
169
10243
1219
583
3
0
21469
14
44
392
29
0
148
1707
4
18323
4706
1
54
211
10
1571
41
3
2610
17
4910
2
44521
5
425
599
44522
1007
1
1868
1483
756
3
165
17
385
5
305
67
1964
9
36
1766
5
16716
2
96
4
111
315
2889
756
3
14084
0
1848
425
599
1007
4
415
2020
56
44
669
20
25503
1823
2
191
0
2285
1766
558
5
16716
307
15
11305
756
3
143
42
721
132
67
1210
31
7929
7
42
1545
25504
6381
15
295
1
28
11696
1
3604
338
1
354
44
206
32
0
118
295
3
29
388
60
7141
7
18735
9
0
44523
80
9
7
9
54
1174
31
3216
4
2496
2847
1449
1322
2590
2
1868
1
5
7132
9
83
1063
449
11
37
1658
298
1
22
16
8
1232
1545
71
6
0
132
13
56
60
33
31757
49
1559
438
7
136
18735
39
0
1242
29
698
3
1266
2
8
20551
497
669
964
792
4
60
76
74
3572
5
1848
897
2
8
104
809
2598
63
0
273
6
248
5
4076
897
86
60
22
240
459
41
29
5
121
4
66
897
969
240
218
8
9410
0
10868
55
307
15
897
423
80
11372
0
31758
3
2029
0
295
18
10910
7
25503
1823
15
2285
615
94
964
31
816
20154
44524
7756
17
27
16716
4
0
6350
1766
5598
2
5047
464
6
0
897
423
61
1766
0
44525
9
876
5403
11
0
1481
1
173
42
54
9
70
9
83
198
19771
4
1868
18
452
9
70
9
263
44526
1
42
3628
2255
44527
4
1901
4073
1
1868
18
8491
4
4719
2967
4
1429
31759
1
27
25505
1567
4
2825
31759
4
6901
3155
5748
2
3798
2801
3
1007
67
7388
1
173
0
2285
18
1676
566
4025
9
1194
11685
38
1766
5
5277
3736
2020
2
12001
54
30
40
7530
3
8
91
549
5
13634
1980
18
16591
8
4
1
480
97
23853
233
1
0
16716
30
383
5
1852
7078
2
8859
9
634
1385
43
49
3229
134
153
1
44
43
25506
12
749
314
18
12120
9
4
158
160
2245
3880
779
30
3808
3
13593
54
7
5
1809
1306
7426
2
2797
751
564
1322
2590
30
490
3
13593
5
1264
16716
1
0
2470
44528
3560
6
3125
8958
1
4025
7364
1
6521
3575
1
238
4889
47
847
7572
1
7297
4
1786
20908
2
15
3973
6
2470
31760
5403
1
330
23
35
44529
1
840
1221
5
575
134
153
1048
7
943
1385
20
44530
77
0
598
347
3
483
409
2
15
2285
10
289
184
31
27
1439
9
1970
2044
11685
4
27
244
2611
5748
10
237
130
9
45
44
756
3
1802
5277
5403
253
2
1868
4
2889
1
5
10236
9
83
5871
3251
1
34
0
81
3249
7
42
44531
18735
56
25
309
3
2951
2
1868
176
16
8
104
469
3
124
0
1449
3
1802
5
16716
45
21
17484
2479
4
78
282
21
107
74
29
54
2
52
78
282
21
34
202
669
5
295
7
18735
90
2
8
96
176
16
8
378
87
60
22
7
5
295
6
82
60
58
16153
136
6812
45
98
24
58
74
586
711
63
136
897
132
2
3475
34
425
4666
12
42
902
2
8
24
107
3773
497
669
7
5
425
599
1007
23
5
4497
45
23
66
124
1446
66
3203
14
92
33
457
67
650
85
1051
792
12
5
1007
2
8
191
0
237
551
13
14
60
73
30902
49
12
0
5964
7
136
897
6381
2
8
15
295
1
28
15813
18736
1
44532
1
33
98
3163
49
3
165
12
8854
17
42
126
3
8904
4
4186
4083
208
70
2
2889
22
16
8
1232
897
132
10
86
194
1374
2
378
87
136
280
4
117
273
60
43
6977
45
816
18735
13
0
118
71
60
124
16717
32
4498
2
8
57
10
1595
4
60
58
74
586
5
551
2
8
26
1868
4
2889
1483
756
3
124
669
7
31758
23
42
1545
196
6
0
132
13
16231
49
12
0
5964
7
88
26
9717
76
41
3572
1707
897
1
86
4832
11
37
9437
25503
1823
451
26
6205
61
11372
0
2470
31760
5403
4
0
2285
1766
20154
13981


