293
16
23684
138
1
903
460
190
291
287
16
38712
138
1
823
460
190
38713
16
155
7910
891
17846
16059
22
36
76
74
759
4424
27
2193
11
1681
6
10211
27
99
7910
7557
11461
891
4
179
19872
17846
16059
131
36
10
86
7177
6
709
120
27
673
14
36
805
3
1804
49
27
126
11
5
20231
2
15
393
1
2297
1
38
10
299
47
973
19872
268
27
3921
7
1098
1
22
27
142
10
86
14586
31
27
147
1
14
36
76
141
759
4424
2193
20232
4
9143
7
276
36
900
27
99
2
101
37
772
17
15
491
12
302
47
308
1518
1
401
16059
1
38
1050
0
749
163
48
70
1
22
16
35
10740
13
37
80
9
9679
172
4
54
3
50
24
10
2790
7911
2
35
89
24
10
61
5
28943
3
183
14
4616
95
673
3708
95
265
76
81
2
308
495
7
4220
1681
6
709
2
24
107
141
6925
1804
49
95
2193
56
44
43
501
114
6
0
759
6
38714
5
99
3781
2
35
24
58
1629
12
0
898
4
44
58
29
3
226
3
121
112
44
404
5
38715
401
16059
61
310
36
1407
2322
19426
859
39
3242
27
6260
673
2
35
24
78
1308
24
58
29
5
14587
431
56
24
1141
38716
36
22
2
35
89
56
25
224
3
25
1
0
961
6
248
711
2351
7
95
265
10
253
4868
2
20233
859
13
41
11
121
2
24
58
699
10875
95
829
17
28944
4
38717
401
16059
176
14
36
34
5
3546
1167
11
1341
7910
891
8723
23685
1
4169
2
96
22
16
35
52
750
95
5346
38718
2
104
2207
5
5254
7
50
24
34
3
2053
17
277
6
0
2711
4
892
44
43
80
205
1
8723
10
2539
95
1545
2
52
13
199
5
12036
133
86
28945
4
602
17
14
10034
38719
7
19
1072
2
24
34
14
1299
17
59
14
66
124
12
212
87
38720
26
378
0
4533
6
27
3030
673
17846
16059
10
4153
3
2800
27
2193
7
276
36
900
27
99


