51878
51879
1899
3361
185
4386
58
2074
14
506
76
4400
17266
61
5
183
1130
24
15243
4332
1099
278
184
14
13714
51880
75
122
791
3018
27
4400
4151
206
57
51879
37
3361
3649
75
54
6989
9
2439
11066
29877
104
1705
7657
8007
13
9146
331
612
4068
11069
704
24
512
331
34
24
10215
4441
201
112
27
691
598
262
331
4182
51881
3555
408
9146
612
4068
51882
704
24
512
902
64
358
1550
185
51878
51879
5
3361
27
331
51878
51879
37
791
2439
4400
17266
1688
11066
29877
331
704
24
512
331
75
3361
51879
2859
75
54
791
83
11066
29877
185
1750
104
1705
7657
8007
119
7443
9
2033
87
3009
13
221
334
9745
185
24
3361
120
119
3018
99
4494
185
14
166
9
506
2528
2
4400
76
30878
30879
3031
23
24
622
3001
51879
3818
215
825
107
17377
185
54
3276
4699
58
4455
34
3361
23
227
13
221
54
3649
104
791
2439
11069
27
119
7443
9
2033
26378
14
166
9
5
9
14
9
170
9
506
2528
104
24
1050
57
10572
722
100
13479
13
219
13
24
7328
528
91
791
11066
220
10561
10562
61
129
215
2469
101
1195
27
3361
369
24
4441
201
912
169
9
17108
27084
76
144
2195
61
5
646
87
102
185
51879
13
1805
24
1675
2329
417
122
23818
23
918
57
74
27
51879
330
215
87
6602
13
107
104
3361
5
359
215
87
537
2237
13
24
238
51879
330
515
215
600
2045
2467
47
13
24
1050
57
10572
185
25354
5971
246
51878
51879
4494
14
166
9
5
9
14
9
170
506
2528
76
3361
246
119
791
327
3018
1949
14
506
76
15243
4332
4400
17266
246
51879
53
54
3361
3649
75
11066
104
1705
7657
8007
246
4400
4151
13
9146
11066
29877
331
704
24
512
331
185
1750


