2814
50
5
17264
62
487
17265
87
13
107
7920
91
24
1566
37
2432
58
7983
14998
17266
2813
37
17267
17268
23
14
17269
9
9869
26
185
3354
27
119
315
23
24
17270
2554
149
45
719
91
112
948
27
2036
2461
62
487
17265
69
700
71
99
100
6903
57
14998
17267
17268
69
45
324
71
331
119
15151
4948
278
1414
17264
34
334
9634
57
24
7248
61
484
2540
14
829
1222
24
17271
4805
91
7249
3224
87
17272
1185
45
61
331
24
17273
330
23
14
376
27
17266
2813
369
169
23
2814
37
17274
185
5783
131
61
2978
17275
4781
17266
17276
61
76
17264
23
5887
185
4983
27
17265
87
2933
23
2276
5704
2051
123
17264
37
17270
2554
76
17266
2813
246
17264
37
17274
2544
76
17266
2813
2291
17270
246
8875
9
2461
62
487
17265
7983
17277
17267
17268
246
2036
2461
62
174
11089
34
54
791
2439
35
2157


