101
837
1
100
54
73
1487
66
55514
9
45
14
18
1131
114
66
352
41
3392
2
1772
3870
2648
645
1080
6
1060
12091
14
76
32
1547
42
630
7
2463
1
5
625
30
310
2
15
1425
11
48
33
5858
2157
1
45
0
2508
3303
4
2170
274
1579
379
56
14663
1177
12
0
1147
3655
3292
53
4650
51
13
273
3
32
54
686
773
2
297
94
11
167
1022
4
166
16
23860
53
2419
14466
13
137
51
576
12
0
1147
3655
3292
392
14652
17
0
3599
9720
6
0
2508
3303
4
2170
274
1579
379
23
44
5546
1177
2
139
1
1909
354
1
76
32
54
6
0
1425
11
0
6994
1060
6861
7161
7
0
5777
625
3049
3168
0
1060
6861
6
3699
3870
12
1711
837
11511
6180
4
793
1147
3655
3292
53
4650
51
1353
464
90
1
120
4
39
13945
2
65
9586
130
9
116
7052
53
137
1
122
51
14
29502
381
4
2487
4775
3
2254
3002
1
79
109
1492
1881
1
30
40
803
31
37
1467
3008
2
15
111
2793
76
987
5
6814
1416
6
3002
11
2663
12
189
6180
7
837
4
158
185
282
35387
111
10317
2
11017
6895
55515
327
14
0
1881
44
76
32
2862
12
10317
14
2663
46
35387
1
23
8
541
8
3852
73
41
2114
7
5727
8291
2
15
2793
13
116
49
6
55516
28
2179
4887
14
33
1410
7
5
2427
6
9005
5045
2
15
5045
13
19223
28
1492
9005
20970
2
135
115
14
12
955
3870
124
499
85
231
269
1060
5
166
12
14663
837
23863
4
79
77
231
269
12
4650
6180
2
139
10
480
0
513
837
1725
2843
25618
11822
269
6
1060
134
166
11
837
9
2008
3870
2
3563
105
9
5327
6
3870
61
12211
3
2592
4166
120
13945
1
2298
1335
63
0
1593
0
679
206
32
248
12
42
1124
2
570
4478
35388
1
28
5777
2451
714
7
2563
38
531
0
625
364
7
0
4299
15
19634
21133
1
22
16
8
16184
27192
13
22976
543
1353
464
2
8
57
47
536
14
67
2560
2190
33
735
3
3568
9163
1060
7
1353
464
1
234
120
550
4
13945
1
23
1060
27192
30
40
3693
17
1124
55517
7
2701
9758
4
1368
9
428
2741
2
8
96
176
16
8
15
1650
11
5
1353
848
3
55518
1957
112
22382
28
1060
31
37
1296
2753
206
32
55519
31
0
256
6
1060
9
5388
27193
2
55520
256
6
199
13722
31
1353
464
2765
5201
13
6
1787
1976
2
8
956
433
6149
763
728
317
2592
4166
41
3
4433
7
19321
55521
10539
5
232
1895
6
1601
35389
4
1011
9
25078
1
570
35388
3164
55
2
3049
61
354
14
22407
53
381
182
22407
1105
1
17
16158
789
18657
7
0
3170
1
137
51
76
32
1298
4650
9427
3
1208
4123
1060
4
2565
3
2592
4166
8
139
7714
13
1225
650
114
80
1353
464
12
5
289
1613
206
32
182
0
2603
6
5
1060
9
5388
3321
20
0
222
71
1
8
36
22
2
8
101
725
1
12
0
146
11511
6180
12
50
80
1353
464
15816
1
80
1353
464
364
317
1060
9
13722
12
0
222
166
399
134
153
6
0
71
2
8
861
0
2508
3303
4
2170
274
1579
379
1
1177
5546
13
330
3
32
1356
9
55522
3
1060
2
15
8454
3870
2852
14
42
1060
10
7291
31
914
1
3368
4
0
24839
2909
7
837
5403
2
89
1060
21510
1575
3
2914
3870
480
0
2154
4
2070
8
1060
3656
8
3954
12
0
4650
1
973
125
1909
3
13995
14
22407
1403
206
32
3
2840
2
360
0
774
738
14
1060
27192
467
3
1349
49
7
3870
189
90
5
1613
1291
2
380
955
1
1353
464
1824
499
85
10611
269
1060
5
166
120
550
125
105
187
90
317
103
69
837
9
63
272
37
889
499
85
0
955
513
2470
2
334
6180
1182
967
1
20
568
272
6
0
3870
115
44
5172
5
400
465
67
1060
2
1217
406
134
153
6
1060
4824
12
0
837
11511
4
823
134
153
12
0
4650
6076
452
269
62
67
1
1292
17
2162
134
153
4
713
134
153
39
0
222
1353
464
34
1892
42
6180
2
7305
9
428
5895
35349
1823
30
310
80
66
76
388
188
3
183
63
22407
11240
7
19
776
167
2
1823
3052
14
3870
1957
1758
54
4
64
319
5
22222
571
1
4
125
6
0
3998
13
55523
12
0
4650
11
142
9
5202
2909
2
380
1177
1
60
33
157
3
2587
3017
63
406
3
999
4121
53
384
3
1627
3569
51
7
10280
1
45
7
837
3870
392
14652
17
37
1489
14
47
63
146
4121
53
851
22408
51
1456
56
44
84
5
8
245
64
8
2
135
256
55524
3
1126
784
3
0
1135
1
50
14747
14
100
3998
73
1927
119
44
1629
94
4
84
42
656
2
930
1001
3870
3
84
48
1
2843
30
5
2587
17
5
710
549
86
44
73
1779
14980
784
7034
56
44
1629
94
2
35
15
2587
1403
926
109
5
8787
6840
1
319
23062
663
906
3
22191
0
4826
3998
25519
1575
1823
7
0
167
2
15
3998
13
41
55525
69
837
1
967
1
4
13
969
5655
12
0
652
3
32
18416
6
12
5
3642
2582
3
1177
2
55526
1060
6861
43
3168
319
37
55527
1
5
1149
3561
12
0
5639
50
1484
1060
4
2115
12590
2
2636
61
592
20
5479
10423
28
3870
3420
35389
4
1060
1737
2
3142
9
2305
570
1253
55528
1
61
28
5777
2451
714
1
22
16
8
4593
9944
13945
6180
3
0
3639
1
7269
1
62
2026
46
3962
67
2560
55529
3
32764
996
1124
31
5388
1060
120
13945
2
8
982
206
675
26681
3
32785
1
29314
55530
5317
3
2834
34434
6
914
1
4
13724
12013
3
1524
9163
1060
1
50
13
5202
11
9371
433
1
1124
4
715
2
8
24255
12
0
2155
7
0
4299
1
570
18839
55531
28
0
422
6
4328
1
631
1
5131
0
252
11
67
774
12
0
1830
6
837
1024
12
1060
2
8
2007
146
75
29
21471
960
4
614
11
67
85
54
70
7
837
1
8
21
22
2
8
294
199
1
129
1060
4
13724
433
46
32
1792
120
837
9944
13
5858
2157
2
8
10307
6
0
55532
6
1060
2557
4
0
7397
6
1060
6657
7
837
33
2857
3
2174
0
650
1332
6
458
13945
10576
0
252
11
1060
4
3278
0
1650
3
1060
1
62
458
25
10576
0
1650
3
1060
45
41
0
252
11
1060
2
8
26
135
115
14
12
955
3870
124
499
85
231
269
1060
5
166
12
14663
837
23863
4
79
77
231
269
12
4650
6180
26
139
10
480
0
513
837
1725
2843
25618
11822
269
6
1060
134
166
11
837
9
2008
3870
26
3563
2881
980
6
3870
12211
3
2592
4166
120
13945
1
2298
1335
63
0
1593
679
206
32
248
12
42
1124


