12894
17012
13
3
29
97
87
1551
3280
1452
7
97
5115
695
1
146
82
39
0
2964
18
4631
22
0
1238
8
58
74
147
8
17
5804
5205
2702
2
27307
27308
46
326
14994
570
25501
27309
7
0
2811
106
2964
2
1100
92
29
40
3280
7375
7
24768
1345
1
48
13
0
87
1710
754
11
37
5804
5205
1770
2
101
411
1
1074
4631
2325
8579
9
417
562
0
163
23
0
8
81
22467
6
22468
8
114
25
34
100
588
62
3280
2702
2
35718
1194
1
27307
27308
4
3126
56906
53
137
93
3
122
51
46
393
7
0
5680
236
6
12894
17012
52
22
0
163
8
58
74
147
8
112
92
10
5977
8213
543
97
4041
2
68
8579
9
417
10
1410
23
5
768
6
19
685
4
21
192
3196
2
15
189
9
831
830
2964
13
207
7
0
2154
5848
1381
6
12894
113
56907
375
56908
35158
5
2216
6
5145
2
6378
4631
5076
2200
22
570
27309
46
773
32914
4508
1
545
31
35718
1194
1
8
2544
7
67
1678
85
54
2
8
12894
17012
467
7
4469
4
13
1436
31
67
85
12604
2518
5
149
2
8579
9
417
22
20
0
71
0
1238
79
254
74
8
29
5804
21590
553
2
2499
25
58
74
32
0
944
1381
17
88
2
57
79
58
74
147
2
6378
4631
2325
8579
9
417
53
93
51
562
0
163
23
0
8
81
22467
6
22468
8
7
411
114
25
34
100
588
62
3280
2702
1
137
17
375
56909
8
12772
60
445
32
7
6072
2
15746
1
56910
53
54
6
0
1248
5978
6
1390
7
0
163
51
13
2528
3
32
6072
2
8
191
112
66
219
69
6072
66
58
74
177
5
599
225
92
2
104
352
0
81
22467
6
22468
4
24
188
3
402
25
14
152
2
8
2811
22
20
0
71
14
25
10
8
1549
4
11545
8
20
0
14496
2
26
27307
27308
46
326
14994
570
25501
27309
7
2811
106
2964
26
57
13
0
87
1710
754
11
37
5804
5205
1770
7
0
438
163
26
57
13
146
82
150
5
4631
22
25
10
8
0
81
22467
6
22468
8
26
2325
8579
9
417
22
163
8
58
74
147
8
17
5804
5205
2702
26
318
685
601
5
1035
1666
14
93
2811
8
1549
4
11545
8


