1178
37586
1941
25233
61
129
87
4431
64
1950
185
4767
24
500
23641
1941
61
4151
14
843
57
2002
13
24
5284
57
24
29121
5304
144
454
484
54
2534
1669
734
9672
1923
13
37587
61
28791
27
3443
37588
2
30354
61
87
648
13
107
32
57
24
374
1727
273
185
4767
1941
35711
502
285
500
104
37589
185
2414
27
808
37588
61
552
1002
3229
5778
515
215
1949
739
7314
10810
23
14
37590
76
14
549
61
1725
334
998
15166
505
23
24
506
13
24
5284
57
28181
13373
29121
61
502
149
2876
133
57
24
9498
23
1078
27
521
159
34
522
3443
37588
69
116
71
2
30354
61
19146
61
87
648
13
107
32
57
24
374
1727
273
185
4767
1941
35711
502
285
500
104
37589
37586
227
185
2414
808
37588
1725
334
998
15166
505
23
24
506
13
24
5284
57
28181
13373
29121
61
502
149
2876
133
57
24
9498
23
1078
331
628
2245
3438
2404
34
24
769
57
29121
91
2776
18723
27
187
37
100
15
124
5485
836
34
37591
23
16
506
61
331
808
37588
717
185
1078
1371
27
331
1003
1005
8617
663
34
24
37592
37
485
61
1099
704
24
22513
557
23
1101
820
331
331
7336
1690
825
107
422
663
34
24
23000
1565
57
2776
18723
820
37593
820
331
119
1413
1941
13374
185
1941
35711
369
4431
64
37594
37595
61
37596
37597
37598
61
3443
37588
5
37599
35879
37600
61
1817
76
32122
37601
37602
27
618
739
5366
61
37588
598
185
1002
262
331
22619
739
13
704
707
729
486
129
3320
183
331
2776
18723
61
129
99
769
316
4034
1887
237
506
61
407
14
15166
23
2002
57
1677
2717
618
739
5366
61
37588
598
185
1002
262
331
22619
739
13
704
707
729
486
129
3320
183
331
27
23641
37603
37596
37597
37598
61
87
663
4431
64
1950
185
24
500
1941
396
663
717
14
467
57
3383
536
54
23641
8803
8992
27
119
2255
57
23641
37603
37596
37597
37598
61
99
663
799
2237
13
614
334
395
57
525
1093
129
149
4431
64
1950
185
24
500
1941
27
37604
5
14
346
57
665
37598
37
622
2670
61
288
324
5567
104
525
82
23
1747
37605
575
926
6638
14
485
544
14544
525
500
1093
27
187
99
100
1341
646
288
14321
7967
185
4767
9
349
18203
317
61
2584
272
5
16
14965
61
5
23641
278
383
646
288
316
1830
61
1413
1941
13374
5
32
4560
185
4767
27
37606
57
24
7967
5
1727
185
9
4767
369
32
37607
61
32
28181
61
32
864
61
32
1611
61
166
1747
37608
5
14321
37609
27
119
1713
5
1714
4046
34
24
500
1941
99
100
1085
34
24
2356
343
13
37610
367
5
825
5183
104
37611
185
3354
296
27
1042
2255
61
37604
61
87
324
5567
104
122
82
23
37612
61
1747
37605
76
14
346
57
2670
37604
131
1795
525
1093
69
12893
71
362
14
16806
485
544
23
525
1747
37605
82
119
23641
1941
9
502
149
334
37613
37614
9
6970
76
24
1612
346
37615
9
37616
69
324
702
71
9
23658
37617
1920
2414
296
5
149
2150
13
1810
104
37587
1748
119
37586
1736
57
15455
330
515
24
1669
61
502
149
9672
1923
13
28791
2
19146
61
105
9025
30354
1677
30717
4675
104
37618
61
5
769
6849
104
37619
246
1178
23641
1941
2
19146
76
4628
308
185
4767
99
734
246
999
57
24
1941
13374
391
13
107
185
4767
149
3443
37588
246
119
37586
1727
416
4151
14
33812
843
13
24
5284
57
29121
61
751
484
54
1669
734
9672
1923
13
28791
246
119
37586
1736
57
15455
330
515
24
1669
105
9025
30354
1677
30717
4675
104
37618
61
5
769
6849
104
37619
246
37606
57
24
7967
5
1727
2581
37607
61
28181
61
864
61
1747
27608
61
5
37586


