144
9755
13532
4
3415
944
1037
1392
29647
19
1676
566
1189
5805
12
0
9114
119
1037
847
29647
1392
19
12309
431
4
13481
117
207
9
49
1
0
1676
1037
310
209
2
101
37
3354
772
4215
90
0
4968
9
83
1037
847
2534
99
3
299
39
5
40072
1746
6
2068
1
21
5555
914
12
19
573
17
19
566
2
191
21
310
14
1037
1392
13
7533
4356
20
41
91
344
3
1850
12
0
9114
114
6
19
594
754
2
1037
1392
1
93
1
926
23
5
7785
4
3724
1573
119
847
1
122
1
13
5
1011
9
1573
29648
7
10759
1037
847
1
38
30
79
1892
19
200
10878
7
2068
1
113
21
10
5
1011
9
1573
29648
7
18116
5805
1
22
16
8
24
181
92
13
5
706
6
29649
1
41
79
0
725
14
24
124
3
1412
48
1
45
2694
21
981
361
3
32
55
323
2
8
191
3
32
3354
17
66
1
24
84
74
177
459
21
76
74
2
8
318
431
55
323
58
32
1189
0
40073
885
40074
18082
3290
886
1
62
2958
1
500
29650
6180
2
1217
0
222
23
282
9
100
9
54
1624
38
18
7
0
9358
2
8
3240
66
124
303
20
1
45
112
0
3513
38
33
500
0
222
431
23
282
33
91
303
20
12
0
640
1
24
84
74
181
92
18
711
821
17
282
91
303
20
23
168
2
8
1188
99
102
46
29
1157
17
14
1
45
60
352
41
721
2
15
3513
55
92
33
1
1951
23
14
2
8
1392
1
384
1
0
594
8047
9
7
9
1986
6
0
5730
7143
1
13
37
2996
4784
4559
4
926
23
5
7785
4
3724
2132
1573
12
2746
916
5805
2
29651
431
16
847
18
18116
2066
147
7
0
3833
5017
13
29652
31
19
1446
566
1392
10094
20
2996
2818
12
40075
7
820
970
1
21
20588
6180
3
185
5733
40076
4
6984
5411
7
0
329
2
1037
847
310
92
13
12544
12
234
2549
2
8
2266
627
55
323
24
10
128
7818
6
95
566
1
8
21
22
2
8
57
18
8633
1189
99
102
2
308
124
80
0
29653
6
8633
1189
9
0
5054
1
23
66
448
25
9
4
0
5001
6
5382
3163
75
18
630
1
50
13
1939
110
60
688
4
84
23
168
2
8
191
99
102
21
1512
3
165
102
3
19
227
4
790
1
9196
55
323
60
84
74
2
104
352
2619
508
10279
7
5
9197
412
6
266
2
8
657
847
5898
37
18116
2066
1
19
1446
566
5898
5
1274
410
2746
916
2066
2
8
52
76
1412
48
2
24
981
109
3
181
24
76
1412
19
1
8
21
22
2
1392
18
1528
13
1131
24159
85
48
2592
329
14
1037
847
180
102
11
316
347
3347
970
1
23
847
13
330
7
0
2530
1
176
17
5
40077
16227
16
35
318
431
18
128
3387
1
4
24
181
21
18
500
5
2214
431
2
1544
609
21
18
7
0
40078
847
13
0
776
7
5
189
621
6
14758
38
29
1773
7
0
5730
7143
1
1303
1189
5805
2
15
1037
6
970
4
2926
6
331
234
2306
23
2066
6822
1
17
1186
317
196
7
6180
7
0
14759
1320
2
89
847
310
25
13
41
79
0
117
6427
17
40079
1367
14
24160
59
4
19
566
2
35
29654
0
725
14
66
73
118
1123
5
1569
990
6
75
7
5
2066
1
3278
100
54
73
1405
282
9
109
66
40080
21
4587
17
0
1382
2
35
1232
244
2534
1
136
4719
18
4067
1
80
6182
6
75
29
4067
7
95
117
2
2262
18117
16
1037
847
1824
19
147
15723
29650
5805
12
7780
6180
7
10759
35
191
24
58
74
2135
14
18
113
25
18
226
28
1
45
25
13
400
1374
1
4
24
10
289
0
1683
7
0
267
1
4
24
76
74
161
100
3
4837
101
0
772
1037
847
1
38
13
8
639
134
153
957
8
1
61
1002
6
19
5133
63
1621
37
4719
48
535
2
8
5306
24
351
5483
11
234
6
88
1
8
21
22
7
10759
1780
39
546
6
0
2342
6
1816
18
2635
224
55
2
8
57
18
63
71
1
8
21
4587
2
8
24
516
74
1604
3
32
37
4719
2
8
52
22
21
34
24161
0
594
296
3
16208
88
1
1453
16
8
1213
733
24
29
9
24
34
5
5268
3
88
2
8
3323
112
92
10
906
12
59
3
3986
94
1
21
22
16
8
24
84
74
181
66
73
388
32
2033
3
3986
94
2
8
281
66
325
0
122
447
4
850
2091
122
1
123
25
1104
71
1
1225
11
1308
4
95
566
2
8
308
19918
74
388
159
3
325
552
38
18
159
3
2953
69
0
1056
14
25
58
1126
1
1951
23
14
2
8
26
1037
847
131
1392
29652
59
19
7780
431
7
2068
26
89
847
131
21
981
699
165
102
3
5
227
85
5
9197
412
6
1760
26
15
1676
2770
131
21
8
516
74
1604
3
32
37
4719
8
48
535


