144
3507
2924
2682
293
16
35390
138
1
918
460
151
291
287
16
56955
138
1
918
460
151
563
1127
9
401
6564
806
20
186
209
3
3469
27
416
9
122
618
18
256
6
15363
5150
7
5
6202
15193
2223
9
816
5
584
6
0
6162
925
9
19307
2944
2
27314
1609
19308
1
38
13
5
9719
6
2350
1064
9
13292
423
27315
27316
1
9000
11
0
1625
23
36
806
20
35726
2383
186
7
0
588
4
925
2108
18376
2
56956
1832
1925
15363
13
2215
37
11502
127
0
423
18
776
618
1
50
21
327
30
3693
19
3722
1599
17
5
6202
9522
2223
2
7461
16
27314
1609
19308
806
7
186
209
3
3469
27
416
9
122
618
18
256
6
15363
5150
7
5
6202
15193
2223
9
816
5
584
6
0
6162
925
9
19307
2944
17431
16
258
19308
1
5
9719
6
1064
9
13292
423
27315
27316
1
9000
11
0
1625
23
36
806
20
186
816
5
584
6
0
588
4
925
2108
18376
15
6202
9
5283
8
3288
127
56957
8
9
332
0
5990
1673
6
258
19308
1
38
13
816
5
584
6
925
9
19307
35727
119
4424
49
5
588
1007
2
15
7109
9
83
179
2013
6896
1
38
10
2943
401
6564
7
5213
1
30
1271
19602
455
27
1841
2334
7791
1168
6168
9610
2
135
908
28
8
14593
12797
8
20
0
3538
3
8
35728
8
232
49
27
7354
2
56958
16
15
179
2013
6896
1
38
10
2943
401
6564
7
5213
1
30
1271
19602
455
27
1841
2334
7791
1168
6168
9610
9
6117
28
8
14593
12797
8
20
0
3538
1
3
8
35728
8
232
49
27
7354
139
13
18938
1784
31
5
1818
31
4421
13895
56959
2097
5283
8
56960
8
1
50
219
4229
7
409
2
15
787
14635
1713
6168
9610
6117
28
8
33892
8
4
8
56961
8
3
8
9162
8
4
8
24158
8
2
15
27315
27316
18
6202
4472
0
5954
8
9061
62
2223
8
1
23
168
23
0
423
18
1944
1918
2
10813
16
11517
5840
1832
1925
15363
3024
11
1712
20
0
9173
3327
7
160
2
52
13
2215
37
11502
127
0
416
9
122
618
6771
16
65
584
6
0
864
1832
18
3722
925
9
19307
2944
1466
9
428
15363
8145
14
0
3376
56962
0
787
6
19
2108
11008
1599
1
50
13
5
1545
17
1657
173
1432
5354
1
7297
1
2372
7065
4
1197
5651
2
52
30
348
0
186
3
1092
37
1296
8
7985
4
15001
8
2899
127
0
1064
9
2223
618
2
65
595
13
539
3
32
116
209
2
2577
60
33
1129
3
2005
685
11
620
1425
2
26
27314
1609
19308
806
20
5
2383
186
7
35726
1
6564
1
209
816
5
584
6
0
6162
925
9
19307
56963
26
96
13
2788
27
416
9
122
618
18
256
6
35727
7
5
6202
15193
2223
26
11517
5840
1832
1925
15363
13
2215
37
11502


