144
507
491
1215
563
10220
2563
8186
30
1477
11
0
87
71
39
3435
3432
6514
3
3178
5
878
9953
14
93
59
1129
3
158
938
2
15
8031
2664
1
909
6102
1
10
574
77
3
0
10981
3110
7
7030
1
155
331
56
21
10
79
231
347
83
2
52
556
28
22344
12697
11880
1
50
1413
21
10
1129
3
1097
1
938
62
158
1629
114
80
146
6
19
1673
43
35105
55
2
52
76
118
3618
12
19
2309
2
297
94
11
167
25303
16
3250
6102
1
137
1
10
1274
1589
56
21
806
20
0
10981
3110
21484
9953
16
6102
1
137
10
529
17
22344
12697
11880
89
0
6034
1
50
1104
7
832
17
878
11670
14
445
4048
32
210
94
1
1301
3
688
185
59
2
1366
103
1
44
17900
6102
49
20
80
278
1
3
154
730
103
19
2916
2
135
123
6905
59
31
5
12579
3
1524
19
1673
43
7
0
3463
1056
2
139
510
7
414
977
4824
1
146
278
5
132
2
54286
16
6102
10
6905
31
5
12579
3
1524
19
1673
43
7
0
3463
1056
22344
16
15
10220
12678
444
5
396
6
71
25386
7
5
1724
6
381
3
1349
3781
54287
16
6102
1
122
1
10
3270
17900
49
12
5
21147
3
154
0
730
103
19
2916
15
3432
6514
61
1041
248
19
1673
8543
7
0
3450
1056
11
0
936
6
0
132
2
89
2931
0
520
408
59
346
19
1673
7
0
12370
3
1349
3781
2
1217
2592
12
19
243
10
5
753
6826
2
35052
16
318
35106
8543
6102
18
1673
69
1056
18280
16
2266
189
1
6102
10
344
3
1629
109
5
1260
12678
155
172
16
1437
6102
76
938
4
98
21
13
98
344
3
1097
4
158
389
89
0
35104
26262
614
22657
2
1366
6102
1690
1629
49
1
109
5
1260
6697
2
1437
21
76
938
4
98
21
13
98
344
3
1097
2
657
19
10220
54288
206
233
16711
1
0
185
21
18
489
30
1362
48
305
2407
18
172
2
19952
16
1217
2592
12
19
243
10
5
753
6826
11
6102
1
122
24983
16
6102
1
200
28
122
1
10
344
3
326
17
19
3424
280
39
19
6514
54289
140
16
7266
0
12678
10
10553
140
472
109
5
1551
6697
26
6102
0
2563
8186
10
529
17
22344
12697
11880
26
15
2664
76
74
1629
1
938
62
1097
114
80
146
6
19
1673
43
35105
55
1589
26
334
3824
6514
21
73
98
1097
4
158
389


