9429
2240
24177
24178
22
54
6
19
839
18
679
10
11
8
3102
728
38
73
3572
25
8
15
2240
6
40127
1462
9429
30
2290
5496
39
5669
54
6
0
839
18
679
10
11
8
3102
728
38
73
3572
25
8
2
24177
24178
116
0
18127
685
39
0
2119
298
20598
29675
22743
43
2721
5
394
3527
3
2254
5
4557
6
9429
47
651
642
18128
50
44
46
1380
11
17455
134
153
499
85
0
1504
2142
2
1553
2119
537
0
394
13538
16169
18040
3
2357
2148
3
2254
7198
6
679
112
0
1504
13
141
720
11551
20
5
5963
968
1
7712
6
458
44
33
182
5539
2
68
29676
1
38
30
845
562
1290
18
5539
2294
23
8
5687
3085
8
1
22
16
8
104
107
41
1682
48
3720
11
20599
2
104
1691
25
11
3102
728
38
73
3572
25
2
8
18128
1
50
13
61
330
23
40128
1
30
40
3589
11
0
520
6
5011
651
1
4337
2398
651
53
40129
40130
51
1
4
6772
14763
14
33
29024
3
24179
40131
520
2
7560
5
5011
651
1888
58
503
201
40132
53
72
20600
51
11
5
70
18
733
6
0
9429
9
116
642
2
360
0
752
6
0
20598
1373
58
32
140
201
24180
53
72
13539
51
2
68
29676
192
633
5
1183
12
5
13540
1518
2559
1262
21
14764
0
152
0
1183
10
489
2
52
395
16
8
24
4853
14
110
10
5
2319
1295
28
121
647
0
14762
6
5
2144
6119
20
0
612
29677
29675
1059
30
226
357
7
5
410
152
23
25
10
1413
31
1308
2
8
360
1
24
10
1303
4356
31
0
2119
394
47
595
1
3
41
1231
5
5539
12
18128
14
10
289
3
282
31
0
2119
5539
5219
2
18128
16
7560
5
5011
651
1888
58
503
53
72
40133
11
5
70
18
733
6
0
9429
9
116
642
2
360
0
752
6
0
20598
1373
58
32
140
72
13539
8
24
1065
839
14
92
13
100
8767
11
156
264
3
20505
0
9756
690
1102
2
8451
111
11705
75
7
2326
1142
133
23
168
23
217
7
0
67
24181
1142
133
5839
46
80
2648
2
8
570
40134
40135
1
0
6378
3909
1
40136
29678
40137
28129
11222
1
50
13
450
3
1048
0
24182
6
651
679
7
2326
1142
22
68
40138
18
685
23486
49
8
850
14
13
821
17
0
16033
24183
1321
2
8
96
176
16
8
9429
13
3664
2703
14
0
679
44
1682
33
4086
159
3
32
29679
3
0
8076
728
2
139
13
5
243
9
1593
6
0
152
679
33
1691
209
2
8
40139
1771
33
29680
4578
12
3088
4
86
13353
2276
11
28434
4
232
642
1764
2
29681
14
84
141
4603
5
3088
33
12551
1
4
728
38
516
141
3572
3
503
33
615
55
6
0
604
2
8
9006
1771
758
3
462
63
1852
433
1026
1
45
42
1370
585
131
4048
2
8
360
108
24184
29
3164
55
14
642
1771
252
3
32
344
3
766
232
1764
7
554
3
722
0
2904
774
4
1831
2
26
2119
839
2721
394
3527
3
2254
4557
6
5
9429
642
26
18128
13
157
11
0
520
6
5011
1
2398
4
6772
14763
26
65
1888
58
503
72
20600
11
5
70
18
733
6
0
9429
1373
26
360
0
752
6
0
20598
1373
58
32
140
72
13539
26
9429
2240
24177
24178
116
685
120
5
2144
6119
26
52
30
845
562
1290
18
5539
2294
23
8
5687
3085
8


