258
463
464
3968
261
262
12740
264
61
2778
534
558
268
269
262
12741
264
61
2778
534
558
1178
4226
1213
982
12742
14
582
12743
57
562
91
1071
542
12744
133
57
5046
61
12745
5
11171
12746
27
7836
493
12747
61
129
1520
525
223
87
1921
91
12748
926
2743
23
1992
61
1163
47
14
5470
57
982
12742
76
14
1265
57
947
13
122
12744
27
579
935
12749
1193
500
3465
2590
1151
9248
13
748
542
14
331
169
562
331
27
3904
57
603
262
1178
4226
1213
982
12742
14
582
12743
57
562
91
1071
542
12744
133
57
5046
61
12745
5
11171
12746
12750
262
7836
493
12747
61
129
1520
525
223
87
1921
91
12748
926
2743
23
1992
61
1163
47
14
5470
57
982
12742
76
14
1265
57
947
13
122
12744
5836
57
8148
262
331
258
9159
1508
10636
7683
101
929
61
628
748
24
12748
14
169
562
5
840
13
245
308
13
221
47
122
2534
4900
449
542
61
331
330
665
493
12747
665
493
12747
61
70
61
129
763
23
7837
61
1520
926
650
47
76
24
6553
58
4150
119
12751
12752
91
12753
12754
27
618
525
1490
61
926
330
262
331
1134
272
912
767
87
449
14
5241
289
12755
61
32
57
24
1687
1554
57
704
12756
129
10424
3119
13
5408
1465
515
87
64
729
64
14
12757
5
718
1681
1030
14
12758
27
331
12755
1001
23
14
1584
575
12742
369
1564
5
53
61
5
237
6553
57
14
12759
12760
34
729
2694
2236
6573
13
707
12303
27
11782
8148
262
579
935
12749
1193
500
3465
2590
1151
9248
13
748
542
14
331
169
562
331
7945
7946
109
12761
262
665
493
12747
61
70
61
129
763
23
7837
61
1520
926
650
47
76
24
6553
58
4150
119
12751
12752
91
12753
12754
331
628
105
707
2534
5470
57
2311
12742
61
818
628
2114
13
7118
621
32
2292
1489
13
122
5150
27
419
23
14
880
61
628
1094
278
707
2534
3930
76
12742
5
748
24
12742
14
169
562
27
9335
104
223
262
7836
493
12747
331
628
9382
1816
3465
5
748
24
2740
582
5251
61
5251
515
1367
1465
449
122
11608
27
331
1312
5127
24
119
331
12762
12763
331
132
1030
183
105
1077
24
987
183
12764
2
1579
12765
27
1134
68
846
13
846
221
24
1816
2
14
12766
3244
76
2412
12767
27
331
251
2347
12768
369
373
8952
7970
61
837
64
3400
24
12769
87
4610
12770
5
2058
2801
2
1579
12765
27
331
665
493
12747
61
129
8624
2
24
12771
276
57
119
12609
23
1073
61
663
12772
3371
12773
2590
622
2740
1155
64
12774
5
3465
57
664
5
7473
27
579
330
262
331
251
2311
12769
61
14
2043
12766
61
14
12775
61
405
12776
624
12777
262
532
704
1508
4293
2690
23
707
12778
5
935
1550
542
82
13
707
12779
27
331
628
1550
707
227
13
2679
24
12748
5
1812
13
223
133
834
628
718
3193
621
32
13
183
37
512
3275
27
1003
2743
245
846
27
569
537
104
542
628
718
12780
707
2534
4900
449
122
12490
5
122
763
27
331
258
9159
1508
10636
7683
101
929
61
628
748
24
12748
14
169
562
5
840
13
245
308
13
221
47
122
2534
4900
449
542
27
331
3116
850
1533
223
3613
12781
12782
262
331
628
105
707
2534
5470
57
2311
12742
61
818
628
2114
13
7118
621
32
2292
1489
13
122
5150
61
331
330
24
4226
12783
262
331
628
9382
1816
3465
5
748
24
2740
582
5251
61
5251
515
1367
1465
449
122
11608
61
331
330
665
493
12747
12784
262
665
493
12747
61
129
8624
2
24
12771
276
57
119
12609
23
1073
61
663
12772
3371
12773
2590
622
2740
1155
64
12774
5
3465
57
664
5
7473
331
628
532
704
1508
4293
2690
23
707
12778
5
935
1550
542
82
13
707
12779
61
331
330
24
4226
246
7837
9
1893
4226
7836
493
12747
12785
982
12742
246
119
4226
12786
500
3465
57
122
12744
76
1151
9248
246
993
525
223
87
1921
91
1992
9
1155
64
12787
61
664
5
7473


