17668
13742
30
310
21
13
35
1631
49863
14
2268
13283
3018
916
4
2419
2000
46
1428
1244
3
1800
4964
2030
28
2541
1316
7257
2
916
33817
69
654
421
48
149
3
1918
0
8317
1103
12
19
72
10272
1663
3673
2
15
407
2117
9
428
6611
1
38
30
6859
49
17
1127
9
4311
15262
636
1139
4
3996
1843
778
49864
1
444
140
64
269
13173
55
19
678
11
2394
50
58
61
2477
5
4468
134
153
6870
7
0
288
2
2000
1
7
0
10862
1
13
450
3
2276
162
19
220
586
4
931
37
26546
14
58
1684
916
7256
2567
4718
4
4343
2469
28
42
2495
2
2030
449
17668
13742
53
3632
51
1104
196
7
5
550
1932
20
1139
727
13742
13
14685
14
656
3139
3018
916
4
2419
2000
73
1428
1244
3
1800
0
288
13742
1
967
1
1053
14685
0
24863
30727
73
1872
5
3235
465
4
2477
0
594
6
0
2152
4245
2
35
24
659
2671
14
98
1
11
0
87
71
1
60
29
5
645
1683
6
2394
28
5
295
6
31653
21
22
2
35
57
47
40
168
5967
14
2419
2000
30
1735
19
26547
4
25
30
40
168
5967
92
30
40
5
695
6
4684
17
3018
916
47
174
4
0
1103
2
35
24
58
32
1631
6160
14
5
15609
4
5
465
73
32
617
1
2289
80
1995
1
2354
282
3
356
653
2
35
281
66
33
1514
121
458
24
1494
699
154
64
5286
969
6
54
1
62
64
969
6
105
1
123
24
58
2694
165
11
0
2418
990
6
2394
2
35
24
84
141
228
183
234
26548
4
24
84
141
183
1939
110
44
188
45
24
58
3773
112
44
76
147
386
25
58
1048
2394
2
35
788
25
58
143
1378
3
161
112
66
29
64
400
13283
12
1103
123
25
13
419
85
54
400
49865
1009
1040
2419
2000
53
4258
51
30
1735
19
26547
20
0
8317
288
1
480
1843
18
4275
2000
47
1735
3959
30
6624
7462
17
2030
476
38
81
872
4127
4275
20
19
4224
6604
1837
39
49866
3
19
1073
2603
20
0
288
133
17
67
35
6291
49867
2966
1502
11
627
347
2
57
750
13742
47
18013
12
437
14
21
58
99
37
2000
9
916
35
2182
24817
80
0
67
33237
2
35
24
1002
3
3018
12
0
391
90
19
49868
21
22
2
35
294
66
183
24
165
99
17
3018
28
0
1033
71
21
10
12
0
1103
2
35
828
21
78
121
10
14
21
10
7
4684
17
0
1103
2
52
30
141
78
121
711
8502
7
1281
6
0
656
243
6
457
2
895
771
3018
916
30
309
4814
77
5
72
10272
1663
3673
35
52
22
21
10
6160
6
3799
457
653
2
52
22
21
10
128
1
128
1912
3
124
5
465
617
14
46
2276
0
288
653
2
1523
85
14
92
10
100
5384
6
110
0
4684
113
63
4
24
29
141
2392
3
59
150
2
35
2567
4718
30
141
210
5
2834
49869
12
25
1
45
21
10
61
6160
14
385
58
32
14478
55
8074
699
85
192
2
35
24
858
22
80
455
14
20
125
547
7
0
339
594
60
33
159
3
252
2394
7
0
288
2
35
308
1487
1335
63
279
831
55
4
75
41
497
6382
2
387
30
202
40
22
3
282
20
80
1
45
7
1281
6
0
174
4
288
1
458
25
13
1139
727
1
8317
62
23027
0
174
60
46
2539
252
2394
2
35
15
67
2394
60
73
124
0
419
4
98
60
29
64
26549
4900
13283
26496
63
0
288
17
5
1106
3
317
25
33818
13742
2094
14
0
118
21234
4761
2030
8
594
13
14
0
288
1026
2394
13742
967
763
2000
14
19
2096
3
12591
4718
20
37
26546
58
773
557
17583
2
35
1213
733
25
47
5
49870
21
22
2
35
104
858
34
67
782
4871
4
1168
1563
7
0
81
105
82
85
60
29
617
7
0
1033
384
82
2
35
939
58
32
5989
58
32
14
25
58
1014
13298
4
17583
311
17
67
1486
20
29577
755
2
387
58
141
32
5765
2
89
14
47
2790
4
639
1757
49871
95
49872
26
2030
449
931
2268
5286
3
745
5
8
2182
174
8
3
1800
288
26
3018
916
806
20
8317
3
15778
5
72
10272
1663
3673
26
1009
1040
2419
2000
30
1735
19
26547
4
931
37
26546
3
12591
916
18
7256
2567
4718
4
4343
2469


