144
1194
18802
287
16
32057
138
1
399
359
190
580
9
163
16
4940
3156
3987
9995
30
34
3
11032
55
72
25698
39
21
732
3
1070
49
3
64
155
2624
841
16298
11
5
32058
1312
164
290
4940
3156
3987
9995
30
34
3
11032
55
72
25698
39
21
732
3
1070
49
3
64
155
2624
841
16298
11
5
32058
1312
6349
2
15
10254
9
83
1552
5
534
468
770
3
1251
1357
11
6002
9
83
18803
3631
1
38
735
37
6047
3481
114
6
5
1473
25602
3404
1
114
19
145
556
5
664
343
2
52
18804
3
1032
192
14
70
1
45
311
34
3
5868
114
6
8
656
4016
8
2
11097
18
25699
21563
469
3
6909
59
11
72
3991
11
19
100
9
163
20
0
786
9
55
7224
1
45
44
4366
48
149
11
72
25698
2
65
479
11
0
839
22
16
8
15
1995
29
1561
5
25700
9
45234
1316
3373
1
173
5
6307
6
32059
53
72
32060
51
3
18803
3631
4
0
1193
45235
53
0
290
18
841
51
2
8
57
61
22
25699
4
9995
34
1301
3
147
386
7
151
12
11770
4132
2
15
32059
53
72
32060
51
4033
13
1365
0
222
23
9995
18
1300
3667
11
0
841
1490
2
18803
1
28
45236
1
30
40
1931
16738
142
9
3163
701
520
7
9286
1
321
11
0
81
178
82
2
96
5825
5
3481
81
70
1
45
46
170
252
557
520
2
527
145
45237
22
0
6307
10
8
5514
1
45
6432
8
2
438
393
16
3987
9995
30
383
5
4280
540
7
299
1
17
418
1402
332
4
3574
1336
28
9286
1
36
78
0
155
2624
4708
16
8
104
79
188
25
330
14
60
33
128
5488
3
3987
9995
4
292
6577
28
25699
21563
114
48
13
5
2146
6307
28
234
6
88
2
8
1461
6
88
34
5
396
6
9653
11
136
1081
4
4616
292
3708
3987
228
3730
282
69
0
1081
2
8
135
43
128
19671
6
0
1081
60
33
1853
17
13
142
4
193
4
44
33
1853
17
656
3364
1
86
60
58
109
25
330
14
60
33
228
5488
11
88
1637
282
55
6
25
4
11
42
128
5514
6307
2
8
96
176
16
8
18803
30
41
40
17553
1
60
33
41
662
458
36
893
252
216
3481
7
0
594
86
0
279
46
32
207
5135
7
276
60
58
252
25
11
27
2
8
191
36
310
14
1
480
248
37
25602
641
14
93
27
1129
3
1616
11
148
6
27
142
1
18803
34
5
361
11
626
2
15
3373
6
0
186
276
496
23
9995
750
5
9542
1746
3
0
264
1
17
487
559
4931
129
21
1667
5
541
2137
4104
2
15
1240
9
529
4679
472
342
19
10540
23
5
1843
1376
5
16549
9
6068
1537
21
404
0
3156
3
911
20
37
11097
1224
1118
9
4
9
10578
1
45
123
1376
25
12
0
898
2
9995
4800
8
21564
1
3922
8
23
0
7815
865
28
28714
45238
18
619
20
0
475
1288
45239
1224
2
26
15433
3430
3156
4366
55
6
186
9
34
40
6966
11
72
3991
26
13527
534
468
770
7
155
2624
39
145
204
1312
26
45240
18804
1300
114
6
8
656
4016
8
26
7008
23
21
750
9542
1746
6
0
264
26
25701
20
1118
4
10578
3512
1537
11
59
3
911
1
45
7417
25
373
3
19
1574


