144
507
491
1215
2814
335
76
760
32
867
3
256
1719
3
1860
1230
112
44
33
7
1585
113
0
642
30
40
16784
11
1346
701
62
14772
256
1
0
1285
18
5995
22
81
149
2
7560
1
1719
13
12
5
874
6
1438
13716
11221
182
0
2814
18
7332
762
1991
2
360
1
0
1719
800
30
40
16784
11
701
4
14772
256
7
5
245
6
1585
1
173
2754
1
1134
4
3523
2
89
114
0
642
13
12
0
1285
18
874
6
1438
13716
1
335
576
7
217
1585
76
225
4783
28
0
2814
158
112
44
33
319
0
642
5066
2
2814
3886
2978
45753
22
81
149
14
21
10
41
3971
4723
3
2354
2814
335
3
256
1719
7
1877
113
25
13
41
2172
8
24
84
74
183
110
18
159
3
1682
23
416
23
0
208
1683
11
3720
3
13477
4
3
185
1346
465
17
1230
62
185
465
17
579
45
60
46
722
3
337
0
9595
6
3720
1
8
2814
3886
2978
25823
22
7
37
772
17
0
2697
1583
12
409
691
2
15168
30
40
3589
7
418
1585
3
1860
8913
13231
1
173
6305
1230
2
4840
0
13757
8925
6
108
1230
13722
2814
335
473
33
289
3
1860
0
1230
601
31
579
3525
12
0
1368
1
92
13
5
1073
245
6
75
28417
0
256
6
1719
1
50
254
74
29
0
222
13757
8925
2
8
24
58
79
181
14
0
256
6
1719
11
1230
2385
1
25
58
32
5
416
419
4370
3
121
85
25
58
32
11
0
762
6
1509
19708
109
4166
6
885
32272
886
62
45754
62
2958
0
8222
6
1533
13
11
1230
7
0
2814
1
8
45755
7423
9
32273
4
3051
8092
1501
32274
1109
22
12
0
3252
3301
39
25823
116
19
685
63
91
661
3
2354
335
3
256
1719
2
8523
16
895
7423
32273
32274
1109
131
21
3847
14
23
169
23
713
1757
6
2814
335
648
256
1719
10546
3
0
1702
3174
6
508
7
0
2814
1
335
473
2648
4253
579
4
33
680
3
1860
0
1230
17
18596
5038
679
1
12
50
44
73
383
11285
2
101
1570
1
123
9
3661
30747
10291
45756
7819
18473
12
32275
2
238
561
38
76
2776
16441
28
0
2814
2354
1719
3
32
157
3
1860
1230
13
6451
9494
1456
10291
5421
32276
1
761
6305
25824
11555
29
11234
59
20
418
860
1391
19
673
2
15168
1
1638
161
1
13
1505
2560
7
3559
0
1230
601
31
25824
11555
2
1109
2139
14
21
3847
418
2814
335
648
256
1719
2
13501
16
6274
6
5421
32276
18
673
30
40
10282
31
25824
11555
1
50
76
32
1015
31
701
1719
8
15
2814
1
44
29
3
1231
42
13725
1
44
29
3
1231
42
787
1
45
24
161
20
568
713
1757
6
0
335
3091
1
8
1109
131
2
590
98
1
967
1
1719
13
170
5
1438
7332
7
0
2814
2
191
480
25823
18
685
1
0
1285
254
74
1032
3
32
2874
3
586
14
156
71
760
2
8
15
256
6
701
1719
13
41
9690
4
0
701
13082
3
136
2146
7332
762
1991
17
0
8166
1755
84
41
354
25
171
32
9690
1
8
5
1285
949
22
7
37
8656
565
3
0
587
45757
2
26
2451
1719
13
5
1438
7332
7
0
2814
1
158
11
335
7
1585
113
25
13
620
26
1398
4794
1719
76
419
1860
1230
11
2814
335
85
5038
19708
26
895
2814
561
3847
272
6
80
1043
335
648
256
1719


