1178
13480
2495
2
27000
99
799
47
76
14
880
13
245
54
688
621
257
123
54
8229
217
104
276
91
8713
14
1245
9387
5241
185
3801
9
187
40939
2065
405
720
57
19678
27
9040
47318
61
14
5728
5600
129
663
3890
14
6697
289
25773
32310
61
9807
54
688
1661
37
47319
1751
57
334
47320
9
1564
2634
621
5
705
257
9
1817
76
54
1416
5
3569
27
119
45899
571
99
100
866
54
4759
185
54
5592
3229
61
502
87
20268
47321
5
54
13480
47322
278
182
25995
4606
57
4249
4221
27
187
37
2168
18221
3555
9040
47318
14679
54
688
1661
13
276
76
14
620
9
1872
3801
9
187
2634
23
54
47319
705
257
1003
2637
262
413
276
296
34
24
139
506
5
14
170
61
24
27000
25971
5
5728
5600
99
5347
14
796
9387
34
24
360
9
506
9
2033
9040
37
9370
61
637
5715
61
5205
455
1533
1284
14
47323
5
14
3801
9
187
9
5
334
19929
843
27
119
5442
4623
2
24
32167
61
11709
5
47324
47325
13
14277
25730
61
119
9367
5
1347
2134
16085
61
704
57
6505
9040
99
11455
3858
13
442
158
13
16356
54
31566
5
17075
867
27
331
1003
688
61
1661
61
2859
32665
35
506
5
34
24
55
257
57
276
628
2458
14
6499
185
14
3801
9
187
40939
5
598
577
4188
444
5707
61
1661
577
61
331
9040
750
11613
1840
27
331
143
935
628
2072
933
23
6520
34
24
55
632
27
396
2236
4306
183
5
628
105
14
1842
57
7420
76
183
61
818
628
144
2072
2931
183
58
515
27
331
396
359
13
47326
262
331
187
149
14
124
257
34
703
13
3307
158
445
13
276
34
24
55
227
27
628
1545
13
107
646
76
158
27
618
24
2722
262
1134
87
834
13
3307
851
318
13
276
23
4255
9
76
122
2534
2211
9387
951
47327
3555
9040
4183
54
13480
9788
13
245
54
688
76
14
3232
57
17075
867
47328
133
262
742
26145
369
1094
3360
186
13811
58
215
2859
866
542
13
5592
331
628
377
183
149
13
748
158
3058
40
183
149
144
64
822
34
846
61
64
1407
61
144
13
639
628
149
76
158
23
14
880
27
331
408
2995
14
1842
57
47329
5
3493
609
27
1447
369
818
3096
1245
1246
13
10728
2907
13
5442
61
40
32
57
707
1444
87
515
628
604
1153
32
515
215
87
244
253
1629
76
27
331
9040
663
216
13
151
47
9
13
9
1987
76
582
5442
5
1308
54
2534
1319
13
5448
215
825
107
23
24
639
1348
183
726
13
47330
5387
5
496
5442
54
688
2290
1030
13
850
27
396
3428
515
10579
42188
5
47331
369
24
13949
13
2554
27
9040
105
3249
5473
13
14848
76
19801
40
64
1661
497
1919
23
622
47329
215
2114
13
47332
54
13541
5
1770
13
2581
41259
47333
61
47331
61
47334
61
7659
11719
6918
5
2117
5442
89
24
3490
27
5115
8713
1410
449
170
334
2277
13
1306
27
1110
5442
262
9040
216
13
151
47
13
1987
76
496
47329
369
370
594
965
76
2907
61
1155
64
25730
2
11691
69
324
71
1110
262
9040
1520
215
604
12772
14
582
9387
2590
14
5241
54
688
1661
87
244
253
1629
76
47335
6439
3555
1307
1661
2859
537
47
13
5442
515
9040
105
244
624
47
76
3383
61
215
105
13
1018
405
1319
9040
2066
13
151
24
26145
47336
5
1502
10677
690
61
349
47337
5
15558
61
502
14
796
13480
11876
27
396
825
663
32787
24
5442
9384
185
24
227
57
506
27
331
251
1842
57
183
87
144
496
215
37
1667
185
3484
1185
496
215
37
2505
185
24
13252
27
396
37
2236
89
10579
3364
700
1094
652
215
1410
47338
61
818
215
5960
1407
8133
8134
9
2674
61
331
215
330
27
1307
215
87
45
8713
185
3801
9
183
6520
34
54
3765
688
61
9040
61
129
663
763
76
54
583
61
87
14
1751
9
227
5728
5600
27
331
628
696
100
1950
34
2208
647
10714
61
5
183
37
100
2928
2046
61
331
215
330
27
331
1331
61
1348
610
2859
14
485
61
707
583
87
334
5700
61
818
183
149
14
1842
3468
34
846
13
107
14659
5
9019
704
57
24
46441
27
331
9040
1520
215
5120
1661
5960
13
1522
24
6520
5
3283
515
24
3370
1502
1734
542
76
9119
5
1383
104
276
27
842
167
24
311
54
16955
6520
369
3880
61
215
1520
215
604
47339
1774
57
129
358
369
34
27
37311
54
12744
262
9040
2494
47
8713
1245
19801
5
87
1088
3432
13
107
644
13
614
54
16031
76
54
688
47340
3555
9040
1520
9937
13
151
47
24
3561
6520
641
54
688
5315
158
13
1728
27
842
818
420
61
183
1130
13
107
7004
542
365
47341
2134
2495
3555
8362
1661
37
571
1185
54
5802
825
1869
24
6520
13
158
27
162
405
597
61
24
3634
99
663
15196
14
47342
47343
246
9040
47318
10284
14
1245
9382
34
54
688
61
1661
246
119
26145
369
704
1893
185
1661
37
17279
19801
1185
9387
5442
246
9040
1520
215
825
1359
13
5408
26145
641
54
688
6498
158
13
1728


