144
4833
2566
65
179
1720
1077
38
444
316
82
7
1034
39
719
91
9638
31
106
30
78
129
21
2483
430
0
537
374
2511
3
313
430
5
111
644
2
21952
4183
1
28
2572
1
5635
1
444
49
3
406
269
5
132
550
430
90
21
10
1117
344
3
2253
0
186
26382
14
531
3
19
15879
2
15
6722
9
83
34
40
856
11
5
4589
1720
466
7
3127
9
5
830
21
300
1243
2
89
39
1514
19
117
3
1251
201
1803
3
1160
620
2228
1
21
3168
11807
4
166
3
124
430
2853
2
10898
9038
16
21952
4183
38
10
2721
5
111
644
11
5
14332
21
10
1025
6
743
64
1612
320
1512
5
6953
28
19
263
11940
6337
39
91
8666
4
207
456
2045
19
1013
1
68
4183
78
0
2572
6780
16
8
24
3168
259
1
485
4
406
269
5
132
1
452
230
5
149
2
8
24
58
141
165
12
0
6368
558
24
78
95
117
429
627
94
12
3795
86
194
1
4
24
79
1654
1308
3
0
537
2
8
24
107
74
188
3
1530
7
582
2
24
404
3
165
99
55
92
4
143
25
3
95
126
1
143
25
3
95
117
2
788
24
10
141
79
1259
11
121
1
24
10
1259
11
95
126
2
8
68
4183
932
21
10
9638
31
10112
2572
9188
106
362
11
0
466
6
1720
848
4711
18630
2
18630
10
303
420
7
405
4859
56
146
266
680
59
4
19
1028
1
2963
9
83
24060
4888
1
55
6
5
195
20
15592
2
135
116
59
2929
3
91
5
848
6
0
17354
48834
1004
1720
90
0
1077
1122
19
1003
2
21952
4183
1
122
1
38
10
2721
5
111
644
11
5
14332
21
10
1025
6
743
64
1612
320
13
1050
31
19
6539
2072
19037
1
93
1
4
1257
29324
65
2589
655
1540
115
0
6722
9
83
4183
41
578
632
12
426
166
2
4183
10
432
7
3127
31
2572
9188
106
4
572
17
466
2
52
444
316
82
7
582
4888
10
61
303
105
278
45
1671
2
294
0
7179
19347
1
36
78
106
0
1077
6
0
1720
10
3820
4
1670
55
5
783
6
68
4183
1
5
848
6
0
2268
18347
48835
1004
1720
1
28
5
621
9
49
2
4000
20
19
644
1
4888
1459
68
4183
1
38
22
21
10
508
2046
17
280
12
0
166
6
0
14332
1
23
0
130
38
34
1122
0
5713
4
21
10
1025
2
89
2395
11
68
4183
13142
14
64
2572
9188
106
3733
34
14650
5
783
6
4183
86
19
5906
43
615
55
3
143
59
233
18226
2
13698
1
68
4183
8
6539
758
14
120
0
493
811
615
5
465
17
0
130
44
354
1654
0
466
2
2072
19037
1
38
4163
68
4183
1
22
0
465
867
59
3
7281
578
3
1971
4114
4
1850
178
82
7
582
7
3701
11
19
3637
127
4183
2
68
19037
176
16
8
139
276
13
0
48836
6
5
24981
106
493
2
8
65
891
1117
2510
4183
5
111
644
428
12
19
758
6
18487
4106
6
13624
2
3386
5472
1
45
7
411
37
6064
186
7248
0
2899
2
674
70
19
87
16197
1182
17
5
6905
1540
1
17
485
8530
3
11748
4
54
41
2
387
54
29724
498
68
4183
5
14349
1
4
216
1715
9
644
10
1122
2
52
10
1085
2853
31
5
2589
655
1540
12
426
166
2
101
151
1
4183
8
6539
1997
5
1827
3082
311
0
362
4
108
464
6
0
2572
9188
106
1917
23
168
23
0
704
11307
44
7176
19
2100
1102
2
15
276
13
5778
2
4183
22
14
90
19
1504
644
2527
34
26383
1031
59
5
3826
465
14
19037
22
180
11
59
3
32
1311
3
63
928
82
7
582
1
45
21
202
1407
317
25
2
52
5839
10
1311
3
1711
82
7
582
39
19
3619
2
8
24
659
41
159
3
7281
578
3
5
830
24
107
41
4434
1
8
21
22
506
2
8
281
44
1494
1207
121
3
1097
55
0
222
132
24
1204
0
1581
1
24
58
141
6
107
25
2
8
26
21952
4183
1
28
2572
1
10
1025
7
3127
6
5
4859
466
26
89
21
300
1243
0
766
4
309
550
430
7
1034
26
4183
10
1117
344
3
2253
0
26382
14
531
3
19
1715
9
644
26
1437
1
39
5
1540
76
74
2990
7
19
87
1715
9
644
1
21
10
8666
26
4183
1
98
2796
1
30
945
102
3
19
117
39
316
82


