144
8239
17231
293
16
23411
138
1
483
417
151
291
287
16
28608
138
1
483
417
151
65
1832
761
298
6975
0
23412
6
1037
1392
4
1037
847
30
289
5
28609
7338
69
110
0
776
712
442
47
5012
76
233
109
2
28610
17117
1
1040
6
2108
14462
298
14463
6
10656
824
1
30
3954
5
3695
6
11210
1707
12349
1
619
9
4459
6976
69
5
471
20
0
3289
38000
518
646
2
15
72
13318
6506
1
50
73
32
3518
31
646
1996
1
13
10566
17
5951
14
2135
1197
1
38
13
452
187
1326
1
13
54
6
27
237
801
2
5548
471
16
15
12350
13
14187
17
5
38001
723
8
3632
8
4
5
8
15432
38002
8
1
5
12351
116
49
6
0
646
18
17682
23413
9871
16
15
6976
30
40
619
4459
6011
11
0
3831
6506
2
15
10156
3344
4
2547
3047
2333
13
4094
9
13118
15
12350
13
6975
17
0
723
35
28611
23414
748
37
8096
6
5
3862
4
11466
4
5
15918
3812
3
5
35
15432
38003
1444
37
38004
9
876
12351
2
15
6506
1
50
61
30
5
5450
47
646
4
5
284
47
1639
4
9964
1
13
562
31
0
298
23
248
40
35
1093
4
10800
17
5
712
442
7
38005
2
14463
1093
7226
11
14347
5533
4
9102
4
840
2713
524
28612
0
580
259
5012
11
263
17683
7
160
2
1392
4
1197
46
495
7
5
4304
146
9
6734
1
38006
1844
7
4982
1199
14
10
0
102
6
1945
3753
2
1768
264
6831
46
32
5
632
17684
851
9
1528
260
20
28613
1
5
1517
28
0
927
2
14464
11
5
6285
62
6896
16
38007
4459
6976
1250
2702
28
38008
4012
1
173
1114
28614
23415
9092
16
15
4542
9
4112
9964
4
1639
33
79
122
11
247
2849
2
38009
6
4080
1199
4
0
160
8203
23416
0
326
1639
26
14465
1832
28610
17117
5261
72
13318
2770
5012
38010
26
11517
6976
28615
17
38011
4
15432
3862
9
2257
23417
26
2926
4
2342
6
1816
76
1428
5
874
6
4354
14
675
6286
4
11379
9011


