258
7397
29025
5
1172
8206
261
262
20661
264
61
2978
1372
1268
268
269
262
32359
264
61
2213
1372
1268
15200
481
87
561
34
1413
494
58
22226
5742
13387
89
371
158
34
6561
13660
251
40089
6936
3958
24
6670
1389
7591
91
46599
23456
104
13387
1853
24
1566
34
494
27
15200
481
61
5226
61
149
561
1671
34
1413
494
58
14
6558
330
215
105
13629
4047
5
16536
23
14
1687
46600
7549
27
119
39130
1129
104
306
666
20843
5
330
215
105
100
3818
13
5742
13387
185
1298
576
27
742
402
5
7317
2079
57
46599
54
5744
1347
174
54
2534
17898
4314
27
804
46601
330
262
1687
628
2357
45
6308
9550
129
215
87
61
5
628
1018
1013
1019
2938
1644
46602
1307
481
149
407
2
32
320
215
516
4140
444
3383
3818
13
2276
101
14
1439
5744
27
396
1347
978
13
9144
14
29750
129
149
32009
158
91
46603
14
46604
5
46605
54
720
27
481
149
663
14
26757
17220
61
5
23
32
315
215
510
14
320
8518
912
26620
655
13008
13
107
14
8518
3383
27
119
25676
24007
149
2113
3283
58
215
46606
13
1470
14
13077
185
14
676
23
1072
237
506
27
481
61
129
87
3731
22121
61
2287
89
24
3217
104
12129
3222
943
185
33761
61
40
24
6558
330
215
44
373
107
46599
1347
23
2959
27
3255
6766
46607
750
158
262
1687
2686
310
347
369
15706
5
358
2831
1013
107
14094
23
24
880
515
723
369
722
542
14094
27
1687
2186
718
628
1018
778
628
2357
2050
13
9092
723
47
34
14
1272
57
227
515
1213
405
27446
13
24
356
27
1687
187
912
46608
24
1479
57
11912
723
2342
46609
396
330
24
347
481
105
41636
1687
44
278
423
13
372
129
6005
2296
17416
27
3255
46607
359
262
1687
119
33686
87
13
9092
723
47
34
1541
61
40
628
847
1013
1018
7958
396
958
481
64
14
1687
32027
46206
5
330
262
1687
408
847
1013
1014
1407
215
1520
27
993
2946
87
2050
13
1018
87
5428
158
13
3204
10872
23
5672
61
40
151
158
133
57
11609
5
13387
34
14
1272
57
19694
481
1802
47
14
29061
37
972
3546
1956
7628
3091
215
105
4508
14
13077
40
747
13
278
334
17732
8914
27
742
17898
638
244
6985
158
1348
215
2084
104
12129
3222
943
251
29750
4001
481
76
14
20201
1687
46610
15779
61
502
1755
308
13
10482
1185
34893
25806
57
3582
27
3226
15631
33875
330
481
149
319
13
24
972
3546
1956
7628
23
6594
58
301
776
14
13077
5
65
24
1439
3584
57
1543
481
27
331
187
87
46608
27
10856
347
44
278
423
13
819
129
6005
2296
542
331
396
149
2072
23
320
5
149
417
1356
2826
61
40
54
2726
1515
4814
27
396
149
8923
5
9440
449
54
9043
61
65
37581
1366
5
747
334
17732
8914
3091
215
149
46611
27
4338
54
7707
61
183
953
215
105
22254
1389
18253
1586
57
310
412
2590
24
6561
3584
27
481
3818
32
2479
57
7549
91
1439
23686
1411
1072
15
5
2779
237
506
27
396
1414
34
1413
1533
25372
61
17295
13
322
1586
449
1389
4803
61
13
107
319
89
3229
27
808
46601
330
481
105
5715
54
2079
57
6542
320
7187
23
14
1392
27
1687
119
2580
57
24
13387
575
215
99
309
322
87
2471
46612
215
359
27
1687
187
35051
2
24
821
527
57
24
1566
13
24
7328
57
6785
61
1465
1030
5742
3833
13387
27
21347
61
1720
183
912
602
1185
45
61
628
847
1013
377
27
1031
912
24
2580
215
4952
27
1687
628
638
377
13
158
61
2344
2186
516
2191
1222
723
288
407
778
2346
396
330
61
2344
628
3556
418
89
14
46613
481
105
2582
3240
25372
5
4846
13822
185
14
2958
1264
13028
33
13
24
7364
27
3255
46607
330
262
1687
396
912
144
14
26757
5675
27
1687
28360
215
99
14
46614
987
23
5672
61
215
912
2050
13
799
133
144
24
21541
246
3255
17848
15200
481
61
129
105
666
20843
61
34
12922
6670
347
246
331
46615
331
39130
105
16813
104
24
7181
37
4294
246
46616
5742
13387
2
527
57
327
13
7485
6785
1298
607


