144
2775
2393
293
16
43883
138
1
870
600
151
291
287
16
16672
138
1
870
600
151
65
211
30
3214
576
55
6
31447
1731
39
1189
7
28
0
250
1520
9
4
106
33
17397
3
429
27
2
15
211
9
38
1878
8
829
79
109
5
1856
8
9
30
40
1148
2042
1
2592
4
17835
20
1713
860
140
0
6122
1731
150
534
13507
2
15
10254
9
83
211
30
780
0
1120
6
1689
910
16012
162
0
43884
1
2592
12
0
898
1
11104
7
0
43885
4
13117
279
28
37
43886
3
503
11
4029
20
0
1731
3574
2
297
94
11
167
18661
148
58
188
3
517
0
1731
1307
184
39
2041
1
54
211
53
41
137
51
30
207
49
102
92
65
106
479
8
3810
6819
8
115
14
0
211
13
1444
5
6122
3401
7
0
540
6
43887
18130
43888
43889
1
38
10
529
7
0
3731
2077
12
417
314
1
8044
1
7283
364
2
15
6122
7496
1
13
91
1436
31
362
45
23
36
30
41
1654
5
830
1
73
41
32
432
1
3731
203
78
7283
2
2186
811
73
41
1190
459
36
30
74
93
0
1731
4
945
102
2
15
5773
1623
131
14
0
211
30
40
306
1359
3
888
7
234
1775
4
944
2
2625
29
1365
469
3
965
27
117
45
29
732
3
1499
156
2188
1
0
14822
507
689
22
2
21370
25331
21371
53
122
51
38
992
430
7454
21370
1
5
20264
447
2619
7
12433
11
598
82
1
1784
2160
22598
18
2138
8
15
8310
8
3766
1786
6852
53
93
51
527
1794
33
705
3
15
8310
611
1
113
1786
6852
545
37
13292
38
13
1243
4259
69
1249
4
20
0
222
71
73
41
505
3
19
3011
264
114
6
5
7861
1
4
13
680
3
495
7
37
1731
2
387
611
10
7565
428
12
0
142
6
21370
25331
21371
1
37
8372
8887
38
960
7
0
4748
7934
6
8310
238
7
1253
1363
21274
2186
1
7
1466
1
28
896
522
5321
268
600
1570
2
52
366
21
10
18531
28
2166
7
5119
11
4275
127
0
15087
4
39
5
189
1111
1
2289
5700
7
418
1142
1
10
1085
289
8887
2981
1
86
21
76
2519
156
846
264
2
52
13098
12
5
919
3
246
1
366
21
10
25332
4
34
19
1960
1923
1
10
867
3
1412
28
1466
45
10906
945
2
2499
6
5
1521
6
4538
63
19
1081
1
21
10
432
11
3439
3
2667
0
264
7796
4
342
2829
1413
0
864
34
100
264
6
9930
50
44
76
505
59
3
2
15
106
945
59
3
0
20149
6
0
1731
1
4
21
960
92
268
21
10
10370
11
5
641
2
52
13
98
521
3
32
576
7
1466
2
26
5183
1
1627
1
30
40
2592
12
0
898
4
11104
20
31447
1731
26
6122
30
40
13117
279
3
503
11
4029
20
1731
3574
150
534
13507


