258
13159
13160
10846
8514
2
14
3515
2572
55021
4046
623
2297
8035
2367
104
24
558
975
61
183
149
3283
1671
27
6574
28901
3957
23679
1411
3440
912
48728
9113
5
24
3052
1170
15667
23
3699
64
14
1687
55022
57
4156
1140
515
105
11632
941
27
119
8428
6628
8279
64
1687
55023
1400
515
1611
3513
13188
278
1129
24
3607
55024
6632
55025
13
25279
1428
3802
5
55026
185
10734
5
2956
2403
27
521
159
34
522
1737
262
3463
5856
1543
5199
5
8428
6628
6574
28901
902
3957
1611
3513
5459
61
349
48728
61
75
1400
358
1129
5128
2
24
2572
13
25279
1428
3802
842
215
3818
4456
27027
1687
55027
57
8106
5488
1687
705
55028
1221
3096
57
542
1870
2572
25687
27
3966
10985
1221
14
791
8862
111
5
16543
129
99
7682
13
27469
27470
1221
1400
24
10975
99
105
1167
13
5128
184
91
363
57
24
1146
912
908
3207
1198
61
349
5383
61
592
61
22758
5
22724
27
842
808
28901
750
24
9809
1671
704
8106
8514
2
3699
87
4868
13
1611
3802
76
55029
2
14
6615
3954
61
21801
91
24
10846
7203
27
162
14
16044
155
57
1611
3513
13188
61
808
28901
958
2489
1411
48728
5
24
10975
64
1687
14
7316
515
87
4293
23
24
3434
27
1687
1134
7316
99
100
5
553
5572
13
24
1140
57
365
14715
61
99
2182
3096
4894
5
55024
25368
75
237
1566
61
5
99
4273
3096
55030
215
750
3846
27
1687
408
278
813
334
997
435
1272
23
8106
5
22702
23
24
35
166
494
27
119
5726
5
38992
1992
57
4664
2
14693
61
1121
1185
55024
99
503
2384
24
685
57
24
8106
7316
76
24
2426
4715
27
1687
1134
149
3924
24
501
23
24
1876
13
24
975
27
2686
4184
13
10844
9219
33349
5
472
13
14
5043
23
24
2157
57
35
21704
119
3463
5856
149
212
449
24
223
57
48728
185
14
3613
13
24
582
941
55031
10148
9574
502
87
101
20193
185
24
1700
10336
438
23264
23
277
808
28901
638
45
8495
8840
55025
76
7138
24
975
2
14
8035
12230
61
40
14
3355
1140
4855
750
24
464
24
55025
6632
1687
149
334
752
12448
57
612
55032
6519
206
57
24
55033
27
119
8428
6628
359
262
1687
187
99
100
1196
48728
4183
612
5480
76
24
2426
4715
13
444
1145
1428
3802
61
16821
1366
515
358
718
45
4774
6971
23
24
1428
27
628
9146
13
107
3330
3466
515
237
11046
87
41424
27
1687
7939
5128
8514
91
703
2
24
2572
1870
1428
14685
87
4868
13
6124
1428
18833
3848
5
55034
842
1543
47352
61
24
3904
791
82
6209
61
1196
24
1444
288
45
3847
1487
5
515
1222
24
2572
2977
8106
13
24
1428
61
1537
1284
183
361
3073
61
709
41547
8246
149
4700
27
119
8428
6628
2937
13
6191
133
952
57
834
3440
4183
55025
61
586
215
516
45
2951
185
17683
27
55035
262
10806
6423
902
8279
24
6553
515
274
104
16383
9
1893
48728
3366
13
532
1246
13
25279
24
3802
48451
262
10984
10985
61
14
10998
9
2033
791
8862
11821
382
61
1400
48728
2589
55036
55037
185
1428
11638
1893
185
1366
2
24
2572
25667
3634
55025
396
7149
1611
3802
1308
45
1119
1687
12738
29047
218
41861
55038
27
842
215
53
3466
515
14693
5
8050
2102
3187
1687
718
45
2427
185
122
32581
361
27126
27
9859
912
8106
5
1140
7165
61
1794
91
909
1821
55039
61
825
1522
14
1751
2401
2
48728
902
185
55025
27
47503
5434
3084
24
6632
623
1493
55036
8106
341
35
506
27
251
1060
57
5832
39961
7039
6903
6916
57
2590
24
1150
57
55040
34
15790
1687
610
2290
5928
2
12641
61
45
24
41064
27
8428
6628
6574
28901
69
174
71
87
13
748
14
376
13
24
9809
902
655
909
1821
55039
37
10846
5
1170
6401
825
1645
133
14
3613
13
4772
237
632
13
2597
10924
2
24
8862
5
10975
162
14
6206
376
61
17100
185
47517
61
2545
55041
61
5
6927
10615
1963
330
262
1687
9476
7706
55042
3487
57
11120
5
53800
612
9699
3079
13
3487
57
11120
5
11220
16288
16289
57
13371
330
262
1687
119
8428
6628
912
376
13
9859
87
594
4043
34
496
215
747
13
1367
27
396
20312
4143
8737
64
41982
64
54
5459
278
301
6906
1106
7101
27
1687
17243
13
14
3515
7165
369
14
56
40
24
1857
1492
1013
107
9978
2241
6076
19922
5
1106
1159
2
372
129
8868
612
11883
23
3487
912
39559
258
972
11623
2520
24
30490
57
55043
31275
3161
61
642
5
24
1140
412
718
1167
14
6279
1265
57
1828
5128
27
305
24
4224
1191
61
237
718
2581
2960
57
129
14
1066
149
2394
1185
27577
61
40
45
24
6841
57
24
1724
27
119
6646
3125
87
33701
185
14
420
1533
35566
1191
57
7706
262
24
13620
8249
57
3207
15094
2403
61
10734
5
8959
185
5538
9065
7107
27
119
1140
412
5
642
253
278
420
9
8780
7122
13
20896
237
8867
1366
61
4952
358
444
14
41547
8246
27
119
1190
87
18
496
711
1348
24
8106
5459
639
14
8035
3476
87
2590
582
3207
26812
61
1893
6180
61
502
358
370
532
997
1098
13
1167
27
162
237
11603
61
5
25103
24
4744
718
1645
133
24
7706
61
183
912
22575
515
24
1428
912
25687
825
9146
13
1095
122
7289
24071
34
442
27
119
3604
5218
87
516
183
107
1106
34
24
1611
9050
13
1018
24
223
2786
61
288
358
644
13
1018
183
778
816
24
7940
87
3537
61
48728
1221
185
27619
57
24
1611
8106
412
1221
825
9222
14
8497
13
24
10975
27
119
838
718
935
107
6638
76
35564
5
35583
27
246
10984
10985
61
14
791
8862
11821
382
61
14640
952
57
55025
246
4744
4929
7983
12460
5383
61
592
5
22758
246
55044
104
48728
23
1428
6903
57
2590
5128
61
26691
1611
3802
246
3463
5856
3428
5459
1018
331
6201
1086
331
7004
1428
5309
246
6574
28901
289
13
9809
18
1428
37
4927
2383
13
55025


