5850
3133
1259
7
1507
4
1434
33
5780
5
4523
944
2145
1518
1093
3
9924
4
31027
58
9
32
10118
7
0
336
2
15
1518
1
50
13
13711
1093
4
14354
1
13
933
31
25056
4801
1801
9
0
9721
3210
6
1761
1
0
9134
7800
304
761
4589
618
3
4678
37
1419
349
7
0
3381
1121
30
40
2410
253
2350
158
31
2898
5351
2
1761
369
143
3960
256
6
637
559
3
402
7
339
9
4220
965
17
1511
7
0
336
9
158
1406
2410
12141
199
23
2554
9
3363
1
4926
6028
4
25057
5190
2
297
94
11
167
12504
16
15
13711
1093
4
14354
1419
660
7497
13
933
31
0
25056
4801
1801
9
1761
8
9721
3210
2
57
13
210
55
494
5
149
1
17
146
21207
369
443
7
534
1761
8
4523
1518
13
5283
8
15
1419
660
7497
8
4
13
933
274
452
230
2
836
12
25
18
1455
5099
1
0
87
10
7368
12
534
275
2
65
1745
5099
13
539
3
32
443
12
377
2
15
1455
5099
1250
5
9378
376
946
17
0
10570
8
31028
0
4813
6
0
42934
16
15
3407
6
42935
2898
9
31029
8
1
4
30
5
783
6
11845
3133
14592
2994
0
1835
197
1434
4
1507
2
828
6
1507
18
3102
4813
17
1434
9
50
1761
448
25058
9
4
2076
33
98
182
0
742
6
0
23985
5850
7800
304
1
50
5793
3
4678
37
42936
3381
5790
349
2
21208
1423
16
15
1518
1828
15549
9
876
4145
7
97
1063
6
1761
8
4771
6
13539
11582
1760
53
137
51
2
15
7225
6
1761
8
15807
6
15580
13
1458
9
49
7
0
876
6
5
486
525
365
31030
16
15
1518
5447
17
418
3198
4429
0
683
6
3381
1121
4
2096
3
6987
1761
8
1794
23
5
1613
3
3463
0
12250
49
6
0
1252
39
0
1366
353
1320
1398
6
0
1761
3133
3456
12
637
559
3850
58
9
32
10118
7
0
336
3
965
88
7533
319
0
2799
11636
571
21209
2
3442
9
173
4072
16603
2898
25059
1
38
1727
1551
13410
1741
12
637
1500
11284
2
25060
9
158
874
42
21209
42937
7
42
560
9991
2
4072
16603
30
845
78
1511
92
13
100
1132
391
6014
7
0
329
7
50
1761
13
1259
2
360
1
21
30
1687
3114
14
0
304
33
170
344
3
6950
319
2799
11636
825
2
294
199
1
25
58
1032
1761
33
10994
21209
7
194
0
222
152
23
31031
157
23877
18
42938
11636
3
7533
12134
784
120
0
411
255
10573
2
1761
30
845
1691
97
220
1055
11
3255
2270
1
15
5019
6
42939
42940
1
50
31032
560
42941
1863
3
1016
4923
1785
3
0
304
2
15
1055
30
98
40
1145
2
21209
30
41
602
2404
3
1112
18
2804
11
5
1183
2
15
1518
5447
17
418
3198
4429
0
683
6
3381
1121
4
2096
3
6987
0
10712
6
5
15958
23
5
1613
3
3463
0
12250
49
6
0
1252
31
18050
1244
7
0
4323
6
0
1366
353
1320
2
57
1110
12
3
8485
14
7
5
245
6
1835
6315
7
3102
1507
1
1761
30
7565
5028
0
42942
9359
7
242
90
0
1090
42943
9
42944
2522
2
334
42945
418
3198
3
1761
8
2016
12
6036
7019
683
1
0
1518
3034
12
3
5
604
9
531
1063
6
0
86
9
180
3407
6
42946
2898
9
31029
1
1458
17
15549
4145
7
0
876
6
5
486
525
365
2
9134
3362
6
1761
758
0
1111
1
50
175
242
421
48
215
4
531
3
0
1219
6
1507
18
200
1404
403
15580
1
531
3
0
4771
6
13539
11582
1760
2
15
4897
6
0
1518
13
79
0
776
7
1761
1825
9721
618
1
50
1358
2957
6
1863
199
23
560
1
461
4
11284
2
25060
1
0
1013
6
9378
944
2145
10815
1938
1
4
0
1078
6
1761
9
8034
2562
4
10184
2
238
10756
1
38
327
3
29
806
7
1434
28
299
4
992
430
4072
16603
2898
25059
1
42947
2495
1741
3
58
9
32
3133
12
42948
1
173
16212
88
12
0
237
152
3
1024
3
1428
1761
2
42949
16
15
4897
6
0
1518
13
79
0
776
7
1761
1825
478
9721
618
1
50
1358
0
1013
6
5
9378
944
2145
10815
167
81
149
53
137
51
20134
16
15
304
61
1828
637
559
199
23
560
4
11284
2
25060
2
2307
257
10756
4072
16603
1999
9
25059
53
93
51
13
137
12
560
16468
63
1289
2321
17
5
427
7
42950
9
42951
1
1434
6433
16
221
33
5
245
6
3727
9
169
6
88
428
7
6752
9
14
1380
1761
8034
2562
199
23
2554
9
3363
53
93
51
1
42952
4
4926
6028
1
119
605
158
42953
25057
5190
53
122
51
2241
1206
1027
5675
417
22
25
13
521
63
2226
247
266
29
93
0
255
3
1428
1761
7
0
3381
1121
2
96
763
261
10118
33
98
8
79
5
333
269
1189
71
8
28
3700
299
1
1453
14
44
46
8
188
3
343
282
8
56
44
505
2
271
417
22
5850
3382
34
7145
55
5
8
1161
7579
8
7
0
3381
1121
9
17
8
4337
1128
4
2015
8
2533
6
2048
0
42954
22
0
2936
1350
10
98
8
12
0
9968
6
1201
8
4
10
0
148
645
150
14230
2
26
15382
1419
660
7497
13
933
31
1761
8
25056
4801
1801
26
25061
3
6987
9134
3133
8
4589
618
7
0
3381
1121
26
29736
18050
1244
39
1366
353
1320
11
1323
744
7
1252
26
12383
79
0
776
1101
31
1761
3
31027
247
17508
26
18537
29
5
670
3076
12
637
559
9
158
1406
12141


