251
571
129
16756
3976
5
147
4508
14
474
239
1400
54
562
149
4273
91
494
57
48909
27
1543
48910
105
21630
23
54
22694
5
11600
64
758
64
776
14
2529
474
239
27
842
1537
1284
5664
54
1816
444
24
226
57
158
61
215
1129
48909
13
1813
54
562
9
91
1071
33
54
4003
2590
7418
13
444
33
13
1751
450
27
1543
48910
1520
58
3360
14
48911
1348
215
149
635
61
215
1999
215
149
331
19956
331
4338
5121
21630
23
54
22694
5
11600
9
5
935
14
474
239
9
24
45707
9
2033
330
262
331
1312
846
61
48909
99
417
846
24
7180
61
12845
61
16275
5
24
5241
13
799
133
57
515
1413
506
6191
57
4396
450
452
3986
13
107
2250
5
4518
156
331
808
48910
61
1851
61
330
262
331
48912
600
232
14
2928
5996
2528
5
14
1842
57
4362
1022
4180
24
8162
1145
27
331
1312
846
61
183
99
417
846
24
7180
61
12845
61
16275
5
24
5241
13
799
133
57
515
1413
506
6191
57
4396
450
452
3986
13
107
2250
5
4518
156
27
331
9499
107
5246
76
834
822
851
1816
718
26236
47
61
5
76
14
168
12795
57
1027
496
183
718
8364
5
11088
22100
27
331
4338
3360
14
48911
1348
215
149
635
61
808
48910
61
2
48913
61
6084
61
1770
13
2245
215
149
19956
27
842
23
1972
61
54
562
149
1802
16137
159
1348
215
149
4001
76
22694
3976
27
331
119
23913
3249
30634
846
61
183
149
1030
14
48914
11605
846
61
331
215
330
27
331
1833
628
105
1356
25806
40
628
149
144
101
2584
2111
5
1999
2471
17612
19956
27
331
1003
715
48915
5
628
7427
23
14
83
1547
61
5
24
838
288
417
27
162
24
1462
1114
146
628
7217
61
19970
5
1999
1030
628
105
1077
27
331
808
48910
8506
14
38388
4046
502
510
868
170
57
54
22694
27
396
174
320
76
5785
23410
1083
54
19240
609
5
149
2154
3583
9768
27
808
48910
69
324
700
61
902
71
8506
14
38388
4046
502
510
868
170
57
54
22694
27
396
174
320
76
5785
23410
1083
54
19240
609
5
769
2154
3583
27
396
330
262
331
9499
107
5246
76
834
822
851
1816
718
26236
47
61
5
76
14
168
12795
57
1027
496
183
718
8364
5
11088
22100
331
808
48910
99
1921
54
18354
9
2033
688
1543
11886
69
324
71
13
4180
23
54
13779
27
119
635
4560
15251
64
14
24441
7662
23
14152
48916
48917
396
330
262
331
4066
628
105
3366
818
1131
13
10861
105
100
319
445
846
27
35223
5
11544
628
149
11298
27
331
48918
2
24
227
628
2168
82
707
11608
149
361
11107
133
23
707
1027
5
183
149
24
5578
238
27
331
119
55
632
61
628
44
7124
48919
2
707
918
18707
13
24
9227
48920
5016
27
119
256
632
628
12167
48915
13
1550
846
13
24
2042
27
331
579
638
244
1812
13
4174
846
133
57
183
61
926
2193
91
11995
1185
91
28138
628
1825
278
2168
646
10092
27
331
119
2171
47
13
24
2042
288
14
238
185
122
2534
27
331
628
6816
47
24
7418
5
23392
13
22595
542
61
707
7935
2859
13
11383
12673
61
628
130
24
1290
5
4000
185
27
396
330
262
331
4885
5120
707
1816
226
1284
846
5
515
37
24
7334
48909
65
846
27
628
144
1545
707
562
33
331
331
1134
149
24
56
57
707
11608
628
1094
105
1465
13
1199
185
27
331
7314
58
257
61
632
58
632
61
628
11615
868
104
183
61
3431
28805
5
5863
27
628
149
23
1123
156
27
331
842
144
14
506
147
808
48910
149
174
5957
625
156
58
215
4508
2
14
474
239
27
396
149
750
215
516
107
185
9995
34
562
58
722
13
278
14
48921
9631
5
215
149
9925
13
11351
1511
27
396
330
262
331
162
405
7761
237
5310
846
1533
11088
27
3116
846
61
183
8801
1030
707
562
64
628
2193
183
149
1636
27
331
842
58
14
2347
1267
628
2114
13
4699
13
24
2042
5
850
34
2208
5
628
2859
445
821
10540
27
331
1295
61
58
14
2347
3133
628
497
28805
5
5863
61
628
149
2246
23
707
7410
5
604
1999
6066
13
8653
2208
14
853
321
27
331
4885
5120
707
1816
226
1284
846
5
515
37
24
7334
48909
65
846
27
628
144
1545
707
562
33
27
331
396
99
663
1921
54
18354
9
2033
688
1543
11886
13
4180
23
54
13779
27
119
635
4560
15251
64
14
24441
7662
23
14152
48916
48917
5
99
2048
24
1611
6927
1587
2065
3096
622
4396
16034
27
808
48910
359
262
331
1007
377
1222
122
679
44
245
32
1066
358
516
107
108
27
628
44
244
1019
57
2295
226
13
245
1284
707
2534
688
27
331
396
99
515
48922
1608
5
16275
5
14
841
21631
185
562
502
215
2515
722
13
761
218
372
886
31964
494
45
5363
1222
54
2495
149
2050
13
5885
218
1185
5896
15397
27
331
246
1543
48910
61
1851
61
1770
48909
1348
215
149
14
635
111
246
5534
158
2245
331
19956
331
9
40
149
4001
76
22694
3976
916
494
495
246
11594
743
215
105
21630
23
54
22694
5
20575
246
4565
320
76
5785
23410
1083
19240
609
5
2154
3583
9768
246
10558
48909
76
605
158
24
331
7180
331
12845
61
16275
5
24
5241
331
13
15397
5
1510
2250
5
4518
156
246
396
99
663
1921
54
18354
9
2033
688
13
4180
23
54
13779


