144
17130
17131
293
16
42856
138
1
823
436
151
291
287
16
30985
138
1
575
436
151
1322
2590
20
3067
714
7
4484
2
52
30
180
11
80
2420
38
147
412
9
71
7
456
979
3
29
3044
15037
1322
2590
10
7026
397
39
25
1172
14
2998
6
19
220
2420
58
32
867
3
4713
7
456
979
182
1694
21
931
3
7175
2
15
2797
751
564
1327
0
4977
3067
714
113
1
7
1379
17
108
747
979
1
2420
33
41
1894
3
1126
3044
7120
2
3696
68
2590
931
80
2420
38
147
412
9
71
7
456
979
3
29
3044
15037
1
158
112
44
29
82
6
702
2
2241
21
10
5456
77
129
2998
6
0
2420
38
11088
59
3
1816
4
69
5
232
9
1189
673
58
29
40
344
3
4713
20
5
456
164
182
19
1694
2
68
2590
61
7734
4609
31
5520
14
92
171
32
410
1694
11
1805
979
114
296
682
0
2727
4
175
35
42
42857
2
3067
648
635
72
20554
9557
2
15673
2618
1227
1322
5720
348
68
2590
112
21
5391
19
944
1021
2571
30986
133
35
5
179
712
5275
38
107
141
29
0
5581
1442
6
30987
2
35
24
1190
66
43
128
373
3
11633
68
5720
22
2
68
2590
10
348
63
292
2589
1
38
3168
683
4
10
7
766
6
8040
3
124
1652
69
2597
4
1816
1
45
61
35
107
141
29
0
1442
6
30987
2
318
25038
1021
12573
42858
10
61
10966
22722
2
68
2590
22
21
5391
80
6
88
1
173
68
30986
38
35
8466
239
125
82
42859
2
15
2797
751
564
1327
0
4977
3067
714
113
1
7
1379
17
108
747
979
1
2420
33
41
1894
3
1126
3044
7120
52
176
16
35
24
659
9108
20
767
1734
25
13
5
2302
565
3
161
14
357
14253
349
9
3202
979
60
171
29
125
3043
1737
2503
50
987
5
6493
112
66
109
1
5
17890
3
296
7
0
82
3
24697
89
54
6390
1279
1
38
107
41
188
3
32
909
1
22
68
2590
10
12535
5
35
30988
7006
2
2516
1027
509
3134
890
30989
20
456
979
4
14971
171
29
0
222
1102
23
217
7
747
979
3
8109
30990
2420
112
44
33
0
237
5469
35
52
1181
3
32
4541
14
296
38
1386
42
1242
3
349
979
252
185
7
20466
197
205
4
849
2420
1
119
217
38
1386
42
1242
747
369
183
14
86
84
141
252
0
42860
0
1279
22
2
68
2590
30
4475
5
1263
17
0
7165
77
0
67
4498
1694
11
456
979
2
2516
1027
509
3134
890
30989
20
456
979
4
14971
171
29
0
222
1102
23
217
7
747
979
3
8109
30990
2420
112
44
33
0
237
5469
2
68
2590
22
16
35
5924
254
41
1409
42861
2
221
47
2294
14
44
29
3
17793
31
2
1217
114
66
858
213
5049
1021
2981
254
141
1409
66
929
0
3007
1021
388
2
89
25
4286
5
1569
3043
1737
42862
3323
458
19
220
6175
34
601
5
35
6390
42863
1
21
78
15673
16
35
24
659
3520
3359
3
1071
340
91
4800
94
63
95
3533
6
0
594
6
0
979
23028
681
1864
479
30991
5207
22
16
35
681
30
40
128
536
16
828
2420
392
32
5049
2
788
208
149
60
46
448
5
1651
7
3075
3
143
662
2420
7
136
24409
29
0
3450
7120
2
35
590
1322
2590
25
47
300
1166
354
110
24
161
1
41
110
24
84
1319
2
3470
4
311
19
1794
29
958
14
0
4246
8149
73
41
32
6682
2
788
716
47
177
113
21
2050
56
60
210
59
12
0
1167
7
3075
208
42864
42865
42866
16
42867
7
13708
4857
1
12303
4
1198
1
0
42868
76
30992
103
3257
30993
6
42869
4
42870
4
58
2519
2228
21
3438
77
110
10
1894
11
0
65
9
755
7279
2
318
2706
1702
3076
6999
19
30994
3044
876
133
56
21
2217
3
124
5
1108
182
742
21
58
473
3342
69
2113
1
2001
19
1652
69
4148
2
52
30
1458
418
2228
3
185
1652
1812
11270
7
12303
2
30861
35
42871
42872
16
15
944
1021
4
179
2496
251
6
3067
714
10
1174
11
19
15038
2156
3
4535
50
43
2645
17
9417
1776
2
895
1652
161
21
1784
88
17
19
21192
11
22595
4
692
14819
103
31
664
2
294
5
247
130
21
1773
7
5126
17
0
336
2117
30995
2132
123
1039
42873
20
30996
30997
1
2597
1
90
1972
3
944
2
52
2483
944
20
3067
11
1314
82
268
2767
2
52
239
808
1913
7
1098
2
30998
42874
16
15
683
1021
10
1497
11
497
1652
69
2597
4
1816
2
52
3168
683
20
916
47
2400
1
160
1
4
3544
2400
1
2597
1
45
34
100
949
3044
8252
2
52
492
30999
1
251
6
1963
4
251
6
683
2
68
2589
61
219
12
3
207
49
708
6279
6
299
47
235
1805
979
173
12210
2400
4
42875
2
42876
42877
9
42878
16
65
35
4160
45
42879
5640
1021
38
219
12
3
32
14154
20
3067
39
68
2590
34
93
2
895
1652
562
129
21
882
1159
129
5640
614
699
85
1107
7647
42880
69
88
2
52
1778
20
3969
4
10
1534
3
1005
19
825
3
349
979
133
45
10
1438
114
21
11603
0
2857
3044
8252
2
42881
42882
16
15
1036
1021
614
20
42883
90
159
12
3
4713
20
3067
11
384
82
2
674
70
21
10
2510
0
4375
6
0
5734
6
42884
6
0
3731
3652
6
1089
11
35
400
451
42885
3
257
9
1036
42886
2
30998
42887
9
42888
16
9735
23
0
237
8990
1021
7
0
164
1
21
76
143
1652
3249
31
13099
42889
4316
17
0
371
6
5
42890
31000
2
52
10
61
5
30999
2
26
15
2797
751
564
1327
0
4977
3067
714
26
2420
92
33
41
1894
3
1126
3044
7120
2
26
2590
931
80
456
164
2420
346
412
9
71
3
29
15037


