144
636
5905
293
16
17526
138
1
802
522
190
291
287
16
54994
138
1
870
522
190
527
7525
13
35256
1
4
28
0
117
5307
24444
6
5
8031
305
290
7
35257
1
25
47
41
504
3
177
459
2
89
5129
2502
2405
49
3
666
27
152
3
0
235
7
54
6
0
9688
6
1550
11
5
211
133
4512
2
674
166
0
1571
4730
9
83
10
12
0
10502
6
18497
27
4513
2182
3
313
37
1542
1451
5319
2
297
94
3
1487
63
5129
18
8928
17235
3
54995
16
2502
53
93
51
13
2658
0
1426
77
19261
20
0
27153
5249
15
1504
35256
16
861
35257
20
0
512
6
452
15
1851
15900
1
38
472
498
49
0
1963
146
82
320
434
3
5
1521
6
2815
1
1017
1290
47
1675
19261
3
4082
5
242
7
209
47
368
2
96
4526
27
152
3
37
485
9
399
1023
20
0
27153
14891
1
7
376
6
5
12104
1730
50
1041
292
524
4
4512
8077
7031
4015
2
1287
36
902
1044
47
172
245
54
54996
54997
1
4
13
1474
7
0
4399
3
313
2
35
24
14609
188
14
54998
36
22
2
35
18631
516
141
3809
129
194
2
57
46
1409
850
3
121
2
828
24
188
3
84
13
143
95
1618
4
95
117
4
280
30067
54999
5
7335
16
1873
299
18
5129
2502
53
122
51
15871
127
1290
18
1675
19261
5762
448
16
2119
8138
19261
53
122
51
1512
3
10836
17
257
4032
2502
57
58
32
0
22920
6
5129
47
3749
2175
28
5
3399
1617
7
1851
1
9725
162
1906
16810
7
5
1963
14
10
845
5689
23
5526
118
11
266
2
590
82
27
145
9767
1
3281
1
14015
7569
1168
11376
133
45
41
5
957
447
62
298
388
210
49
5
15456
2
5129
658
4512
31
880
56
36
10
406
1
4
27
145
175
27
4
1676
566
55000
455
3
5
402
1123
1108
20
5
2259
7
35258
1
1851
2
101
0
1730
16
751
564
292
524
53
93
51
1436
0
666
1328
179
172
1501
7031
4015
15
2259
34
5
4512
2987
4
0
126
58
35
7965
63
4
84
125
55001
1
271
2502
22
2
35
24
107
141
228
3427
110
36
10
49
3
1
56
24
592
77
36
58
32
4512
62
831
32239
249
36
10
608
1
5129
413
37
2988
525
127
216
290
2
96
10
141
344
3
666
311
268
36
10
834
1
48
71
7
5
3450
9883
4842
1755
4906
2
16058
37
8077
16
5129
8950
37
2105
28
7606
7031
10437
7
1098
378
14
986
1
1052
4512
5055
43
7
769
2714
2
221
10
118
54
108
290
7606
7
0
264
4
5129
10
680
3
165
2265
3
666
2
101
2581
36
492
0
87
1052
7606
3
3932
246
241
7
1098
0
87
3
313
5
846
4512
5319
4
0
262
70
0
87
3
313
5
353
1620
5319
2
89
7
746
27
4140
43
472
5435
56
36
16509
77
5
23057
12
0
6900
20
102
4
7258
5
55002
2
96
444
148
6
0
208
105
187
7
5
265
7646
1
2197
12
27
99
7
1266
2
15746
1
4512
34
79
40
2452
23
37
1542
1963
4
5129
10
41
1123
511
3
688
11
0
111
3290
5857
1086
2
89
480
91
3457
344
3
1001
62
7335
1
36
107
511
3
32
4069
4
30
202
592
99
2
101
35258
1
36
13
5689
23
5
2507
4
754
797
2
35
3475
13
128
1784
31
25704
22
271
2502
2
35
4272
133
24
76
141
32
35259
2
35
930
1487
1688
75
12104
11
212
263
13
79
385
1162
2
139
13
141
109
56
3419
3177
0
2194
6406
62
1529
55003
26
5129
2502
1
966
1
1017
1290
47
1675
19261
3
4082
5
242
7
209
47
368
26
96
4526
27
152
3
37
485
9
399
1023
20
0
27153
14891
1
7
376
6
5
12104
1730
50
1041
292
524
4
4512
8077
7031
4015


