3379
17737
87
1129
13
2540
33
844
5201
40
926
1308
244
600
850
1463
4150
334
4144
449
525
27
119
2118
346
1413
1850
14
2315
4150
449
525
5
4151
14
467
586
834
926
718
850
24
2418
27
119
2315
648
215
149
144
21366
4150
449
14
11924
3022
27459
13
24
1217
515
926
149
23
1217
700
1778
158
27
3379
17737
7043
14
467
57
14
2315
4150
334
4144
449
525
185
14
1941
119
11924
3022
25579
13
252
23
12641
1521
373
1046
525
5121
6164
515
53
525
14
9968
17737
3697
14
2024
17706
64
24
2118
5868
1413
216
13
817
23
14
7816
23
12641
119
3144
2033
7076
515
926
149
700
1778
542
5
1399
14
33226
855
33227
1610
5049
24
13015
83
13
237
836
27
17737
14
360
9
227
4973
11933
14465
87
1129
13
1951
40
1610
373
1046
334
5840
34
525
128
27
246
3379
17737
4151
14
858
57
14
4381
4150
334
4144
449
525
246
119
2118
346
916
7976
515
926
149
700
1778
542
246
17737
149
1610
108
13
850
14
2315
334
4144
76
525
467


