15
1493
1383
5684
12
0
9643
5242
353
370
1228
14
43
41
1305
17
2946
21799
6707
509
5040
33
3
32
958
3
0
781
6
9710
1
4801
4
3803
53
49790
51
10925
3260
2
895
564
11
3803
10919
19078
310
0
1383
58
35
49791
1207
125
1644
3
1106
0
16423
12
0
8530
2946
1074
464
1
50
257
2336
825
840
3
33797
2
19078
10
1535
20
0
906
304
155
2946
836
47
4592
20
0
846
3075
7
9142
2
2946
519
33798
33799
13225
1304
23
0
1227
264
6
0
5242
353
370
246
5242
3274
107
41
619
77
0
5684
3
5040
114
5
396
6
0
1226
985
12598
120
0
1228
28
80
5327
43
428
12
16631
1
49792
4
16527
4
0
1383
43
118
2203
2246
530
2745
31
504
8603
3
2834
1294
2
19078
22
16
35
104
46
177
110
10
477
20
14
71
2
15
1383
29
40
128
28155
63
25
80
2
135
43
6192
20
87
4
22
60
76
41
177
25
1
14
25
10
5439
453
1474
25
47
41
2
956
10
348
3
355
33800
86
60
252
3
183
63
11453
19078
47
546
2594
179
1383
1468
1302
21726
1
38
116
0
1383
371
261
1960
720
196
6
19
49793
11
155
2946
836
1
38
33
6639
11
0
9377
6
5
2946
3187
6287
2
21726
1
38
49794
107
41
3998
0
1683
0
9142
3086
498
59
3
3618
69
37
35
10213
53
33798
51
33799
49795
77
5
2568
15666
207
6
14709
1
22
0
4690
2892
58
98
32
0
49796
2711
6
48
2402
1383
24790
6
353
370
2793
2
10921
16911
1279
8691
5785
22
0
1383
1572
12
530
80
48
71
116
5
35
49797
6
42
33235
4376
69
21726
47
1448
1
116
182
8075
8865
1
6
9657
6926
31
909
2946
49798
464
2
13615
3154
6160
292
33801
13
91
682
31
17932
14483
4175
3
389
11
235
431
15
8636
14
13
0
2946
3154
49799
6
105
100
9
49800
12
506
408
9443
7941
49801
9
21613
758
21
34
178
796
19079
1136
3
99
59
112
21
7138
3
938
4
179
2946
1074
13068
22601
5451
21
34
197
54
4
146
6392
1511
2
292
33801
1
38
13
3894
9
3202
31
17932
14483
4175
1
180
103
5
935
7
9142
1
248
87
14007
0
2946
3187
4592
477
92
2
49802
2561
6993
19080
47
5246
595
3
1517
749
47
266
47
4
223
47
10550
8479
6003
12
555
485
699
85
0
6351
1661
577
12
2275
441
1
445
29
385
3
84
17
0
19081
770
91
9927
31
513
2394
4245
0
19082
10055
2
6993
19080
46
1517
749
47
266
47
4
223
47
10550
8479
6003
969
6
0
1661
577
15
632
636
19082
2251
6123
19083
11224
18828
1
50
10
2306
31
6993
47
244
1
1756
2
19082
10159
19080
11
19
11224
18828
20764
17
5
1193
2485
14
682
11
0
1600
1864
6
19
126
6993
4
1186
20
235
747
979
2
35
68
19082
1
23
60
180
59
1
682
11
25
1
0
1030
31781
22
6993
7
37
772
2
2611
2965
26536
13
49803
15
26536
17167
453
18938
909
39
49804
1323
49805
453
14
246
4143
251
1286
2889
4656
8699
1047
5631
3
1071
63
48
149
1
33
0
24207
6
1550
1059
16911
523
49806
1
38
3930
0
1369
49807
7
3803
1599
2
246
4143
251
1286
2889
4656
26537
3681
17
108
232
9
1124
1325
15
4684
1
87
310
31
4224
49808
81
484
56
0
81
199
8472
175
242
20
246
47
4143
1955
20
22044
727
7
0
1349
9
49
3
0
440
229
1
33
10506
747
3882
113
232
9
1124
1325
21260
3681
4
3675
7
1697
2
4656
1
246
449
2611
2724
4
246
5079
251
1286
1114
49809
33
80
11561
63
0
26536
5704
1
23
33
2864
370
1394
636
9242
4
235
9763
1286
741
3018
33802
2
2611
2724
47
3114
14287
11
246
47
550
1955
20
3915
2699
3
32
5467
19
335
73
6760
3
28
0
646
453
23
4723
3
0
889
9
2440
971
21629
7
3887
453
13
100
879
0
4177
25
87
1527
2
2724
1
7858
2338
49810
4
1124
825
782
3018
49811
33
170
2263
4453
7
1010
2
26
1383
29
8
29123
8
867
125
1644
3
1106
0
16423
12
0
8530
2946
1074
848
26
15
5684
12
5242
353
370
1228
43
9367
17
0
185
6
257
2336
825
26
6993
19080
18
595
3
1517
10550
8479
699
85
0
1661
577
206
32
3869
3
11376
26
246
814
2611
2724
2263
1010
1955
11
3915
2699


