65
2868
9
310
4207
448
209
5555
914
12
5
3128
197
5008
393
3979
6541
4
27
10487
12
0
166
90
42
897
1
50
219
12
23
1502
480
0
17955
2
15
484
608
19973
7
6541
18
1134
349
102
3691
7
0
1348
6
179
2814
561
17956
4050
1
45
0
635
43
192
1376
434
3
1521
6
530
2
7793
39
19
1013
28
1034
1
0
295
669
9
5
12474
64
187
39
44
309
1829
2
297
94
11
10767
19503
7
14558
218
65
2868
9
310
4207
448
30
5555
125
914
12
5
3128
197
5008
393
3979
6541
4
27
12054
17956
4050
12
0
166
90
42
897
1
50
219
12
23
1502
480
0
17955
15
10043
78
0
14250
14
21
10
4646
6541
1
3979
18
566
1
4
4
348
14
362
3876
3
27
102
1
113
5
1531
9
897
423
532
3
29
204
5
1867
1070
2
15
3420
6
0
4207
448
10
310
81
166
31
23022
689
2
378
0
2230
6
0
448
1
21
131
16
8
221
10
5
305
666
549
0
260
4
36
213
2256
3
0
640
4
36
445
29
17957
27
3666
1
8
5663
3
5
1052
423
2887
38
10
74
19
757
2
249
348
112
156
2015
43
157
7
0
666
1
4646
6541
22
16
8
65
7022
1158
1
882
2
8
52
2139
14
169
6
0
75
7
0
102
34
40
1289
1187
2
4646
6541
1
967
1
202
12475
4050
9
62
767
1162
9
23
0
23845
7
0
666
2
249
6537
63
0
447
38
309
25
80
1
21
11996
16
8
104
1351
74
165
92
2
6837
124
323
2
8
203
29
845
22
14
4646
157
5
8
7022
1158
8
3
666
103
5
304
6
266
38
34
41
40
3578
3
0
423
2
249
11626
806
1
6541
10
22
3
29
40
93
3831
5
615
11627
262
0
9020
2
3798
7
0
102
556
2111
579
2
8
4024
23
73
32
8
16
3979
6541
633
48
604
6
888
17
315
17956
4050
12
39209
12
470
378
147
16
6541
5392
17
0
796
174
7
5897
12
426
515
6
5
229
127
1488
4050
10
115
4138
7
5
1528
31
106
1
2197
197
5
1266
4
0
1884
2
52
366
3
29
40
2592
4
6408
6
0
666
1
45
19
804
16108
23
362
658
12476
777
12
19
1767
2
52
10
432
11
1455
9
1895
2357
1282
833
39
2703
21
34
2185
17
6541
2
563
544
364
16
8
52
4
19
9552
3979
34
37
2982
63
458
44
58
32
576
7
963
62
1134
39
42
984
2
8
65
891
1571
92
10
74
511
530
3
1126
4050
4
21
10
443
1
45
0
978
2238
182
493
2
20381
192
1
6541
4
4050
43
669
2
15
295
60
7141
20
5
2441
339
39210
1
1134
349
1
7
5
1481
14
6541
18
8491
9166
3311
180
8
1338
8
2
20234
16
3979
6541
18
111
315
17956
4050
30
40
432
11
14151
0
1281
6
19
4324
527
8534
39211
39212
1
5
16151
3145
3
3979
12
0
321
577
223
18
5008
174
1
10
61
5
2887
4
1806
16
8
4024
3
2209
199
37
2090
3839
6
541
361
2
8
6541
888
3361
5
604
6
27
4
27
111
315
7
6451
0
132
39
0
897
1
17
4050
1474
816
19
1451
897
2484
2
96
1002
55
63
27
573
39
5
8740
17
27
9493
7
5897
1
5629
2
15
321
5008
393
30
150
5241
14
27
315
202
312
27
2
8
24
351
596
1
8
6541
1155
2
8
24
351
8410
669
2
24
58
202
938
11
2357
1282
2
24
382
202
40
312
7
95
142
558
581
142
13
400
2
8
4050
1
2064
1
10
432
311
20
19
8288
1
963
1
102
9
5
132
39
0
897
9
11
14151
4324
9
11479
28
5
1719
2389
766
696
7
436
468
2
65
963
781
6
11332
3762
78
39213
14
4050
8
4324
34
867
59
3
1024
3
1134
349
1
113
21
669
6541
1
23
189
23
21
107
41
124
432
2
1100
0
635
43
192
1376
1
1107
91
432
867
5
7097
6
19
4324
7
963
1
0
3762
78
0
546
4281
6657
15
4324
39214
28
37
1348
7
436
468
1
56
21
10
508
11
0
8288
2700
39215
2
52
10
15450
339
0
174
18
646
39
37
544
115
1719
7
5
2103
1328
19
1984
1
4
21
10
1284
12
4324
268
436
151
2
10705
132
16
15
295
669
7
1134
349
12
484
608
39
79
64
187
6
1829
8901
16
6541
1
137
17
4050
90
8268
1
1155
14
36
34
202
40
312
7
27
142
7587
16
96
309
1829
4050
39
0
160
2060
1
113
36
668
216
1451
5319
6541
30
34
5
10242
673
17
0
796
174
1
1408
0
174
3
64
1307
1542
1451
5301
2
4050
430
61
1824
5
1369
1550
673
20
422
6
1134
2
52
10
0
580
2
999
1804
6
0
1870
9561
31
0
6451
9494
2
318
237
236
17
0
9494
10
7
1557
56
21
309
5
673
9
232
406
593
4
34
1627
39216
23
0
174
413
0
17577
4320
2
89
21
61
10
553
7
2689
184
28
486
14
1041
6832
624
635
11
5601
69
5
3831
102
2
52
4
6541
1
38
61
1327
1134
1
309
1829
262
0
160
2060
2
8
2838
24
22
1
60
352
596
1
4
5839
14
18
80
14
3916
1
8
36
22
2
8574
16
15
179
2814
561
1
122
1
532
7
186
12
484
608
45
0
635
43
1376
3437
16
6541
61
532
7
186
3
337
27
12054
1
1743
36
669
79
269
192
12477
16
8
939
18
159
12
209
218
8
4646
16
8
221
10
5
305
666
549
0
260
4
36
213
2256
3
0
640
4
36
445
29
17957
27
3666
2
8
12477
16
8
4780
1
156
2015
553
7
0
666
218
8
4646
16
8
29207
2067
65
7022
1158
1
882
2
8
12477
16
8
4780
1
1126
12
2
1978
169
75
33
92
218
8
4646
16
8
221
18
63
5
272
9
3350
1
41
67
2
8
17766
16
8
3792
5
272
3350
218
8
4646
16
378
568
2067
6116
2842
218
8
12477
16
8
4460
0
666
1702
108
85
0
7022
1158
218
8
4646
16
8
221
10
2539
5
1702
9020
4
37
2910
29208
213
2280
2
8
12477
16
8
4780
1
4
38
10
0
447
38
10
0
29209
218
8
4646
16
8
104
1351
74
165
92
2
6837
124
323
2
8
12477
16
8
828
0
1995
14
43
1259
1
33
44
3219
218
8
4646
16
8
3240
1
39217
2
8
12477
16
8
5166
80
6
88
170
92
218
8
4646
16
8
24
84
74
183
2
8
12477
16
8
17950
319
679
62
1187
209
218
8
4646
16
8
10914
1
2539
2
8
17766
16
8
191
1
0
1052
9
113
13
36
2656
218
8
4646
16
8
96
47
323
2
8
17766
16
8
39218
1
45
7
576
471
1
1528
218
8
4646
16
8
101
0
576
471
329
1
4075
471
2
8
12477
16
8
939
107
48
454
77
218
8
4646
16
8
24
84
74
183
2
8
17766
16
8
741
218
8
53
8447
3899
51
26
3979
6541
18
566
4646
992
4207
39
1531
9
897
423
7
1134
349
574
1867
26
16154
127
17956
4050
43
192
1376
434
3
1521
6
530
26
7587
219
12
3
4247
418
269
39
19
1013
28
1034


