1307
926
149
2044
57
1389
5430
1586
57
11522
61
11523
9361
149
174
3213
27
842
23
334
9653
4975
57
11524
24
11525
9
2033
593
99
1391
32
57
24
11526
1389
1011
13
442
158
1456
54
562
1145
27
119
11527
4975
650
58
1915
2958
177
11528
598
525
14
1392
11529
34
54
2102
27
11523
9361
330
926
773
515
91
605
24
11530
24
3225
61
183
516
442
331
1415
158
13
54
9792
331
3836
262
177
11528
69
174
71
598
14
1392
13
589
9361
655
215
149
949
6468
34
24
5668
61
502
510
513
23
744
35
506
119
9877
598
33
13
24
7713
9
2033
61
11344
54
3090
1221
5
11531
14
1389
1011
11532
3023
27
579
4042
262
1687
396
144
330
215
149
821
61
821
2404
27
1687
742
4084
149
11533
830
76
831
2236
1021
11534
27
396
330
215
149
2236
2404
34
496
105
640
5
215
105
100
101
24
7852
57
11535
579
5910
262
1687
628
1999
2404
34
158
27
396
3885
149
1013
821
11536
27
628
10900
54
1392
5
330
4457
723
34
851
1392
5
515
628
773
215
1722
24
3263
215
3556
1515
1917
187
4123
11528
912
4068
23
2102
105
663
3832
24
1765
24
1047
105
1515
91
122
7280
27
1936
24
8731
185
589
9361
912
82
35
744
11528
5
9760
11537
61
663
507
61
8268
1389
5430
1586
57
11538
349
1793
11539
5
7254
27
842
58
2055
520
57
542
11540
24
5668
575
4849
61
11537
11541
405
57
24
7719
2930
89
14
2060
8733
8986
5
174
183
922
589
9361
912
82
27
119
5361
57
24
2055
520
11
13
122
7707
27
11537
99
663
781
13
589
9361
1221
40
99
818
420
45
105
14
352
27
378
449
525
1392
13
11528
61
589
9361
330
262
1687
628
53
183
821
4539
5
11096
61
11542
158
34
24
1392
5
330
628
149
4149
515
215
105
45
503
1090
846
27
396
1393
278
1090
54
4068
1185
715
365
11543
5
11544
27
1687
628
648
104
55
628
3556
3307
158
405
11545
818
215
44
3307
11546
13
1689
5303
1221
40
628
1391
158
1389
11547
4338
215
149
6555
34
11548
589
9361
912
82
61
14
11549
11528
598
13
54
593
27
10140
87
54
1392
69
76
11534
3106
11550
71
3116
24
5284
57
707
2236
2183
2102
515
628
2342
2101
61
628
144
1028
13
377
515
628
2357
2236
2404
34
707
3242
7280
27
628
718
7178
723
515
628
2357
45
14
1021
1066
61
5
628
1018
45
1018
1022
1030
237
27
628
2245
2236
1021
61
5
628
639
628
2831
27
3716
1030
237
2831
1013
2191
104
704
61
5
628
638
1013
1347
639
496
628
149
2931
104
24
227
27
187
149
503
1348
628
285
185
592
5
1869
704
24
2183
867
449
846
515
183
11551
496
628
105
456
27
4338
24
11525
9
2033
10479
61
3223
158
1389
1011
61
215
598
33
262
11552
808
5
589
9361
61
628
144
1545
13
377
4457
723
1541
818
822
34
851
11553
1795
846
5
11554
13
707
1392
27
628
2236
847
1013
377
834
822
515
1392
2150
13
846
23
720
61
40
628
718
7178
723
515
183
53
846
2245
14
1842
226
27
6569
723
818
822
34
3477
851
6559
227
133
57
851
880
13
1346
33
13
846
27
143
1222
646
912
1407
628
718
1018
34
723
1348
628
1835
407
61
628
825
45
4486
13
1018
11555
223
5
663
61
1348
628
2357
407
61
628
825
5189
723
14
5946
57
664
5
14
2839
57
692
928
27
628
1835
818
2404
34
707
10132
7280
27
1042
11556
650
167
11528
5
54
11557
1775
589
9361
76
14
1389
5415
3019
13
7118
24
2043
3036
104
525
82
23
11558
5
1793
7719
6492
45
361
4634
27
589
9361
359
262
1687
816
308
1019
628
2357
10132
935
11559
11560
1687
628
648
54
1392
650
2
24
474
40
5293
628
2357
144
11561
27
628
2357
2456
183
825
1415
158
13
54
9792
5
221
158
6046
215
99
13
738
133
5
11562
579
359
262
1687
396
638
377
1348
215
726
133
57
5672
215
87
2050
13
4658
846
14
5946
57
664
5
24
512
2839
57
928
215
718
11563
10880
57
11528
912
781
3090
953
104
2959
61
575
24
316
43
288
561
34
70
454
621
58
5552
5668
27
162
11558
3222
943
11528
912
3509
10009
11564
330
54
6567
149
1687
11565
5
330
57
589
9361
912
11556
262
1687
187
149
133
57
11566
10566
61
5
628
2290
377
61
23
334
837
11567
880
61
14
11568
57
525
11569
11570
262
10880
57
24
3090
953
104
11558
3222
943
69
324
71
575
11528
37
3509
1129
183
13
442
76
54
11571
34
11572
27
589
9361
330
515
926
648
24
1392
331
650
2
24
474
331
246
177
11528
61
507
61
7673
1389
5430
1586
57
11573
2
11523
9361
246
396
149
433
58
1767
57
24
8731
185
525
11558
82
149
1399
4166
246
11528
598
14
1392
11529
5
330
215
516
4658
525
664
246
589
9361
61
4653
61
1999
1021
5
330
183
149
331
2360
331
13
3307
158
3225
23
3254


