144
507
491
1215
293
16
33204
138
1
999
436
190
291
287
16
51906
138
1
966
436
190
238
6
299
47
3459
3109
13
3735
39
0
8705
93
1563
1129
3
16153
0
51907
9
83
10717
2
15
6771
1
5
20549
1224
7
6736
1
1151
7
11156
1406
5295
11
608
34484
53
51908
51
1
5
2020
11
384
34484
53
72
21691
51
4
51909
20
51910
53
51911
51
2
57
13
54
6
0
81
3109
7
0
264
3
4290
0
494
952
51912
8787
571
1
50
8651
279
3
5
12488
47
853
2
6274
1174
16
15
20549
1224
180
15
6771
1
7
6736
1
1151
7
11156
45
46
2296
20
0
267
6
0
70
89
1563
6
0
117
9
389
656
1406
266
47
2562
98
161
25
392
373
9
114
44
73
41
3572
3
16153
0
10717
2
15
3575
117
29
40
18441
0
690
28
5
747
12634
150
25
1151
45
98
73
41
3572
3
402
25
159
2
57
46
373
20
0
267
6
0
70
39
15030
82
6
5383
7
6736
1
6955
2
6208
3902
3575
1
0
400
4941
6
51913
3575
1
38
1082
0
656
7
51914
1
30
614
20
0
1224
11
67
85
713
82
2
5166
66
91
1773
218
15
6771
30
383
37
3722
1224
7
0
8284
704
20038
94
16
15
1043
1468
3902
3575
30
22
0
10717
30
383
24364
11
0
194
1174
656
52
22
16
8
15
533
13
128
1707
3
3205
4
764
7
4
2694
60
29
809
0
21925
810
5
706
2
8
139
30
40
2370
11
0
81
64
82
4
60
692
60
34
1561
0
547
113
60
34
3
143
5
595
1346
152
2
8
15
656
13
170
159
168
45
60
756
1
39
4696
543
5703
1
14
60
1107
76
141
7119
110
60
29
323
7
5
1964
1224
5177
2
8
57
47
5
128
2598
132
4
24
29
369
51915
4990
4
391
992
28
801
50
3512
2113
3
95
1069
2
21690
1452
16
1318
3575
1
2118
1
54
6
0
1563
6
15
6771
1
2050
90
6985
2645
17
3039
17726
7862
51916
683
16
14846
4494
30
40
37
2208
20
15
6771
11
823
82
51917
66
1
12443
16
68
3575
2822
77
125
6
0
169
9656
4
23717
12
1078
8
104
33
128
5488
11
0
6037
337
4
14067
60
29
489
28
136
801
77
86
169
82
2
8
15
6771
1151
97
3494
20
0
1517
569
7
0
222
70
23
7668
7669
10
881
4
234
6736
3662
4
671
486
1808
43
3977
2
22221
771
1
1318
3575
1
2118
1
22
16
8
57
13
5
4327
4
25
46
32
1552
31
136
801
1
60
29
34
125
128
189
1433
1935
2
8
104
29
34
0
10717
150
0
1489
6
0
1224
1
45
0
968
6
0
10717
30
698
49
7
0
8705
2
8
3220
0
5701
16
51918
5019
28139
7864
49
5
279
3642
482
28
0
1224
898
2218
5
22222
5701
571
1
50
73
32
214
12
0
1884
374
27
2
9482
4152
16
15
5701
571
10
3954
7
14716
4
13
273
3
32
54
6
0
3459
6
97
1950
7
0
264
1
1076
17197
2645
17
1357
319
8787
1128
34485
16
15
6771
1058
13
3
373
97
3494
11
0
81
71
39
15030
82
15
1224
46
32
1272
5
3735
94
1078
28
484
275
2
57
46
170
4290
5
126
47
2562
1058
7
111
5177
7
0
8284
704
2
629
51919
1
6736
47
704
528
449
1
22
16
8
15
6771
20549
1058
13
385
6
5
5716
2
8
221
33
41
169
75
38
219
3
164
7
6736
38
29
41
3561
164
5452
28
92
2
8
15
6771
1151
97
3494
7
11156
1
56
927
1432
53
137
122
51
10
12
0
9092
2
57
10
61
0
70
6
0
87
388
34486
790
163
7
160
4
0
70
14
671
2632
1479
10
2550
2
997
9343
91
5
1171
160
174
12369
1
25
10
207
49
31
910
20
0
712
671
7
12177
1
884
9
1653
160
1
182
0
540
51920
2761
2
1375
1567
26359
18
1090
5155
7757
51921
4
68
14219
10
61
87
933
7
11156
2
221
43
125
8508
3
1964
299
609
2
101
488
92
43
64
230
6
21876
7
160
1
50
531
192
14
70
3
0
8511
6
0
34487
53
51922
51
2380
14
9781
690
1563
3
758
2677
28
106
7
0
770
6
1038
434
3
5
7563
2
12523
6
0
1669
16
15
6771
13
1272
5
3735
94
1078
28
470
26
15
1224
30
1671
178
33822
45
0
776
30
6624
253
194
26
51923
97
3494
7
11156
9
0
70
6
0
87
34486
790
163
4
14213
6
671
2632
1479


