258
480
8595
261
262
28699
264
61
2213
534
558
268
269
262
18304
264
61
2213
534
558
2617
8138
48026
22094
2801
2
2959
251
5087
129
686
54
715
11410
58
38850
525
76
10393
818
926
44
331
824
496
24
7152
149
1030
331
99
100
2104
14
356
6578
27
10332
8138
48026
61
2149
61
149
560
23
891
558
57
605
54
4068
48027
24
415
251
32763
104
122
82
23
23205
23
3192
27
396
686
525
1248
10418
5
3398
34
9421
4071
58
926
510
24
6480
11906
27
119
7456
315
510
513
58
926
4916
158
449
54
3515
7152
10461
27
4338
33178
122
166
9
506
9
2033
688
89
5282
61
24
46030
5
571
3818
13
48027
515
215
105
100
2590
24
11348
32763
34
316
454
27
579
750
158
515
1222
215
638
244
3003
54
7155
61
926
516
1029
122
568
27
842
167
24
34544
61
48026
1789
13
12950
48027
89
3477
496
149
6581
13
107
54
230
5610
27
119
2959
944
834
48026
1545
54
4068
13
824
24
1634
515
215
2168
1348
215
19069
24
8276
11906
27
1295
61
48027
4527
5
2859
722
18830
1483
27
119
1089
977
129
731
122
82
23
24
10021
4368
6016
24
791
1757
5
411
46030
5
1789
13
1813
525
562
27
48026
149
935
6555
5
8192
54
4915
23
24
6120
11348
315
13
48028
5
36863
1707
8001
27
5898
61
2917
13574
48029
8721
2114
45
13
3307
48026
13
5672
58
956
834
215
105
5204
1841
322
34
54
7155
27
6117
61
24
10332
149
1599
13
5056
4278
4615
356
333
5
7918
185
3754
91
24
4948
34
316
494
58
334
23205
2917
943
956
185
207
27
23205
2917
37
943
944
834
24
5087
37
715
3203
13
1029
24
568
1348
926
743
48026
37
10461
2917
48029
663
944
515
54
715
5
54
1960
288
14048
91
48026
61
129
87
370
1085
2
5743
5096
91
24
4053
4040
5717
27
2917
48029
359
262
331
628
1835
12167
515
23
1508
3396
7773
61
24
10672
57
14
2639
9
17226
6578
87
8510
5
23
24
1857
2975
27
331
628
825
9714
14
356
26448
3023
185
723
502
825
35
34
316
494
27
727
825
663
107
7918
185
3754
5
723
825
5056
4278
4615
356
333
27
331
628
840
515
237
6578
825
1119
723
13
48030
851
3402
362
24
356
27
331
48026
3252
3253
13
14
2479
57
31609
5
2944
5689
484
2917
13574
48029
8721
23
14
956
505
237
506
27
119
2959
944
515
2957
13
24
315
61
48026
3366
23
24
1032
64
14
5781
31998
27
396
1901
64
14
46030
23
10714
5
105
625
3366
23
390
5
1769
5096
27
665
48031
750
2917
48029
515
24
1047
105
334
10020
449
834
48026
105
100
22458
23
24
454
1330
47
13
3192
27
589
48026
149
5794
449
834
525
4068
105
100
10823
27
119
2959
944
515
123
334
12473
2647
215
8192
515
215
100
2074
1389
2310
14
257
185
54
10393
10461
34
24
35
316
454
27
331
628
840
237
6578
825
1119
723
13
48030
851
3402
362
24
356
331
2917
48029
48032
20277
48033
48031
330
262
331
396
105
3818
13
525
515
215
105
1949
24
35
316
454
38850
10393
89
3383
27
331
579
1725
158
76
334
34544
27
579
750
158
215
105
13
1728
3477
24
7156
1185
122
568
516
107
18
27
331
6637
61
215
1414
525
1222
926
1545
13
1812
405
27
396
750
525
515
215
105
14
1478
23353
57
10393
6825
23
24
1563
5
515
215
516
748
525
183
27
331
396
1545
525
13
824
24
7152
61
13
850
496
183
149
1030
27
119
10393
149
935
3539
5
183
149
21557
89
525
27
331
1178
332
149
289
1348
48027
4527
5
2859
722
1483
18830
27
665
48031
935
750
24
2959
515
642
6555
48026
5
7272
158
104
14
642
924
23
24
10021
4368
27
119
5087
8192
13
542
515
215
105
417
54
715
10393
5
515
215
105
334
7155
2536
27
665
48031
359
262
331
119
6903
8962
515
215
105
14
10393
10461
27
396
8192
13
542
515
215
105
417
54
715
10393
27
331
396
750
542
515
215
1545
13
15981
525
5
2528
76
15185
27
396
750
24
355
834
926
5979
89
46885
27
331
119
2959
663
944
515
48026
9
129
149
185
7988
34
24
3258
9
149
1094
23
24
4014
57
14
1685
29750
129
149
759
158
13
2732
54
3071
27
119
2959
663
944
515
215
5
54
715
288
373
609
27
33482
663
4952
24
2959
76
781
7186
449
24
692
223
515
808
48026
99
658
133
64
14
5087
27
618
207
61
155
12880
16590
48034
750
24
2959
515
54
6567
105
970
1841
14
7152
322
6632
27
808
48034
3283
515
808
48026
105
970
100
5169
34
7156
5
24
838
2057
515
215
105
244
319
1193
27
119
2959
663
944
515
808
48026
105
663
2859
13
442
622
36303
129
288
3108
13
2732
122
3071
27
4338
4150
14
2401
449
48026
37
5241
61
2917
48029
2114
45
13
9714
14
17226
6578
185
24
5087
27
842
926
1599
48026
13
3235
33
23
2959
185
4824
2213
1268
23
3023
34
2276
2963
13
20896
54
2541
27
579
359
262
331
727
825
8028
23
237
2959
1462
506
27
331
246
10332
61
129
1949
1389
2310
14
257
185
54
10461
61
1545
54
715
13
331
824
331
834
24
7152
1999
246
8138
48026
37
715
3203
13
10073
158
1348
926
743
54
7152
10461
246
16391
417
4278
4615
356
333
34
2479
57
331
2944
5
31609
5689
331
246
48026
37
715
6266
91
158


