11887
13938
13
5
35132
1770
17
5865
12
312
332
12
234
2861
4
2606
4
5
196
7
0
5680
8
18519
19137
11292
16
5019
6
1610
2
8
318
24848
9
83
145
1
4209
1
13
1047
4
1418
27117
9
4
27
1369
198
7404
3
448
27
1
36
78
0
155
331
1623
2
8
52
18
698
2466
2
590
316
82
1
24
3202
95
198
47
673
2
52
3025
121
21
58
154
462
6
121
2
558
930
48
132
1
24
29
41
213
5
634
1517
62
5
240
3972
66
1
11098
240
1517
2
52
30
141
289
121
5
15456
1
8
22347
6335
13938
78
0
1387
2
22347
6335
54400
1
1711
1
2384
49
27
27117
3427
23
36
327
36
18
91
2548
55
6
27
1389
1522
1844
9
4
14
27
198
516
74
32
6405
3
1804
49
0
391
11887
13938
18
145
22347
1
137
17
27
198
12
0
925
6605
7
2767
1
131
36
13
1418
27117
4
30
74
306
28
27
198
7
77
5
70
96
131
36
18
576
12
201
2933
5
215
28
637
606
4
27
2707
28
82
6
3044
7
270
979
7
2388
4
1389
1522
2
271
54401
131
36
18
2055
3
503
27
701
4571
28
27
12713
1
14847
6772
1
232
9308
4
579
36
3525
7
5
1825
195
862
2
7305
13938
18
244
1365
1141
1535
17
27
36
116
64
4934
1938
96
18
98
86
416
374
12
0
201
54402
9
215
5779
12
27
1389
1522
1844
14
36
18
32
15277
12
426
1
36
78
0
1623
2
997
27
2096
3
1499
27
198
11887
1
36
30
74
2392
3
59
7
67
85
5
70
1
36
131
2
65
448
3
13938
18
18174
31
507
491
3958
10
41
1006
945
2
13938
1
38
545
0
3722
1452
6
35133
12
0
8
35134
8
21685
1
13
907
37
1834
201
10217
4
8937
201
29643
134
3805
6
0
2606
163
8
21308
1
8
301
3
54403
2
101
2272
3
8
21308
1
8
0
10240
9
83
1770
61
1657
7
4
7174
2861
18
8
2363
9
32865
8
4
13
54404
19
754
6
507
11927
3033
4201
857
7
0
111
8
18519
19137
11292
8
754
2
101
3127
1
271
13938
219
3
0
1382
17
607
36
10
91
15277
28
27
102
7
2388
1
113
36
34
941
27
198
23
5
957
145
2
11887
10
5
284
393
1
3620
12
349
20
512
259
4
7
14883
32106
31
406
2
378
512
591
1
21
6173
19
152
69
5
754
7
8
54405
836
8
31
1262
21
10
542
2
15
244
9
6
9
105
30
34
108
54406
28
19
117
1
301
3
0
1623
2
318
263
7305
131
21
1141
1535
3
27
56
25
1172
36
10
3620
7
4934
1938
2
96
10
81
364
3
32
346
23
5
21902
7
1602
2
26
22347
6335
13938
131
36
46
32
15277
28
27
1389
1522
1844
12
426
26
7991
36
30
74
306
28
198
11887
7
67
85
5
70
26
11887
1
1090
11
508
35133
7
0
8
35134
1
8
13
907
37
1834
201
10217
26
52
18
3766
7
64
1500
438
332
4
30
5
2810
7
37
5680
611
8
18519
19137
11292
16
5019
6
1610
8


