5377
99
5874
24
82
57
14
6276
129
1663
18
5
1745
316
308
23
37140
35
751
144
1267
58
14224
1745
1413
47140
5
14
2353
104
14
30004
23
24
1032
27
119
528
37140
82
57
21232
9
28010
47141
61
6324
61
149
3557
47
484
11439
61
24
5389
1737
1742
330
27
119
829
13
22045
183
87
5562
13
321
47142
12883
515
369
253
185
14
6514
937
58
14
7054
57
22444
1411
23172
5
6332
23
24
2248
57
237
506
37
316
751
5017
23
17103
27
47141
149
2876
982
91
642
64
215
978
13
10414
58
47143
159
921
104
14
3189
20439
1728
185
1372
2010
27
521
159
34
522
251
4635
57
47141
61
129
1745
316
6332
76
54
1536
35
751
61
14101
54
9404
810
54
485
82
58
183
149
47144
91
5389
4948
902
251
485
416
43308
104
24
82
5874
91
5377
61
129
99
28409
13
13
22773
24
3861
57
14693
256
2367
364
272
2502
185
14
2311
1536
61
4964
185
24
437
546
47141
37
5874
82
4355
57
24
82
149
174
8776
27
2136
87
14
8775
61
2339
13
7683
23
47141
37
528
37140
82
251
15166
69
324
71
902
91
24
5389
1737
1742
383
24
82
105
100
22256
7481
23
37140
5
622
2788
57
5377
5
24
5389
9
17194
6276
17102
99
19762
647
1078
1348
14
6276
2889
149
7503
13
897
91
3619
47145
61
334
4927
11021
239
34
24
595
5
3319
57
166
3619
2883
91
6276
14224
23
24
17194
1202
923
27
5377
37
8462
99
3557
47
1185
22256
14224
331
3861
34
4757
40
2182
24
4972
23
7066
61
586
183
149
42107
27
1295
61
2959
9
46251
47146
5912
505
237
506
27
119
1454
13
22045
54
82
149
7460
91
8719
30970
61
34578
4450
37
8036
326
5
5748
2604
34918
13539
27
396
330
262
331
47147
24
775
57
2081
91
9879
122
3861
87
17177
10403
5
87
1429
91
5396
3802
27
331
22717
1853
24
1202
923
278
100
104
5086
8751
256
24
10948
23
17103
237
2157
27
331
2939
1393
45
47148
18
24
3079
57
23172
218
17177
7498
5
622
7402
9
2104
3774
23
3023
13
17649
1140
27
331
5377
99
3126
1579
6997
1398
57
9879
24
3861
57
372
129
1645
133
4894
2367
27
2136
87
14
111
20442
218
24
18429
23
47141
37
82
251
4635
32692
218
18429
174
15366
23
24
2797
1547
58
5377
2339
7925
23
24
11234
251
635
627
4556
13
8653
398
57
24
4515
33
89
513
23
496
553
57
47141
37
82
27
47141
4633
14
1536
89
14
12591
46939
1728
545
35
751
61
3319
14
893
5
14
3059
207
37
239
104
14
37140
30004
575
24
1413
47140
5
14
2353
288
1745
149
24
2190
23
24
1032
647
2336
1348
14
6276
13316
1745
533
308
104
14
4797
276
27
5389
3463
5856
61
6203
6204
99
3863
11021
185
24
23172
4723
34
24
239
185
24
37140
30004
61
18933
13
22773
24
3861
57
24
43
2933
27
378
144
4615
58
24
239
61
215
330
215
516
331
9802
24
9284
76
705
4894
331
61
3091
372
129
1545
13
765
24
5389
308
133
57
37140
516
45
6099
27
396
330
262
331
408
369
23
14
2051
18
37140
61
612
14971
4368
27
331
22717
278
39637
23
47149
5
622
2788
57
8073
326
37140
23
3291
454
61
76
837
24017
22444
1411
23172
2397
9480
5
7306
445
47150
5
2884
5389
642
3014
20864
47151
5
756
406
27
119
21503
99
624
647
24
1078
9
744
5017
23
17103
5
24
4709
57
2172
57
3619
46708
89
47149
23
3291
3133
27
251
8653
91
40397
17098
13
107
3748
13
8234
104
334
2436
932
1783
515
87
19301
13
365
5724
5
17098
61
23
16639
57
14
4757
9
402
1433
3806
91
5377
61
99
663
19764
7747
27
1707
1812
13
1495
14
8130
515
5145
133
23
24
2248
57
24
30004
239
29328
1645
24
5075
57
5377
64
358
3153
218
24
4374
57
37140
42677
10962
34
24
10925
57
47152
47153
5
47154
47155
61
129
288
1745
23
24
30004
239
505
237
632
246
5377
14007
82
57
111
129
1663
18
5
1745
316
104
676
924
246
251
893
5
14
3059
288
365
1745
23
24
239
23
528
37140
246
15702
57
54
82
5562
13
47142
12883
253
185
6514
937
246
119
1454
149
7460
91
34578
4450
64
331
7402
2104
331
246
19103
144
14
257
58
360
308
104
3619
30004
288
22155


