11076
11077
87
500
54
2534
16210
47747
1018
23
3023
13
1501
327
225
14931
16447
76
14
2019
2536
104
24
2118
2434
27
119
1955
6866
87
398
57
24
32147
2438
13
198
13
4440
27
143
167
29068
133
1389
6471
185
14
632
9
402
2222
61
11077
747
13
738
61
341
24
7244
27
2994
521
159
13
2995
11076
11077
104
327
37
3571
4545
16779
262
11076
11077
99
1996
54
47747
1018
23
9577
23
14
4233
13
107
2278
2250
34
24
2118
2434
30827
5009
778
11077
44
1510
14
3604
136
34
14931
16447
1348
358
56
24
11944
23
3094
119
18354
9
2033
18716
133
185
24
2176
237
227
35
506
206
57
54
526
27
842
1348
183
497
3466
215
2290
278
14
3317
57
361
289
47
13
24
327
2438
61
11077
2114
13
6994
53465
28727
53466
23
534
27
119
15040
57
24
1060
373
285
13
9577
3426
61
575
358
12321
23
14
360
9
3022
43965
27
251
549
750
24
7244
262
331
3315
215
87
37794
215
87
244
646
76
542
704
40
215
5120
515
215
99
13
107
185
908
163
34
4440
5
215
37
2050
13
748
183
54
704
27
331
1486
57
24
25107
515
285
278
1969
158
704
54
562
5
358
696
600
5892
158
9
818
215
1545
13
748
1465
33
13
542
27
331
20663
122
2549
262
11077
1899
14
5549
57
18351
13
826
24
327
16780
4571
185
2414
246
1955
6866
3119
13
748
3383
24
512
3317
23
4440
246
11077
44
1510
26961
34
14931
16447
237
2157
246
16378
37
78
373
285
13
1561
34
2158


