258
463
464
3968
261
262
51004
264
61
890
1072
558
268
269
262
51004
264
61
890
1072
558
119
5143
278
1802
23
4744
10073
11374
76
1533
2282
3886
122
791
7497
51005
5
318
2002
1284
1541
484
61
1489
13
4744
10662
27
397
2282
13313
5138
47
24
1915
19869
5
51006
122
51007
23
6660
61
1348
603
1652
286
5
8374
217
47
358
369
361
10731
13
1361
13
24
25751
57
122
791
6924
27
143
405
369
45
108
449
183
27
5401
5
1533
2282
369
768
515
722
2043
24
929
20013
76
122
4320
358
369
722
13
3896
51005
5
318
2002
1222
24
568
11007
5401
1284
170
61
4028
4807
61
57
10073
10662
1853
24
2426
4715
278
719
334
5547
23
3037
3886
318
2002
23
24
35
166
494
5
3983
4807
278
2936
14
8325
23
24
346
57
2282
3886
51005
61
1489
13
24
3607
2594
57
51008
15317
27
331
187
1046
515
2282
278
2236
4534
47
11543
5
515
23
3096
5527
358
369
24
4396
14116
7597
23
14
1842
57
775
61
331
330
11153
51009
61
24
5359
9
19019
57
24
2501
27
331
119
929
20013
99
100
28939
5
1533
5
1533
2282
278
319
18
24
11460
11665
5
278
100
40856
76
542
64
758
27
331
187
87
14
1217
57
24
880
612
5529
99
12582
18
24
35
346
57
494
27
331
12984
607
262
6092
51010
61
174
61
5
16923
51011
3235
609
23
237
858
319
23
1073
9
24
1271
506
24
540
7593
34
10073
8288
10586
1155
64
24
501
57
6989
9
25052
225
16923
51011
61
5791
61
129
2950
14
5729
76
525
583
6092
51012
13
24
15143
57
2947
5787
5720
3382
237
222
27
396
2182
223
1348
215
149
23
54
1114
37
64
54
791
715
37
1915
149
23
24
51013
27
543
166
272
1519
1411
360
5
27083
24
10073
12146
1411
24
1047
288
19
61
40
24
3604
8041
13
16426
2
24
2051
149
515
51011
149
4723
34
24
485
6965
5
14906
18
331
705
4288
331
27
143
13
3382
237
87
14
5726
1351
5
45
334
14729
1292
61
646
87
24
501
57
3442
7836
51014
27
397
24
13155
14116
3444
23
525
568
13
51015
51016
61
7836
51014
105
13
3896
158
51005
5
318
2002
3215
13
158
5
24
318
358
105
609
8341
494
495
926
2950
14
10073
5729
76
525
583
51015
51016
502
3866
18900
318
2002
3215
13
51016
34
122
688
27
51009
61
129
99
100
24630
3802
34
2149
494
61
958
24
1342
57
24
8342
5
24
4073
511
57
2282
23
24
21335
64
14
1252
1292
27
162
54
30368
3802
276
415
57
25225
61
646
288
144
190
2282
27
26769
2
24
51017
57
3790
5848
3193
515
24
346
57
43
5
2282
3880
310
15287
23
24
4744
87
837
6403
61
5055
13060
1348
503
449
14
188
57
310
15287
288
1938
13
2282
27
119
346
57
2282
3431
3802
15287
99
2707
5714
27
331
727
369
5049
24
838
57
515
61
24
5453
61
1094
23
5967
57
24
51018
61
331
51009
330
27
4028
4807
61
57
10073
10662
1853
24
2426
4715
278
719
334
5547
23
3037
3886
318
2002
23
24
35
166
494
5
3983
4807
278
2936
14
8325
23
24
346
57
2282
3886
51005
1477
2282
278
53
33116
31726
61
24
10073
5830
23
24
2426
4715
99
4411
9773
1993
27
5818
170
57
8374
23
24
2426
4715
1029
23
10073
27
119
5830
99
19037
1411
3837
5
5555
4807
34
4757
61
215
359
27
4816
64
3096
43
42769
449
3886
51005
13
122
791
18530
61
2282
369
45
6028
76
24
4265
27
331
408
850
2282
129
369
705
2549
64
6725
64
122
5786
4913
61
5293
1533
818
61
1348
358
369
4916
76
24
10689
57
3886
51019
2002
13
14
111
61
331
330
51009
27
1477
2282
278
53
33116
31726
61
24
10073
5830
23
24
2426
4715
99
4411
9773
1993
27
5818
170
57
8374
23
24
2426
4715
1029
23
10073
119
16028
14865
23
51005
3215
87
144
32
57
3096
3787
215
99
719
123
54
1413
4757
64
14
3509
27
331
1307
628
2859
24630
23
24651
646
149
709
51020
1291
57
2930
61
331
215
330
119
17861
273
57
24
2594
57
51008
15317
9019
51021
61
20727
11741
61
2946
15413
61
2930
32015
5
8199
61
24
3079
57
10090
10754
61
64
758
64
10073
5
318
2002
27
246
4028
4807
61
57
10073
10662
1853
24
2426
4715
278
719
334
5547
23
3037
3886
318
2002
23
24
35
166
494
246
3983
4807
278
2936
14
8325
23
24
346
57
2282
3886
51005


