15
1668
3608
236
28117
8490
103
7
4072
17449
12
155
2279
18
1022
17
1429
1139
54
6
231
335
317
196
7
0
23052
353
19778
1620
2
15
12246
1104
19
242
7
5
393
9
9543
621
9
49
173
172
580
275
4793
2641
1
28118
1661
8583
1426
4992
3395
4
5257
18
14280
11409
2
23053
19779
3974
4
5083
28119
1046
0
1655
6
335
13185
7
0
2988
1706
1
39
44
2301
864
584
5076
9
9544
8176
4
17450
15721
2
53
1754
93
3
122
51
19779
3974
1
14280
11409
1
4992
3395
1
4793
2641
1
1429
1139
4
5083
28119
3006
120
5
28120
20
0
2107
28121
7
4072
17449
515
6
0
1706
15
335
1850
3608
6469
515
6
0
23052
353
19778
1620
12
4992
3395
4928
247
476
12
470
515
6
0
1706
192
14
132
3395
4
11409
33
13186
31
606
23
44
33
3978
31
2556
10027
6
0
1706
1
50
10
3977
7
746
1
0
335
2141
11
1712
4
649
17
1511
20
0
2107
28121
1928
2
1139
1104
12
3974
7
0
1489
525
12
470
90
11409
496
49
127
37124
192
0
222
132
2
15
1212
13
7
5962
55
7184
4
0
235
64
3905
335
2641
4
3395
124
5
14281
1307
69
0
2335
9
3132
1
50
46
32
545
12
437
515
6
0
368
12
409
463
2
1139
1
38
413
0
1706
7
746
1
1104
196
7
1779
1932
12
506
1139
5447
0
1706
12
470
23
21
1104
12
3974
350
3
5829
3
0
2335
9
368
3395
28122
49
11
0
1706
17
5
1779
1932
12
506
1139
46
32
1912
3
210
5
717
70
374
59
4
326
430
69
745
515
6
0
1489
1661
8583
6
0
236
2
334
48
838
9
1185
1706
1
1139
4896
5857
17
11410
2566
20
0
23054
370
7
4423
1
4
123
25
13
1307
69
0
962
1420
1
37
770
113
21
30
37
28123
4933
585
2
26
23052
353
19778
1620
2150
7
4072
17449
12
470
26
1429
1139
1718
49
127
4793
2641
4
4992
3395
26
2456
9
130
1706
3181
12
155
2279
18
1022
4
8512
12
377


