144
5168
2682
293
16
43396
138
1
598
484
190
291
287
16
43397
138
1
598
484
190
65
179
106
7195
285
19
227
4
231
9
70
9
83
263
90
5672
430
17
5
2137
1537
5
149
39
21
91
2792
28
19
794
1
37
1566
10
78
209
2
6563
1022
1
2473
1
6079
4
1898
227
2713
1
2537
1
4
231
9
70
9
83
263
13732
90
2415
0
1537
12
430
2
1022
61
1156
19
64
1446
126
5933
1
598
1
4
1901
1
591
1
17
5
1537
20
42
102
7
31230
25181
81
405
2
5933
10
1898
7
0
1897
45
959
3
1927
4
1251
0
2753
20
27
1137
164
2
527
1676
566
10
115
7
71
4
1671
5
5228
3988
3
0
2916
2
4049
16
6563
1022
1
200
28
93
1
1898
4
6079
231
9
70
9
83
263
13732
1
416
93
2
4
227
2713
1
200
28
122
2
1759
5933
1
598
1
4
1901
1
591
1
761
12454
29
40
3543
1
43
234
61
1898
45
1671
0
343
8128
16
57
13
521
179
7640
203
7195
6563
1022
1
122
1
22975
17
227
2713
1
137
93
12
1008
7
522
411
1
90
0
343
467
1461
126
43
20
0
942
209
1
4263
31
464
6
42
117
2
15
2819
11
27421
4
820
7640
8970
43398
22
16
8
580
54
323
62
7
0
3789
643
76
4084
3
29
40
3834
31
261
2287
2689
2
8
52
1799
5
3550
6
9814
1003
11
2713
4
13732
4
54
6
2835
20
19
220
844
11
1022
2
15
1566
10
78
14
1022
34
532
90
5
6276
2144
4
40
3268
28
7640
203
11
3712
5
149
90
0
343
12
405
802
81
70
2
15
2069
6
0
3712
10
41
310
120
0
1566
45
607
20
0
71
22
21
34
40
2792
11
25182
106
2909
4
3916
8
5989
8733
4
7993
8
2
4481
6152
1744
31231
1
28
9413
203
1
78
0
942
14
12
0
132
6
0
1150
0
295
34
649
5012
1634
2713
18
296
11
2321
90
5173
42
4063
284
20
164
2
657
44
18597
1
1022
10
78
14
4765
34
2249
7640
203
1514
11
597
63
19
12189
2
4000
14
132
1
362
43
180
3
0
117
102
39
5933
1130
3
43399
714
248
40
1898
7
0
1897
2
31232
16
895
7640
203
7195
6563
1022
574
12
19
117
230
39
91
2792
28
0
794
31233
0
2753
16
30946
263
5933
959
3
1927
3
27
1137
164
4
448
0
106
1
38
207
49
5
31234
140
0
117
102
4
469
3
10353
17
1022
1206
16
1022
1
2713
4
13732
43
658
7
37
7906
1528
20
42
260
7
31230
25181
2
13508
198
1901
10
115
12986
4
1671
19
579
43400
16
20381
90
44
239
1
1022
34
40
78
4765
43
1514
63
0
1164
11
19
12189
28
0
106
794
9
521
3
32
3712
6
25182
106
2909
4
3916
8
5989
8733
4
7993
8
65
106
31234
10
1284
140
0
260
23
362
469
3
10353
17
1022
2
249
1971
106
680
42
152
7
63
37
889
39
0
2753
10
941
44
115
1901
7
0
576
471
17
5
5228
3988
3
0
2916
2
318
145
4
1676
757
43
115
12
5
1548
1266
7
37
7906
1528
2
15
179
7195
10
115
12
0
898
208
3
88
1
17
5
2137
1537
7
19
619
2
15
1566
10
78
2713
239
28
19550
4
5228
3276
2
96
61
34
3990
12
27
1072
14
1206
950
14994
8196
31235
10
601
31
37
8
2553
833
8
421
7
0
132
2
52
22
25
10
521
2713
206
29
369
239
62
40
3483
56
36
10
1898
146
278
2
1953
31235
22
13732
239
28
105
5228
3276
3
0
93
619
243
6
27
2916
2
360
1
21
176
14
25183
19550
10
5
43401
5465
2
334
1003
19
227
4
263
1
1022
123
1898
430
231
278
7
0
2916
2
15
942
306
129
120
5
818
6
0
690
106
115
5
200
1537
1
17
2713
47
777
12
25
1
7
0
23179
2
13732
4
27
1446
757
4
566
43
204
3
927
47
2451
2169
11
520
45
0
231
9
70
9
83
10
729
420
20
0
286
2
8
8689
462
8
16
2475
2713
1
93
1
137
17
5933
2
15
3087
9
83
959
3
1927
4
1251
0
2753
855
16
5933
1
761
2665
30
40
3543
7
0
604
17
27
145
2713
1
444
851
230
3617
7
286
1
23
107
27
566
1901
15
942
306
100
54
1162
10
432
7
2602
17
0
1603
2
43402
49
1
0
2819
22
16
8
930
161
0
568
9
4
48
13
5
2781
29898
9
0
530
13
128
6591
2
8
57
47
717
11
767
1853
17
25
4
25
13
472
23988
3
181
6
0
2650
6
0
117
38
2806
3
226
3
1281
17
0
1490
2
8
57
13
5
276
14
2472
1787
16117
114
6
0
2896
2
8
1901
592
20
0
898
119
5933
14598
1307
515
23
0
2819
1039
55
19
3550
2
15
2819
176
3
464
6
0
117
20
0
942
16
8
580
9
54
1792
31
261
1490
46
388
3172
110
30
510
45
24
610
66
46
32
344
3
2175
12
17
0
185
4
337
2
8
17974
1901
4
5933
1
21
22
16
8
24
610
7
125
152
14
942
110
510
20
87
619
46
185
66
3
356
653
2
8
57
47
504
3
3773
711
194
67
6591
85
48
2
8
1336
39
0
3550
209
1
12170
1194
3391
43403
1
0
117
47
31236
8095
4
24024
6
43404
1
22
16
8
57
13
98
77
485
187
150
0
2287
193
6
261
25184
2
101
80
48
71
24
29
40
5370
6
0
19728
6
0
117
4
42
1592
462
11
54
216
2
8
52
22
0
1566
13
8
54
67
1439
8
7
42
1111
3
226
3
1281
17
0
1603
2
2797
1986
7442
2258
2682
1
6
7640
203
1
22
0
1603
43
8
3431
2287
1
7
274
1378
6
0
1415
2
8
26
895
7640
203
7195
6563
1022
10
2792
230
90
4626
11
3712
26
43405
4
1898
227
2713
4
231
9
70
9
83
263
13732
4
1156
2791
126
5933
1
598
1
4
1901
1
591
26
5933
1898
7
1897
45
2284
4
941
0
2753
26
1287
1
2819
1484
13733
6
9814
1003
11
2713
4
13732


