258
11793
15606
261
262
35326
264
61
2584
1072
558
268
269
262
5872
264
61
1371
1072
558
2303
65
24
5864
14
80
11391
1671
1348
1579
1536
1061
288
17377
13
107
1533
25458
61
1131
9
1950
5
14659
1284
122
4913
23
14
6258
34176
76
24
35327
9
11459
27
119
14455
650
2
3607
426
1565
4053
35328
64
183
4273
2303
912
35329
7059
11198
23
10396
2
8235
5
53
183
24
68
11171
23
255
13
25094
24
1462
5409
2304
2
5392
27
187
1506
1389
35330
57
582
8940
5
21646
2243
693
185
908
57
24
35331
253
13682
27
764
2237
262
3607
3187
104
2303
37
2572
426
1565
4053
35328
17377
515
1611
1061
369
1533
14659
61
2525
5
25458
9
5
1511
9888
9
1284
122
4913
23
6258
543
24
1428
3632
14
1536
23020
20343
61
47
13
5435
1533
693
104
19622
44
107
18285
64
2303
6101
24
1479
57
1611
9
28430
15865
23
24
2304
27
119
11171
825
1199
24
360
9
1116
2304
35332
10654
32
30854
1221
5131
24
3154
35333
1535
1185
24
24147
35334
1221
76
5159
14818
2
35335
14
506
1094
13
35336
5
47
13
14
6942
57
35337
27
2303
1004
5065
4913
8815
13
14
1687
1675
9
35338
2535
9
24
9
5969
35339
2528
27
35340
262
5177
104
24
35329
7059
11198
87
13
25419
2
24
6646
35335
354
14
506
13
35337
187
6592
2243
12109
61
4581
1950
5
24
1029
57
24
1687
35341
402
2157
35342
64
758
64
14
316
9
506
3896
13736
2
1268
857
91
316
494
57
1189
5967
10794
57
35343
16328
10654
16
1299
1300
27
119
1454
149
10692
91
24
3463
5856
61
3104
4781
5
5835
64
1687
14
9298
57
35344
23
1611
1061
5
24
5864
27
187
10677
24
2107
3491
34
24
15609
1428
10321
3855
502
34
24
55
227
647
24820
87
35345
1533
354
1284
183
35346
27
1543
5199
3990
24
1687
77
35347
57
8860
61
5835
61
15492
5
6916
23
7004
5159
23
24
1428
27
5968
34
3440
262
119
5182
825
107
53
902
104
334
836
731
91
6627
6628
5916
14446
69
324
71
6627
6628
5916
14446
61
129
11011
13
9675
23
563
13
1399
24
501
34
2303
13
35348
3187
61
330
183
149
1687
6201
35349
27
396
359
262
1687
119
1217
515
124
3607
1536
1198
369
2540
124
24690
23
3440
87
14
692
35350
2303
3187
289
183
1687
14
2865
22109
27
119
692
2108
650
64
10321
3855
6918
2057
14
438
890
1299
1300
204
23
24
346
57
354
1163
23
3440
23
3192
4982
76
14
506
495
27
119
6918
288
21562
91
168
17198
5100
34
24
2066
57
10805
61
9246
9247
61
1885
9
1886
61
21697
61
14791
61
2363
61
2094
5
23554
27
119
4265
3522
835
1536
3855
8940
23
24
1428
35351
1389
35352
23
2195
454
27
119
4053
35328
829
185
35329
7059
1506
24
11171
825
107
35345
35353
13
6258
575
5159
57
24
512
9
4935
1478
485
1536
825
30474
22292
27
1031
10677
24
897
9
35354
34
35348
912
5065
11198
23
35355
1221
24490
47
13
9465
308
1221
502
149
5391
76
24
1611
11171
27
35329
7059
5
35356
23
7841
825
1094
1510
24
503
316
21576
5846
34
24
2304
27
119
2528
663
5705
185
1579
219
24
21242
515
1611
2625
369
55
23
1804
34
8235
652
122
1687
35357
1506
358
369
3468
5
22264
13
5696
1284
372
23
6258
575
24
3958
57
9737
445
1061
87
14825
1533
16210
27
246
4736
11007
454
57
3478
9
14015
18
712
57
10396
11171
246
2303
37
3607
3089
369
13
1015
11198
23
6258
76
189
57
4606
57
693
58
9823
1428
1783
246
1611
1061
1142
13
107
1533
14659
61
2525
5
25458
1284
5065
4913
246
5177
104
24
35329
7059
11198
87
13
25419
2
24
6646
35335
354
14
506
13
35337


