1722
2873
29
40
572
17
0
8061
25193
6
5
244
4
19
263
12
0
1777
6
3179
2
15
6352
1
64
808
414
4
54
808
591
1
43
432
31
12
437
39
0
358
175
242
12
302
166
20
14861
2761
1677
528
1
1009
2
15
6782
76
29
40
3900
17
182
0
2302
1920
18468
2380
1
45
0
20590
6
0
358
531
106
3
766
88
23
1260
1
301
3
7182
4801
2
297
94
11
167
26522
10443
1
2162
1
34
698
3
1804
49
19
263
19073
28
0
3633
20
14861
2761
7
1009
1
1171
6
988
1
12
302
166
56
44
43
1156
238
3856
9
83
567
10
572
17
833
4
14174
2
15
108
10
572
17
833
18182
3482
7526
1797
1
14174
4
5
3610
6
3836
39
21
719
175
5
7627
4
391
103
0
10912
9
83
583
2
15
5544
9
83
567
10
572
17
833
18182
3482
7526
1797
4
14174
2
15
635
226
39
2001
1222
1172
6
0
638
5
244
4
19
5529
9
83
263
43
16640
4
5947
31
5
1720
6
575
2873
363
5
1677
528
2
26522
10443
1
2162
1
34
698
3
1804
49
19
263
19073
28
0
3633
20
14861
2761
7
1009
1
1171
6
988
1
12
302
166
56
44
43
1156
2
13361
6
0
6652
343
738
68
10443
91
3730
357
0
538
31
20
568
105
247
266
90
91
2548
7
0
2309
4
251
2
15
358
175
242
363
0
14861
2761
1677
528
7
1009
1
1171
6
988
318
263
73
32
306
3221
23
36
1565
3
185
1
45
36
13
1922
28
374
31
5
247
290
4
20731
225
9
87
69
0
4116
2
68
10443
22
21
219
3
1804
19
263
49
39
36
180
3
161
125
995
404
3
833
27
1
0
1009
4708
607
2
221
34
421
40
125
2544
197
19073
4
20
568
54
290
90
36
180
2
294
21
219
49
0
49661
4
180
19
263
1191
27
3
226
55
6
0
3633
1
21
2205
105
995
1433
1137
2
8
191
647
414
1578
1
92
10
109
316
6
88
2
24
84
74
158
183
113
44
224
28
1
8
21
22
2
13361
6
0
6652
343
738
68
10443
91
3730
357
0
538
31
20
568
105
247
266
90
91
2548
7
0
2309
4
251
8
135
392
29
40
4138
2
24
181
25
10
5
207
9
49
1
25
10
1502
2
8
135
79
23607
4
56
24
592
140
24
79
273
21564
33761
92
13
159
3
32
2544
323
2
8
68
10443
10
1360
19
263
94
0
6900
56
21
1922
5
247
130
55
6
0
152
3
124
3
42
195
2
8
89
23
760
23
24
29
1922
59
55
6
0
152
1
92
10
79
8490
4
9025
28
0
243
1
8
68
10443
78
0
1387
2
52
10
3730
63
259
2252
357
0
538
90
44
309
4729
4
4506
59
2
318
263
73
32
306
3221
23
36
1565
3
185
1
45
36
13
1922
28
374
31
5
247
290
4
20731
225
9
87
69
0
4116
15
244
4
19
263
43
1015
20
0
548
11
2111
579
1
45
68
10443
13
3435
557
19074
3
1781
112
156
6
19
10811
43
1175
8
57
213
3
5
547
113
24
10
1536
3
124
5
706
33749
28
80
0
3949
24
10
49662
4
24
219
94
1
8
21
22
2
8
294
24
10
159
94
24
10
79
5382
2927
95
251
49
4
24
882
2755
54
6
0
3513
1673
4
706
59
12
0
2334
2
57
10
0
118
551
24
76
84
2
8
15
244
4
19
263
43
1015
20
0
548
11
2111
579
1
45
68
10443
13
3435
557
19074
3
1781
112
156
6
19
10811
43
1175
2
203
22
68
10443
195
4669
1
1132
391
4
7627
43
204
262
0
343
2
5968
17
597
63
0
358
13
2033
3
448
15802
12
11494
19970
19971
2
26
1722
6352
572
77
8061
2501
14
10
780
12
710
26
26522
10443
1
2162
1
4
263
19073
1
608
1
43
1156
12
302
166
26
52
981
698
3
1804
27
49
28
0
3633
7
1009
1
1171
6
988
26
8102
332
304
6
1049
4506
68
10443
7
0
2309
4
251
26
19073
1130
3
185
27
244
45
10
5949
225
9
87
69
0
4116


