65
3394
12
160
18
16157
18
11438
50
10
1115
31
0
1040
6
0
7595
4
15289
4490
7170
30
786
11
72
17300
9
79
5
1636
6
97
1504
1514
968
2
6184
1982
12
15
17058
2870
7
8835
1
1171
160
1
5
22329
12436
1239
1057
2918
102
207
7
5
3261
6
140
35373
1
10
210
12
0
842
105
82
320
11
72
639
341
2
17915
8663
11762
22401
1082
25
23
5
19739
9445
11
72
483
341
7
1570
4
123
207
63
8868
0
690
69
19
2182
102
2
297
94
11
167
18200
16
6184
1982
1
12
15
17058
2870
7
8835
1
1171
160
30
786
11
72
17300
140
5
1636
6
97
1504
1514
968
334
1051
5
4369
12
5
4304
17910
1
0
3528
210
25
12
0
842
7
411
11
5
4120
72
639
341
9
371
25
0
148
1707
102
11
1078
12
0
661
842
7
0
255
2
360
1
5
70
192
0
968
10
1376
3
72
2450
341
2
57
10
123
273
0
102
1
50
13
67
85
575
278
0
912
6
0
955
111
1349
1
58
32
923
3360
49
2
89
5
7303
76
41
32
115
4
6184
1982
1
50
10
2764
1115
7
16930
11
4490
12129
1392
727
15289
1
30
25264
12
5
34144
842
9
268
48
149
2
65
465
30
98
40
1519
45
41
11
4836
339
72
2450
341
2
2242
1
0
111
7303
13
273
3
29
682
79
72
575
341
11
54
6
160
18
21320
747
1170
2
55430
16
15
690
10
1115
11
4490
12129
1392
727
15289
7
16930
1
45
865
69
16626
7
0
8952
119
182
0
8757
6
0
2444
6
1044
17375
212
664
55
16
15
8629
105
9
804
260
10
696
99
3
97
15183
237
1763
3
5
1825
15226
31
690
8663
11762
22401
15
7607
4692
5
174
6
4045
27098
11
0
15226
1
1453
5
557
55431
1239
1057
3
0
369
5096
34258
1239
1057
975
15223
1
771
6
2542
12473
1
761
1725
6891
0
3394
58
74
1750
0
2665
6
0
24353
62
0
968
682
45
729
0
111
1040
13
98
207
3
1256
55
5
753
2541
17910
4
1715
9
19001
6
0
2329
2
68
15223
22
16
8
139
13
5
3431
8629
690
2
221
13
22329
12436
1239
1057
6
837
12
5
55432
3261
1
17
37
8349
33136
4
9054
1
0
690
30
676
17425
1423
11
37
7082
9
232
2634
907
24353
2
8
15
1504
72
639
341
1514
968
10
77
9
9693
11
5
690
7
35374
23
48
13188
3
72
25159
134
12436
1239
1057
50
13
118
228
55433
7
0
4521
34114
2
8
1232
12124
10
3
13611
25
11
136
2848
38
4412
0
11368
1168
6
6184
1982
2
135
33
4852
128
2831
63
2021
25
4
6936
3
1125
169
1628
19720
0
690
2
8
15
4543
13
5143
77
105
5854
118
50
13
128
1876
23
148
2918
1170
7
160
17
705
4027
1222
16355
29
384
9
775
134
153
6
0
4543
1839
640
2
8
24
7021
354
14
1
7
0
122
844
1
0
690
30
0
14444
3
5887
5
1313
7
0
1252
6
72
713
341
23
7
169
7420
1
25
13
0
6858
2918
102
2
8
55434
3
161
1
60
33
5483
3
29
4146
6891
0
690
11
136
2848
2
8
15
1724
4
2259
329
549
0
3394
50
10
1082
25
23
5
19739
9445
11
72
483
341
7
1570
4
2764
210
12
0
842
11
72
14217
899
9
1108
1911
16
15722
4213
6
2274
12824
4
452
4213
6
4716
1
80
1534
7
1465
1
43
157
11
0
7908
1
301
3
0
1617
2759
10063
15785
16
221
13
61
5
9152
1
102
6547
1
11357
471
17
13399
1
1937
3173
102
2259
4
2348
12448
17
3266
9
2672
2974
35375
16
15
102
1
207
7
6503
7014
6
25404
4641
1
13
54
6
0
1404
747
3228
7
0
1496
1
18965
20
0
968
16
15
111
7303
13
273
3
29
682
79
72
575
341
11
54
6
160
18
21320
747
1170
6184
1982
10
1115
7
16930
11
1392
727
15289
6
0
7595
1288
15289
117
2
15
690
865
69
16626
39
0
2444
6
1044
175
77
0
105
9
6734
3394
7
0
8952
2
3563
713
464
6
481
960
92
20
54
71
2
249
68
22401
1082
0
102
7
1098
1
21
4692
5
174
6
4045
27098
11
0
15226
2
15
619
9
7145
12824
55435
43
1534
7
1465
90
91
6854
3
0
690
2
15
17058
2870
7
8835
1
1171
160
1
5736
2957
6
398
9
1313
3228
4
30
40
3273
8
26449
11438
8
15722
4213
6
2274
12824
4
452
4213
6
4716
43
157
11
0
7908
119
0
15119
471
1
853
1
1344
1
9152
4
2841
19162
33
80
7365
7
10841
2
101
943
92
33
591
1528
11652
1
231
4621
1968
1
5
3596
471
1
4075
471
1
117
471
1
2508
471
4
15119
471
2
221
13
61
5
3608
186
1
12331
4
8409
2620
12508
1
9152
1
102
6547
1
11357
471
17
13399
1
1937
3173
102
2259
4
2348
12448
17
3266
2672
2974
2
26
6184
1982
7
8835
1
1171
160
10
2764
210
12
0
842
105
82
320
11
72
639
341
26
15
22329
12436
1239
1057
2918
102
12
15
17058
2870
7
1171
160
13
207
7
5
3261
6
140
35373
26
18195
23
5
9445
11
72
12050
7
1570
1
7607
11762
22401
444
1628
12
0
15226
26
15
1514
968
10
1376
3
72
31802
7
190
45
0
690
170
732
3
1380


