144
975
11253
15
237
7513
3574
5054
784
12
42
56596
2
135
33
416
56597
14
0
955
102
56598
9
45
11
54
257
3156
44
170
43
74
511
2
1883
11202
2977
3
8185
422
7
14310
155
331
3
1101
3
4679
319
35624
803
31
37
8
7623
7905
8
2
297
94
11
167
1883
11202
5179
12
5
5025
4152
50
1561
3678
6
35625
1953
1375
22450
4
19
174
20
8185
422
7
14310
155
331
29
15397
5
463
341
56599
9457
27286
1082
157
7
2225
11
201
31492
2
930
1014
5025
1
44
454
17
56600
56601
5130
4
256
0
27286
1
562
23
8
109
5
56602
5873
8
3
7077
25
2
57
1104
63
1205
269
3
7077
4
56603
23827
2
56604
6
5025
1
50
5261
5
4152
4054
691
9
870
379
2
15
174
30
617
639
5025
24502
86
416
1
11
9063
4
5438
5693
1
45
34
202
882
157
0
5025
47
17863
5795
7118
2878
3
4679
90
2
8
24
382
300
40
5386
17
8053
1
4
34
5
2182
6
91
344
3
4679
17
5025
1
8
21
78
8163
2
8
104
404
3
325
5
152
3
4679
17
25
1
4
306
63
1953
1375
22450
1
38
30
444
178
82
346
3
1595
5
5860
3
143
5025
7
48
27286
2
8
11202
213
7
1698
17
22450
20
8185
422
7
14310
155
331
1
4
21
4573
1301
3
185
88
2
15
1471
803
37
7623
4152
6
35624
11
0
174
3
4679
12
2
15
6858
15246
218
1883
11202
56605
7513
12
0
5025
4152
803
28
37
7623
7905
15
1892
7513
4
22236
1
50
11202
562
23
0
237
21
981
388
4109
1100
25
10
0
87
71
7513
30
40
5179
12
5025
1
0
1339
1409
14
0
3156
1388
25
1351
74
32
0
81
9
4
131
5288
77
5025
76
32
0
6858
152
3
2339
7513
2
8
249
66
4679
12
5
15246
66
124
5
56606
6
3091
2
8
2499
5025
13
6678
2878
1
66
124
2612
8134
7545
923
1
4
17
5
128
158
56607
2
8
15
174
158
1691
5
721
5860
1
18314
0
2612
17
37
2553
4052
6
56608
1
5203
25
936
1
123
3896
25
103
2
65
21163
10
21926
77
0
5025
4152
3
1207
0
3156
1472
1220
15
56609
23629
5025
1
50
13
803
12
569
4
123
6908
3
9191
5
5025
4152
8
57
10
9087
9
4
2790
10350
1
7
725
25
10
0
237
7513
24
382
388
34
7
95
142
1
8
22
11202
2
15
839
98
610
3
1682
0
5860
11
37
770
2
8
104
33
1371
60
73
2698
0
5025
4152
4
84
48
4310
1
60
29
425
678
2
8
104
188
3
1014
5
5025
17240
11
2034
75
9
66
73
13028
1864
1
8260
4
29
37
702
66
893
188
3
812
815
63
2
8
1375
22450
4
19
174
20
8185
422
22
8
334
350
69
88
1
24
5003
44
43
128
645
1
1374
1239
7725
4
34
1200
103
125
228
9693
4132
2
8
24
115
42
4173
3
42
147
3
32
23
645
23
24
322
3
3271
241
24
181
44
33
2765
7
5
111
329
6
1226
1467
8231
2289
4271
1
626
1
2644
1
20039
2
80
6
50
11472
3
37
2286
1592
26604
12
42
196
2
8
334
0
1489
6
42
3327
6
6443
8231
7
534
44
224
49
3
8185
2
8
334
44
408
42
87
45
769
15989
6
5025
11
5
2843
5486
4538
6
4353
241
44
219
17
95
1983
3
0
9271
1058
4
24
219
3
0
972
242
241
0
768
13
110
66
177
7
0
167
8
2
8071
3
4679
16
11202
1766
721
5658
2562
1530
0
0
2878
4
19
9999
3
0
5025
15
5025
13
412
11202
18
839
1
11202
4
7835
1
29
845
803
418
753
626
56610
1
6117
28
12227
22986
7
0
1705
6
2063
3
17003
4
30375
8
56611
135
61
614
3
1207
6397
3
8
4122
8
155
12295
11506
6749
2
139
70
1
0
34696
46
41
118
32
2645
17
20393
4262
1
45
32810
2951
1
34597
30094
4
1462
8
56612
5167
8
15335
2
15108
56613
11202
1288
7835
1
38
5565
210
5
4115
9
1784
4577
2344
733
12
0
2352
6
12646
1
29
803
721
1830
2289
3697
22575
4
3697
12290
1
3
165
455
17
0
6749
2
26
8185
422
6544
803
5025
14
1561
2878
6
35625
26
11278
1883
11202
22
7513
10
0
237
21
34
388
4109
434
3
0
1521
6
3091
4
232
3678
26
3290
610
3
1014
5
8
5025
7905
8


