144
1322
8001
293
16
53153
138
1
483
409
151
291
287
16
34833
138
1
399
409
151
281
44
76
1450
1
277
6
261
1532
58
32
1514
11
79
54
551
16
5
3424
102
2
15
664
9
4749
21026
4
7848
4371
33
543
792
648
7
0
462
6
299
47
1192
6085
841
1
0
7047
2313
2
674
149
1
15
491
12
302
310
14
7
190
0
3204
2416
16829
832
11
35
1356
9
53154
1425
1
199
23
1521
6
53155
837
2
4947
4948
3875
1343
558
65
588
19480
6697
180
2373
33363
53
93
51
1
39
0
11058
1452
1
17
7047
2313
1634
5076
4020
1
1026
5
111
102
455
17
398
9
70
9
83
53156
53157
53
122
51
38
46
252
2696
6
298
16479
64
9
70
9
83
1306
17348
11813
53
93
51
1026
5
1888
1040
38
46
355
59
71
3
3986
7
1
119
19480
9
1842
1417
1
851
1
1026
5
3045
3921
102
340
253
169
3174
15
7047
2313
24269
202
3
5031
5
1660
790
2
89
23
97
634
1275
12
23122
133
2687
3
429
4371
91
289
23
7848
3602
133
496
3
37
267
1
0
841
13
2468
3
325
111
1170
11
97
832
2
15
7047
2313
131
25
13
26988
85
388
114
0
8705
30
680
75
3
355
49
42
4371
11
2364
1425
2
674
70
1
53158
1532
43
34151
1
49
21155
134
153
12
411
2
35
4461
1563
79
516
141
3572
3
462
11
42
790
156
67
4
448
282
1
45
92
33
61
5
396
6
1000
113
552
30
3
32547
3
2397
62
7488
4543
4
516
141
402
5
790
156
29055
22
5
479
2
1679
1214
1
6
0
7047
2313
23122
528
7
34834
1
12101
1
22
0
841
53159
12924
1594
3
143
662
869
4
42
1170
33
5526
2
96
22
16
35
249
552
496
350
11
5
790
1
60
143
662
44
934
0
1030
117
4
1118
0
790
20
568
1165
2
104
61
10739
5
102
703
3
1524
42
102
13
5526
2
57
1104
63
851
230
2
35
104
61
6281
75
14
112
44
858
213
5
260
356
62
5
111
442
12
0
152
1
44
171
1604
268
39
14
1
86
850
47
4366
94
90
44
154
5
111
53160
930
34835
63
156
6
0
1532
137
323
28
34834
1
448
53161
53162
2
590
5399
10238
1
448
17533
53163
53164
2
53165
1842
13068
1
146
1
13
350
11
37
702
117
17
100
108
1532
1
119
26773
4375
13323
1
1026
5
102
17
2039
4
5
13330
6085
427
26
15
7047
2313
13
2468
3
325
111
1170
11
832
7
841
18
462
26
15000
131
25
13
26988
85
388
23
8705
1244
75
3
355
49
4371
26
674
149
0
491
12
302
364
129
3204
285
16829
832
7
190
11
8
1356
9
701
8
1425


