258
4577
2905
53064
1185
4033
2
32
912
42295
87
1013
6526
14
908
10779
34
594
2883
27
691
2354
401
435
27577
1185
53065
24
2107
5538
833
14350
13
3871
13
24
6553
515
122
5942
1541
16756
3899
452
1030
53066
1185
668
23
27
1312
8570
3356
53067
61
3400
61
8248
47
14
3240
5409
912
2878
348
1644
623
525
27
579
7639
24
6666
9
276
53068
8815
13
53069
28685
912
22917
53070
19738
61
10341
784
23
42892
27
1042
12094
256
24
812
11
8570
13
1346
525
2534
767
61
1110
61
502
99
1094
100
53071
34
14
3441
27
8570
61
2431
61
1520
525
571
1142
28685
912
767
23
14
53072
3048
61
880
484
926
149
3132
27
396
184
2334
183
34
494
652
1579
9799
11538
1030
331
713
4008
87
449
24
594
752
1017
14
730
99
61
331
53
158
1994
27
14791
17949
262
8570
3356
53067
69
324
71
857
14
7364
19499
767
34
32
751
23
334
1761
13
2554
1533
486
104
276
9
24
838
57
502
926
99
5715
23
14
582
767
61
502
99
970
100
53071
34
14
1045
119
812
7033
123
14
6495
9
47
6828
5
525
448
212
122
22639
12041
1093
13
334
6553
262
4433
24
767
912
5542
23
3515
5
1346
449
496
711
27
8570
1520
926
5457
2151
13
107
331
32
1431
702
2503
9119
331
185
525
276
912
6643
4638
5
3573
24
3634
516
221
1022
1512
27
331
187
638
1013
3083
1030
14
692
6553
104
704
61
331
926
12318
23
14
3291
4860
27
331
628
149
10463
652
16151
218
24
4142
723
1869
449
704
2883
1393
2242
14
53073
5
2242
7378
13
276
5
2242
53074
5
471
30839
5
4309
515
628
611
149
1013
16057
2931
27
331
9348
13654
262
8570
37
767
61
20268
1110
262
251
24803
61
18341
10232
34
14
18397
53075
61
149
407
185
3192
2431
5
99
253
100
53071
34
14
1045
91
53076
1477
926
149
1129
13
361
18230
61
64
926
1869
24
767
926
105
334
53077
27
331
628
13595
628
638
1028
486
5
628
638
1028
13
107
4306
5
628
638
1028
13
107
4312
5
655
628
638
1013
278
14
3466
164
12372
57
6643
61
628
2193
515
183
149
1013
496
628
149
27
5401
1284
1407
61
628
638
1013
278
1407
13
1248
61
818
628
330
61
577
727
639
496
778
628
4997
1812
183
34
14
751
27
577
331
579
1770
13
221
3787
61
517
7378
61
960
47
5
1347
978
14
53073
27
4355
1022
1196
91
28685
1770
13
221
1440
27
4303
24
53070
19738
61
8570
1520
926
3556
3531
360
146
185
525
4008
27
1947
24
767
61
926
1770
13
1399
227
89
525
2504
61
5
14
8205
7976
515
926
3556
331
2113
130
24
3242
25783
27
331
2906
1381
13
525
582
16817
149
21816
61
40
33754
183
8158
13
442
27
331
1447
288
607
308
516
377
1020
1022
5
183
516
221
846
2245
2236
1021
61
331
8192
8570
61
129
149
14
13589
9
2033
22639
9
19992
23
53078
61
11247
61
104
24
227
27
842
4084
449
542
1802
542
89
331
23753
4900
331
575
926
149
331
644
13
4072
104
1508
1022
515
288
15518
21816
104
55
27
331
331
3779
34488
497
5442
61
5
628
497
14
5241
64
758
5
515
149
2236
47712
61
2346
8570
330
61
5612
262
2344
628
516
377
61
577
9958
61
496
516
628
1028
707
5241
13
107
2931
700
1094
778
577
331
119
1617
262
8570
37
6553
650
58
4150
53069
28685
37
22917
53070
19738
61
502
1734
2033
9
12231
5533
5
10529
34
7364
53079
13
1510
965
24260
3060
525
2504
61
28685
912
812
663
15196
8570
13
5498
133
13
819
5
107
1533
16563
27
397
926
53
18538
61
2907
1770
13
22955
13
525
27
21019
926
13595
61
331
9939
1145
723
87
1030
723
61
5
358
2354
537
34
18256
61
5
818
183
912
692
13
1431
47
5
13
107
515
1066
61
515
1211
1066
27
331
397
8570
912
284
149
1950
61
525
571
285
13
223
13
2073
159
53069
28685
61
1094
23
525
20353
5
2797
23
53080
61
53081
119
316
2011
5
8570
743
515
28685
373
3522
24
33020
57
24
767
2151
27
331
187
149
3541
13
614
515
7717
27
579
330
183
149
2508
13
278
525
223
53082
61
331
8570
330
27
8570
912
284
99
144
100
784
23
14
23008
289
1110
262
18341
10232
34
14
18397
53075
69
8749
31610
71
61
24083
13
205
25187
5
47
27
53069
28685
912
22917
53070
19738
99
100
4712
9
1725
64
14
20933
767
61
5
28685
663
598
24
2237
13
1110
27
9407
663
2066
8570
912
679
262
579
912
53071
24
3441
3079
13
53083
27
8570
61
1094
23
66
12041
5
2797
76
525
485
23
53084
61
9039
61
9198
76
14
4372
5
19678
515
1130
2217
525
494
27
579
373
1327
133
24
7378
185
796
576
652
358
2354
331
47712
61
331
40
646
912
32
1017
926
912
45
7004
262
24
53073
27
331
628
611
174
24
53073
23
24
40160
61
331
926
330
27
246
8570
3356
53067
61
1094
2431
61
7639
6666
276
76
24
442
57
53069
28685
912
22917
53070
19738
61
10341
784
23
42892
246
8570
912
679
99
1094
100
53071
34
14
3441


