4164
1702
3988
13159
3546
87
1913
24
13509
57
24
821
5006
129
369
605
868
122
14100
27
119
219
57
24
1146
37
2704
9677
6926
750
16606
4122
215
6993
13
15197
54
7348
2947
28027
17248
13
1435
9
58
3886
34
54
493
9
506
9
2033
18283
37
3788
4747
27
331
727
1028
13
107
24
24044
23
24
20155
515
12772
24
28028
34
1292
61
331
3546
750
24
4122
27
521
159
34
522
28029
262
4164
5171
13159
3546
6993
13
15197
54
7348
2947
28027
17248
13
1435
61
58
215
5154
34
54
493
9
506
9
2033
18283
37
3788
4747
16606
7348
3546
37
7596
1586
61
1893
185
54
28030
57
4164
1363
61
104
449
2947
28031
27
396
663
5173
2672
1363
1586
2947
28032
5720
1222
183
288
13
107
5896
27791
27
119
11176
9
2033
5171
37
8833
23
16606
37
13154
499
57
158
87
334
5127
57
24
7185
1857
28033
57
24
1146
37
7297
308
27
20975
28034
11894
28035
87
16500
24
821
11457
13
748
868
104
306
170
122
1586
23
122
28036
218
24
331
3587
12430
61
331
552
1490
8827
1155
28037
64
22758
7577
37
5214
28038
61
2006
5313
57
592
26117
5
28039
7577
37
14902
28040
27
569
3546
37
28041
44
45
2430
13
1708
24
4638
57
14
28038
1185
5313
9
365
1586
5436
57
13813
9
24
4164
5171
750
16606
215
4227
13
221
14
2187
27
5171
262
3546
69
174
71
510
18
64
24
219
57
4164
1348
1704
9650
69
700
71
7031
23
555
27
396
87
24
503
6346
7099
8789
7164
185
24
16606
5415
2580
57
2511
4744
1198
3546
61
129
87
45
4431
185
24
1490
61
87
1969
64
334
18345
1409
1066
129
28042
24
27154
185
28033
27
162
3291
494
61
1204
61
215
99
8109
4485
133
1533
6346
449
452
20953
2
24
1455
13
5832
3079
27
3546
61
129
970
3283
215
149
7099
61
2325
133
75
5776
57
24
22760
61
7099
61
28043
5
28044
2407
123
54
28045
89
24
9443
2594
57
28046
35
506
27
396
87
24
503
6346
7099
8789
7164
185
24
16606
5415
2580
57
2511
4744
1198
61
1489
13
3972
27
2036
5171
57
20238
259
1544
61
129
184
24
134
2
6588
13
1073
61
503
6343
215
149
7099
58
1775
2964
1348
334
6989
9
4501
28047
158
27
3546
510
18
4164
37
5171
134
23
555
58
1704
9650
7031
27
396
750
16606
215
99
2859
18337
3225
13
26731
1755
20940
5
87
3108
13
2533
14
1533
331
28048
1708
331
13
28033
515
1652
2217
4084
425
27
246
3546
99
334
7348
2947
28027
17248
61
76
14
7596
1586
57
2947
28031
246
396
99
2859
18337
3225
13
26731
1755
20940
5
87
3108
13
2533
14
1533
331
28048
1708
331
13
28033
246
5298
11457
15322
18337
398
57
122
17248
13
1435
2581
11894
3149
61
5214
28038
5
2006
5313


