2143
6415
0
35
12728
45078
1
97
1422
13
7831
3
29
40
428
12
0
12098
31975
3028
69
50
266
58
6019
42
5402
56
44
219
3
868
2
3696
48
30
617
739
3
429
0
1083
6
0
25661
14
30
383
0
776
392
9
29
45079
11
5
111
2662
6
3216
2
15
8619
2867
5423
30
15662
0
14164
6
2466
11244
7687
16104
4
4380
5035
1
119
81
149
3046
3944
10
1148
7
8619
47
3094
824
1058
497
27
31976
1451
25661
2301
2
297
94
11
167
15
8619
2867
5423
10
881
7
5462
4
10
1093
3
32
289
3
54
18
1470
361
4
13547
12
3
42
5639
11
80
18345
3155
1823
1
0
263
6
7978
8663
741
4343
1823
1
30
100
3070
85
231
1
473
816
418
20
0
222
71
2
15
8066
31977
1
5
1545
6
0
2342
6
1816
1
881
97
2867
21541
7
5462
2
15
5423
10
1093
3
32
289
3
54
47
1470
361
4
123
13547
12
3
42
5639
11
80
18345
2
57
5834
6
64
3632
9
3892
7570
50
33
123
3830
319
64
346
11288
12
1346
243
2
57
13
2157
14
4002
9
83
3046
1
38
13
7
5
573
17
16486
4803
2116
1
34
342
62
13387
27
1504
25661
56
0
11288
224
5819
2
65
3705
25662
964
23
194
23
72
30487
1
119
0
11133
784
908
28
72
45080
3
37
1072
9
7004
72
45081
11
12349
3748
45082
17
7975
133
371
88
5
2131
2981
7518
12
5
7313
17
5
31978
718
2
57
13
2157
3046
10
86
2088
31
0
983
6
27
5423
1
36
219
1307
3
0
1599
47
3094
824
1058
3
1160
216
54
2
852
3
5
1416
1
27
3705
10
5
2720
28
0
298
2
7687
16104
1
93
1
4
4380
5035
1
122
1
33
80
476
6
0
5423
1
50
12754
28
72
3510
3
72
5553
45083
2363
10
1726
253
56
27
2867
5423
133
289
3
27
31
27
632
315
4422
133
10
54
6
0
2058
12233
93
374
56
44
5098
27
102
2
1786
27908
1082
37
31976
1451
2867
5423
23
5
35
2276
29053
11
19
123
227
4380
5035
12
0
878
6
42
263
45084
7
1570
2
1643
1
2232
1546
16749
1
38
10
123
0
225
6
45085
31979
1
10
2716
17
54
6
0
11133
31
0
839
47
814
13347
31979
23
5
19760
6
19
11657
2
15
5423
1
50
48
70
1904
97
27691
1716
1
10
803
31
8619
47
2274
1832
18516
25663
2
52
309
346
92
7
5462
1
5780
19
3722
2867
5423
0
222
70
2
25663
34
40
10124
31
683
4
473
2543
147
140
13464
4
83
5392
2
52
10
1303
3050
7
0
804
6
266
14778
49
42
5402
17
6108
31975
9789
3
1524
42
45086
119
44
43
184
12
0
21325
2
15
1832
13
273
3
29
3861
0
961
6
91
2710
7
5
1654
573
7
19
2867
5423
1422
2
101
37
772
20
0
71
1
25663
22
16
35
2867
30
383
253
3078
1
602
142
340
361
13
739
133
5
4034
5727
2
939
1964
75
188
33
361
11750
14
233
2335
9
2705
133
62
1
20
568
1
3962
5
4225
3
1684
2
334
80
1
361
11750
171
2135
37
45087
25664
249
0
11133
43
881
1
8619
12989
5
2810
14
801
43
41
867
3
1160
54
11
784
2
135
76
118
143
5
3223
11
3419
1162
133
967
1
14
13
5
2810
14
30
150
40
21542
2
8619
2716
0
21541
3
575
168
9
330
3540
173
1
699
25647
1
1546
1214
4
1318
9565
1
20
5
1481
7
97
12166
7
155
331
2
3046
3944
1
93
1
10
1148
497
27
5423
3812
81
149
4
3155
1823
1
122
1
30
100
3070
85
231
2413
295
2710
277
108
7
90
16380
45088
2
930
1524
14
44
43
14698
3
0
81
1
8619
81
70
18640
0
749
5
2381
9
1451
2867
5423
1
207
17
146
7975
1
11
97
151
611
9565
4
1214
3766
6683
336
4
25665
45089
5489
2
7266
8619
115
25
76
41
402
49
17
2098
2
2867
11133
43
1148
12
0
14164
6
5210
4
2464
24285
4
192
7759
5785
1
1945
6763
1
2924
18171
1
8888
375
4
67
800
3680
10796
1
7104
6838
4
797
8251
24751
9
31980
2
15
45090
2867
5423
17
7975
10
881
7
7693
1180
31
0
2867
2987
1
2867
25666
4
2867
12741
2
378
54
547
0
5423
10
86
168
330
14
25
492
5
3517
6
54
47
4173
2
22584
54
47
25667
112
21
1174
66
511
3
1160
0
8619
2867
5423
10
12
5
7313
17
37
4848
2
8619
648
4260
598
45091
11133
12
97
587
2
3506
3143
1422
496
7
2547
1
2381
62
599
1451
1
119
67
13388
3748
1384
2547
4
2381
45092
1
45093
4
45094
2
15
11133
29
532
12
0
4260
6
235
3097
2574
675
2900
47
4
19341
2
101
4831
1
64
1451
8619
11133
5864
3
0
2926
6
17491
4
10406
3692
43
543
0
1556
7
0
4831
10407
47
3097
6
0
45095
747
8700
2
15
3097
5565
116
67
85
105
278
0
1834
2343
2
1169
14
0
11133
33
300
11
18345
2
14999
4835
945
64
7577
9
15755
2867
11133
36
34
1082
11
27
123
1133
13435
25668
56
21
12403
12
27
7
190
2
68
25668
34
366
5
4450
1045
59
7
1266
17
216
211
34
40
116
90
21
649
0
263
6
3719
275
4988
1
12139
2
89
3010
373
3
401
4835
521
36
34
35
5263
45096
48
10
41
0
276
39
10982
68
25668
816
0
64
11133
7
0
611
2
3798
38
33
248
200
2650
63
91
11385
3
216
252
141
2973
2
15
5423
73
32
1145
319
5
721
7023
22971
50
23271
496
17
274
3223
2
26
8619
881
2867
21541
7
5462
9
1093
11
54
18
1470
361
26
836
0
5423
30
383
0
776
392
29
543
3216
26
7687
16104
1
4380
5035
4
3046
3944
1148
816
54
26
45097
6
64
3632
9
1705
7570
50
33
3830
319
64
11288
26
65
3705
25662
964
72
575
4
11133
908
28
72
45098
3
72
31981


