26068
27
2512
26069
9
26070
2155
515
2887
991
2831
107
3748
13
1608
58
331
316
1185
166
5564
331
251
12640
13
1119
2887
2795
9
1914
99
100
7607
91
334
7731
7160
58
14
3142
9
26071
3829
330
183
516
442
2297
22078
5
8955
27
26072
23
2916
17466
3843
24
11876
57
14
10122
515
825
1119
991
23
2887
2788
13
1608
58
722
331
316
1185
166
5564
331
27
1784
3034
5
3906
3920
2512
26069
9
26070
61
129
1399
2237
24
12640
61
3138
308
23
2887
2788
288
331
1951
821
366
9668
1184
76
821
853
14752
331
5
331
278
604
1745
2938
27
331
119
12640
149
689
91
17466
5188
7160
61
23
527
9
7784
5790
61
185
3354
91
360
6225
13
166
61
76
24
15040
57
24
9867
5131
7337
1185
24293
27
8341
57
372
129
11004
23
1305
57
808
26069
9
26070
37
10377
369
663
391
13
107
26073
27
119
7607
12640
825
1094
107
5457
91
5856
34
3850
5692
26074
129
825
935
5558
1720
1185
45
13
1550
24
1190
47
76
4929
27
808
26069
9
26070
3138
54
10377
516
1415
33
14
5538
26075
34
13133
308
23
2887
2788
515
99
100
769
58
1533
1397
2795
9
1608
4773
288
1459
27
162
54
10377
26076
215
598
262
331
3116
1095
24
5856
34
3850
13
10728
6226
13
1119
26077
13
1190
5186
13
308
2797
23
2887
4663
2788
13
1119
542
13
1608
82
2
122
9227
3142
58
722
316
1185
166
5564
185
853
1129
9668
1914
104
821
2330
5933
9
13
107
1725
104
24
26078
57
24
125
26079
27
331
1134
516
8618
826
308
2797
2574
537
104
1413
11234
5
17649
405
2549
57
5538
4184
23
125
5545
5
1099
663
442
2297
22078
5
8955
27
331
5790
99
14
20201
2795
1914
2536
27
26080
5113
288
6555
185
15070
57
2795
1914
23
1073
27
251
2488
57
26081
5113
288
6555
185
15070
57
2795
1914
23
2336
27
1031
912
334
3940
57
1145
26082
5113
6555
621
632
34
2795
1914
23
24
7744
57
5790
27
5790
87
11956
94
24
498
7157
19072
2846
23
24
9822
69
4810
1322
5346
61
1073
71
396
750
24
7731
3906
262
331
691
728
1951
23
821
366
9668
61
1502
185
26083
61
76
821
853
14752
5
183
37
45
700
358
728
361
279
24
1271
64
24
557
57
24
1951
1857
5
358
278
604
1745
2938
27
331
119
503
26075
358
278
935
87
13
1550
82
14
2839
57
26084
5
358
728
1068
89
22078
5
8955
34
405
57
542
87
24
5993
880
133
61
331
215
359
27
6036
451
13188
7487
24
331
445
9
24
9
4515
331
12640
515
516
8819
503
13
6295
24
1566
33
13
331
14
822
23120
257
27
331
119
219
57
5790
37
6036
5306
3909
61
8355
803
61
7643
1780
104
24
10377
27
396
330
594
57
24
1566
37
12629
5
947
2
437
18786
288
23
1217
23
2887
2788
27
331
1447
87
821
168
4121
502
4063
334
26085
5009
1411
24
11738
57
7157
5
14894
61
331
808
803
330
27
331
618
515
12645
183
87
26086
515
610
516
738
33
13
14
1156
515
1642
13
5547
612
2795
9
1608
9816
61
331
215
330
27
331
408
278
53
8599
2541
23
5790
23
8933
12629
5
947
185
612
9668
61
3924
23
2887
2788
502
369
13949
1805
91
437
22509
5
947
27
1312
372
515
761
23
2916
17466
69
324
71
61
808
26069
9
26070
330
262
331
691
728
1951
185
821
366
9668
61
1502
185
26083
61
76
821
853
14752
5
183
37
45
700
358
728
361
279
24
1271
64
557
57
24
1857
331
331
628
1019
610
2296
13
26087
76
515
5
1359
76
24
562
9
7138
3740
515
610
278
23
513
27
331
12901
24
12640
64
331
445
9
24
9
4515
331
61
808
803
590
591
13
7731
2406
34
14
1252
1292
23
17107
5
2726
1795
2795
9
1914
515
105
53
14
835
9851
23
437
12629
18
3291
494
27
331
1031
87
496
87
7138
763
5
13193
1155
64
237
1415
703
33
13
14
822
23120
257
61
331
215
330
27
3904
3920
13547
26088
9
15429
330
926
638
45
1028
13
107
1277
76
24
12640
27
331
16343
1755
8955
27
187
912
45
1515
91
45
361
644
13
738
13
24
3142
27
1447
912
1533
1022
23
26089
1284
738
89
851
3142
61
331
926
750
808
26069
9
26070
27
11408
3193
24717
308
769
122
763
185
7731
9668
35
506
61
14
1264
2330
3906
3920
61
26068
16089
26090
69
26091
71
330
808
26069
9
26070
149
5163
24
6604
57
26073
185
24
7160
27
16408
26092
61
1609
34
20889
16721
5790
61
330
262
331
10856
23
2887
2788
129
1099
107
776
2
14140
825
45
826
2
933
122
763
5
24
763
57
24
622
273
57
122
356
104
4031
91
3181
5
1914
27
331
408
2296
26093
11864
13
442
372
308
61
1155
64
6076
8940
23
356
347
61
5
21981
87
334
752
398
57
237
61
40
7157
1308
45
278
13
107
27
331
808
26092
359
515
7157
825
26094
61
45
26095
61
9405
450
18830
1155
64
22078
1185
22079
27
119
2795
1608
9816
23
5790
149
12433
23
555
5
87
1094
23
1804
76
5828
4748
27
16972
6918
3193
24717
308
769
122
763
185
7731
9668
35
506
61
14
1264
2330
104
666
8896
1284
555
5
20667
1511
1284
1972
27
119
582
7731
6523
20889
26096
69
26097
71
9816
87
1851
26098
69
26099
71
34
704
5113
61
5
1011
26099
34
10145
5113
61
26100
64
26101
1185
681
1901
5113
69
34
14
1272
57
316
494
58
5112
122
1914
4090
71
1185
7150
5113
69
57
21289
61
7702
1573
5
1857
333
1573
71
27
246
2512
26069
9
26070
37
12640
689
91
17466
2916
5717
91
1507
6225
13
2778
246
8341
9867
129
3843
808
26069
9
26070
37
10377
369
663
26073
246
12519
14532
515
2887
5113
2831
107
644
13
2795
1533
5
1608
246
12519
689
13
5856
34
3850
129
718
1550
1190
47
23
4929


