258
463
464
3968
261
262
32833
264
61
2213
3094
1268
268
269
262
32834
264
61
2213
3094
1268
32835
1129
13
107
14
108
513
61
40
14
3291
1344
99
1142
515
14795
37
32836
61
372
853
17539
32837
61
369
23060
1511
32838
1284
358
1129
13
107
61
76
2881
16885
20071
1155
64
5299
61
7747
5
2349
27
2617
15674
32839
61
14
19447
5589
104
24
1956
57
32840
23
1682
61
1605
2762
61
5
14
11156
8581
14
32841
57
704
8371
32836
2
13056
13
1972
5
1142
515
2
24
1920
26373
32842
61
14795
37
20924
9
6918
331
19081
19156
278
100
32843
2
21586
108
547
13
19156
13965
6076
10948
27
32839
37
1344
5457
24
4623
57
12365
19156
1853
1356
14795
15338
1221
1094
1502
398
57
32844
1155
64
7659
11719
61
32845
1185
7515
16243
27
7961
9
855
262
1882
13
15674
32839
69
324
71
57
32840
1956
23
1605
2762
61
14795
32836
369
45
24
25348
61
32846
108
853
17539
308
358
625
288
691
7458
14795
652
57
24
1565
37
636
262
331
1134
1213
703
14
1189
2539
13
850
362
32
1565
37
5324
5
834
183
99
4073
61
331
32839
750
465
37
32847
1827
27
331
2186
610
9468
87
515
24
5821
57
2881
361
1459
705
506
87
3060
23
24
1440
57
122
12365
19156
27
8117
24
1920
331
3767
646
288
144
14
540
57
2881
5
358
288
2928
822
6482
61
935
358
359
12349
5
27051
820
5958
1145
24
15386
183
17845
61
610
278
818
3096
1245
1276
57
2881
27
331
32839
873
23
24
2886
61
331
2686
26578
2667
1046
515
7132
9382
99
1510
14
1533
7317
9382
1584
23
502
24
32848
1146
57
2502
1308
45
503
16142
57
14
3334
8199
57
692
21691
18840
61
40
14
1146
23
502
21531
369
2358
5
32849
718
278
1591
1994
27
331
32839
5
54
11156
32850
24
19156
1339
24
17539
32851
57
4008
13
32852
144
834
822
32853
24
316
9
8284
32836
278
1510
18
24
494
27
162
24
32854
61
449
895
1299
1300
57
24
6918
288
108
9
738
9
539
27
258
1972
61
449
1851
1299
1300
57
24
32837
288
32855
1511
32856
27
331
187
87
752
13
1344
834
13
5408
6350
19156
5
834
1508
19156
369
24259
91
24
4163
27
7670
37
4335
5
834
358
369
24259
718
278
14
835
5453
185
272
61
331
32839
750
24
1177
27
22041
32857
262
187
37
45
144
24
1021
5442
129
2391
2358
61
1185
24
692
5442
129
2391
32858
94
24
8371
14795
32836
515
6043
61
13965
14
1533
16131
4623
57
3078
20071
32839
1324
24
4623
57
19156
1094
1253
185
32836
331
2881
64
32859
61
4372
61
4814
61
2349
61
15958
61
5
7747
27
331
408
718
45
442
40
12474
834
24
1454
2
503
841
2881
13
334
4724
346
57
4362
2881
15804
185
834
272
2502
61
331
215
330
27
419
87
183
14
692
1017
515
14795
2881
1094
12342
14
1751
4623
57
3078
20071
778
331
187
516
107
10132
13
761
23
14
7132
1146
575
421
87
6482
704
24
227
61
331
330
32839
13
32847
27
331
7670
2296
13
2502
133
5823
61
612
1146
87
1751
57
5823
27
727
7180
76
851
14215
5
5904
61
723
278
405
15994
76
723
448
5
57
2510
183
37
9683
515
272
1451
218
2505
13
2528
76
10948
27
331
12731
262
1134
21984
5241
1610
99
14
1842
2188
185
54
1027
32839
1520
54
1344
847
244
3204
703
1720
1185
45
24
3060
32844
23
14795
87
1021
34
612
272
1185
45
27
331
842
628
718
12342
185
183
61
331
215
330
27
331
1134
21263
87
45
144
76
32836
61
183
37
1644
14
5772
21263
27
1312
5127
61
1018
1117
192
1644
3340
23
8600
3735
778
187
37
14
2549
57
14
4831
5
1497
4918
9
87
183
24
192
515
221
272
8600
1185
87
183
24
8600
2907
129
1030
1508
1211
57
192
778
331
215
330
13
32847
27
32839
4169
24
1189
384
34
4814
10940
23
24
4793
57
27233
1094
4700
23
14795
192
27
569
272
1129
13
1199
122
2534
13954
17332
133
57
14795
61
1094
358
728
417
24
529
61
24
5442
5
24
679
27
331
727
278
7659
11719
5
723
14996
1463
2359
37
13954
61
21691
2590
14795
13
5408
851
2534
853
698
61
851
2534
853
1146
5
107
935
822
1533
16955
23
515
880
61
331
215
330
27
32860
47
262
3779
32861
32862
32863
369
14
398
57
24
14795
7659
11719
1481
61
32
57
3096
10948
9
1893
14795
15338
787
32839
6520
24
3787
57
12365
19156
369
14
7763
57
24
4939
9
14795
15338
369
3360
1533
10948
9
6490
652
57
24
4900
358
728
2496
27
119
7768
14795
15338
32839
1129
13
2502
76
64
14
318
369
373
787
9
183
37
144
515
2907
1028
6499
61
3849
57
24
31305
5
7659
11719
9
1038
15338
27
396
5224
24
14795
1565
2831
107
8934
45
13
32864
4362
19156
61
5
12810
1579
6858
185
10948
9
1893
32844
27
331
14795
2290
45
107
644
13
6314
185
13
1579
4091
841
7120
61
331
215
873
23
24
2886
27
331
119
272
515
1503
47
76
14795
902
825
2422
45
503
32865
61
40
663
7747
5
2349
23
24
32866
2881
27
11144
57
3516
2881
2831
1550
2508
4014
13
9382
24
19156
5
13
4090
122
1426
647
4335
2502
334
752
511
23
24
5342
57
272
27
331
5818
855
262
14795
32836
331
2881
278
4073
647
24
331
3767
13
12342
14
4623
57
3078
20071
349
32859
61
4372
61
4814
61
2349
61
15958
5
7747
32839
131
133
515
24
27523
57
1045
5
3484
9
1893
32844
23
14795
149
9683
34
24
1565
13
5429
9
8550
61
1579
7659
11719
9
1038
1481
4273
24
1565
9
40
515
24
1565
2831
1550
4014
13
221
24
32836
2391
5269
1537
1284
16131
27
331
119
5127
57
24
32836
1046
515
13
12417
13
4163
183
87
9683
13
5605
14
6279
4623
57
12473
19156
515
2098
13
24
7317
19013
16128
57
902
912
4163
27
6117
57
4097
185
4091
16131
19156
61
183
1099
107
15860
13
5547
24
32867
57
19156
27
251
5269
4255
11120
87
11656
13
12941
14
1751
31795
57
20071
5
32868
61
331
215
873
27
1312
122
398
61
14795
1520
24
1565
25935
2826
621
14795
32869
484
183
87
1399
89
5159
27
32870
32871
32872
61
1828
1785
34
14795
61
750
24
1177
515
705
7132
149
5169
91
14
4623
57
5589
272
61
655
318
29743
61
448
5
9119
288
663
32873
27
119
1565
37
1319
1142
515
272
61
3458
634
61
4199
2505
133
5823
1411
5442
61
215
330
27
331
119
10948
1411
692
5
18840
87
455
582
61
331
330
32872
27
331
842
24
5442
600
278
1578
14795
8649
1221
24
692
4310
600
81
23
24
1029
27
331
396
1196
1222
448
369
3573
449
24
855
57
32
57
122
272
37
32836
61
646
37
334
1166
5579
262
2423
445
24
32869
37
219
5
16305
183
76
2276
1533
32596
32874
27
32839
825
1501
54
1342
104
24
55
4450
7205
185
10614
9
32875
32876
23
32877
61
4343
61
23
744
27
246
14795
37
32836
331
2881
1129
13
107
32878
108
61
40
1094
30362
14
4623
57
4362
20071
61
401
246
15674
32839
57
32840
1956
61
32879
61
8581
14
1481
57
19156
2
24
8371
32836
23
12490
246
32839
1142
515
647
24
26373
61
24
2881
57
32836
278
4073
343
13
32844
57
10948
362
14795
15338
246
691
1094
12342
20071
1155
64
32859
61
7747
61
2349
5
4814
246
32839
1520
14795
2831
107
8934
45
13
1248
1579
841
7120
76
1579
7185
4362
32836


