57
13
168
330
14
60
1616
17
136
1069
23
168
23
136
2309
1
967
54
864
3348
13
3439
3
1715
9
8645
136
52849
12
30108
1
7708
1
52850
3697
4
8693
17
5
111
5704
2
15
439
1404
3348
1962
7
1010
15321
1
881
5
618
421
48
70
14
2779
3
210
37
267
3
626
3998
2
26958
26959
4
26960
1904
0
8
7708
8
2254
14
13
473
2256
184
31
33753
4
1407
14726
11
6249
2
4947
4948
3875
1343
864
3348
15321
30
881
0
5704
26958
26959
4
26960
7
554
3
3740
626
3998
15321
404
3
185
1695
626
3998
31
5889
3
801
14
13912
14502
4
8693
33
79
23
10499
23
42
26069
6851
2
15
618
2324
0
546
14
60
4487
2359
341
10799
6
626
184
277
70
1
6101
0
846
1809
3
143
526
0
70
127
626
3998
2
15
618
31
15321
13
2745
31
3504
1725
15805
38
1
17
0
185
6
1645
24031
1363
34745
1
2543
452
6961
3766
0
13912
2254
3
165
1328
25
2
15
6961
1041
628
6
0
9077
14852
1
0
5196
20155
1
0
52851
5167
1
0
732
17796
1
0
16415
52852
1
0
7708
52853
1
4
0
6384
52854
2
590
1363
34745
0
148
650
196
6
0
1087
10
1075
1452
3
0
14753
2
96
78
0
9548
5046
16
8
15
148
2904
6834
10
6258
0
240
4868
45
52855
240
4473
13998
162
24
444
71
25590
136
52856
450
3
325
0
9484
8696
50
738
234
42
240
52857
240
4
42
52858
1
1820
42
2555
1452
2
8
15
3348
498
0
8693
42
220
6811
1
17
0
2254
346
55
63
384
134
153
4652
15
3348
803
0
1234
262
0
846
1809
18
5704
3
143
526
0
70
127
626
3998
96
176
14
48
10
5
2239
14
10
1303
650
3
27
2
8
57
18
0
4122
14
3916
2
4840
0
3257
990
6
2541
2254
25715
2256
184
1
0
8074
67
7217
7815
385
109
0
15321
4454
0
419
2
8
294
168
23
0
6961
15321
498
0
2254
42
220
6811
7
0
3348
1
2021
0
3697
4
12026
14
6268
58
1614
4487
184
50
408
0
3380
159
11
384
134
153
4652
85
605
12
1005
2
930
2212
17
0
7848
4041
9
9632
107
74
2136
24413
952
86
0
3348
1
1571
3
2136
44
43
79
23
52859
23
217
60
58
1614
1160
1
2543
22270
4
22271
17
0
3697
4
12026
11
801
3
688
2
15
768
10
5
676
1216
16
80
10927
6
0
3697
4
8693
786
55
7
37
2553
4319
4
3348
1902
3157
1735
31
823
134
153
2
930
2136
14
0
3697
4
12026
10
79
23
52860
480
42
28912
0
3348
1031
55
22270
4
22271
116
28
0
2254
15
1234
30
40
23
676
1216
17
0
87
64
230
6
5383
1265
37
955
6
7694
6750
6
0
14502
4
8693
91
786
7
1058
26
15321
881
26958
26959
4
26960
421
48
70
26
57
404
3
2136
14
13912
2254
13
79
23
25411
26
15
3348
498
0
7708
14502
4
12026
42
220
6811
26
15
1234
10
5
1216
17
0
1058
472
1406
55


