251
272
37
767
91
334
4678
9
4679
15605
87
361
22653
23
27132
4166
767
14560
61
502
27743
24
8764
34
2496
2907
515
24
4666
87
7420
27
1427
308
516
3734
515
24
767
1687
27744
912
27745
27746
87
14
9139
61
3020
24
4751
87
4723
34
3319
27747
308
705
506
27
1295
24
467
767
61
502
4875
14
318
912
5635
257
6601
776
2
24
4666
61
87
6308
4238
449
1579
4678
9
4679
9786
27
119
9139
87
1094
185
24
8764
61
7627
9
1893
15605
18993
27748
61
129
87
1094
361
6978
76
22984
767
14560
185
8444
27
13360
4163
369
866
27132
767
3728
13
6346
12154
14
14
767
91
334
870
4678
9
4679
27749
61
20268
331
27744
37
27745
27750
331
27748
1520
24
3631
57
525
767
87
13
331
14429
272
185
24
9818
57
722
4666
5
834
723
718
27751
2
542
14122
5
5204
27
331
579
26941
448
45
13
4670
122
272
61
3091
515
331
2079
99
1253
703
515
1508
4708
369
2471
24694
5
61
1489
13
2685
450
4190
61
23103
13
24
1816
27
331
119
5442
23
24
767
27752
27748
37
843
61
76
32
5241
2496
525
318
262
331
1312
594
272
183
87
14
692
1017
13
444
24
4666
27
1427
23048
308
1014
4666
221
24
1816
5863
5
1533
12173
34
24
712
27
331
999
3022
262
251
2951
131
133
515
4666
87
32
57
24
1330
1755
57
897
5386
635
272
119
13360
99
1718
61
76
405
308
1347
27753
11542
27748
27
331
397
14
27754
129
27755
23
27756
27757
27758
628
847
244
377
1487
692
1022
449
237
767
61
707
3042
4618
99
100
5726
104
334
24605
5830
3555
331
598
32
27759
61
14962
24
27760
346
57
272
37
12629
343
13
24
4666
27
396
149
32
57
503
14
2347
308
13
748
24
767
14
360
3022
3728
61
27761
27762
27
1295
61
32
893
14574
3990
24
767
64
32
57
525
11717
57
704
227
27
331
1134
87
144
14
3541
767
23
705
880
27
628
516
244
278
648
515
1407
44
107
64
729
5
474
9
20017
64
577
804
37
27763
4085
577
1185
577
4475
37
10201
14342
390
577
40
628
629
1094
13479
27
331
13100
646
76
577
7238
27764
27765
577
94
707
3392
14413
57
704
227
27
331
1134
767
3728
131
133
24
7532
5
5703
5453
57
4666
185
405
272
3520
24
27766
14560
61
24
767
99
309
14
4337
27767
32
3022
22318
61
76
3096
3316
27768
574
331
1607
847
244
628
748
237
767
17261
3376
778
331
2906
308
3138
515
24
767
1308
244
24367
34
24
14889
122
318
1094
20449
58
4019
24
4666
27
331
1003
14965
1093
285
14842
58
4019
4666
2
334
4764
318
61
331
1770
32
27759
27
331
2173
646
37
709
27769
4203
57
237
3541
767
34
846
13
748
525
27770
13
3934
13
525
834
15172
24
4751
515
510
525
1774
868
87
27
331
331
628
629
818
108
628
4936
14
1131
1442
4203
57
237
767
61
331
598
2276
6602
3042
27
331
816
628
4936
334
27771
61
628
604
516
278
7232
707
3225
37
1586
64
365
57
707
5253
285
20335
2
27750
27772
27
331
691
1094
278
14
2508
767
5
14
4688
27773
13
20926
542
834
822
628
3438
603
542
3555
331
11076
2986
27774
14
2580
57
3633
24
594
8237
272
37
14413
1541
2906
27775
65
10904
34
622
14413
308
2290
4199
1222
358
369
14
4381
57
331
27744
37
27745
27750
331
27
331
5307
133
622
14453
34
272
1030
262
577
5329
37
14635
27776
27777
185
612
27778
577
61
577
11901
27779
251
27780
577
61
577
27781
1831
1312
27782
577
5
577
11901
37
9149
27783
27
577
331
4617
61
40
45
2471
64
692
64
577
18577
24
27784
9
4894
577
27
331
842
628
1835
537
2237
13
577
27744
61
119
27785
27786
577
806
5
577
419
1427
27787
262
251
7670
37
27788
3519
577
61
331
7976
2276
27
27789
15153
262
119
27790
7043
1153
15153
13
222
133
834
24
767
4183
14
3189
9
15164
19033
13
614
14
821
4238
843
2906
1533
10877
7043
288
2
448
129
7643
122
5352
58
3477
4033
405
3024
1366
2
24
16574
1869
27
331
12573
3555
251
272
37
767
76
334
9786
628
718
444
1778
3555
628
600
648
628
1689
2907
641
628
1644
105
32
57
707
2534
5
627
149
628
286
3555
331
598
32
3924
6923
426
27
331
628
27347
1407
5
1690
628
44
3633
1018
13
444
3945
57
24
853
24319
61
40
628
638
244
1028
13
107
6555
34
596
5
2133
3976
87
144
401
22605
26228
27
331
27748
87
4013
13
525
384
61
3091
515
23
9800
5529
331
610
369
361
6978
76
867
2
27791
6604
13
2349
704
4708
23
3023
34
1463
13
1532
405
27792
1185
4672
27
331
162
1217
61
2079
1046
515
23
27793
2846
61
1508
4708
369
2471
24694
5
61
1489
13
2685
450
4190
61
23103
13
24
1816
27
331
119
4666
4679
87
11453
34
14
4653
1504
5189
23
4666
12629
1411
1900
5
1268
27
246
251
767
20268
331
27744
37
27745
27750
331
87
361
6078
6182
246
1007
369
866
23753
61
27794
767
14560
185
1490
8444
246
8880
87
4678
9
4672
15605
7627
9
1893
18993
27748
246
331
13100
646
76
577
7238
27764
27765
331
94
707
3392
14413
331
22344
32
27759
246
1843
1414
1607
14
27769
4203
149
244
787
34
525
318
129
331
497
14842
58
926
105
24
4666
331


