258
15401
21367
261
262
49093
264
61
2978
3094
1268
268
269
262
49094
264
61
2213
3094
1268
49095
262
45817
36484
1075
49096
61
2744
61
10043
54
2534
5409
57
3477
401
822
2
5529
11901
49097
2831
1550
1511
2
5529
652
358
369
1094
1687
49098
401
822
3946
3225
61
14
3355
5249
57
327
10666
99
330
27
10856
3132
23
24
5016
9
5017
1272
369
24
1687
3579
49099
652
358
2045
80
8892
23
9764
57
2797
123
122
28036
61
330
24
294
57
941
61
24
45817
36484
1075
49096
27
842
646
288
1687
1404
49100
449
24
614
57
4929
2074
1983
13
24
1060
61
215
330
27
305
24
636
57
2744
61
24
45817
36484
49096
87
14
1578
416
57
24
821
1060
215
10525
61
40
215
330
515
3096
1094
1014
24
512
607
44
107
1687
1778
30280
27
396
330
24
55
494
57
24
18278
6189
105
719
14
1760
24358
5
14157
542
13
24
27230
1272
23
24
1876
9
47
13
24
9149
2118
3623
27
20121
54
1105
23
14
37147
8050
91
4797
5820
5
4930
4441
213
4562
61
24
294
359
3870
13
24
4099
18
1720
24
5829
718
107
11632
2
321
29531
15883
27
2226
632
6614
10037
3966
6694
3327
9537
1348
215
4934
515
3904
516
5042
1779
28703
27
294
49096
510
64
54
529
34
24
37147
24
1302
57
6574
1966
912
37140
61
1448
515
24
46349
912
395
57
1071
14
226
712
1687
23
327
912
4305
5
10809
30412
44
373
107
6599
61
40
45
11001
23
3872
5859
5967
27
1687
14867
57
515
87
21256
91
24
3579
5409
13
502
628
15269
23
1246
502
4568
8737
1221
1404
8737
1221
57
49101
49102
215
330
27
1687
119
1146
87
361
49103
262
5859
5
1203
912
6439
87
22828
49104
61
24
1272
57
49105
2603
49106
58
8416
494
87
104
334
1029
27
1687
13784
15856
5019
91
24
204
57
582
7122
278
11
13
5017
27
2279
5409
262
119
45817
36484
49096
330
3059
49097
369
24
3579
5303
8815
13
24
80
8892
23
562
2820
358
278
2045
1687
408
503
278
13
1019
33
13
24
7532
5828
5832
5017
57
31827
9
43067
13
6046
24
4878
515
1347
24
49107
5241
57
24
9800
1362
5864
87
709
6469
75
37048
9772
49108
396
359
515
23
6646
607
24
8058
912
11460
21339
553
1687
49109
61
76
1857
2074
5721
2
1145
1389
2265
2843
23
21863
13
2707
1389
49110
2843
35
506
27
842
6918
784
91
24
15783
34
42105
49111
5
23028
35
506
2057
515
655
5829
308
221
47
449
2431
1299
1300
57
24
5402
23
24
1330
48826
61
358
3229
34
2424
1299
1300
57
704
1857
5538
2074
27
12489
34
1611
16326
4198
34
449
1389
2582
2843
57
24
2488
1389
24561
2843
1949
185
9818
27
162
11822
13
24
31250
912
7095
61
14
1344
91
24
7175
34
42105
5
6627
1322
61
28885
91
29858
61
8346
515
8904
369
40757
5859
11608
27
187
9991
515
61
1537
1284
13912
347
61
24
1687
16518
49112
28687
5436
89
24
5864
27
246
45817
36484
1075
49096
10043
3059
49097
57
331
49113
331
6591
3225
246
294
57
941
6182
54
2534
5409
61
3132
5016
7889


