144
1883
4189
139
13
0
638
106
362
21543
461
4
5
345
587
119
5
130
7
42
462
239
7
5
2941
79
2252
184
28
88
2
4020
5876
1
2729
1
239
6
5
8136
1348
119
91
4747
20
45099
106
652
7
0
336
2875
12
522
441
468
1
37
1566
756
397
2
15
1855
1222
332
0
362
1497
11
59
2492
140
5
1140
119
44
43
2528
3
32
1637
5
4220
718
12
59
2
297
94
11
167
8
29684
8
16
203
362
21543
461
4
5
345
587
119
5
130
7
42
462
34
239
7
5
2941
79
2252
184
28
88
65
365
933
31
0
4492
203
10690
3121
53
5113
51
5515
37
11792
245
6
3571
4
8
4791
1138
8
31
362
7
0
2287
276
2
57
61
22
1330
11319
975
25669
31982
1484
3
143
25
1032
362
43
6158
12
68
5876
67
473
85
44
107
2
15
1622
10
933
39
37
1566
408
1222
1045
362
3585
1
8963
4
12127
2
15
1540
10
61
78
14
4643
3234
16750
116
1210
45100
1
4
362
21543
3421
3727
1
173
54
113
8
223
43
2370
345
8
2
3446
9
6
9
64
4020
5876
1
2729
1
28
1554
1
239
39
248
5
664
343
7
19
2941
7
522
468
5113
45101
3886
45102
45103
1
38
933
0
365
1
22
16
8
15
14841
520
6
68
5876
31
362
4
481
6
336
2875
203
738
5
11445
11
234
0
3114
4680
6
8219
4
61
11
996
31983
2
8
15
462
289
3
68
5876
865
168
769
6
110
10
539
28
56
21
10
432
3
0
638
21
8466
239
2
8
2242
6
317
68
5876
3
286
362
887
59
7
5
106
2941
4
969
6
1408
59
1
4643
16750
4
45104
2891
7026
59
2
8
101
2272
3
0
2002
3
462
2390
11
68
5876
1
48
10
5
4983
276
5515
31
0
2155
28
136
493
14
29009
25669
4086
1799
12499
597
7
0
1330
585
4
732
3
13336
3409
68
5876
1
4643
16750
16367
969
3
8326
0
1066
4
143
1210
992
2
8
6911
1794
33
41
110
24
58
1347
3
177
28
0
106
362
4
481
2
8
68
5876
2837
20
0
106
652
39
91
432
11
3620
3
32
2199
4
14424
2
29758
0
3550
14
68
5876
18
8136
1348
34
40
601
31
10992
1187
744
0
1540
22
0
759
3530
10
8200
2
135
61
22
20226
3795
43
41
1091
55
12
71
4
5
1941
10
632
3
2047
3
59
2
15
1468
22
16
8
380
19
3212
20
1330
1
68
5876
10
74
2533
4
1
301
3
3509
7
242
21
171
41
29
40
4747
7
1330
1
21
171
29
40
204
3
286
2
8
57
13
0
2155
6
0
1540
14
1
34
68
5876
40
12
5
3409
7
5866
20
0
71
6
19
664
343
1
0
25125
13
14
21
67
623
58
29
1671
2
8
4643
16750
1
38
432
68
5876
4
10
192
8660
17
4540
59
1
10
115
578
6
3712
4
34
3
4136
557
550
4
1831
2
6650
25669
10
115
578
6
5309
3712
4
1258
5
368
1458
1869
2
203
1781
12
4020
5876
1
2729
1
10
432
12
3135
6
91
2199
4
14424
12
522
441
1
468
68
5876
2837
20
0
106
652
39
91
432
11
3620
3
32
2199
4
14424
4020
18
2525
145
1
10605
1
22
27
198
58
170
32
1733
112
336
2875
203
362
34
8
617
42
431
8
2
1336
363
0
186
1
36
176
16
8
24
2708
3
181
216
117
30
3
2648
0
152
60
107
4
170
33
9
25
4293
66
11
0
936
6
212
142
2
8
24
10
5247
17
0
1566
1087
114
25
696
55
0
2883
9
0
2883
63
336
2875
203
4
0
362
38
3900
17
95
198
2
4643
3234
16750
53
137
363
1554
31984
372
51
116
1210
4091
992
12
0
652
18
17269
4
19
1132
391
1
25
10
366
8
1768
1138
10
37
5263
6869
2
135
732
4020
30279
7
42
2102
6
462
3
59
4
24
474
44
6264
7
19
193
2
8
57
18
128
536
28
0
530
60
382
214
77
0
81
851
230
14
362
43
41
1444
55
4680
2
8
281
44
34
1
95
198
58
170
32
1733
209
2
8
1554
2819
4705
5207
22
5
8
586
6
2099
8
10
735
7
0
794
23
36
1534
3
14176
27
365
3
1695
594
1603
2
96
176
16
8
24
1065
1689
5687
63
0
2489
7
1330
11652
2
8
24
4925
5
1330
6506
13
5
128
717
2955
3
147
7
45
66
29
128
3140
75
627
7
2
8
1315
1855
545
20
0
1566
738
362
10885
68
5876
55
6
5
106
1144
31
19
1673
1
4120
140
19
2941
4
2850
19
251
127
0
1884
2
13168
3
0
1566
3550
4
0
5113
365
1
1983
782
10383
2028
45105
22
16
8
15
1540
20
1554
4898
18
372
30
115
362
732
3
1256
55
37
9163
759
3530
56
11741
68
5876
1
9073
59
7
1330
969
6
317
59
3
286
2
8
135
61
115
14
1
494
7
1330
1
3450
2822
43
41
13336
1091
55
4
3795
43
41
5241
12
4811
2
8
104
84
41
23142
0
1525
0
193
6
4020
5876
30
34
12
19
117
4
280
4
0
794
15650
97
11366
4828
2
8
380
5159
6
0
794
1
24
58
109
3
154
48
1683
3
3148
3
4020
5876
18
117
2
8
26
4020
5876
1
2729
1
239
39
248
5
664
343
7
19
2941
7
522
468
26
15
244
10
7
1330
39
91
432
11
91
2199
4
14424
26
2614
43
1413
3
32
4540
59
274
414
379
1
1566
306
26
4898
306
44
43
969
8
15018
8
31
5
8
587
2370
345
8


