258
1965
27059
261
262
12495
264
61
890
5657
1268
268
269
262
55742
264
61
890
5657
1268
396
105
604
719
14
46328
484
5
516
278
4306
54
55
3528
13
278
100
104
2471
405
7096
27
842
10074
34
3918
25576
61
1992
718
107
18529
26228
104
607
27
119
3357
9
2033
149
144
2522
34
2276
8587
1876
185
24
12510
57
33083
37
55743
19865
1348
215
1802
13
850
14
170
9
28118
12664
46328
5260
700
104
158
27
521
159
34
522
331
1134
1017
87
2467
700
34
846
331
262
15348
3918
25576
2168
14
33983
1348
237
170
9
28118
46328
2940
104
158
185
24
8587
12510
57
33083
37
55743
19865
331
1003
562
34425
484
707
1009
331
262
119
3357
9
2033
33764
54
27422
5
3890
34
54
562
64
24
46328
55744
23
397
24
25758
26168
23
61
808
25576
1999
215
105
709
3092
40
13
17066
54
27422
5
1876
34
54
562
218
24
12884
27302
27
119
46328
516
2537
278
433
158
61
40
2088
23556
445
47
24
53153
1348
215
149
144
14
2347
2769
868
64
54
6557
53
14
55745
34
24
10480
27
331
628
149
1030
577
727
2168
13
107
49497
846
61
237
1017
87
2467
700
34
846
577
61
331
808
25576
750
55746
9
3484
58
24
315
61
502
149
433
185
522
144
484
739
27
331
628
132
18
707
2345
5
183
149
8394
23
185
846
821
1006
27
1003
562
34425
484
707
1009
27
331
7537
47
262
119
46328
50424
24
1948
76
10877
1890
64
808
25576
50656
34
24
45524
18567
34
54
562
262
808
25576
330
24
25758
149
3031
23
331
821
1006
331
64
215
132
18
54
2345
55747
3555
119
46328
516
2537
278
433
158
61
40
2088
23556
445
47
24
53153
104
24
35
67
187
37
45
1151
13
278
46328
23
8587
2788
5
237
3396
32
99
100
719
91
919
57
607
1145
24
8900
18
35
13745
27
842
808
25576
87
55
1066
13
278
1155
14
45474
3528
76
183
61
3458
64
183
149
54
55
227
1541
5049
24
2571
27
396
330
262
331
187
37
45
24
2212
880
13
850
24
46328
24
55
227
27
628
1825
1537
850
183
104
14
7096
1537
1284
183
5260
104
846
27
331
331
628
1825
1537
850
183
104
14
7096
331
262
808
25576
330
215
516
278
12418
34
54
55
3528
76
14
46328
13
278
100
1537
1511
1169
41612
1774
262
187
37
45
1151
13
278
46328
23
8587
2788
5
237
3396
32
99
100
719
91
919
57
607
1145
24
8900
18
35
13745
2693
1018
45
1014
24
46328
149
3233
61
40
105
2765
743
334
3468
880
13
1454
1145
24
8900
652
57
24
26886
27302
27
691
1019
183
149
821
5562
334
4663
315
27
1031
825
107
57
405
3058
13
808
25576
129
709
3259
4227
54
1462
2158
185
24
55748
825
107
12159
1511
55749
27
2994
262
13229
3918
25576
17999
91
46328
246
3918
25576
61
1526
61
330
331
562
34425
484
707
1009
331
64
170
9
28118
25758
26168
23


