258
5618
14603
261
262
37444
264
61
16
1078
1268
268
269
262
56509
264
61
15
1078
1268
119
4815
34
3477
331
18271
331
9
876
57
8681
9
99
319
858
9
3992
1783
5592
91
3714
9
5
1094
24
1351
99
100
417
14
21885
8815
13
14
10689
548
76
316
18093
27
119
56510
548
61
1564
91
334
2001
393
2
941
61
99
316
3346
1899
609
91
49031
27
251
540
61
1185
1060
57
308
61
718
3833
24
316
18093
5
1550
876
12947
57
621
622
1185
2786
27
119
316
2919
369
935
1899
609
23
14
414
395
61
2540
4149
709
9
32
23
24
1060
87
174
133
27
521
159
34
522
251
941
9
1893
2001
393
99
1564
14
10689
548
76
316
18093
61
1899
609
91
49031
27
119
56510
1188
4175
10754
1185
3085
1550
876
12947
13
221
4149
24
858
17895
87
3866
23
24
2876
1307
32
35860
185
32
170
57
24
56510
548
87
20128
61
365
5690
1550
14
467
27
119
316
2919
369
1399
609
61
89
14
414
858
61
10070
91
14
1804
159
24
6666
61
324
1447
369
316
50324
185
621
57
24
316
18093
61
502
369
1899
609
91
14
1047
57
49031
27
999
4220
3848
24
35860
27
119
622
5705
24
1879
548
24912
185
1185
445
27
543
24
24912
26046
61
1348
32
35860
56511
61
365
5690
1550
14
467
27
119
316
2919
369
1399
609
89
14
414
858
61
10070
91
14
1804
159
24
6666
27
119
548
87
24
24142
57
393
21518
9
41106
56512
61
129
87
370
1241
2001
104
24
1741
733
57
12609
23
941
27
396
1545
13
2533
14
1156
515
2150
24
1066
3477
24
544
149
45
4799
2
1060
2919
27
15767
76
316
1581
23408
9631
76
56513
61
1380
5
56514
61
56512
10087
54
11140
89
14
39066
1188
27
5115
548
170
99
14
53295
1315
502
1506
515
24
12987
1018
244
278
13
2327
24
4220
609
9
32
1066
718
1123
365
5690
27
1307
32
1315
87
20128
61
365
18093
8065
2210
87
23
918
57
24
4200
19625
27
119
316
2919
369
935
1399
609
89
14
414
858
10070
91
14
1804
159
24
6666
27
119
548
718
663
107
16937
13
414
548
24912
5
1129
1030
14
7768
548
27
119
56510
11140
1770
64
316
1581
23408
9631
76
5690
5
1380
27
56512
10087
24
548
818
183
149
3468
13
6314
23
32
620
5
8739
24
10689
548
64
54
230
3634
104
24
1741
733
57
12609
37
56142
21929
15517
3777
56512
37
6697
330
262
331
14635
8681
23
24
876
723
1550
27
1178
8155
5
31076
858
9
3477
824
27
331
1307
29582
218
2033
876
61
610
278
5863
4567
7717
5
5997
41847
655
5049
876
76
13775
810
27
331
1295
61
33754
24
9886
57
5244
87
45
334
1166
6155
5
646
87
5291
32
1066
99
13
107
4799
2
876
319
23
5538
815
27
331
56510
87
14
56515
548
76
53295
1380
13
16126
24
987
27
119
316
18093
57
24
56510
548
369
1899
609
91
49031
27
1447
369
935
316
50324
185
621
57
24
316
18093
27
999
4220
3848
24
35860
27
119
622
5705
24
1879
548
24912
185
1185
445
27
162
414
548
24912
24
56510
718
107
1129
1030
14
7768
548
331
187
36487
308
13
8831
24
858
9
3477
2532
806
91
361
365
4114
5
4868
104
24
1271
227
61
183
14632
308
13
278
7420
33754
5
361
4805
27
331
45517
91
24
1217
515
3096
308
2245
4064
361
4105
1185
1018
45
1030
5049
122
5244
9
3224
61
237
3634
46954
24
17075
5453
57
5244
9
395
5
1246
57
16500
308
13
4199
3477
876
27
331
56512
2403
183
14
331
53388
548
331
5
215
10087
24
548
64
398
57
54
230
3634
104
56516
37
56142
21929
15517
3777
27
1447
369
709
6993
13
5361
24
548
28595
27
246
119
316
18093
57
24
56510
10689
548
369
5362
91
49031
246
5115
170
99
14
19625
5
35860
5
718
107
1129
13
1550
6348
876
246
119
316
520
935
5408
14
414
395
76
421
3866


