20909
3
22465
1656
4
8895
3198
30
61
545
5
196
144
4610
11644
15
7121
6
1446
75
12672
0
2427
30
9347
31
67
85
5
1636
7
5
70
23
792
29
40
413
77
31
0
5244
6
319
4321
1
199
23
0
5381
4
14393
2
15
35302
29
116
12672
0
1066
194
2514
85
4527
21723
1
50
169
1446
75
115
13669
1
3023
4
717
3
10353
2
378
0
222
71
1
0
1650
3
22465
1656
4
8895
197
3198
162
1698
29
204
0
5487
55
6
11063
0
2427
1
458
25
13
2191
37
478
1387
1
1677
62
1559
5
611
2
21760
6
0
3186
15250
16
15
7121
6
1446
75
12672
0
2427
30
9347
31
67
85
5
1636
7
5
70
23
792
29
40
413
77
31
0
5244
6
319
4321
1
199
23
0
5381
4
14393
1
301
3
5
111
365
5374
28
0
255
7997
7716
12542
115
2162
134
153
6
77
16161
7599
0
2427
81
70
2
65
439
6
6507
165
478
11
7524
1
7593
4598
134
153
6
3789
1390
1
45
79
575
134
153
33
1559
62
13676
438
332
62
3478
2
35714
29
116
12672
0
2427
2514
85
21723
4
0
1650
3
22465
1656
4
8895
3198
30
61
545
5
196
7
6101
1446
75
3
165
478
2
3563
384
134
153
33
2229
637
1500
2127
109
461
1
50
13
194
1611
85
0
4169
134
153
11
80
108
512
1562
2
12542
47
774
115
14
119
743
272
6
2799
875
34
9067
37
1055
1
64
9
5073
6
261
33
41
1886
157
2
380
955
1
2799
1563
29
928
3336
3954
1
45
118
259
33
157
1886
2
155
998
28
7997
7716
12542
163
0
7121
6
0
77
16161
12672
0
2427
1561
2162
134
153
7
151
2
387
10
37
1048
6
697
6398
860
1
50
13188
3
5
1083
6
918
134
153
77
190
2
15
586
224
23
0
7121
6
217
808
3699
3
2881
38
1886
256
5
5746
3763
28
483
134
153
3
834
134
153
77
0
222
894
2
7560
1
1446
75
33
3744
6302
7
42
256
6
0
2427
1
17
148
500
100
67
85
11063
3727
4
319
1944
1
967
48
13
1972
2
871
1314
134
153
6
6507
33
159
478
3
84
42
7524
1
7593
4598
134
153
6
0
3789
1390
2
1217
575
134
153
33
1559
62
13676
438
5561
62
3478
1
7593
775
134
153
6
605
2
3563
384
134
153
33
2229
637
1500
2127
109
461
1
50
13
194
1611
85
0
4169
134
153
11
80
108
512
1562
2
56888
374
16
871
1314
134
153
6
6507
33
159
478
3
84
42
7524
53
15734
51
1
7593
4598
134
153
6
0
3789
1390
2
1217
575
134
153
33
1559
62
13676
438
5561
62
3478
1
7593
775
134
153
6
605
8
56889
33
1107
416
67
56890
85
2932
4
18734
2
590
552
38
3503
1128
1274
11602
1
5
21809
13
1107
2514
3
124
3
10836
17
85
5
1140
9794
1
8
22
1774
56891
1
771
6
7840
56892
15601
3965
23739
2
8
191
4321
133
494
0
6394
6
390
56893
4
656
16085
133
33
98
194
499
1707
85
44
157
3
32
2
308
73
98
1160
5
1880
33811
11
182
72
639
50
30
10926
42
3973
357
80
30195
2
8
12542
18
13127
2135
4321
76
79
1126
0
1185
3
10798
0
863
6
3598
7529
1
8
21
176
2
34669
1
0
1066
1
4321
4
7260
33
3851
0
1793
184
28
1848
4006
6
4271
1
1303
0
576
471
438
2
1398
3103
4
247
2039
808
598
3
823
22
0
7840
44
58
148
1947
4
76
568
84
340
10
0
2799
20
3107
134
153
7593
79
608
134
153
11
5
438
2
378
0
222
71
1
0
245
6
2039
1886
1559
14515
1
1938
62
18448
9
5302
34716
30
2429
7
0
70
133
94
28
4230
134
153
3
2622
134
153
2
56894
218
56895
1066
1
4321
4
7260
33
3851
0
1793
184
28
0
576
471
438
2
1398
3103
4
247
2039
808
598
3
823
22
0
7840
44
58
148
1947
4
76
568
84
340
10
0
2799
20
3107
134
153
7593
79
608
134
153
11
5
438
15
2634
768
6
0
586
7
0
152
247
75
8675
817
217
808
598
3
823
1125
4030
1125
67
85
5
412
132
274
149
9
77
823
269
9
478
1
11063
1
1677
1
7192
4
15803
1515
1
2421
4
799
2
387
14086
3
5
4523
955
6
697
269
406
379
11
217
77
2450
2
1315
2039
85
388
90
1
173
1446
512
1562
1
33
508
593
12
80
4213
6
2023
9
2162
134
153
1292
3
1314
134
153
7
190
2
89
119
92
13
425
279
3
32
116
31
2326
952
3336
11
593
4
108
825
1
25
1181
169
875
760
383
6981
2
12542
47
774
115
14
119
743
272
6
2799
875
34
9067
37
1055
1
64
9
5073
6
261
33
41
1886
157
2
380
955
1
2799
1563
29
928
3336
3954
1
45
118
259
33
157
1886
2
65
536
14287
10
958
31
1055
875
3
256
88
11
2191
546
4
13676
1938
4
1178
1
119
1066
12688
43
6472
11
1677
4
3190
11
597
2
26
12542
998
163
2162
980
6
77
16161
7599
0
2427
81
70
26
9130
6
6507
165
478
11
7524
1
7593
4598
980
6
3789
1390
26
1100
79
575
980
33
1559
62
13676
438
332
62
3478
26
35714
29
116
12672
0
2427
2514
85
21723
26
20909
3
22465
1656
4
8895
3198
30
61
545
5
196


