65
2478
8293
1291
14
76
586
0
152
130
1512
3
837
5691
103
209
28
963
182
1595
1105
2
5170
379
6
20389
1
0
665
298
10
371
97
439
1101
3
1018
0
23135
8294
12
37
2912
3086
2
89
25
107
74
165
3
951
2
16157
2654
1
13457
6309
1
1806
16
8
29221
1369
2
6543
29222
3
3655
3292
2
17966
2087
12
29223
1
45
253
504
11
4386
2
8
297
94
11
167
15
8294
1088
3
29
2087
45
13457
6309
22
14
8
5121
23854
28762
8
601
25
3
3111
77
8293
22
25
46
737
5
167
7
0
208
333
230
1
45
628
1806
31
6309
1750
14
0
8294
2087
4146
2
15
1525
6
2041
1
967
1
601
25
3
3111
77
8532
0
1611
196
6
0
3428
2
17967
0
3428
17352
10
300
159
3
32
10149
2
8293
494
1292
25
3
17573
5
20390
12
212
619
2
6309
34
210
713
9
713
3324
12
0
1101
91
1369
4
22
14
7150
3
0
1422
58
1342
1391
0
70
2
997
91
2416
1
0
8294
18
39234
3990
216
1439
7
0
298
18
10916
3
1682
6396
14
73
32
17968
4
39235
1
2846
14660
1291
964
2
8
139
445
586
1274
129
60
2156
12395
3
837
1
8
8293
5608
519
11220
39236
78
3258
120
5
39237
1382
1059
2
13457
6309
1806
48
787
6
0
8294
627
99
94
3
1177
2
6309
34
210
713
9
713
3324
12
0
1101
91
1369
4
22
14
7150
3
0
1422
58
1342
1391
0
70
15
8294
10
11629
1
262
9012
6503
379
39
20389
1
3
8413
140
4
1412
3
0
3086
3273
8
1217
12102
0
23855
8
7
0
4195
2912
657
0
8294
2041
107
74
165
3
953
1
0
1291
10
1369
2
57
175
242
20
39238
17969
28
963
182
1595
1105
1
39
5
1101
34
3
32
23856
12
446
434
3
12482
15
39239
1057
53
4230
6668
51
2715
10246
870
3428
1
1444
5
6543
3642
1
39240
103
97
13426
1291
14661
20
4007
17657
1752
2132
3292
20
39241
8496
15
10246
870
13
12
98
97
152
3
2947
29224
4401
53
39242
3985
51
6
626
1
2562
4
2644
7846
3
0
4650
9
173
37
13121
13122
14662
1977
11
3870
2
15
7893
171
2855
0
231
837
652
3870
12
437
2
15
3428
10
10
434
3
154
103
397
1
45
0
1291
10
23856
434
3
849
1431
2
380
1103
0
6543
3642
13
37
7882
14662
1977
2457
11
1147
3655
3292
16158
2713
29225
6
1465
2
15
29226
7
766
6
0
1234
610
3
16159
2321
9
1289
7
837
2
8293
1
4209
1
2183
3
10917
0
3428
656
31
2041
0
87
9
986
8294
12
5
3086
8742
5
333
5206
724
103
963
18
29227
1742
1
339
20391
2
15
6543
9
0
118
2714
1814
2533
6
2582
1556
10481
9
46
1065
20
0
4650
268
140
417
793
378
20389
71
1
0
14663
6544
10
7868
77
440
2
15
3686
6
626
4
1984
46
2855
437
7266
39
0
1291
1
13457
6309
1806
16
8
29221
1369
2
6543
29222
3
3655
3292
2
17966
2087
12
29223
1
45
253
504
11
4386
8
6543
1
0
8293
2714
1814
1
2384
67
85
3510
1642
6
626
1
2644
7846
4
1984
11
0
231
837
652
3870
6309
18
951
13
3
29228
19
8294
6396
699
85
23857
88
23
13
0
7247
140
0
172
1
3
1789
1291
964
2
1366
9
986
20392
2845
79
9716
69
0
4195
4
8701
2
15
8294
10
11629
1
262
9012
6503
379
39
20389
1
3
8413
140
4
1412
3
0
3086
3273
8
1217
12102
0
23855
2
8
15
6543
453
0
118
2714
1814
2533
6
2582
1556
10481
453
46
1065
20
0
837
652
268
140
417
793
2
1354
5
1033
2041
1101
7
409
1
0
3428
1130
55
6
23858
3840
11
97
8524
29229
1
1298
25
3
862
69
0
3086
2
65
200
1101
7
488
10
180
103
114
6
232
11630
1
45
0
3428
4146
1130
162
97
1531
9
11629
2041
9345
4
20229
17970
748
0
3651
90
15738
94
4
1949
2206
2
6309
18
951
13
3
29228
19
8294
6396
699
85
23857
88
23
13
0
7247
140
0
172
1
3
1789
1291
964
15
1291
9345
23
25
510
2
828
2557
6
0
1291
219
3
951
1
5004
11
0
2041
6
0
1611
196
6
0
3428
2
8293
494
1292
25
3
17573
5
20390
12
212
619
380
1103
0
6543
3642
13
37
7882
14662
1977
2457
11
1147
3655
3292
16158
2713
29225
6
1465
15
39243
1977
1828
5
1260
39244
2321
3642
1
50
13
633
7
0
235
6
0
1977
2
7012
13
39245
4
17971
7
5
2555
5871
571
4
13
123
6348
2
15
39246
4308
17
0
1858
381
4
0
2321
13
39247
69
5
29230
1
50
13
27853
23859
3
0
1977
319
5
8
6969
29231
1239
15668
571
2
8
23860
1447
0
2321
1307
28
0
29230
319
5
12025
2
6309
800
3120
0
628
6
0
10246
870
732
2041
39
23861
12
560
31
0
229
14286
374
39248
1
375
39249
2
15
628
163
0
3428
7349
0
19704
262
81
215
18
1101
2
334
25
9683
3
1789
97
1361
1
0
3428
13
214
5601
20
37
8696
4
20393
2
16157
6309
562
0
770
1107
23
5
8
6969
23862
39250
8
2
294
168
23
0
14662
1977
1
0
8293
6543
2714
1814
61
2384
7846
11
2843
18
54
9
70
837
652
3967
1483
1868
1
38
622
7
5
295
347
320
2
1198
29232
23461
39251
61
46
1065
12
1103
268
359
2699
2
139
46
32
0
665
9
428
8293
298
18
4554
652
2714
389
150
190
1
80
28
4007
17657
2
8293
13
54
6
64
1771
3015
31
2843
3
1412
9687
3
0
652
262
0
3921
6
0
837
23863
2
294
168
23
5
800
3062
39252
1
201
314
1261
1237
17
2843
1
8293
13
346
12
5
1856
1373
6
0
6543
3642
4
30
2957
6
5806
3
2947
3078
4113
4374
69
5546
2
15
298
61
13
346
12
5
1509
9
2800
1373
6
0
10246
3428
1
50
1828
918
4562
1
1292
3
0
697
648
1189
2
15
10246
12028
13
539
3
143
97
87
1146
795
632
48
70
2
378
4007
17657
1752
2132
3292
18
3655
23038
39253
775
1
5
8293
10246
870
3428
2050
1309
3
2986
5
6543
3642
12
97
1745
3078
39254
1613
2
139
787
10
204
12
446
1
90
0
1101
10
23856
434
3
849
1431
139
10
3655
2194
8
439
1101
3
1018
5
3428
8294
12
5
19704
2
3626
13
304
18
87
1101
3
210
0
986
12
37
6447
2041
3086
20
1099
1
50
10
477
7
1056
319
1592
9
1099
1699
39255
2
15
1101
1182
7
2052
4
3002
10612
7
37
2506
26
8293
116
97
439
1101
3
1018
5
8294
12
37
2912
3086
26
89
0
8294
3294
77
39
2850
97
1649
4
10
2416
26
10246
870
13
12
97
152
3
0
4650
17
7893
4
46
2855
437
26
29233
1358
87
14662
1977
1093
11
256
7
837


