144
2236
7481
1
8163
6235
6236
293
16
35269
138
1
870
417
151
291
287
16
25723
138
1
870
417
151
55041
964
58
1083
7
37
1805
654
1
0
4437
13
3
3545
23
337
11
1949
184
28
0
936
6
0
255
34299
311
2
19751
85
5
439
6
7053
98
99
1401
3491
47
2182
6
2939
1
17
499
85
542
187
3
165
90
19
3074
2
57
496
23
0
3067
394
6812
3
1439
49
97
6174
63
0
1350
2141
3
654
112
25
4755
2939
2
294
1401
3491
18
3074
12
2939
8539
2517
1
67
75
161
44
188
3
764
7
0
255
10027
6
208
70
47
3074
1
292
524
4
19
3650
46
2685
0
2753
63
0
1525
12
1658
606
1
1480
1
3396
4
4890
112
654
1110
25
1054
2
30593
0
5070
47
111
1238
6
3305
397
1
0
927
22
16
35
581
394
46
722
3
143
0
276
11
654
3
1065
196
6
0
250
55042
15
3074
13
434
3
32
477
12
542
460
526
2
10070
2829
28
0
3067
394
29
369
763
63
620
5632
63
37
1805
654
1
4
1240
577
2695
678
3
722
319
0
4314
2
101
0
208
6485
0
46
3545
14
16399
964
46
1083
112
654
3477
5
111
349
1
114
25
46
32
253
501
3
14809
12
0
1852
4639
20
838
2458
2
57
58
2276
49
10803
4
1648
4043
4
615
0
964
6
2707
2752
1
15
1143
364
2
15
776
2704
31
26398
35270
310
118
1280
134
153
6
7053
181
654
171
32
37
1805
264
30750
7
654
46
29
42
161
12
2939
12
460
542
208
70
15
365
46
1251
645
5632
63
0
1650
6
37
1805
654
3
14809
7
0
1316
4639
1
4
0
1525
12
12669
2
65
111
26398
35270
4466
2704
11
15
1143
6
1803
7053
332
337
11
654
687
0
255
30
2429
311
2
15
3099
197
217
7
3622
4
217
127
30
34085
31
452
3
999
6398
860
1
543
217
1569
3
1651
7
0
3074
2
1217
1280
134
153
99
2939
1
94
105
860
150
488
2
1643
4740
134
153
6
7053
33
4723
1
49
31
146
860
2
1217
259
134
153
161
44
33
21376
2
26
2007
1280
134
153
6
7053
161
44
46
1651
3
517
255
1
2704
332
26
4437
3
3545
1805
654
58
2830
3
14809
279
28
1852
4639
1
4537
49
10803
4
1648
964
26
1401
3491
18
3074
434
3
32
477
12
542
460
526


