1178
5829
893
99
1077
58
1068
2
26577
104
14
9720
2176
2697
27
1707
5
411
412
288
289
13
35635
11950
23
35636
61
7874
61
58
24
9877
149
1142
14903
23
14
12856
104
35637
1671
27
119
893
61
330
13
107
23
525
35638
5
2
24
125
351
61
87
391
13
278
4719
2
24
26577
702
61
438
35639
11950
27
1707
5
411
412
288
289
13
35635
11950
23
35636
61
7874
61
58
24
9877
149
1142
14903
23
14
12856
104
35637
1671
69
1363
467
71
251
416
57
24
1857
4598
525
7419
14903
1015
13
24
8270
57
24
12856
5
11258
24
7480
27
579
149
27433
13
24
1741
7874
7628
23
20066
61
575
926
1077
61
642
330
27
251
416
57
24
1857
4598
525
7419
14903
1015
13
24
8270
57
24
12856
5
11258
24
7480
27
579
149
27433
13
24
1741
7874
7628
23
20066
61
575
926
1077
61
642
330
251
1609
34
5919
5
7874
1707
330
262
331
1042
1462
57
13731
278
100
11086
5
14
394
87
1094
361
3539
34
24
20051
27
331
187
87
391
24
893
105
5877
1011
896
159
14
25849
89
24
12856
5
645
1115
2
1772
641
14
111
1867
54
1762
185
24
5978
4598
525
27
368
330
358
369
45
537
34
2938
2359
23
7717
76
525
897
27
246
3617
87
391
13
278
4719
2
26577
438
35639
11950
246
119
9877
61
23
525
20353
61
149
1142
23
2610
1317
61
104
35635
11950
246
579
149
27433
13
24
1741
7874
7628
23
20066
61
575
926
1077
246
35640
149
11258
91
35641
129
743
525
14903
23
2610


