461
13
3
4222
55
5
111
1384
14
73
6853
280
4
1174
1935
6
212
168
9
91
120
4
39
5
1492
2885
2
9939
4499
12079
1
0
451
5449
66
12998
458
66
33
1161
62
41
7
0
1792
329
2
5791
73
123
61
177
129
108
280
4
117
7
37
1792
329
33
500
4
73
2074
75
23
35
36228
2
297
94
11
167
461
2240
975
8909
734
8
4499
12079
8
119
7
2237
2
281
66
33
7
5
2886
1792
31
5
1492
2885
25
5792
112
66
352
5630
2
144
14071
8
24
351
1161
8
0
1055
46
1386
11274
14
66
33
1226
2
2551
4
117
73
177
5
874
6
280
7
1792
1061
38
33
1161
281
461
14072
14
66
33
319
5
1149
7
37
1792
329
120
5
1492
2885
109
37
5322
1
25
46
1821
16
35
5166
66
27601
3965
2424
13
1571
31
0
403
2628
7
212
1709
1
66
81
2424
112
66
256
0
19460
2551
2142
62
0
403
113
66
33
319
0
1066
2
57
73
32
157
140
0
172
12
3255
1
5200
1
1384
391
4
12
2932
2
22663
5323
280
4
117
183
66
929
1161
22663
12079
12
605
7
0
1792
329
22663
975
212
280
23
1161
281
66
929
41
7
0
329
1
66
73
4690
35
24
659
41
7
0
22664
191
112
66
929
7
0
329
45
33
5630
1
66
73
4690
35
24
659
22665
139
46
1386
55
5
17192
4
689
19461
804
17
212
7733
2
2551
73
123
61
2074
66
23
8
1161
8
1
86
44
183
44
84
141
29
3
2973
2
15
451
13
720
98
11
5200
1
3255
1
1384
2270
4
22666
53
958
51
2
3965
2424
13
1571
31
0
403
2628
7
212
1709
1
66
81
2424
112
66
256
0
19460
2551
2142
62
0
403
113
66
33
319
0
1066
15
4235
73
61
32
157
3
402
1370
6
280
7
37
1792
329
2
2143
0
4235
30
40
9940
1
5
17192
46
32
489
277
71
5
427
2822
7
23
91
1161
2
15
298
131
14
48
1831
224
63
28
0
9941
22667
19462
3370
14
10
803
31
461
39
0
411
5322
4
19463
7
2237
2
35
5461
1
261
7377
6
12080
1342
80
253
4572
2
8
2413
71
1
60
177
75
1
4053
5071
4
87
15492
1070
3
461
7
0
4323
6
5
753
1492
36229
9942
36230
1
3253
813
6
2142
2385
20
461
1
22
7
5
1013
2
35
281
66
929
388
7
5
1081
14
58
3962
66
3
256
4499
12079
1
60
610
25
47
5
4235
14
2134
66
764
3869
3
217
66
462
63
1
4
1727
66
0
2737
6
3059
212
1174
1935
33
1161
2
8
281
461
14072
14
66
33
319
5
1149
7
37
1792
329
120
5
1492
2885
109
37
5322
1
25
46
1821
16
35
5166
66
27601
281
66
929
41
7
0
329
1
66
73
4690
35
24
659
41
7
0
22664
191
112
66
929
7
0
329
45
33
5630
1
66
73
4690
35
24
659
22665
139
46
1386
55
5
17192
4
689
19461
804
17
212
7733
26
461
2240
975
8909
734
8
4499
12079
8
119
7
2237
26
281
66
33
7
5
2886
1792
31
5
1492
2885
25
5792
112
66
352
5630
26
144
14071
8
24
351
1161
8
0
1055
46
1386
11274
14
66
33
1226
26
2551
4
117
73
177
5
874
6
280
7
1792
1061
38
33
1161
26
15
451
13
720
98
11
5200
1
3255
1
1384
2270
4
22666


