618
801
262
4502
16792
61
9757
61
16793
3138
13
107
14
1901
6945
13
444
14
1086
76
24
16794
2804
8187
23
1897
5
16795
445
1389
4650
61
24
2436
9152
149
750
251
13776
3608
6903
57
16796
1533
1284
1389
4650
13
4289
525
331
603
57
740
331
750
642
926
638
183
34
525
3045
1093
61
14
2959
944
27
4502
16792
61
9757
61
16793
3138
13
107
14
1901
6945
13
444
14
1086
76
24
16794
2804
8187
23
1897
61
24
2436
9152
149
750
27
579
1770
16797
3212
133
57
1565
4198
23
427
5
1949
80
16798
185
11232
61
15558
5
14
2696
16799
64
758
64
11117
34
525
485
61
24
8672
944
27
1307
4863
449
24
500
3225
91
525
5834
61
16792
10286
542
76
14
6561
16800
2
24
3111
57
16801
16802
16803
69
16804
71
61
183
87
3138
27
16792
149
147
6555
5
53
709
2951
622
1284
13
3204
334
798
262
331
628
2193
237
149
2050
13
2191
27
628
629
818
2404
27
628
638
237
34
15941
830
525
1093
831
27
1003
583
87
2050
13
6457
846
27
331
579
750
16805
104
24
2436
9152
515
237
2951
6754
13
525
2349
926
149
2050
13
1248
525
1086
27
16792
4042
262
331
628
105
244
456
1407
286
27
628
149
2404
13
707
485
61
834
628
149
2050
13
738
82
5
3204
707
583
628
149
244
2050
13
278
14
1086
27
628
3366
64
3096
4615
64
628
44
818
515
628
44
1550
227
445
13
107
76
707
1093
5
738
76
525
13
320
27
628
3366
2236
1131
34
707
1093
27
331
16792
7149
149
334
16804
1901
6945
5
689
24
12004
23
2862
58
2931
14
7096
4033
2510
27
579
3138
515
24
1617
16800
149
16806
5
1399
185
24
4515
104
525
426
37
82
5
149
769
1348
358
4534
1563
27
119
1442
10286
13
8187
23
558
149
14
1442
10286
91
24
16804
61
926
330
27
331
628
590
14
11133
57
1389
1011
13
444
14
1442
61
331
926
359
27
15105
262
119
2436
16807
944
515
926
8052
14
2488
57
1389
16808
89
525
2211
1806
4198
16792
3250
10460
3071
23
24
8187
5762
1156
13
2244
47
525
13822
5
11640
1400
926
44
331
16809
331
525
880
218
16810
91
16811
27
579
3138
515
525
1400
34
16812
61
15843
61
16813
61
2500
5
16814
288
704
2674
13
223
5
515
926
309
14
2530
57
1389
5430
34
7306
47
14
13566
7565
27
1042
1389
2768
402
9
333
11432
149
1129
13
4658
14
2696
16799
34
525
485
82
61
24
2959
944
27
16792
330
262
331
187
99
13
107
18
1389
2768
5
610
1545
14
2696
16799
818
610
4936
14
2696
16799
27
331
3226
972
16815
750
16805
515
16792
7673
3225
13
4289
525
15308
10543
5
359
262
331
579
516
1502
278
6492
11250
13
24
2964
5
516
9139
449
525
603
57
740
27
331
16816
525
740
16817
61
16792
7149
926
53
594
57
525
14784
4166
27
331
691
288
2211
7702
61
16818
5
11232
61
272
37
2220
27
331
408
278
14
3045
1093
515
1308
16819
5
14
688
515
3567
2526
27
331
628
1018
244
738
133
61
628
4199
12940
11232
27
331
187
87
3138
926
8052
14
2488
57
1389
16808
89
525
2211
1806
4198
1411
427
5
558
13
2231
525
485
76
11117
5
3896
445
525
8840
714
3839
27
16792
61
57
16820
61
3050
61
8479
16821
14
16822
3275
91
16823
1411
1078
16
61
1897
5
1078
4504
61
1897
61
7549
91
4325
57
134
1411
608
744
427
5
2779
1078
558
5
316
6987
57
2590
14
1439
16824
1411
145
744
5
905
744
558
27
119
801
5923
27
1102
610
369
45
370
11344
1105
185
237
4144
27
246
4502
16792
6903
57
16797
445
3212
2
1565
34
166
494
246
16825
2804
8187
1520
926
4898
449
5770
61
502
926
8479
246
16826
750
926
4534
1389
16808
89
525
2211
1806
3229
246
4338
7707
2255
57
316
750
642
262
331
1003
583
87
2050
13
6457
846
331
246
579
750
2436
9152
801
237
149
14
14708
13
4789
926
516
1248
525
1086
246
16792
61
2
16820
61
3050
61
8479
1413
6987
2275
13
4927
7549


