13706
262
119
111
87
391
13
107
2787
5
1519
1411
1011
5
1114
494
2033
2380
369
4181
3224
57
14
111
358
9146
13
2382
58
54
1816
906
2
24
101
13707
57
334
4829
1941
13
13708
1709
27
1707
288
289
13
12178
1604
61
13709
61
502
10940
185
24
527
1806
57
24
10336
61
104
4884
1835
185
2414
61
891
2779
61
256
341
515
14
1816
105
4719
2
24
9498
27
119
111
99
604
100
1324
61
40
215
87
391
13
107
2787
5
1519
1411
1011
5
1114
494
2033
27
119
642
902
407
316
3224
57
24
111
61
58
331
8599
13710
331
4942
13
2382
24
111
27
187
87
648
24
111
912
1816
130
2
24
1148
13711
64
24
1669
650
23
13
1810
27
8847
12470
377
24
111
149
2765
982
484
215
1805
24
1675
5131
652
215
105
100
12550
91
24
13712
917
9926
6329
58
24
1669
510
445
61
1185
652
57
24
1401
6481
104
175
13713
27
119
111
61
129
149
1507
2769
916
2708
8274
5
57
13714
1199
61
149
45
14
416
57
90
1727
1185
14
2315
27
305
24
227
61
8895
185
24
1496
9
6535
437
23
13709
61
502
87
1511
1284
493
2313
2
24
1709
61
2325
57
122
1025
185
768
24
1816
58
956
14
6552
2340
27
999
330
262
331
1687
187
87
5966
27
119
55
1017
628
648
1348
628
1850
24
1816
149
515
183
1393
278
4719
2
2471
14
13715
27
331
251
5016
9
10429
149
184
104
13716
7628
13717
185
891
2978
5
65
24
384
57
897
64
946
947
27
251
1609
330
262
331
187
87
1243
215
149
2
13718
64
215
149
1142
76
13719
13720
23
54
7997
5
13710
278
3375
515
14
1941
2
13721
61
13718
149
1065
2957
13
24
1816
361
1142
27
331
119
111
149
536
4250
61
14
8609
13722
5
669
963
1348
215
906
61
5
215
99
14
7887
185
54
174
12249
57
14
2578
13723
76
24
11546
331
13724
331
5
331
13725
331
1610
7927
27
2380
3249
391
808
13726
149
2
13718
64
215
105
24
1566
37
13720
185
158
1348
215
149
1142
23
24
4324
23
13709
61
324
13727
262
13728
288
185
24
348
23
24
13729
941
7989
58
24
9653
315
2380
369
1094
1950
76
24
13730
4948
13
1812
13
532
54
1462
57
13731
27
691
105
1195
407
3224
57
54
2578
7887
23
14
4233
13
2382
158
13732
262
6688
262
119
503
4121
174
185
24
348
23
13709
61
527
7784
941
61
149
2350
13733
185
24
13734
575
24
4089
149
8315
47
251
12054
8847
3909
1609
330
14
13735
23
334
1148
13711
149
11607
13
5429
64
215
516
5131
107
12550
91
24
8018
58
1550
9
445
1185
13736
23
13737
64
2330
64
13738
13739
69
13738
13740
71
27
396
330
262
1687
119
3293
57
823
34
14
13735
369
821
667
61
3924
23
24
13741
57
24
917
9926
27
1687
628
1018
1013
639
57
2938
129
99
7639
361
13742
868
185
14
402
9
13743
1941
27
1687
1307
24
917
9926
726
159
104
24
622
1029
61
14
2347
2313
2
24
13744
5
449
4291
896
23
24
90
61
1222
646
87
14
1066
129
105
1077
358
516
980
10798
119
8287
650
144
18
14
13745
58
24
1816
57
14
13735
149
1142
23
24
917
9926
13741
57
14
13746
1669
7520
104
13708
2
13747
10459
27
4938
76
1366
87
1414
13
1724
355
185
13748
13749
13750
1185
1724
13751
8881
185
13752
13753
13754
27
246
13706
111
44
278
4719
4606
57
2769
185
13
13734
246
1707
5361
316
13755
9
13756
58
331
8599
13710
331
12045
13
2382
158
246
13757
4324
87
493
2313
2
13708
1748
5
185
1941
12778


