119
2176
57
24
712
825
373
5736
7966
57
41473
1817
25348
18437
61
24
30140
57
2721
1411
851
5279
5
24
11235
4956
57
24
1289
61
40
646
825
107
32
48
2187
27
727
1492
244
278
1541
1644
100
868
9
23
1217
723
2290
45
278
1347
174
851
82
27
6117
61
308
825
23368
7966
13
122
12475
13
221
542
2245
64
1222
358
278
100
185
14
22662
9
10165
2176
27
1031
912
144
32
57
24
3096
5841
610
44
855
64
610
1451
13
38605
24
3078
1027
61
2572
12506
2617
41474
41475
750
2952
23
334
898
4860
27
41476
262
2617
41475
87
512
1969
34
54
5604
23
25197
9697
40
54
2107
767
1410
14
2391
104
834
15775
41477
44
1415
449
80
3787
23
834
610
2294
1221
5
1153
1221
612
12475
2617
41475
87
512
1969
34
54
5604
23
25197
9697
1221
54
3240
14413
278
11401
76
36815
1155
64
9556
41478
5
24
41479
27
842
54
2107
767
61
119
8126
57
24
16769
61
1410
14
2391
104
834
15775
41477
44
1415
449
80
3787
23
834
610
2294
1221
5
1153
1221
612
12475
23
24
1462
1851
13
1469
494
27
742
13621
185
24
712
57
24
1027
369
6279
9
20953
61
2
24
18255
57
41480
13
14515
1687
41481
41482
76
612
2030
2574
27
305
607
61
54
11343
1274
3872
1030
283
25126
1221
40
215
912
13479
515
1508
369
13172
610
4997
850
45
144
23
24
25700
712
61
40
91
24
1029
57
24
6189
27
3520
3396
2975
87
24
7410
13
41483
7966
27
1687
9149
57
704
61
1463
1652
185
10747
484
723
61
5
10809
7966
1155
64
1867
185
24
41484
5
17639
47
9480
369
1399
185
14
41485
2617
41475
750
2952
27
1687
1331
358
728
4132
89
851
2534
1027
806
15981
61
5
646
723
369
104
24
5978
27
1687
41486
24
4968
104
851
855
61
4192
24
1274
57
24
7472
61
704
24
41487
1221
723
4997
278
14
4567
57
14
821
4369
584
185
24
5978
23
405
5271
1845
61
515
912
496
237
1066
484
723
1999
27
1687
3779
1022
369
362
24
27544
57
5815
1221
183
912
503
14
710
57
19694
41488
723
288
109
778
162
24
712
610
1099
604
1481
2922
185
14
2712
5978
1348
610
738
32
2176
61
610
44
144
3613
542
13857
218
41489
610
513
810
612
8491
61
2617
41475
1520
993
237
825
107
53
1243
91
835
41477
23
612
1343
57
24
8491
27
397
2617
41475
131
133
61
610
278
4023
1533
449
24
8491
23
24
35
2431
494
1284
610
278
23
24
557
57
3078
2079
27
143
41490
61
612
7334
57
24
19461
57
41491
18538
23
24
8491
61
1969
64
24
41492
61
87
11622
14418
27
1134
87
8815
13
13411
1155
64
17732
11148
515
718
850
502
3465
57
24
8491
3189
47
64
14
1066
39116
1245
4328
27
1687
162
24
4539
4522
61
610
2354
2050
13
107
644
13
4231
612
573
13
5327
61
818
515
610
4997
107
644
13
1123
41493
215
330
27
2617
41475
149
3132
23
2097
185
507
5657
40415
27
396
11
14
21203
7436
1915
61
6426
3729
1956
5
24
1956
57
2097
61
41494
1221
575
215
309
54
41495
23
17975
27
742
4729
5071
185
25197
9697
61
5
215
87
1875
13
1713
34
14
818
9
289
331
12517
57
4066
331
515
41496
24
1413
9699
5602
57
1992
1221
24
168
765
61
24
5242
765
61
20777
5
41497
27
724
215
41498
9697
13
24
1857
5
99
3469
185
5231
3484
5
1827
18393
27
396
99
663
781
1356
965
283
14413
349
1930
57
24
8126
5
8856
12505
262
119
41499
17687
34
24
12517
57
24
33883
27
742
2107
767
61
119
8126
57
24
16769
262
119
7804
17687
13
41500
61
41501
61
5
41502
24
16769
61
149
346
32
185
24
1605
1606
2903
41503
2580
27
1687
408
4997
107
644
13
5056
17214
13534
57
41480
61
610
4997
2075
1264
7966
61
5
935
8893
37
342
825
107
644
13
8653
14
4220
5
7966
825
10733
23
27
1687
8856
515
61
24
13360
825
107
6807
91
24
2344
16152
9
7596
2346
61
575
723
718
12941
20071
5
7966
1537
1284
144
41504
31026
89
24
712
61
2765
24
13372
6189
61
610
44
1123
18233
20402
185
19612
17332
76
612
573
61
818
610
718
2679
1584
2241
8364
722
13
738
10348
61
1489
13
2617
41475
27
1687
3585
41505
278
253
456
237
61
5
610
2354
1867
89
24
6666
57
334
5466
1156
575
308
37923
6705
13
26545
5
3376
61
5
610
2354
401
3242
13
639
10575
215
330
27
618
41480
61
2617
41475
1520
610
718
253
1550
1463
129
912
3769
25641
61
11995
542
47
13
14
1117
61
5
1119
542
13
3307
867
185
24
3207
27
162
24
712
61
723
44
1687
584
89
14
1547
61
11088
1456
185
24
10123
61
3207
61
7940
10734
61
1724
47
34
14
3441
27
20388
24
1117
27561
825
20072
107
19608
133
27
1134
825
107
53
1243
8815
13
41481
710
1221
24
725
57
2867
2575
853
11514
1484
76
24
6439
57
14
18229
61
1969
64
41506
61
515
718
1292
122
9640
2479
5
107
41507
1221
704
91
612
573
27
305
24
987
610
369
1687
16088
438
3431
159
13
14
2720
57
41508
40
2617
41475
3428
237
718
107
4785
23
24
712
27
1687
162
13155
61
23
24
712
1221
9865
9
6189
1221
1348
723
584
89
14
1547
61
723
4997
11088
1123
704
5327
502
369
18230
1221
1030
7515
16243
27
1687
2186
215
1308
76
54
32617
87
41509
710
818
32
28983
5705
89
2276
27
1687
1031
912
24
74
57
41481
710
61
13
278
24
7410
1030
14
29881
27
258
545
23
237
6189
61
610
2290
278
1751
41510
2617
41475
37
13621
185
24
712
57
24
1027
369
6279
9
20953
61
2
24
18255
57
41480
13
14515
1687
41481
41482
76
612
2030
2574
69
4226
37
9745
57
41511
61
324
71
396
359
262
1687
10487
2
24
922
1667
703
516
1019
610
2354
41512
41513
23
8491
26358
278
752
14057
10024
23
24
712
61
401
61
1489
13
2617
41475
27
1687
830
727
44
831
434
14
2895
5
1264
515
61
5
20355
183
89
334
1205
1066
912
8491
818
215
4169
215
2896
14
2895
1348
215
41514
2617
41475
1520
183
825
107
6308
1243
515
610
825
32
257
107
644
13
21949
6922
9788
89
14
1066
37
8491
27
3116
1510
14
5087
61
34
1313
61
1463
44
278
704
24
27950
310
41515
5
3808
4132
89
122
1027
27
1295
61
215
1308
45
1019
237
825
221
4747
41516
61
64
308
825
373
2296
13
1451
834
13
1153
237
1366
27
331
816
723
1028
13
107
14
2508
37972
136
61
4033
24
9288
57
37972
87
45
1487
61
331
215
330
27
331
727
278
13
28692
185
183
61
723
278
13
41517
192
57
24
139
27
331
162
24
712
61
723
706
107
644
13
1451
24
17464
1444
57
41518
61
40
1222
723
1019
2344
496
1308
183
1020
2346
5
2344
834
718
628
9375
237
23
582
14646
2346
61
935
723
278
13
28692
185
183
61
5
515
723
278
13
1018
8681
27
331
41078
308
718
107
13629
89
4867
358
278
658
133
14
8600
2102
515
604
510
513
61
14
1344
99
3283
27
37644
1142
515
123
144
166
4615
57
5068
61
317
44
107
13479
358
105
34050
14
12161
61
334
2943
61
1185
1347
7487
1214
76
14
8044
1348
358
288
14
2889
27
1007
718
107
13629
89
4867
358
278
658
133
14
8600
2102
515
604
510
513
16155
41519
4567
9
30520
10830
61
24
1141
288
644
13
3352
3190
1299
1300
57
24
8905
89
4867
358
105
2101
334
3258
27
119
1426
149
818
168
515
24
8905
2291
47
8115
5715
41520
57
1022
515
105
604
1644
319
513
1687
2686
1342
3193
515
1439
7966
57
11540
2102
76
642
6849
718
107
17613
1166
13
10328
61
5
718
278
704
24
1271
5350
57
7317
952
64
1189
7966
61
331
330
68
1171
6250
7522
61
2
24
1956
57
18979
27
1687
993
8905
2296
13
10328
14
41521
5715
1439
4567
87
166
4615
23
14
10144
4860
1455
61
575
24
30414
17515
14
2347
286
952
5
4183
103
4567
9
30520
41522
4338
956
14
1439
3229
57
122
3899
2102
9
2893
76
602
952
57
122
562
104
515
227
9
24
8905
3469
13
1687
41523
24
22997
679
27
1134
10440
24
9699
41524
57
4567
61
330
2617
7522
27
1687
1134
1319
9198
13
24
1278
5815
515
594
57
703
369
5562
644
13
10328
5006
1439
7966
57
12473
5
2958
41525
926
330
27
842
1222
704
57
237
1226
14
2549
16024
61
2617
41475
610
1099
107
644
13
2391
34
17255
45
185
2682
1221
40
23
24
8287
57
9290
5147
4349
23
24
41479
129
331
11088
13849
331
76
621
622
27
331
2906
57
707
486
129
2970
34
867
1019
830
55
6849
831
825
2191
23
24
1462
2347
4757
61
331
215
330
27
1477
2617
41475
4169
515
2615
87
14
2549
387
61
215
330
183
149
1243
515
1222
6849
87
53
61
14
4474
44
107
334
331
19612
10418
331
1537
1284
14
5704
361
1030
5472
61
5
215
1308
45
11001
1019
358
825
107
1169
27
1031
1981
4186
14
6173
515
358
1099
107
1533
1030
24
331
41526
23
7659
9359
331
61
575
308
369
704
2275
13
14
414
10418
27
396
330
1155
14
712
34
5454
149
331
45
1138
331
61
5
9641
24
331
7410
13
41527
13775
2
24
41528
57
24
3078
1816
331
516
1119
703
13
2679
1584
1030
604
484
27
8117
61
935
61
610
706
278
13
221
1018
76
41529
15558
61
41481
710
5
4033
582
9788
104
24
4919
57
14
4220
27
246
2572
12506
2617
41474
41475
149
4485
5540
13
2952
246
396
3283
54
13621
185
834
610
1099
1123
612
12475
23
24
712
246
41530
41531
331
7966
331
13
221
703
1019
610
696
100
185
2176
246
1224
663
3307
612
573
13
25700
17332
13
1123
18233
20402
246
408
706
107
644
13
38605
612
2866
76
331
41481
710
331
246
41532
2
2276
1146
516
1019
515
610
288
331
41533
331


