1398
29
189
1969
14
0
1154
4
1052
4997
33
128
410
2
836
1
1471
20
1816
422
29
310
79
110
217
5768
33
2
144
3095
77
316
82
6
17593
774
1
44
43
344
3
1014
5
2613
1045
79
129
0
18481
20756
2
939
750
282
410
16
139
843
1
958
28
748
4
1839
1
332
0
5768
7
3736
978
8654
2
31152
6
2006
10356
7
223
33
7
925
4
1061
6
2006
8654
7
266
33
7
1211
56643
12
955
34
2006
10356
4
1506
3152
25449
7
0
93
35637
1
35638
1
26093
22304
1
35639
241
1506
25449
7
0
122
10742
11765
6
0
22451
4
7
0
93
56644
241
4
2006
10356
7
0
17842
12359
27289
15367
1
15300
15368
15367
1
27290
1
56645
9691
1
4
22451
1
1061
7
0
93
15300
4
12359
15368
15367
1
4
7
0
122
35637
1
35638
1
4
35639
2
144
4615
1
6774
12
955
34
1506
13198
7
0
93
10361
5551
1
4
2006
10356
7
0
122
10361
5551
1
18164
4
1269
10361
15367
1
35640
35641
1
35642
35643
1239
56646
56647
1
12359
15368
17040
1
26093
22304
1
4
56648
47
17040
241
17842
56649
4
27290
241
0
93
27289
17040
1
4
23854
56650
22304
2
8
590
0
87
71
60
73
233
357
0
3257
12736
4
3498
14
843
912
4
3989
33
410
7
5007
4
6774
1
8
22
8286
35644
1
38
531
0
625
2
8
104
171
100
879
6383
345
7
17593
774
1
1225
56
1664
10351
1105
14
33
67
8980
7
1346
5007
62
6774
2
8
15
774
1
933
48
149
7
0
4977
4299
32893
4
56651
56652
1
175
7
35645
410
2741
2
57
115
14
5007
12
955
29
2006
943
843
10356
85
223
1
31
802
9
608
980
2
380
955
1
5007
61
34
2006
5263
10356
85
6774
7
0
56653
837
53
406
980
241
28704
14054
4997
51
1
943
843
53
485
980
241
56654
4997
51
1
56655
53
259
980
241
56656
4997
51
1
3736
978
53
870
980
241
56657
4997
51
1
599
978
53
608
980
241
56658
4997
51
1
5769
2645
17
16897
3840
53
14431
980
241
56659
4997
51
1
4
22451
53
870
980
241
56660
4997
51
2
5493
67
3426
1
1471
115
0
5768
7
8654
197
0
18481
43
2656
7
418
5769
2
982
1041
1345
6
0
27291
571
1
50
3322
17
7385
1
4
0
2145
571
2
15
174
1
531
31
26478
3524
8286
35644
4
22607
375
35646
4
2258
17701
9
7771
7
0
781
6
56661
1
2546
5
56662
1622
6
0
843
10998
12736
2653
3157
345
5768
7
943
4
6166
843
10356
2
15
774
76
29
753
11371
11
774
69
5455
4
3557
2
101
261
628
1061
6
2006
8654
7
6774
53
925
51
173
53
18239
51
0
122
18164
4
1269
10361
15367
1
35640
35641
4
35642
35643
241
53
9112
51
35647
4
122
12359
15368
17040
241
4
53
5812
51
93
4
122
35647
241
4
1061
6
2006
8654
7
5007
53
1211
51
1
173
53
9112
51
0
12359
15368
17040
241
53
7141
51
17842
15300
15368
17040
4
27290
4
93
22451
241
53
6087
51
12359
4
15300
15368
15367
241
4
53
5812
51
93
4
122
56663
1
56664
4
27289
15367
2
8
15
345
5768
7
0
27291
571
675
1061
473
14260
7
10351
1105
17
21986
345
56665
199
23
5455
1
22102
1
4
3557
1
8
1953
35646
22
2
8
139
111
625
206
3278
185
282
1190
41
79
4269
345
5768
45
61
345
9
1440
10351
1105
2
8
1953
17701
9
7771
22
16
8
1100
261
128
536
345
5768
7
843
3989
206
4739
37
6491
62
637
5465
1
28
108
2741
60
183
14
4752
13317
33
61
650
1
173
56666
345
20839
9606
53
199
23
26863
18590
51
23
168
23
345
26127
1830
2
8
6911
13317
252
3
32
12735
55
1
54
31
56667
56668
9
56669
18763
1
216
848
6
0
174
1
180
11
557
774
2
8
104
252
67
774
10521
843
1831
77
0
1600
24663
1
1225
7
0
390
1
17708
82
1
8
36
22
2
15
174
3414
80
9741
933
197
5836
4
151
2
65
943
6
15030
9741
43
1041
7
0
625
1
2927
4997
28
2423
23
247
23
878
3
1711
82
83
2
26
1816
1471
8234
316
82
6
774
26
8299
14
5007
3951
29
2731
2006
4997
26
4455
5768
43
7
0
2145
4
27291
571
1
50
4134
7385


