144
507
491
1215
4
2697
1583
293
16
17526
138
1
591
405
190
291
287
16
28309
138
1
591
405
190
2625
161
5
3956
3013
30
1184
578
11
317
6481
799
6
27
5529
9
83
263
86
14
36
76
1656
88
3
37
1446
130
2
15
19874
689
607
14
0
7517
9
83
28310
655
211
175
0
947
114
27
263
107
74
183
129
3
256
0
710
12
37
37426
2
372
1960
163
14
0
4002
9
83
1179
3234
17527
1
5
117
427
576
7
5629
1
34
482
0
1278
0
391
4
348
27
3
1386
59
6481
947
2
8
1769
427
8
16
1179
3234
17527
13
603
6
15525
1841
799
28
5
5529
9
83
290
2
1722
947
43
204
31
0
290
18
145
15
635
758
14
16
8
53
15
290
51
3114
36
5003
1179
10
1446
4
404
3
29
345
1
86
36
175
0
947
79
3
402
59
596
2
8
8
53
15
290
51
348
27
145
3
154
0
947
6
27
56
36
76
41
1313
55
129
3
143
0
710
12
0
1586
147
2
8
203
22
0
290
18
145
1301
3
27
263
18
2804
1
317
105
6481
947
6
0
3194
2
15
145
78
2244
14
27
263
4
0
130
1502
3
1604
268
36
10
542
3
2212
5
707
573
2
8141
2511
16
28311
1053
7
28310
655
11295
2
318
208
186
1300
13
207
11
405
316
15
290
18
145
1184
578
3
54
3610
6
284
762
12
470
2
96
902
5
686
905
6
49
3
178
82
7
582
56
36
13
1311
12
488
591
2
15
19874
689
364
14
23
196
6
27
3826
2522
17
2527
1
0
290
18
145
30
1301
3
6261
127
17527
2
17527
1053
7
1034
12
105
1577
6
707
8440
6
5
2111
4
54
3610
6
13230
5
2111
77
0
2945
2
318
208
186
1300
13
1973
11
405
316
2
15
145
18
540
13
91
23196
3
1231
0
2665
6
27
263
2
26
2475
840
263
154
463
6481
947
3
1386
3
4002
9
83
8
117
427
2
8
26
15793
8
5003
130
10
1446
4
404
3
29
345
1
86
175
947
3
402
59
596
2
8
26
2475
78
106
14
27
263
4
1179
3234
28311
58
1604
268
36
10
542
90
2230
8
707
573
8


