258
9036
42618
261
262
42619
264
61
2584
1372
1268
268
269
262
42620
264
61
2584
1372
1268
9958
61
496
1018
610
278
109
61
4096
104
846
2
24
4549
25633
778
3601
515
14
34745
1804
628
850
778
628
1019
183
87
61
2471
14
1005
32
61
5
646
369
42621
37
2769
401
61
316
15338
61
18713
133
546
707
1009
61
45
2471
1913
40
1219
33992
122
880
1795
24
42622
42623
2
707
5095
13
707
8270
27
628
2831
244
107
5246
27
4338
704
61
496
893
18205
24
636
57
5560
2241
227
12123
1579
16221
5
12094
89
525
855
778
842
34
846
237
87
704
582
652
61
34
512
398
57
316
4757
61
628
696
100
19969
2
24
4790
57
10504
61
64
628
278
42624
705
190
454
104
24
7728
57
707
701
26434
27
408
738
33
14
402
61
402
61
880
9
11920
2033
26434
5
846
27
628
149
14
26434
42625
7389
61
32
57
24
55
308
13
1812
24
6997
24246
23
24
1428
34
23884
12453
61
5
628
696
100
4287
34
316
4757
27
14728
2685
262
9036
1519
4846
61
174
61
144
484
605
47
26434
5
1519
5560
61
700
61
58
316
494
2241
183
119
118
57
722
9395
2664
5
29603
2241
722
13
3994
14
7636
3304
4968
9
20141
4255
20152
149
6201
27
628
648
628
1825
1142
24
19301
42626
57
4678
9
10504
5
10488
13
1153
183
34
24
557
57
707
562
27
842
64
707
17944
5888
42627
61
707
1392
8850
846
13
767
707
17630
6423
16781
2084
61
628
42628
484
9887
27
3944
778
26434
1099
107
3331
104
42629
24
23455
57
227
61
40
183
847
244
6314
33
16328
262
1348
628
55
105
24
322
61
33
23
15307
61
183
149
1389
6970
27
1585
183
37
3867
13
1389
7366
27
187
37
373
22264
1284
14
20152
40
1348
723
696
105
183
64
1502
64
846
61
503
144
27
842
707
28734
149
244
144
159
13
3225
27
3627
503
278
628
624
508
61
628
696
2113
624
47
27
397
14
4388
9
2033
22537
707
55
29603
76
4543
61
628
1825
600
8779
515
707
2296
13
15271
542
516
5547
18
24
5112
494
27
842
628
696
1644
743
24
3000
27
628
1142
2208
4096
23
24
25633
5
12115
34
24
55
227
1607
628
149
1875
13
1153
26434
27
187
37
45
64
1222
628
629
14
42630
61
5391
76
1541
443
25812
9
42631
27
1307
628
584
139
1071
7107
61
42632
709
849
231
9
76
1185
2241
26434
27
143
707
583
5960
846
365
76
5
2241
221
9
47
9
215
718
1304
3204
24
2187
27
42633
23455
57
227
262
9036
493
494
495
1348
926
149
14
26434
42634
628
696
3832
183
912
2113
227
13
1728
10877
449
537
493
494
443
5
1104
515
61
76
14
1646
42635
61
14
3656
57
30839
5
14
1047
57
21247
61
628
373
19838
47
2928
758
27
628
629
1644
2590
1511
221
9
47
61
5
1095
496
37
286
76
537
1030
334
8363
61
758
9
27126
37229
9
2033
893
1348
515
37
6526
496
628
1835
778
628
25856
61
1204
61
628
638
970
278
515
2183
824
57
42636
23
14
3048
3036
5
45
28618
24
2033
11920
4096
33
104
846
27
842
3590
183
37
420
1512
13
107
32
57
372
42637
2282
129
369
818
1129
13
122
10947
61
21108
2881
515
358
1018
244
3043
2786
19323
89
24
331
11256
5
2832
42638
331
7104
27
143
61
13
1358
19178
13
60
61
358
709
849
2391
1193
443
1284
122
42639
27
9409
42640
970
3818
926
2182
2590
26434
34
515
821
106
61
652
183
2182
2540
525
2391
5819
27
36768
42641
65
183
47
652
926
330
61
104
12164
61
183
149
4140
42642
27
143
628
44
244
12830
1533
27
397
628
1708
4593
61
628
629
2113
4800
13
2245
108
23
707
2534
61
42643
2664
27
628
1018
244
1028
13
19102
1193
1533
61
1185
2245
24
2296
13
6542
707
1577
27
143
22372
502
61
610
373
1018
244
2236
639
496
24
450
13922
57
26434
369
18
402
9
4522
61
1551
1153
27
2692
443
2282
24
6643
57
26434
42644
185
61
40000
262
23
14
3291
8342
61
23884
23918
1341
334
2195
1299
1300
5547
23
5100
34
26637
9
3458
94
2282
122
15961
5
3457
27
162
14
3291
8342
61
23884
23918
1341
334
2195
1299
1300
5547
23
5100
34
26637
9
3458
94
2282
122
15961
5
3457
1134
821
1490
1341
24
204
57
24
331
34217
21885
331
9
24
42645
57
276
3097
13
23884
20197
484
24
56
57
4522
13
221
4149
358
2391
64
635
5
9395
64
24
622
3037
104
24
42646
27
143
628
1018
20541
76
542
27
628
149
23
707
545
15961
61
76
635
61
276
9
636
272
61
1348
515
1005
42647
55
3469
1411
707
11428
27
1003
583
2072
574
846
496
149
286
5
42632
516
4376
262
331
7286
47
603
61
183
1099
604
2191
27
331
3689
330
628
8158
1186
15521
27
2015
3400
628
1999
3486
61
628
2236
638
2391
1030
589
30049
704
24
227
27
842
496
44
628
1018
778
1331
1465
3541
640
27
628
149
1391
13
4860
14
17630
6423
23884
8628
449
14
7152
515
149
5577
582
13
24
1428
27
628
1869
61
14914
61
449
237
1017
289
26434
502
105
100
21557
89
342
76
30218
12365
42648
5
17770
27
42649
262
42640
61
174
61
330
926
37
417
47
185
26434
64
183
99
2182
2540
525
2391
443
655
36768
42641
65
183
47
652
926
330
61
104
12164
61
183
149
4140
42642
628
4023
834
183
149
743
515
32
57
24
83
9
4790
57
42650
24
18
9
7024
61
8772
7406
149
515
24
8518
37
29603
8233
401
27
6914
6201
61
628
648
27
628
7530
133
707
34745
1804
69
502
16573
4995
10956
133
71
13
24
8628
5
1414
1222
628
44
1812
183
27
628
149
2832
42651
104
24
648
57
722
14
7152
21557
89
846
515
149
27309
2
36501
42652
42653
61
1204
31992
5
20658
61
40
24
4790
288
11611
27
1003
42654
853
42647
8233
61
1817
76
405
28143
6278
61
5
707
7253
8158
13
278
88
61
1775
846
537
6279
22169
5
1285
9
64
1222
628
3556
144
799
33
2
14
402
2176
27
119
8628
7176
846
515
183
149
244
5703
5
628
1825
2296
1551
14490
27
1031
149
709
2536
27
3116
846
61
183
149
14
2575
1623
13
3896
34
537
5
1634
818
2508
61
1347
3400
628
1835
14
2549
57
14
27710
5
24
26637
42655
61
167
14099
3580
57
12394
6199
27
1585
628
629
108
13
1686
707
2051
4065
61
5
628
706
107
7138
2208
14
2508
2528
57
227
5
3225
23
24
2532
6899
24
494
61
628
2072
47
707
1551
19325
27
10856
853
26629
510
846
218
24
30722
5
16307
5
6508
57
562
515
384
851
2664
13
42656
5
42657
1005
5336
6278
27
628
1019
628
1347
11401
76
562
14
2549
226
652
57
542
9
5363
628
132
692
53
846
2245
1533
2246
5
1533
23
1123
57
1690
27
143
57
2510
61
628
149
244
24
503
32
13
5607
185
13
24
9818
57
26434
27
119
2108
57
237
11611
853
322
4722
1030
38035
61
5
237
149
23
24
1267
484
24
3207
27
36440
26434
149
4275
27
119
42658
149
133
57
24
2839
5
2938
129
149
2938
105
13
278
183
27
1447
288
26434
5546
23
1409
3861
575
2282
7427
985
76
14572
57
12394
6199
1185
5016
9
24246
1234
9807
185
122
38328
64
24
3410
34374
5
42659
288
689
2535
27
162
5100
262
842
610
373
1018
244
2236
639
496
24
450
13922
57
26434
369
18
402
9
4522
61
1551
1153
16026
8158
19073
13
183
61
5
24
42660
2881
57
16256
61
8583
29430
61
42661
42662
5
20096
30732
42663
133
104
703
2
14944
5
3484
27
7030
57
24
32258
1307
26434
149
55
1459
64
334
4678
9
10504
322
61
24
3940
636
57
24
12804
149
6784
143
575
1195
183
105
100
6787
42664
13
42665
7284
1193
759
620
723
1825
105
76
851
1577
61
26434
149
818
9654
61
251
9
15937
288
1644
5552
358
3556
105
183
27
143
373
24
2222
5923
27
26434
99
144
105
1579
29014
1428
5223
5
87
373
24
908
4678
9
10504
5324
61
1347
94
24
1541
9
5726
4623
57
5921
32014
61
26628
5
9337
16865
14490
27
842
45
34
846
27
26434
5
628
278
14077
1565
34
692
27
187
37
100
316
494
647
707
35
32258
5
582
6278
369
1037
705
257
27
628
696
1347
2168
6278
185
707
6278
3555
842
24
2187
87
515
1094
628
629
108
13
1686
707
2051
4065
61
5
628
706
107
7138
2208
14
2508
2528
57
227
5
3225
23
24
2532
27
628
696
105
704
24
39
5
33589
57
568
61
316
272
5
14
1915
9
5
628
2357
45
6066
13
3193
183
27
16772
1348
628
850
707
316
5253
42666
628
1018
244
144
748
542
707
2534
2255
37
33502
42667
9
24
4968
825
1292
5
851
855
825
817
1030
515
9
628
4140
377
1728
24255
1185
56
7138
34
851
26434
27
842
34
846
183
37
11957
11957
26434
27
187
37
100
2508
61
40
1094
628
629
108
13
34745
27
246
9036
2859
722
24
4678
9
10504
26629
1011
494
495
246
842
24
3958
57
322
99
423
47
2540
183
334
16210
10461
246
579
37
663
3832
183
37
227
13
1728
10877
449
3108
13
2391
443


