144
2000
15763
293
16
39467
138
1
485
436
151
291
287
16
39468
138
1
485
436
151
3903
9
2195
4292
6763
6764
2024
5
13183
9502
9
5501
7
5
1724
207
49
7
155
331
283
18
4708
2761
2
6764
309
0
5501
12
426
3
1251
279
11
3480
3687
9387
2
249
0
23935
11
9387
14691
4567
49
470
415
1
36
34
941
67
85
201
29352
2
23936
621
16
3903
9
2195
4292
6763
6764
1892
5
13183
5501
3138
470
415
11
3480
3687
4053
590
5
205
773
16
6764
1
5
3011
155
20428
1
941
67
85
201
29352
7
1469
11
3480
3687
8
57
10495
10
12004
14
24
388
11648
25
3
32
1
8
22
0
12500
9
83
6764
23
36
224
55
6
0
1724
1780
90
870
322
2
334
7723
28
0
1724
1
6764
10
6370
11649
29353
119
36
12235
49
7
6312
2
6764
800
492
0
87
447
3
3138
1356
9
429
28
10929
3
963
340
5
2652
8153
1
3896
0
39469
10930
7
2844
269
2
18006
16
6764
800
492
0
87
447
3
3138
0
6828
724
28
10929
3
963
340
5
2652
8153
2
15
2872
6
0
29354
1724
7
4708
2761
43
194
5816
18007
311
16
6764
10
923
12235
49
7
6312
39
64
9
1307
230
7
0
1690
381
39470
16
334
497
55
6
0
1724
1
6764
34
3
32
6370
29353
17
11649
29355
16
6764
3739
17
2670
3252
1249
18
1748
7016
39
0
3138
2
96
22
112
36
43
3
3138
5
5501
109
14
311
1
25
58
32
120
11650
187
3291
6
0
1724
16
6764
4
27
667
18008
8984
39471
1071
63
8
23935
11
9387
8
39
0
5501
477
7
5
29354
1724
7
155
331
18
4708
2761
1354
27
963
3
10929
3138
1
6764
34
3
1802
5
412
265
2020
4
5
721
225
5914
20
166
3
14361
0
2749
12227
1910
2
139
149
18
2620
1035
1
7
5
39472
1724
7
17315
3312
1
10
194
5816
31
4757
2
4391
1
25
10
5
8
189
64
230
8
11
6764
2
1529
476
16
3442
3216
1141
31
3
337
6764
120
0
9118
770
1
173
23937
393
16192
6007
1
748
101
0
1724
17
6764
16
871
6
0
3216
43
7726
511
3
124
7
0
1724
17
6764
1
109
1770
7595
14275
53
93
51
4
2486
20087
1318
16193
53
122
51
3252
163
3138
16
2606
18
8750
16194
13041
8628
4
5
3138
2970
3
1428
6764
7
0
1724
8
24
10
3270
15836
1
8
36
22
2
8
281
60
84
25
311
60
893
84
25
421
7
0
70
1
109
5554
1022
2
89
25
10
80
11
5
205
773
1
4
54
373
3
0
155
331
3011
18
664
2
8
24
181
95
541
547
323
10
1
7712
6
458
66
352
28
155
331
1
60
1
0
2281
6
0
172
1
516
74
3172
261
75
114
5
70
320
0
1666
9730
42
630
1
8
36
22
2
28653
16
4087
1
6764
4146
2041
7
963
81
215
39
27
1745
1101
3
3138
28
10929
3
963
340
5
2652
3734
26
3903
9
2195
4292
6763
6764
1892
5
64
9
132
5501
3138
470
415
7
155
331
26
6764
1
5
3011
155
20428
1
10
2298
279
11
3480
3687
4053
26
15
12500
9
83
4292
492
0
87
447
3
3138
28
10929
3
963
340
5
2652
8153
81
215


