258
9452
9453
261
262
47042
264
61
2195
534
558
268
269
262
39366
264
61
1526
534
558
47043
1046
185
7249
369
13
4923
34
14
204
23
47044
57
43813
21105
64
358
221
13923
34
14
6474
2391
331
401
1166
331
27
47045
1155
64
599
5322
13571
5
47046
331
2118
99
11
13
3096
308
3477
185
47047
2241
24356
24
1131
223
4995
13
1503
17201
61
12470
377
27
1134
99
719
735
227
23
405
13177
5547
13
18
14
754
61
655
10639
20686
369
28770
122
25368
27
8747
223
778
6829
20679
1046
1155
64
5692
47048
37
599
5322
13571
185
35684
278
100
459
34
2540
20679
2391
401
1166
8465
13177
369
1094
7185
1262
159
185
23965
12351
9
9810
331
3139
25368
331
9
91
19194
5319
10015
20686
13
6495
47
122
25368
1185
4031
2189
542
27
3378
47049
2
24
3052
8930
57
45301
5
20928
47046
330
5726
735
8827
369
933
321
102
185
125
4948
13
42143
41717
20680
27
579
359
262
331
1447
278
100
1533
2639
9
47050
11546
1725
237
506
652
57
24
5097
5
308
3477
47047
6760
57
24
223
5
9788
2933
27
331
1468
23981
308
288
185
7160
43813
735
8827
35
506
61
76
334
3940
735
227
57
166
494
61
119
3052
8930
57
45301
5
20928
47046
330
27
1295
61
24
2488
346
44
107
1015
13
1874
64
21546
25368
967
91
32828
5
2321
13177
61
1857
8967
5
1409
43813
45614
288
4799
2
24
8342
27
11701
848
262
12439
1874
308
44
107
185
735
8827
34
47047
64
21546
25368
967
91
2639
9
7160
5353
288
4799
2
24
8342
162
11896
61
47051
1155
5319
278
100
1725
23
24
139
506
9
4126
18
14
188
57
24
7160
37
25368
23
14
840
515
14
2174
11379
825
1890
47
24
13589
735
2580
34
24
7160
37
47052
25368
27
251
11896
7160
1609
330
262
331
408
1645
133
1551
5
14056
15809
13
5448
47047
369
8023
9762
5
5449
6097
34
712
20686
27
331
993
43813
21105
369
53
832
57
24
2296
13
32777
122
47047
1348
358
1862
122
3902
5495
27
331
22328
61
941
37
47053
5717
99
1725
47054
5319
13
3003
9
23
1643
57
837
14
188
57
1579
47055
25368
27
13097
19035
262
45301
20686
855
14
10816
4878
1348
358
2683
515
5726
17201
87
45
64
1166
64
20678
13081
5
24
77
185
47046
331
2118
221
183
2391
143
43813
21105
76
47056
25368
23
32570
61
326
3892
57
5749
61
278
663
100
7176
13
331
1153
542
1185
1248
542
331
23
14
4233
13
2468
334
533
9
506
735
2580
27
32570
10459
5717
99
16806
1579
47057
11741
818
515
21105
718
107
47058
1222
358
12045
13
151
122
6474
331
6495
5
2801
2
12777
5
758
47059
5
4394
6096
183
23
14
692
1779
57
47050
331
27
999
57
24
7160
37
43813
47060
61
1704
6893
61
8211
262
331
1007
850
1508
20679
18393
515
221
183
2391
1166
27
187
37
45
1030
515
27
331
691
444
821
25826
1348
358
850
24
12777
5
358
15729
183
27
331
38481
38643
61
10053
57
119
47061
1569
20689
5717
61
330
24
2157
37
1021
5097
105
719
3096
6010
20680
9617
122
25368
27
331
1007
1019
47047
369
1166
13
6096
40
183
37
100
14
1021
506
5097
9
23048
5
308
278
2168
30388
5
45
6618
2931
122
25368
27
331
246
47062
346
57
43813
20686
47058
18
47063
25368
246
3484
1046
1155
64
11846
37
599
5322
13571
221
20679
3235
401
1166
246
2226
506
47064
308
288
185
7160
43813
735
8827


