10958
8308
30
2033
19
435
174
9
2821
3
210
42
87
1513
6
0
236
374
88
3
8445
42
242
20
0
235
6
0
3537
589
328
1639
2
15
4480
1182
49
12
0
821
267
6
0
17775
11
0
87
71
7
903
593
7
80
4634
20
1009
12
377
23
3939
7707
4911
18
200
9
272
1548
3830
5
314
9
275
1023
11
0
8057
2
360
1
3341
8308
2094
44
392
3172
0
7912
6
1513
20
822
523
8
727
23
44
2339
11
506
166
18
1889
328
1981
17
13200
14204
90
2415
42
1120
3
2300
18
703
3
3406
2158
4
0
656
6
901
0
993
2
10958
8308
53
122
51
30
2033
435
3
29532
262
0
314
9
275
1513
127
1009
7707
4911
224
103
0
3828
3
2277
1165
127
435
12
377
435
865
3
42
87
589
328
1513
7
414
593
48
236
15
4486
9
83
78
435
438
16
8
387
18
0
148
650
1
14
60
33
170
1325
4
28
0
208
229
12
1
60
46
666
3
402
14
8872
49
4
143
0
3099
2959
2
8
221
33
118
717
593
7
0
589
328
4
60
183
14
2
15
208
229
13
7
0
1889
328
20
102
4
123
127
2300
1
60
29
3
313
7
376
6
136
476
2
8
435
1
38
29
98
342
12
42
81
105
1285
3795
3
822
523
8
727
1
93
0
1171
1653
11
0
200
71
7
5
149
8309
129
44
43
500
86
340
105
860
39
24055
11
189
4756
79
23
44
34
617
20
1952
452
230
421
1
56
44
1172
17
5
791
9
791
1203
2
380
48
3020
1
967
1
42
10959
3
1070
906
69
24056
5001
10
11538
31
42
3581
1
38
2833
39819
90
3700
29533
12
0
3178
2
15
435
3341
13
1129
3
429
4911
18
1489
616
20
822
523
8
727
375
2467
829
12
12265
39
4911
3945
0
200
616
11
1009
15
19506
10
1175
17
3643
379
698
56
4911
1
38
34
118
40
12
0
2059
11
146
379
1
12140
102
12518
12519
18
1842
39
2028
7274
76
118
185
0
873
69
19
4191
2
435
1006
881
5
29534
4
224
5331
373
3
37
5755
17
406
379
2600
56
6124
4654
18
303
224
99
103
0
737
17
1009
18
439
9
1533
3341
13506
4885
1
38
34
2301
0
900
2778
9184
20
0
677
1
2176
11
0
87
71
2
89
2471
10
3
1405
23
0
8057
574
1480
69
343
11
17672
17673
3
326
7
4911
11
19
200
2
12520
11674
10960
498
0
2849
610
56
1
39
1692
2160
1214
34
40
3268
11
5
200
19798
2011
1
21
24057
102
37
29535
9
977
6768
5571
456
9
2061
1
45
480
248
608
379
1
173
231
6
10699
71
1
7
50
3
325
37
5755
1
44
76
41
3505
3
1017
16247
4885
311
2
435
449
2247
2151
39820
17
1455
949
1375
39821
11674
10960
5214
748
0
1009
1480
3
355
435
610
7
0
3735
2557
8308
22
16
8
5306
60
33
3946
17
0
768
2
104
469
136
237
3
313
48
229
1
4
25
10
5
504
229
2
104
43
5
305
706
14455
2
8
378
314
9
791
1
25
18
4902
2
104
469
3
666
99
1
60
668
3
143
25
314
9
275
1
45
123
0
873
58
74
1219
122
11
282
4
60
76
74
1203
48
229
4
2842
123
313
25
1
86
2694
60
33
3946
2
8
89
60
46
147
504
311
2500
7
550
3
313
0
262
593
2
8674
614
504
4
498
25
80
12
0
2059
3
313
48
229
1
45
60
183
323
25
13
717
4
60
219
94
127
88
2
8
57
10
5
504
229
1
45
60
29
3
764
1503
2
104
33
170
1325
1
45
60
183
261
593
3
32
3455
66
29
3
313
1
86
28
0
208
229
12
1
60
46
688
136
237
3
313
80
0
593
112
686
2
8
8308
2094
0
435
335
392
3172
0
1513
127
1009
26
435
342
87
229
6
0
236
17
314
9
275
1513
127
1009
26
7707
4911
668
1165
3
355
8057
10961
667
26
11674
10960
668
632
5756
3
355
435
610
26
10958
8308
2094
4480
392
356
12


