258
24615
24616
251
27235
3098
1392
2
14
2255
11542
14
331
1211
22455
331
34
25325
525
35124
1093
123
14
316
9
5
9
170
9
2277
1941
99
100
1869
1533
1284
38444
607
76
3096
38445
183
14
331
716
331
5
331
729
331
679
27
38446
38447
61
2842
61
2
1605
37375
61
7144
61
4132
14
2634
13
525
6697
4188
1744
7273
35
2272
23333
834
24
8483
2315
2207
525
166
9
506
9
2033
7273
23
6529
2053
57
10634
525
27
331
6569
723
34
45
2540
846
4541
372
2209
38448
13137
515
628
818
1502
377
23
1857
61
331
926
598
27
331
6569
723
34
25325
7273
818
822
515
926
105
525
594
2046
1669
2115
61
1521
27
143
61
4457
723
34
933
851
2593
868
5
2505
37522
76
612
730
27
331
521
159
34
522
8258
262
38446
38447
61
2842
61
2
1605
37375
61
7144
61
26378
334
3098
1392
11542
14
22455
34
361
1211
13
525
35124
1093
7273
123
14
316
9
5
9
170
9
2277
1669
8999
9
926
99
647
100
7881
76
24
111
3627
503
638
589
38447
37
1392
7818
4606
57
3697
40
183
663
1850
525
7881
76
24
331
2637
331
23
5218
27
999
57
6
38449
37
2670
38450
158
24
5016
5
215
149
16850
1348
215
13595
215
149
24
32
361
3990
27
331
628
1869
183
5
935
285
13
830
24
38447
37
831
592
844
5
24
557
87
2079
61
331
24
477
8021
2
1605
6414
330
27
119
38451
5
38452
278
1094
1510
692
486
27
589
38447
3283
23
525
1392
834
808
38449
105
3748
7273
13
1724
158
331
21143
331
2241
19194
14
38453
27
119
2255
9
57
9
316
5910
262
331
119
987
723
7427
159
61
7273
2859
13
38454
851
12249
27
2782
262
6
38455
330
215
149
1089
1348
215
13595
215
149
24
331
22455
331
361
3990
331
5322
1861
149
13789
5
926
4306
24
2245
57
183
27
727
10188
104
525
5
926
330
262
577
20226
61
32310
61
515
37
707
4620
27
577
1331
926
105
723
27
331
331
727
44
278
5178
38456
23
851
7208
27
727
44
278
7206
525
27
727
44
278
417
846
515
331
1994
331
515
628
38457
652
183
1506
806
331
2828
851
318
1425
27
331
331
727
638
2185
57
515
27
727
2207
7273
23
6529
5
723
1414
525
8737
449
525
37522
27
331
589
38447
5715
23
525
1392
61
20268
331
11552
331
32310
331
23
24917
38458
1659
38459
2819
38460
331
61
834
5194
76
525
35124
16246
718
1502
107
1098
27
579
149
3458
15926
237
227
1145
652
926
105
100
10066
47
2
525
583
61
129
149
1461
23
2276
351
57
24
1669
76
122
622
1093
27
842
8815
13
808
38449
37
11553
61
7273
12321
758
9
11214
34
24
15842
57
24
1941
2
15222
13
33082
5
503
2859
3431
17033
1795
4919
159
27
305
24
1029
57
525
1392
61
589
38447
23243
525
4821
20933
262
1687
830
7273
831
149
3486
24
987
610
9716
445
24
1669
27
6569
723
34
5664
703
738
206
57
723
27
579
149
1634
20043
5
8424
24
1669
5
14
124
61
402
14078
149
704
926
4995
27
331
419
61
4457
723
27
6569
723
34
45
2540
846
4541
372
2209
38448
13137
515
628
818
1502
377
23
1857
27
331
6569
723
34
25325
7273
818
822
515
926
105
525
594
2046
1669
2115
61
1521
27
331
4338
4150
24
843
61
32
25319
598
262
331
1134
87
1155
14
2508
679
61
183
3793
617
13
707
1009
27
628
278
14
1093
5
639
6526
496
183
87
1030
13
278
13
1018
24
23074
27
331
143
2276
359
262
331
1134
149
14
821
716
679
5
628
1835
818
9943
515
1022
1802
133
758
27
16772
610
9500
515
646
369
373
692
308
133
646
5
369
1343
27
331
2819
24
474
262
589
38447
37
3098
1392
99
647
3102
1533
1284
38444
3697
647
183
149
717
185
5657
2779
589
38447
330
24
824
3759
525
13
604
6558
1463
1893
185
122
2504
9
502
926
638
1018
76
808
38449
1348
926
1850
158
185
24
1669
27
331
628
8779
515
14
111
23
14
3104
10186
516
244
107
8518
76
7273
61
331
926
750
25052
61
331
5
628
629
818
3579
13
278
100
5209
286
27
331
589
38447
5
525
485
288
1905
82
2
14
10747
104
2117
2118
23
2159
5
3477
14
26200
1941
27
331
628
8779
515
14
111
23
14
3104
10186
516
244
107
8518
76
7273
5
628
629
818
3579
13
278
100
5209
286
27
331
579
2114
13
1346
334
3098
4457
723
1392
13
24
111
926
99
1094
1324
64
808
38449
58
3431
82
5
33894
496
14
11556
926
105
309
27
1042
1093
7273
149
3132
3284
1267
545
23
1072
57
1972
5
149
14
2347
3133
2033
1348
4047
4001
525
76
25794
9
14
4382
5738
24
23937
2660
27
589
38447
330
926
55
2859
13
9941
1465
2359
149
286
76
7273
1348
525
6270
5
10321
9788
288
6297
13
2533
27
162
1078
558
926
2011
76
14
27434
5
6270
30182
129
1414
8737
5
53
1356
8857
27
28988
24
4463
926
873
185
525
6697
262
331
119
8454
510
449
316
4615
27
691
1414
1222
926
7530
104
1022
5
132
34
612
4671
806
926
638
45
27
7273
149
4001
76
4725
23
1078
558
58
525
2255
389
525
6270
5
10321
9788
288
45
4048
64
358
2831
278
100
331
691
1414
1222
926
105
334
23110
311
23090
5
156
926
638
45
27
691
1414
3096
1533
8737
5
628
978
13
15852
707
7909
818
515
358
44
45
3478
159
14
23913
27
331
830
1003
583
61
6889
5
628
831
373
105
840
61
641
24
821
35
67
1348
24
5087
2287
89
24
1547
61
7427
159
5
330
262
577
7273
99
4725
31795
15727
27
577
278
709
6553
496
926
330
58
515
27
331
628
184
183
609
14
853
2549
641
628
2287
23
5
1850
707
4620
5
707
469
27
1331
628
19970
34
14
853
655
27
331
579
1520
515
926
2743
3058
23
4154
449
525
824
57
749
47
334
35124
318
27
331
119
10734
5
1105
610
369
3880
218
237
6697
278
100
17669
13
703
27
331
119
11096
1105
5
24
5614
369
759
703
221
18538
515
369
2050
13
1292
1022
34
2907
1030
7273
5
122
775
27
331
1295
61
926
1520
525
3017
3631
76
24
6697
87
13
2402
14
226
1343
57
4725
818
646
825
107
1533
808
38452
23
24
1146
27
246
38446
38447
61
2842
61
2
1605
37375
61
7144
61
149
1089
13
532
515
525
843
149
1869
1533
1284
38444
607
246
119
331
22455
331
99
647
100
1324
64
6
38449
9
14
8021
2
1605
6414


