12739
13
16612
2307
7008
8283
6573
6573
18
594
39
0
163
18
19561
30
40
1440
3
5
284
345
3302
38
30
40
55
6
1034
79
187
2
15
1500
13
1664
0
3727
327
14
0
534
18665
13
7
5
4227
573
17
975
15088
2
15
1112
30
729
14
0
10240
9
83
13
5
3783
345
3302
7
0
1674
163
18
102
349
6
2938
2
297
94
11
167
9229
1294
16
2307
7008
8283
6573
6573
393
11098
534
30
1365
309
1829
1025
345
3302
975
15088
1
0
584
33
137
323
7
5
646
471
81
215
852
3
0
25337
975
118
213
55
6
582
7
359
39
21
10
1025
7
1686
6
3195
284
12621
50
13
35
56
199
447
43899
37
17750
6
284
12621
50
1236
4255
43900
0
284
62
4714
37
1236
6
43901
8
2
6012
607
14
5276
9
83
11098
534
30
40
1829
0
1025
345
3302
11
0
81
333
187
1
4
0
584
10
137
386
7
1266
20
5
646
471
81
215
2
360
1
0
1674
393
4
27
932
1133
9
38
13
316
82
27
1113
9
43
25338
553
17
59
20
0
71
21
10
432
2
43902
6012
327
975
10
1025
6
833
54
6
534
18
220
2188
2
1217
443
16
975
10
443
28
582
81
215
38
10
856
11
259
82
11
10659
5
284
8
11098
8
534
18665
1624
15
587
607
16
8
3386
161
21
13643
37
13270
9
83
284
9
4537
8480
345
2
8
104
352
78
8283
6573
6573
18
3013
30
40
1265
15088
11
0
81
333
187
558
21373
184
28
2098
6
0
163
4
935
49
17
59
2
104
352
78
36
18
61
40
2170
59
49
31
2021
59
1713
3180
2
8
101
914
6
0
5248
1
12739
22
25
13
98
8423
458
0
163
46
722
2
65
6217
78
0
1112
16
8
12739
13
41
648
7
2098
12
5610
43903
43904
31453
31453
2
104
33
128
1689
63
48
111
597
4
33
31454
0
594
6
0
695
2
8
9229
766
16
15
10240
9
83
1
137
323
7
9424
303
521
3
32
28
1504
1348
1
10
1025
6
3195
284
12621
1365
21374
127
37
398
9
70
9
83
28344
16
975
18
830
13
270
585
12
0
17684
345
3302
25337
1
23
196
6
19
1013
4728
59
3
402
811
3270
3467
12
19
5823
6012
2249
11098
534
11
1183
45
30
602
3
29
5
1295
2
15
1674
393
254
29
5
683
6
1829
1025
3621
173
27
7480
1079
292
509
8
9712
8577
8
2723
9
38
13
244
6
27
4063
263
4
163
393
16673
8
8283
6573
6573
8
2723
2
101
4831
1
9712
8577
10
1311
3
178
82
7
0
1137
5041
7401
11
18334
5
695
6
31455
4
2170
514
3
20
568
54
11855
2
101
1685
16
11098
534
18
163
2307
7008
8283
6573
6573
9
50
1657
27
263
16673
8
8283
6573
6573
8
2723
9
594
13
98
91
43905
8969
1817
16
674
215
0
1674
19561
4
27
1079
12
697
82
1
292
509
8
9712
8577
8
2723
1
310
44
34
3219
2
15
295
1305
5
10779
4173
1481
81
70
15
295
9
38
34
5
10779
4173
1481
81
70
39
697
82
386
9
118
734
42
1817
81
215
1
45
25
13
2157
11098
534
206
29
369
40
1829
975
20
0
71
2
15089
1
48
13
41
0
118
345
3302
14
11098
534
30
40
1440
3
2
15
244
6
8283
6573
6573
47
4513
9
83
757
2304
8
31456
8
18665
1
509
1796
1908
1
2473
1
38
4632
27
145
79
5
333
187
90
36
492
1326
1
13
648
374
2511
2
6660
424
16
101
4831
1
9712
8577
10
1311
3
178
82
7
0
1137
5041
7401
11
18334
5
695
6
31455
4
2170
514
3
20
568
54
11855
101
954
21
1773
67
85
64
82
7
582
11
0
707
8440
6
5
284
77
0
1066
434
3
37
2011
1654
7
1557
2
852
3
582
1960
1
21
10
0
572
17
64
67
1577
6
707
9944
6
5
284
43906
28
1557
61
1
4
13
648
1990
851
82
11
277
766
2
52
13
41
539
3
32
443
268
43907
2
2307
7008
8283
6573
6573
87
5068
7
190
4
10
5
9048
103
28
12739
18
43908
191
43909
2
15
163
5068
97
8647
18266
13437
7
522
4
2735
3
0
4609
92
34
40
100
2593
12
458
25
58
32
8085
2
8141
2511
16
15
244
6
8283
6573
6573
47
4513
9
83
757
2304
8
31456
8
18665
1
509
1796
1908
1
13
7
582
11
64
1577
6
0
707
8440
6
5
284
2
52
13
41
539
3
32
443
11
216
259
82
26
11098
534
13
8
1829
8
5
130
1025
6
10659
5
284
36
1624
26
2307
7008
8283
6573
6573
393
1365
10
25338
1440
17
975
15088
56
21
10
432
4
30
21375
573
26
15088
10
856
11
259
82
7
1686
11
3195
284
12621
26
12739
812
1112
25
13
8
31454
0
594
8
6
0
695
26
11098
534
1817
28
189
9
877
1079
9712
8577
79
81
215


