144
507
491
1215
293
16
29247
138
1
802
436
190
291
287
16
28724
138
1
870
436
190
15
145
6
0
1841
1
11237
2877
693
8659
303
31
5
3776
106
544
12
377
131
14
2712
167
46
163
27
483
1057
691
1
43951
198
202
224
69
1702
965
17
0
544
2
8984
475
3913
1
30
22
36
30
489
12420
597
63
110
510
2735
3
27
198
16676
3913
1
542
1
91
303
2
96
30
348
75
3
25358
5984
268
80
0
530
496
55
2
31482
29
22
14
2731
1115
3913
532
3
32
7752
1
114
6
1187
62
385
1162
1
23
21
175
19
1482
103
1
1130
162
0
1777
1
8718
25359
4
366
21
10
12
5
8
10212
10916
8
7
0
2327
90
21
10
285
2
297
94
11
167
11465
16
9617
1067
3913
1
122
1
17
19
145
8984
475
3913
9
0
4289
9
83
693
10
303
420
119
1841
4
4255
2048
5
422
6
407
8143
106
544
12
377
30858
1115
7270
16
3913
10
41
1939
37
8581
3076
1433
483
1057
43952
2715
4
7084
18201
1642
8
9773
601
0
358
10
385
14
116
59
1236
41
7
19
1260
4278
1
8
36
22
2
714
694
17
1220
3
0
606
167
1222
29
22
739
3
6435
14
3913
10
1971
2
191
44
29
805
3
161
458
0
544
38
303
3913
10
1444
5
18622
4
6956
4192
1
234
6
50
3776
362
4030
29
17
88
2
563
1635
11
0
117
1
179
8143
6598
2
10942
43953
6574
1
22
19
839
18
1622
6
0
1163
58
675
458
0
544
1180
1917
1694
4
5395
2
15
1596
22
0
544
306
5
7700
12
5
1310
20
3776
106
4261
4
219
363
3
2235
2
15
544
469
3
6528
2701
278
3
22867
0
1081
90
1489
514
1
0
1596
22
7
5
546
1013
2
15
276
30
40
1258
77
3
7863
655
811
4
76
154
347
3
5164
2
1643
1
280
4
2188
33
450
3
1313
55
110
76
29
510
3
0
2154
4497
38
738
86
194
4603
2
3913
2405
49
7
0
2920
7446
6
18669
1
63
316
724
1171
6
5041
2
5894
3902
1
5
25360
20
20391
660
422
1
22
3913
622
3
0
4612
23
37
398
9
70
9
83
2
8
24
10
0
87
447
21
649
12
0
971
1
4
60
382
40
280
388
150
1
8
21
22
2
8
52
10
0
4497
3665
3438
2
8
8
57
18
1274
2961
6
0
152
21
10
1
8
22
407
8143
693
15091
25361
6
3903
2107
1
43954
1
38
492
280
17
3913
120
19
769
71
12
3776
2
3798
1301
0
1794
43
55
6
1452
11
0
2845
2154
4
7208
3913
1
1743
280
562
23
5
952
4
205
9
350
232
164
31483
38
2027
43955
4
18201
1642
2
3913
10
74
552
3
143
9976
4
158
31484
19
21380
5055
1
22
19
232
164
21380
1286
1
4135
12314
2
3913
10
74
330
23
5
21381
4
34
118
64
2111
25196
17
0
537
1
301
3
186
1484
16
5
6823
2204
4
5
21382
11
91
5
2111
7
2389
6
105
4630
7
359
2
52
682
5
201
575
1226
11
0
6334
2389
2
52
10
61
86
205
9
350
14
19
9493
107
74
109
1433
208
3
59
7
174
947
2
8
15
995
273
21
10
0
237
551
44
34
388
214
1
4
44
206
29
40
122
1
8
12314
22
2
1769
16
3913
13
137
17
19
1446
757
12641
8727
3913
7
48
17318
117
783
43956
3332
16
3913
18
117
13
2055
3
1190
0
1490
14
667
3
19
193
2
52
13
137
17
19
1446
757
7
37
17318
117
783
378
43957
9198
12
377
1
13070
399
1
422
6
407
8143
203
2404
3
5
5081
25362
3368
12
0
1849
243
1310
6
0
106
652
2
249
37
544
13383
0
652
3
2235
1
21
10
5456
31
5
18325
1
6481
130
38
10
2901
24939
2
15
130
1687
1933
4
9655
4471
0
544
7
5
1259
6118
2
15
544
17
1998
2257
1122
0
1845
3
6176
2
15
544
13610
2701
278
7
37
1101
3
3045
0
1081
2
15
1845
921
3
1382
3952
0
544
7
5
2048
4416
2
15
13755
43958
11
5
638
1
4
123
21
3763
311
1
11225
4
7387
0
544
1
38
921
3
6528
184
28
0
533
2
249
0
1845
921
3
4319
3952
0
544
7
5
2048
4416
4
4704
0
544
18
4283
20588
3
429
1
0
544
1582
54
303
17
19
106
43959
1
50
1519
0
2916
6
0
13755
2
15
1845
865
3
0
640
1
45
21
213
49
494
67
4
921
3
1377
0
544
557
90
12232
4
20161
2
15
7512
30
40
1459
23
9617
1067
3913
1
37
4289
9
83
7270
28
18669
1
43960
31485
39
0
358
1
0
4057
203
781
2249
0
2077
3037
18
950
3
2804
37
7421
493
2
7863
655
1859
18
781
46
5495
2
15
544
30
40
1284
12
682
8487
517
5778
0
4370
6
3285
4
7421
7536
2
15
422
15650
97
4828
3
7469
3913
18
117
2
25361
22
850
1527
1260
56
21
408
3913
17
280
7
5
693
4075
6872
499
85
231
269
90
0
1163
2
25361
22
21
4
605
498
3913
5
2204
3
43961
1
37
8409
1178
4131
7
7863
1
4
219
12
42
1443
152
2
20381
192
12
3776
1
3913
10
55
6
6182
4
532
7752
28
1187
62
385
1162
1
301
3
64
19472
38
408
59
2
52
10
3221
31486
7
0
1004
4
831
140
1841
1
22
407
8143
693
43962
25363
1
542
1
6
7813
1
3259
2
2529
18670
1
542
1
6
3661
1
22
36
408
3913
25364
363
27
12
9
3776
6831
1780
90
25363
10679
59
2
3913
10
0
27439
6
5
304
6
146
62
178
247
266
1
36
22
1
4
125
6
0
605
43
450
3
124
59
3
3045
94
2
8
52
10
1359
63
91
12
5
10212
10916
1
8
22
18670
1
45
10
74
371
156
1378
2
18670
1
38
562
888
23
37
43963
6
3913
1
22
21
10
6045
19
6413
23
36
1477
99
549
2
8621
25363
3708
18670
22
44
3624
0
7510
197
3913
4
0
544
2
65
19584
4823
13
1502
11
399
8496
426
20
18669
899
714
2
3913
18
145
22
2308
6690
29
41
602
40
116
602
2
271
3913
22
36
34
100
961
459
27
198
58
32
2901
24939
23
562
4
14
0
10103
602
989
567
34
202
2141
5
1350
90
2
8
15
87
551
12
95
1516
13
1
7270
1242
84
3710
457
1
8
36
22
2
8
31487
106
171
32
5683
3
3317
2409
109
14
340
248
3
256
4447
794
2
8
380
0
461
946
11
0
31488
1
0
164
18
693
1387
1
3913
18
280
4
8038
12172
2303
1907
4
9938
14
0
544
809
0
252
3
256
2749
794
12
5
247
130
44
562
23
8
5252
8
4
8
1472
159
2
8
8
16676
219
3
95
232
164
8
395
3269
43964
1
38
22
36
10
5
205
427
6
3913
18
757
8727
4
0
936
6
19
117
2
8
16676
10
0
1084
6
2407
38
76
210
5
2545
12
767
18
225
1
21
202
34
156
9976
4
5
396
6
613
4
1676
1242
592
49
3
59
2
52
228
10
5
400
2407
4
34
128
169
280
2
8
3014
43965
118
649
3913
494
45
21
116
5
4054
3817
2
8
52
10
5
5252
2407
38
107
41
3777
48
2
52
116
54
3710
595
81
166
45
0
544
14
303
59
1
7
95
4466
1
116
5
152
2471
2358
1
8
36
395
2
8
16676
10
11237
1
0
544
34
100
122
62
1164
3
2056
5
1158
12
59
2
15
544
171
29
273
63
110
21
10
500
1
24
610
14
0
75
177
0
544
10
821
11
110
21
107
2
8
9617
1067
3913
1
122
1
17
19
145
8984
475
3913
9
0
4289
9
83
693
10
303
420
119
1841
4
4255
2048
5
422
6
407
8143
106
544
12
377
13055
2637
7578
562
3913
23
37
1472
159
447
1
501
511
2749
794
171
41
29
40
1894
2
8
16676
116
5
2358
45
25
13
170
37
362
2102
3
5164
5
1081
23
8783
23
21
73
8
7578
395
2
8
24
181
48
1081
10
7392
821
31
0
544
45
44
33
74
159
3
716
156
54
354
14
2
8
13055
43966
43967
131
3913
6
18669
10
37
8244
6230
38
1174
21380
7
232
164
2
96
131
36
18
1549
77
19
1003
31
37
544
363
0
1596
106
1917
390
377
2
1094
427
6
3913
18
1
5766
43968
1
131
0
544
171
74
29
2257
19
1998
12
37
11237
447
2
5599
693
16
16676
3913
1
542
1
10
303
420
31
31487
106
20
0
422
6
407
8143
2
15
4289
9
83
10
5
232
164
31483
20
19
102
7
18669
1
8143
4
34
118
800
9616
422
6
407
8143
3776
1
113
9617
1067
3913
10
303
420
7
0
390
269
6
48
415
4623
167
323
26
8984
475
3913
131
36
30
489
12420
597
63
110
510
79
90
27
198
10
285
26
31482
38
408
59
354
0
2731
1115
7270
10
7752
26
2551
161
0
544
34
100
122
3
2056
5
1158
12
59
26
7874
11
0
3913
117
161
42
1622
6
0
1163
46
675
458
0
544
1180
1917
1694
4
5395


