13231
43380
87
45
8209
449
525
603
57
18067
1986
61
40
1489
13
32
5589
61
24
9427
3022
37
1551
1153
57
14
43381
13
43382
525
11601
44
107
5738
525
23888
27
119
17951
9
2033
61
129
750
463
464
4698
449
525
3398
13
36393
14
169
318
76
28389
1202
61
510
14
28573
57
525
22738
12795
17726
89
14
2060
18067
11905
185
207
27
842
2617
15631
43383
6498
703
515
24
4972
57
536
14
18067
11905
1185
43381
18
15856
13
1292
5303
9400
87
1687
45
4518
27
331
521
159
34
522
43384
43385
262
13231
43380
324
185
207
536
14
18067
11905
9
40
32
5589
1400
14
43381
44
4030
4089
5940
13
24
5092
5
2297
542
2
22754
13
10642
14
43386
11901
1816
262
13231
61
129
149
7734
76
5748
1202
23
1268
69
174
71
61
1770
536
14
18067
11905
35
744
69
700
71
5
99
100
8257
76
24
838
331
38694
1986
1308
45
4030
24
1479
57
1816
2119
27
119
1478
18067
43387
1099
278
100
14
3340
57
24
4091
43388
43381
515
3559
4089
5940
13
24
5092
5
1286
43389
57
1508
5092
27
331
579
3545
262
331
1312
7741
61
1508
5092
2290
45
107
644
13
14558
13
10642
14
4048
43386
27
331
3627
704
310
12470
12830
1204
27
2617
16003
43390
1520
536
14
43381
655
3108
13
444
36393
99
331
709
1426
185
23888
1185
1920
7741
27
331
13231
750
463
464
4698
449
525
3398
13
36393
35
4386
27
331
187
37
100
1533
11629
13
444
7734
24
169
227
1145
61
577
926
330
104
24
12012
3555
4450
2905
43391
23
5165
5166
27
331
1307
723
728
45
2235
183
61
183
711
27
187
37
144
834
8259
1001
27
143
1348
723
1028
183
818
1021
61
183
37
45
2298
820
331
13231
4042
515
926
87
33754
525
2051
185
24
11103
36
57
5985
13100
543
119
43380
13
442
622
2282
61
6331
515
28389
1436
525
829
13
614
24
824
27
43392
2051
262
119
9427
3022
330
262
331
187
37
100
1533
11629
13
444
7734
24
169
227
1145
331
13231
61
129
65
7764
13
525
1093
5748
23
3094
1268
61
1770
536
14
18067
11905
35
744
5
99
100
8257
76
24
838
27
1042
2179
43393
43380
5
622
9339
349
8182
24975
61
20079
6134
5
43394
43395
278
663
1129
14
43381
13
9400
122
2575
43396
27
3520
2510
61
902
37
9339
638
244
12780
18067
1986
27
871
278
100
536
4331
5911
2079
61
64
420
33
64
24
43397
9
1347
123
7741
27
13231
970
3283
23
334
23
4860
16012
1428
515
926
99
100
5121
452
76
525
23888
402
484
926
2859
2859
18067
1986
27
331
251
2347
494
495
628
149
750
628
44
604
444
7734
27
331
331
8341
1245
4047
750
846
24
1271
1017
61
502
87
1607
628
1545
13
278
707
3722
21108
61
331
926
12318
27
331
628
149
144
449
13
1018
515
1348
628
1142
133
628
149
7734
76
5748
27
331
246
119
17951
9
2033
87
5557
13
36393
525
169
318
76
28389
1202
246
13231
1770
18067
1986
35
744
5
6705
1734
18271
57
2151
536
14
43381


