8
13234
8
16
1398
6
0
364
2081
6
433
4884
29
100
5438
530
3
337
0
327
12777
6
75
38
154
11690
4884
3
5802
103
651
206
32
25282
17
5
35
64
9
10260
27829
14
445
84
88
1797
1
1638
29
763
2
1188
43
91
12076
31
35
1515
28
7766
45138
32002
0
433
2081
6
42
1729
1
173
651
10111
1
301
3
5
174
6
321
1909
2
135
22
92
10
100
205
530
14
7766
4166
4
17197
2515
0
759
6
651
7
1660
2423
2
135
3164
55
14
32003
199
23
15610
32004
1
4
12721
3632
4
5518
445
158
29
4752
1830
14
3568
651
2
45139
33
521
3
3178
0
11364
1830
6
10990
3002
8380
180
456
16166
2
45140
4092
31
456
16166
1
50
343
2941
25676
1
12778
4
4511
1
30
40
1440
3
651
4
664
1324
2
89
0
321
5163
1
1975
7
0
3307
6
0
577
4920
3182
1
4794
14
0
2528
2081
6
30623
4884
33
3451
5
12684
2
15
2144
6
178
1638
1
531
31
570
3245
15144
5014
1
28
0
422
6
665
20
1119
2004
1
395
16
35
32005
1
256
13
2930
31
5
1379
3536
14
4884
73
1665
433
4
1231
127
1324
1
4
14
20
1476
1
44
33
12597
2
35
360
1
0
16681
14
156
11690
7766
13
1161
182
80
2896
4
7
80
9996
13
100
879
45141
45142
1430
4884
33
13297
7
0
321
1
17
1717
1385
1834
20
72
45143
1261
1
22
0
1909
1
38
8600
0
530
4463
3
418
4884
173
32003
1
25677
9081
1
6959
2480
4
15890
2
65
245
6
913
1
9758
4
32006
2741
34
532
3
163
14
11690
4884
76
1611
651
759
1
44
22
2
360
1
261
2155
43
41
729
31
0
35
1451
9
45144
7
530
9
428
3720
1
45145
2672
5233
53
32007
51
2
25516
16
3049
22
25
13
100
879
1470
3
6376
1
20
1476
1
433
4884
107
100
1797
39
1820
125
32008
73
1048
2739
6
651
2007
5
501
245
6
32007
34
40
1091
55
3
1146
0
12355
6
11690
4884
1
22
0
1638
9
4
418
6
261
34
364
1735
3754
2
35
45146
31
45147
1064
9
32009
206
168
32
5
64
9
10260
45148
0
1909
395
2
35
982
16753
76
1
7
45149
53
363
0
9758
51
1
1850
23
3756
9
32009
62
9563
17
156
245
6
5658
6740
199
23
45150
45151
45152
1
62
11629
2941
193
1
2472
45153
4887
3664
3
35
4434
32010
2
32011
2741
34
958
14
410
10538
17
410
651
9
17652
32012
206
41
3876
0
222
152
3
5
1787
20504
2
35
101
725
1
5
20504
206
32
3693
17
2647
7
54
3152
4
1797
7
45154
22
0
1638
2
135
176
14
7766
875
43
35
1704
2319
3
18791
45155
4
45156
6
7400
2644
50
44
1969
6
91
32013
31
4119
3
0
642
1321
2
5791
206
61
6376
0
4884
44
1082
3
32
23
168
17552
23
77
9
0
9
3178
13722
2
35
982
6263
45157
0
252
11
1916
31
1909
4
394
694
3
3850
0
270
3
143
32014
3328
428
12
2685
530
17
2617
3
256
6
11690
4884
11
651
45158
0
1909
2756
2
2567
12442
1
6378
3909
6
0
1430
5538
45159
1755
1
50
4896
7766
7850
1
22
16
8
15
6959
4
14965
4884
1321
30
37
8349
585
6
234
715
4
31073
1
7
0
255
4
4363
2
8
26
3049
161
327
6
0
2081
6
32008
116
33
3451
5
8
12684
8
26
15610
32004
1
12721
3632
4
5518
445
158
3568
651
1
301
3
774


