1754
122
94
884
7
53657
8514
53658
1
28
0
1496
34958
34959
4
28
4586
2168
47
102
704
7
32936
1
44
33
2673
7
3887
1363
6952
7
11855
11950
1
53659
4
2176
9
49
83
1246
2
135
33
158
1489
49
53660
1
113
0
27906
2845
1104
242
1
3
9512
88
80
23
44
9433
69
0
403
2
135
33
37
18044
2530
6
6522
22645
1
696
323
31
5
3452
3
32
1517
20
37
2478
26772
2
18799
33
412
86
0
118
152
3
32
196
6
0
163
13
3
3986
94
11
0
189
1221
453
64
230
28
34958
34959
453
49
162
0
264
4
69
1739
2
1343
297
94
3
718
4586
2168
1045
103
19
2019
120
550
33744
16
4586
2168
13
1444
5
1793
20
353
370
23
2004
5706
494
107
191
472
3
5
130
1
211
4
284
1
42
2599
3363
1980
0
1701
6
64
266
1
5970
0
424
4
0
1517
16
2004
5706
4
2168
2
2168
13
1444
5
1793
323
7
3887
1363
6952
23
5706
494
107
2
294
16709
22316
1
0
5919
353
370
1426
1
395
16
35
294
7
4171
1
7
2599
60
33
300
350
11
54
130
3
1800
282
2
281
2599
313
1
0
75
46
4172
59
17
53661
241
112
41
44
46
355
59
5
4172
6
53662
191
25
30
40
5
3999
353
370
86
416
11
0
172
47
3007
561
2
2168
1091
0
174
162
0
304
241
21
1646
0
3616
5495
127
5257
7
0
81
598
241
21
10
31
416
0
148
6407
561
127
6564
7
0
1636
9
3132
241
31
0
2335
9
368
1
609
1
21
592
34466
1
32145
4
1129
3
1005
194
1658
3
0
174
2
53663
16
2168
1
93
1
2299
0
873
120
5
550
1932
7
53664
1
339
31427
31428
35
581
118
1681
13
14
0
4497
13
4588
1
45
7
0
368
229
66
73
41
32
53665
22
5706
6
19
13397
2
35
52
1994
1190
14
2
1544
112
21
254
141
2277
1
21
46
32
0
237
7
0
172
1
79
0
23918
2168
30
34
5
236
11668
31
5
6674
709
20
1293
2
52
254
41
233
3
29
0
1658
1080
21
4359
5
333
82
320
56
5662
6440
4005
59
3
8037
3
1293
47
10345
229
2
2307
21
30
40
5
410
561
1
3694
8624
1
699
85
23
0
53666
653
854
1
4
30
10581
4838
2
15
2335
9
368
127
3486
10
545
7
450
2896
11
0
2599
174
2
135
34
13792
49
12
0
415
6
0
229
3
2287
546
14
6522
4688
16709
3974
34
239
7
5
195
862
7
8714
6970
0
166
90
2
3974
692
169
6
0
1086
4
158
1305
5
1589
6197
17
2168
7
1293
56
0
561
10
170
5
2791
6160
2
53667
17
5
5886
16
563
2599
1843
17
5
8118
6
0
353
370
12
12300
1896
7
3887
590
22316
1
609
1
253
194
15645
12
54
130
2
35
1978
73
60
1349
5
4675
174
218
1978
73
60
13466
5975
218
1978
73
60
143
49
11
0
1521
6
7397
1
0
1521
6
731
218
5223
98
1
0
2174
3
80
261
1294
30
40
7
54
130
16
53668
395
22316
39
0
304
2557
2
35
89
0
540
14
53669
34960
4
30083
0
172
1
53670
0
449
1
38
13
450
3
1524
14
0
174
13
67
4826
374
3923
1
3
1014
67
2879
4
8148
49
376
2
35
281
0
449
73
124
5
14501
2227
508
168
1
123
21
73
29
1697
7
0
174
699
85
9581
1371
11
0
4198
28
0
53671
3332
11
25
16
2599
476
1247
7
5
1568
39
2673
7
3887
11
0
353
370
368
387
449
1
1401
30970
1
30
53672
49
19
174
31
2907
7
2637
53673
1328
12407
20499
1
50
30
696
2418
3853
3562
3
0
621
9
49
2
53674
53675
30
40
5
25495
3076
20
0
99
4
629
53676
1
1328
59
1
5
8699
22014
3076
2
89
25
13
170
2168
38
53677
48
2599
174
28
91
7828
5
205
54
3
1168
353
370
4961
1
1225
7
0
623
3874
6
4489
7091
3245
4
0
2588
2486
6
3487
2863
2
35
52
4896
1711
134
153
6
136
5021
53678
22
11844
27034
1
0
4849
353
370
9
901
1286
2
35
52
73
6220
0
525
7
79
54
200
2
1544
609
0
8956
73
1014
67
837
1
2599
5236
0
2108
6
248
2168
1
50
0
8956
53679
4976
16
6522
476
17
5
2220
6
2004
5706
12
12300
2107
387
22
1
27034
30
61
1292
1089
17
0
3832
243
6
8333
1
12640
0
912
6
0
4810
2599
225
2
35
1544
39
5
849
236
17
1293
1
3923
574
55
3
32
0
130
20
0
353
53680
22
4010
53681
1
27034
47
3704
854
7
14
4849
353
370
313
2
35
52
1351
141
32
344
3
84
25
1054
1
45
24
659
662
21
46
163
19
237
745
7
0
368
229
2
52
13
53682
657
2028
9826
5632
14
2168
13
20
19
1702
4804
323
1
21
18660
14
158
112
41
20
639
134
153
21
76
170
14983
1089
2
246
809
12172
30529
1418
5706
7
42
353
370
1636
9
368
7
5919
1
301
3
9826
2
35
53683
1
66
183
110
66
929
49
127
16
5
14453
53684
22
9826
2
35
221
10
5
1299
112
21
53
5706
51
34
5
849
132
123
66
858
213
272
5
880
2
24
659
662
25
58
32
0
222
98
112
66
545
127
2168
62
5024
3081
2
135
2277
5
616
5
229
2
35
15
8956
46
183
14
4
24
659
662
44
1994
143
678
11
14
1
45
25
47
504
3
586
212
1600
571
11
552
2
89
56
24
233
20
59
20
0
638
1
24
181
21
47
810
1472
3
53685
32260
16
2599
4
1739
476
53
1839
51
2383
13275
12
12300
2107
12
377
5446
2168
30
617
511
1107
32
497
3
0
368
3
17384
0
2615
6
34960
2
57
13
17267
14
0
8956
1
1414
15189
7
1870
4
2335
9
15189
7
1570
4
468
1
29
4812
274
1023
323
17
37
23959
1378
6
12823
2
590
48
2662
6
1036
335
1
118
1023
209
46
2074
5
431
168
617
2
135
46
41
2005
216
15183
2002
2
35
11390
39
5
691
9
275
1023
66
58
32
228
33861
22
671
47
17588
21878
262
0
2335
9
368
127
1739
2
35
89
60
43
80
19066
2
2007
0
368
3916
3
282
98
4
14
496
94
3
901
62
53686
144
4615
1
2599
43
23046
158
3
313
42
1636
9
368
1
3242
110
44
5689
23
5
3165
20828
6
41
371
0
81
146
2
7468
42
2335
9
368
10
5
1895
67
10071
85
1089
47
1
45
25
30
9745
5
23867
6
17443
7
2599
1
7869
0
6125
12
3887
2
21690
16
2599
476
5509
12
12300
2107
12
377
515
6
0
353
370
368
20499
1002
6
19
7122
7868
2234
4432
0
368
2
6267
25440
10
12172
53687
2
35
104
33
79
54
305
1439
28
1975
12321
683
11
136
23903
21
22
2
35
57
47
504
3
2832
4
48
13
5
2555
15633
6654
25
13
1107
0
2089
7
129
32098
4
12303
17199
3809
784
1
45
0
53688
29
40
25577
67
28356
2
89
98
14
0
33440
5631
33
323
1
92
13
118
54
768
53689
2
191
14
817
54
130
46
3053
0
2267
2
1544
22316
1
38
25633
0
31859
6
0
174
748
0
1845
1
445
20846
14
2
5758
3
0
353
370
21
10
348
38
10
0
237
561
7
0
172
4
1
6
733
1
4069
2168
2
191
38
47
0
200
237
1
21
10
348
218
35
2168
53690
21
2605
2
26
2599
476
29
40
2673
7
3887
31
953
1
11855
1144
4
195
26
4586
2168
13
1444
5
1793
20
353
370
23
2004
5706
494
107
26
57
30
40
5
3999
353
370
86
416
11
0
172
47
3007
561


