2165
11121
14776
2823
5990
0
4016
6
0
652
18
235
431
7
37
772
12
2618
441
18
25437
1238
15
11576
6
749
2618
463
30
2410
6423
11672
4
327
7997
8359
1178
30
383
67
4614
23
5
768
2
2165
11121
14776
2823
5990
0
4016
6
0
652
18
235
431
7
37
772
12
2618
441
18
25437
1238
2
68
11121
10
348
63
1486
3
1454
8359
1178
3729
77
0
81
384
82
2
52
22
16
8
281
66
233
99
20
0
9130
21434
53
0
1504
540
11
2618
463
51
1
44
43
2907
232
2099
3
5
3744
2379
2627
45
44
76
6376
14
42
2627
692
850
2
8
135
107
41
252
3
29
0
6314
4
13245
6
8359
1178
1159
3
88
2
8
15
1964
2627
445
41
32
497
0
222
1864
7
1178
7
164
23
44
445
29
617
5
333
82
320
133
41
11643
86
1
5109
2
8
104
29
3
2505
1005
67
6666
4
6717
11
926
2
8
57
18
41
10637
0
2104
1
25
18
41
371
0
2167
1951
2
57
18
63
129
60
1517
25
2
8
68
11121
1
38
268
409
10
782
1074
6
8889
1153
246
1
176
16
8
24
354
92
33
410
1678
3
1203
75
69
1178
2
8
221
18
0
6495
18707
152
1
4
44
352
128
205
20
14
2
8
104
893
32
10670
67
879
2058
4
2418
2911
6
44281
1
4
60
61
987
0
2971
410
7377
6
1178
4
0
6084
8243
1391
2
8
15
652
30
40
603
6
8
25438
94
8
7
0
424
1
1225
39
5
1221
7
411
3
143
25
67
8
14581
8
3
5
13022
2627
2
674
70
68
11121
18
8344
2978
2200
53
748
51
3268
23
8
1046
12571
8
327
14
0
652
10
25438
94
861
79
64
341
10105
1
2618
463
13
0
568
9356
9
3
6
0
749
18
1248
3656
2
674
70
68
11121
18
8344
2978
2200
3268
23
8
1046
12571
8
327
14
0
652
10
25438
94
4
22
92
43
12010
5768
197
0
3656
2
52
22
16
8
24
79
84
74
3976
25
20
80
2
10567
60
84
391
9
6314
218
104
84
74
2
8
104
29
74
34
5
2804
163
11
5
189
1
189
71
2
308
84
1487
54
15868
1836
12
0
3237
163
4541
5
1442
6
1178
453
14
18
41
1939
5
391
9
7
2
788
25
18
1046
12571
2
8
26
2165
11121
14776
2823
5990
0
4016
6
0
652
18
235
431
26
4460
348
63
1486
3
8359
1178
3729
77
384
82
26
8060
8
1964
2627
445
41
32
497
222
1864
558
7
164
8


