144
375
18946
246
46
32
4729
748
42
730
112
44
1499
0
353
370
2335
9
3132
1
301
3
179
1722
4945
854
2028
9826
2
15
7746
6
0
1022
1227
890
2611
2724
18
266
29
100
880
6
24634
7
1739
4
14
371
0
81
398
58
3932
1216
2
9826
61
2965
0
179
5534
814
171
1364
12
8
13271
3630
8
1
699
85
0
7853
6
5218
7
407
1249
2
24646
16
749
353
370
2422
2028
9826
53
439
28
93
51
890
246
29
100
880
6
901
48
535
18
1706
1529
594
16
9826
890
2611
2724
171
154
247
335
109
3902
7885
3
0
353
370
52
22
16
8
104
233
7
5
194
419
242
85
60
107
231
187
320
1
45
716
18
32
5134
2
8
281
60
124
3
0
1636
9
3132
1
14
46
32
5
128
205
1921
1
112
60
124
557
85
14
1
60
46
32
4729
748
42
730
2
8
15
1105
33
41
4035
23
25
18
42
2025
45
100
846
174
30
413
0
353
370
7
407
1249
2
8
25019
16
246
1394
2160
4657
445
29
385
3
161
63
9826
18
776
685
30113
16
9826
890
2724
30
840
124
246
69
194
419
1705
77
0
81
231
187
26
2028
9826
890
246
1351
74
313
48
535
18
353
370
7
1739
26
15
7746
6
0
1022
2422
890
4432
0
1636
9
3132
58
32
5
205
1921
26
9826
931
2611
2724
3
154
247
335
7
246
18
16614
1086


