2036
429
57
14
30327
5802
129
7983
10850
47
13
4846
634
104
14
1330
1409
276
2325
35
2356
57
122
1025
104
4033
57
54
18849
10543
27
6574
30328
61
2591
61
87
330
13
278
184
14
1687
30329
30330
104
30331
23
502
272
64
635
64
493
288
15196
13
1406
64
3096
64
358
44
61
6760
358
105
100
5270
27
5340
24
429
689
133
61
405
288
5217
27
10880
57
24
30332
20177
57
24
23218
953
64
24
2366
57
54
17233
497
3466
1671
27
30328
61
324
76
54
715
11472
61
1745
3383
104
14
2572
11054
35
751
64
4901
9050
288
26367
13
3911
14
20925
4567
14848
1057
2172
57
5728
3224
57
3206
272
4533
33
13
2336
119
10042
7199
331
1306
1025
331
23
21752
30333
61
1656
61
129
149
104
14
276
575
24
24440
5802
3366
23
30334
27
579
330
262
331
187
912
818
5993
61
5
183
912
24
55
227
575
628
2342
648
13
2208
64
14
730
628
1835
7765
1284
361
14
30335
579
330
926
15511
30328
64
361
14
331
4369
61
8209
1150
57
2913
331
61
40
515
525
5786
486
2
276
1094
6737
13
1347
4081
449
24
5815
358
288
54
5284
27
30336
262
1178
4901
11179
3283
24
2366
57
30328
37
10938
1145
24
1146
4901
6460
330
1533
1284
1469
3027
5284
105
799
2237
647
2108
5145
1671
515
24
477
3607
105
319
520
57
3383
6882
47
13
4846
5104
403
2
24
8757
30337
4450
293
23
8197
123
415
1553
3609
1411
427
5
1268
27
119
9875
3224
30338
272
1519
493
13
3970
104
24
5396
276
61
575
215
3759
2079
5
19718
5
11
1553
13
6196
61
30339
5
30334
27
1843
1114
272
61
129
663
3469
13
107
14903
1185
10776
1348
24
10679
510
513
61
288
324
2
622
1376
215
3366
23
123
14
4388
1915
1949
18020
104
493
3607
5396
1376
23
363
2846
27
30337
4450
293
61
502
87
12358
91
30340
5
2734
18899
61
99
30341
429
5
1517
1388
57
1389
12970
14
506
27
30328
2101
8955
104
14
11054
23
24
2572
35
751
64
24
4901
288
26367
13
3911
14
20925
4567
14848
1057
24
5728
3224
57
3206
272
4533
33
13
2336
27
119
571
57
316
939
14
6514
89
54
2316
316
1267
58
30342
515
215
105
10850
634
5911
54
562
2590
5104
7985
27
1707
147
3068
6492
2
54
1389
23156
5665
23
30343
30344
61
7784
941
61
575
215
87
4927
13
278
2072
1581
3580
57
5104
7985
27
1420
30333
61
1094
14
4849
24494
393
23
941
61
149
2978
1348
926
15545
104
24
8757
2545
9
5779
5396
276
30345
30346
30347
23
14032
575
525
571
149
1950
34
4965
2804
30348
27
579
750
1839
1840
24
10042
449
24
965
3607
2079
5
19718
5802
105
799
64
14
1687
1306
30349
27
187
99
100
3138
30328
516
30350
12550
30351
89
30352
30353
5
3076
542
13
54
429
251
791
393
3759
91
30328
104
24
30354
4450
293
23
19146
23
24
8887
61
129
638
45
1028
13
107
901
61
750
24
464
926
44
45
30355
24
1687
2508
30356
76
24
181
9350
1094
3283
27
5898
14
1611
2255
57
316
61
552
3899
760
285
185
1793
276
1553
76
30328
61
330
215
1129
13
620
133
30352
30353
5
3204
429
515
358
44
107
24
68
5241
23
54
30331
679
1222
358
2048
24
30329
4474
27
119
2255
61
129
638
45
9146
13
107
1324
61
330
215
1687
20065
429
5
448
262
1687
119
634
516
193
1145
5
288
2104
30357
27
396
516
3204
542
13
738
5
215
516
5189
54
620
13
56
24
4474
27
30358
24
494
61
5
24
9947
262
6574
30328
61
324
61
2101
8955
58
7983
30342
13
10678
635
634
331
707
1016
562
331
1687
1331
24
55
32
129
105
24
30352
61
24
5138
47
358
516
107
23
24
679
5
818
185
27
396
516
278
100
644
13
10066
24
30357
757
61
1675
47
24
4309
5
30350
183
23
24
30359
119
2255
149
625
14
549
57
30328
5
54
715
11472
61
12164
61
129
87
24
7164
3608
57
24
5828
5717
57
4450
17293
27
1178
4901
11179
8514
91
24
463
464
2057
834
215
22018
24
4325
91
227
5
1845
23
26139
185
14
20925
4567
14848
4039
1687
24333
30360
61
1687
2996
2997
30360
5
1687
12077
30360
5
1687
5924
30361
27
119
3751
1520
262
1687
3779
3224
30362
366
14925
23
1356
3752
57
30363
820
119
366
14925
3235
13
107
10776
61
14903
1185
3633
30364
30328
61
129
174
30337
4450
35
506
61
149
503
433
58
14
30365
104
14
276
215
4534
13
23
25720
7673
14
4567
14848
1057
24
7084
3224
27
579
149
3931
40
147
689
24
20925
14848
13
10893
104
24
3607
293
23
30366
61
129
8279
30328
58
28618
54
620
23
24
3224
27
30328
3759
104
24
8757
1389
30367
9
506
30337
4450
293
23
8197
61
941
61
324
61
700
47
641
35
506
162
24890
61
655
1241
34
14
18020
5780
61
30328
149
561
34
1298
1267
58
7568
3253
13
10678
634
104
14
2239
8766
575
215
149
1950
64
334
18017
23
2097
27
396
149
4700
13
5676
64
14
3219
5675
34
562
61
40
58
30368
2
3788
23
17975
4942
13
1862
24
5676
27
162
1972
334
1614
2401
105
7176
57
14
21076
23
274
30369
3774
104
30337
4450
61
40
909
1172
30370
61
10053
57
24
30371
330
1671
515
183
149
1687
30372
23
30328
912
501
64
215
149
45
185
24
3219
5675
912
5676
27
909
1172
330
646
105
604
100
14
8555
75
30328
61
637
646
149
32
315
575
14
627
149
3233
185
14
2158
5
30328
510
24
627
89
54
1547
13
2391
58
158
27
251
276
643
19310
1142
1687
455
30373
27
246
6574
30328
61
2591
61
7983
10850
47
13
4846
634
104
1330
1409
276
246
7013
953
171
158
17454
429
185
1553
2
427
9
1268
246
305
24
227
215
149
14
5802
104
30337
4450
293
23
941
246
2226
2356
791
429
2325
57
122
1025
104
24
10042


