3410
1096
481
3352
4
2416
8755
530
6
5
2402
284
345
762
3606
1
607
758
2
15
932
1202
9
49
30
40
364
79
230
39
25
1172
0
762
6
12130
995
219
42805
11
598
82
2
6015
33
22
3
29
1122
5
2980
12
0
704
18
247
75
18
451
528
4
3352
739
45
0
985
6
819
1
3264
1
4
9029
1000
14
58
29
6060
3
5
5716
365
7
2649
1
15
1143
364
2
297
94
11
167
17678
9
49
218
1153
694
33
22
3
29
3352
985
14
58
29
3254
0
16593
7
2649
15
1206
950
365
12
0
407
1810
704
30
602
3
32
933
2
15
1448
46
6623
906
12
694
173
16350
126
47
825
782
8563
11842
1
38
10
170
3636
3
7968
81
166
480
6934
530
6
27
3217
12627
120
5
894
6
2894
4
3838
284
762
2
1217
178
187
320
36
1155
14
35
5
1378
6
42806
10
735
63
0
863
2
1544
39
418
2184
607
69
0
1096
47
2002
3
465
17
284
762
1
271
11842
78
0
3410
30736
1759
3370
14
36
107
41
188
25
3
1364
3971
12
284
762
2
5199
6
5
935
7
359
48
70
163
36
35
42807
14
0
1096
1
637
825
4
106
35
252
3
6874
5
1378
6
25018
17
5089
3
284
707
42808
2
271
11842
1
38
8937
72
30896
5
70
1
22
0
1092
116
49
79
35
14935
134
153
6
30954
147
7
42809
1
1453
16
35
1100
25
13
5
128
650
1092
1
284
6172
13
5
194
67
1710
863
7
0
30955
1953
3981
4607
47
365
22
16
35
139
13
41
37
2890
827
11
1113
4457
3
42810
25019
1295
16
8563
11842
78
5
935
14
3256
252
3
8
6874
5
1378
6
25018
8
17
10658
3
0
3838
345
762
3606
7
3410
14
17268
598
82
89
7
5
15547
565
81
166
1
271
11842
22
0
365
115
0
1096
116
35
536
4
1710
42811
182
27
3021
2
96
22
16
35
2838
148
75
1
24
474
11545
20
0
2894
3675
50
169
6
136
247
75
219
162
1
4
24
1985
95
11366
12388
3
217
38
43
716
94
31
136
825
558
57
12096
5990
110
219
821
1
4
92
33
1107
100
7735
2
35
982
33
128
717
278
4
60
252
80
6
0
702
4
1650
60
73
934
3
1980
2
35
15
237
152
24
73
2129
95
2267
13
3
1221
653
0
365
47
4985
1
4
143
662
247
75
7
3410
33
158
28649
271
11842
47
8344
1
42812
6247
1
397
490
148
1113
481
58
29
330
6
0
2698
6
0
762
2
570
6247
1
38
98
926
7
440
1
22
36
10
12376
56
36
1050
0
5219
7
1557
2
96
22
16
35
104
692
92
43
169
126
7
0
643
20
759
4
2888
14
48
10
0
3111
6
37
42813
96
490
0
42814
1106
34
40
14
762
819
43
35
24412
2873
7
19713
30956
2
15
1206
7422
10925
3260
30
2460
271
11842
11
7192
3542
6
21041
23
5
35
42815
4177
133
50
25
115
10
6815
3
2840
11
37
25020
1521
6
3772
2
629
42816
1
782
1074
6
3410
1153
1
81
166
805
3
7240
271
11842
2
52
22
16
35
3981
4607
30
116
25
128
536
3
121
7
27
365
14
8563
11842
13
196
6
0
3966
7
8618
419
30957
26
1153
694
8
1122
2980
12
2291
451
515
6
2649
365
8
26
8
42817
739
45
985
6
762
819
1
932
6352
4
1000
8
26
1759
18
825
782
8563
11842
170
805
3
7968
12
470
26
96
1155
14
8
5
1378
6
25018
8
10
735
63
0
762
26
8060
3410
1153
116
8
536
7150
8
182
27
3021


