258
1683
16949
261
262
9455
264
61
2778
891
558
268
269
262
18862
264
61
2778
891
558
47302
32883
2
47303
61
47304
23
6785
61
99
1949
494
3108
13
5676
525
12490
40
1099
107
441
13
738
13
2959
13
1018
818
251
893
129
99
1910
23
6785
647
525
1611
485
4534
2
1747
2604
1348
926
149
1413
87
2050
13
2959
13
3382
926
22238
9
58
2189
525
7764
16800
30049
47302
32883
61
666
61
149
3132
23
1747
2604
58
525
448
105
24323
27
691
4634
13
24
1428
1533
1284
1011
494
495
40
926
718
45
223
61
738
185
2176
3609
61
9375
34
14
1914
8009
1185
738
13
3733
58
2189
525
7764
16800
145
494
495
27
579
99
978
23
250
13
5676
525
12490
40
6688
2918
948
5
24
4895
57
1747
2604
151
2496
525
646
87
709
2805
1264
57
525
7764
27
1420
32883
61
57
47303
61
1202
47304
61
1347
978
13
6849
24
320
575
926
149
3132
40
13
525
127
1142
183
105
100
5696
159
5
24
2960
4534
1185
769
27
119
5744
11459
1506
24
3165
9
2033
61
129
3119
13
1344
13919
104
3733
61
87
663
1103
13
6994
402
9
4522
4501
3
26069
61
2265
27
1042
26444
2326
99
174
525
10021
448
7630
61
2310
61
334
17896
17438
61
5
2495
4586
61
12414
61
7630
912
1751
9
227
26678
61
5557
13
2002
525
27
1773
57
31501
61
926
598
13
24
3463
5856
35
506
61
552
2964
3863
13
6823
525
952
185
13
24
6688
2918
27
842
1420
32883
330
926
99
100
174
2241
14
321
1832
5
373
99
525
562
185
6314
27
119
503
3092
174
13
525
1094
87
13
9829
24
943
57
47305
23
23205
515
926
87
12831
2275
13
525
2255
61
5
10664
8997
14
1611
11644
27
119
34318
7658
61
129
87
23
6307
76
10662
61
330
262
1687
628
2357
11320
5
6725
27
1687
628
2357
1611
27
628
2191
13
278
100
3132
23
1747
2604
40
628
278
1910
23
6785
837
707
6922
562
61
40
15640
183
1130
13
107
14
2536
27
1687
628
598
13
1543
5199
5
54
6209
10479
515
926
516
6823
183
185
13
24
6688
2918
61
40
515
149
454
495
5
628
2342
944
455
27
1687
628
1028
13
223
5
738
13
3733
5
2002
2208
40
628
847
1013
27
628
825
1018
2210
183
1410
5
1222
628
278
13
738
13
2959
13
3382
628
6043
935
515
912
496
628
4997
23599
47302
149
3132
23
1747
2604
58
525
10021
2343
5
2495
2114
13
47306
40
24
485
4634
13
6785
1348
926
149
1413
27
1420
32883
61
666
61
87
1103
13
6994
525
402
9
4522
4501
3
26069
61
2265
61
2241
525
13365
61
1185
1347
761
76
158
2241
14
1086
13
2002
2151
1042
469
39344
61
2154
61
5
2179
3420
61
1656
61
365
278
122
7764
31537
5
369
12005
13
223
61
655
1420
32883
912
149
769
23
14
1563
1454
1348
926
149
2213
27
1877
935
926
5
525
448
278
978
23
250
13
2073
159
24
15706
2418
57
2886
61
502
99
2182
525
2
1927
14
13365
5
5194
3609
185
2176
27
1420
32883
184
159
398
9
227
693
641
926
4634
13
3788
360
494
495
27
842
1348
926
9719
13
24
1956
57
24
1202
57
6785
13
1344
13919
926
149
747
64
926
638
45
278
24
31194
27
1042
15049
3398
99
11
525
13
27553
47307
5943
47308
61
791
1202
47304
3817
259
47309
61
24
6688
2918
5
24
1747
2787
4931
23
941
27
842
18747
274
44
532
709
1264
57
525
7764
5
1391
525
33
13
24
1611
8058
27
1178
1761
13
9375
34
47310
149
747
652
926
87
45
5457
334
15464
27
1420
32883
359
262
1687
628
278
14070
100
750
628
1018
1013
6043
27
1687
628
278
19970
818
3096
607
18
237
27
628
144
1028
13
761
14
2360
562
27
1687
628
278
100
4485
13
24
13365
2964
2
24
4006
738
5
358
278
750
846
646
87
709
222
11987
652
4774
628
1018
1013
6043
27
2136
64
14
316
9
506
9
2033
61
174
61
23
8907
76
525
508
469
39344
655
2797
23
1747
2604
575
926
149
3132
1687
187
912
4530
27
628
144
1028
24
4895
13
6985
707
7764
818
628
718
1018
704
24
1022
515
421
2359
1410
34
12427
27
1687
187
912
45
613
185
707
448
27
628
1028
13
1454
23
76
707
4501
40
610
847
1013
3234
13
652
215
1308
1013
10903
1487
13
2002
846
27
1687
628
7056
574
34
3225
13
1018
24
27570
1017
40
183
87
704
628
718
1018
27
628
1028
13
10903
707
47311
5998
7630
330
262
1687
119
4929
2831
107
605
525
9818
13
761
641
183
87
16524
27
1687
1007
129
1454
109
2
622
2846
369
4039
61
40
707
1093
61
129
87
10021
61
87
1013
27
1687
187
1130
926
99
8896
3079
1284
421
2359
5
183
912
45
47312
11772
39541
61
334
8329
3509
104
10021
3802
3952
39541
5
1570
61
330
24
503
3092
174
87
13
9375
34
14
21826
57
41431
104
24
943
57
47305
27
1687
47302
912
2343
516
278
13
3382
13
24
2959
515
47302
87
525
1093
2590
14
7685
4090
5
2
515
47302
912
13120
87
47313
61
652
525
2343
87
47314
251
1609
34
24
13886
5
47315
329
330
262
1687
569
610
20541
76
665
32883
912
4918
61
24
13886
5
47315
329
718
503
1190
1611
19396
13
1611
11638
27
1687
408
369
9558
5542
13
442
525
5736
11971
14275
5434
1348
926
16313
34
525
47316
246
47302
32883
61
666
61
149
3132
23
1747
2604
13
1611
448
5
4534
13
6785
1348
926
149
1413
246
4338
2189
525
7764
16800
24
6688
2918
99
330
646
87
709
2805
1264
57
525
12490
5
99
747
13
1104
926
87
14
1611
11644
246
47317
4556
34
17255
9
349
14
1392
13
3463
5856
1543
5199
9
278
4942
5
926
87
1094
3020
3477
24
1190
13
2959


