65
8031
442
290
30
3430
7
5
111
3031
167
50
332
27
7724
3030
7
27
631
102
23
27
1970
16008
27
12563
4
2744
14
36
171
32
7
25464
2
4187
18718
20665
13
79
77
5
70
83
9
4
36
2526
3
2053
2
96
87
1691
5
15985
11
2083
31682
4
123
36
492
3050
7
1076
27
948
4
3030
2
4187
18718
18
6781
6566
24653
7
0
44379
167
4
36
1181
3
1659
0
2685
44
143
23
36
4666
44380
1391
0
167
2
4187
290
18718
20665
13
5
1492
305
3964
4
36
7767
27
12563
7
0
167
9137
7
79
5
31683
4
27
2381
6566
24653
1
442
18718
1687
12330
27
948
4
7795
13331
23
36
44381
27
152
140
27
102
2
15
6275
61
1181
3
1659
0
8913
4388
36
750
23
36
3034
197
5
44382
3384
898
4
5
30892
1491
2
15
5389
6275
13
4009
3
402
3030
31
27
44383
244
38
18100
27
7013
12563
4
123
131
16
8
2670
3030
30603
1
66
500
125
25464
218
8
527
44384
4
8864
11
0
4388
4
11
0
2192
33
10607
18718
9031
27
1673
4
10971
27
1942
23
36
30
1374
3030
7
376
6
27
18674
244
15
54
70
9
83
61
25082
5
44385
120
27
8338
3030
3810
26
18719
19912
4
13331
11
0
6725
6
0
167
23
27
1970
3978
26
238
70
9
83
442
87
309
2083
31682
90
36
658
2053
26
8853
244
131
1559
25464


