144
1736
17623
11
1112
6843
37795
2978
2084
18
2189
4701
127
17450
15721
7
0
631
1420
1636
9
3132
696
55
0
3216
20
28506
9611
2
155
331
1541
8230
393
7827
2003
116
0
148
6
248
54
6
3608
8
1661
19924
12
19
9968
31
4154
0
178
9
207
10134
17
19
1028
7544
17624
2
15
179
671
854
1
38
37796
28507
1729
1328
2084
1
1436
23
19
10013
15721
3243
184
5
64
9
207
667
7
5
2781
1111
12
470
1152
2
1343
297
94
3
718
2084
7545
15721
6041
3514
5
3249
16
155
331
1541
8230
854
7827
2003
53
93
51
4390
5
3129
17
1028
7544
17624
6965
184
16
2003
829
5772
23
1770
4617
6693
9409
227
28508
9
1194
19982
37797
16
2003
4
17624
1436
23
2084
224
28
64
2180
94
3
1499
0
631
1420
2335
9
3132
9387
16
2084
1904
39
37798
17450
15721
7
178
2180
12
506
1152
1343
2084
7545
15721
6041
2003
532
3
32
2691
430
17
17624
1
38
13
5
19983
797
1
45
0
584
592
5772
56
1770
4617
6693
3501
7
5
9417
5886
17
227
28508
9
1194
19982
7
376
6
59
2
2003
10
74
0
118
1550
393
7
0
1730
1
17
513
19984
11497
12327
61
7
4561
3
718
2084
1499
0
2335
9
3132
7
155
331
2
12327
1
38
13
0
1028
6
5337
2869
1
158
1680
3
2596
5
873
312
69
0
2050
31
2084
1
45
7471
34
25
2459
55
6
27
14198
2
28509
13071
15876
4
2775
10135
1
3033
6
6680
1518
1
43
61
137
20
0
12268
4182
916
3608
528
2
7753
103
16
23347
11497
12327
1
38
13
0
1028
6
5337
2869
1
3978
0
684
13284
788
373
307
12327
472
23348
5
873
312
31
2084
69
0
1730
39
19
1023
28510
14423
16
28509
13071
15876
53
200
28
122
1
99
51
10
61
7
4561
26
2978
2084
224
28
64
2180
94
3
1499
0
631
1420
2335
9
3132
26
155
331
1541
8230
393
7827
2003
10
7
4561
26
15
179
671
854
10
17
797
1028
7544
17624
26
23347
11497
12327
61
7
4561
20
28506
9611
26
7875
4617
6693
4
19985
13071
15876
234
1436
0
525


