258
17466
20706
5
16085
56374
261
262
37007
264
61
1114
4824
558
268
269
262
56375
264
61
1114
4824
558
119
544
57
14
3357
9
2033
34318
14452
5285
2
8230
129
99
100
500
647
1372
3469
185
14
11860
11861
12090
1490
61
24
4117
53941
2916
2917
912
2918
330
27
119
544
57
40363
24248
149
5562
88
2
2276
4855
5
359
13
24
1490
56376
61
2387
33276
3668
330
27
119
6428
6470
515
24
730
23
24
467
149
24
13620
12090
61
40
3668
330
515
3820
149
1610
45
602
27
577
408
278
709
4121
515
1436
24
3820
515
926
37
23
11860
11861
61
577
215
330
27
10856
1015
13
24
643
330
515
2403
288
53
13
24
346
717
23
24
30603
61
5
485
273
383
515
24
10489
57
24
893
129
10900
24
1724
638
45
112
24248
331
27
187
87
45
18298
34
44034
13
1153
15157
520
57
729
2282
23
122
24039
5
56377
2786
23
876
13
29258
3027
10719
61
3668
330
27
30827
262
251
544
57
500
40363
24248
61
1526
61
3469
185
14
11860
11861
12090
1490
40
642
330
515
1420
56378
638
45
5016
24
467
251
544
57
500
2889
40363
24248
99
3469
185
14
11860
11861
12090
1490
27
119
467
57
24
3357
9
2033
34318
5285
3469
185
56376
40
642
330
24
544
149
319
2
2276
4855
5
515
1420
24248
638
45
5016
183
27
119
13063
6470
515
24
730
324
149
24
13620
12090
27
842
1348
355
289
334
19042
2956
346
61
273
57
1420
56379
37
485
383
183
149
45
525
10489
185
24
622
1029
57
24
2956
27
1707
1330
24
1713
34
24
5285
330
515
1400
926
149
23
18905
288
54690
27
4117
53941
2916
2917
37
2387
33276
3668
750
7142
1840
515
22527
5
44034
1502
1153
15157
520
88
2
24
13360
13
17585
4166
27
396
330
262
331
408
278
709
4121
515
1436
24
3820
515
926
37
23
11860
11861
27
331
579
285
500
58
1775
525
8230
2902
82
185
1372
2779
5
149
35
719
76
14
8276
9
10549
893
129
8001
1014
1099
278
1366
449
24
635
893
37
8426
27
4117
53941
2916
2917
37
2918
1195
289
24
501
2398
5
330
515
1420
24248
1099
278
100
9293
91
334
6348
1185
1060
3091
358
44
321
525
9134
1915
27
1707
369
648
13
278
7272
32
893
129
8409
76
1420
24248
40
278
45
278
45
407
525
3584
27
691
369
373
537
34
169
893
27
521
159
34
522
45702
5285
262
1707
289
14
346
2275
13
24
13063
40
1420
56378
37
485
330
24
10489
149
45
4661
331
2015
1222
237
635
17058
99
709
1366
61
144
24
3334
1217
515
926
44
3204
703
834
358
14077
61
496
525
36565
720
2290
278
100
61
44
107
80
61
331
2387
33276
3668
1195
750
11613
1840
27
1707
369
663
3621
14
169
8398
129
358
330
1277
76
24248
61
1204
358
516
45
7435
185
24
1992
57
122
7316
1185
21313
57
122
6849
27
13367
262
1707
23
8230
377
183
87
331
2236
56380
331
34
40363
24248
45
13
107
23
6849
76
486
5
485
1420
24248
750
525
29804
926
2290
738
13
8202
185
24
257
926
8233
40
174
1778
525
31898
27
3689
5
485
330
24
893
149
7024
185
5538
833
5
6705
1129
525
10190
2956
61
40
12009
278
100
1129
647
926
285
500
27
331
993
57
14
994
515
2182
8227
709
13960
647
935
61
3458
2
14
1066
129
149
334
56381
61
129
149
600
8780
133
13
308
61
331
2917
10958
56382
330
61
5612
515
237
53
24
501
331
1533
6923
331
27
1882
13
11613
1840
61
3224
57
24
5234
8398
407
1671
278
404
23
5231
5063
5
24
4117
53941
2917
37
2918
99
10458
24
442
57
7785
6460
13
442
76
24
501
27
331
207
37
2327
2328
99
404
23
14
346
57
3024
5063
61
5
610
369
1950
2678
13
4180
47
185
1508
5063
27
691
369
20814
5
52584
11033
61
5
610
278
289
185
622
14231
13
9283
703
61
331
2387
3668
750
24
924
27
1707
330
646
149
14
168
5815
665
24248
149
12443
91
334
8050
1060
1564
13
1194
43182
9
107
1540
27
32293
262
1447
99
100
709
9032
57
24
3357
9
2033
14452
5285
647
926
53
14
1724
2
525
3824
2956
104
56383
185
1372
2779
331
3779
28780
61
610
1014
61
278
1515
40363
13
980
23865
13
14
56384
57
56385
9
3104
10557
515
3096
607
8153
25859
7156
5
15368
61
331
2917
56382
330
27
1134
56384
44
278
9293
14
3899
730
129
1099
278
19793
24
562
824
13
850
24
1215
13922
27
331
119
3357
9
2033
14452
5285
734
1533
1284
14
751
495
185
525
880
13
223
27
1707
745
34
24
500
2878
330
24
635
893
604
53
183
13
525
1086
61
5
359
515
183
149
331
2236
56380
331
57
525
45
13
444
23
4919
76
485
5
486
27
1447
99
100
709
9032
57
665
24248
647
926
53
14
1724
2
525
3824
2956
104
56383
185
24
257
926
8233
27
56386
57
2975
262
1707
278
100
745
34
334
5234
8398
61
324
61
129
149
35
719
76
665
24248
331
2186
1755
703
4814
87
515
183
87
2236
56380
57
525
45
13
107
23
6849
76
525
486
5
485
61
331
8013
2454
56387
61
2
24
4117
53941
2916
2917
37
2918
330
505
237
751
27
368
331
4556
13
5498
665
24248
185
525
2956
1185
13
3109
24
2956
37
1845
278
5209
224
27
119
2889
37
56388
278
1481
24
331
10953
14909
8714
40363
24248
331
592
844
5
5594
47
76
24
3052
871
37
5161
19550
7481
5
30183
13
4568
10093
57
525
9643
683
27
7948
5881
56389
750
56390
1840
926
149
331
821
2358
331
34
24
1507
896
4884
23
3357
9
2033
61
129
87
1722
13
278
319
47
9606
9134
23
266
57
237
506
27
1042
9125
56391
499
1520
515
61
655
926
87
582
13
24
10084
61
926
87
331
821
6262
331
449
9134
27
331
17355
628
629
1950
185
1071
707
12289
818
628
629
600
537
34
9134
5839
23
707
351
61
331
183
1918
27
331
628
696
456
5193
14452
17916
818
420
40
628
629
997
3098
9
15978
27
331
9057
262
1707
369
2456
1214
825
799
2237
76
2376
64
13
24
3357
9
2033
37
8426
8024
56387
505
330
646
149
455
13
8931
515
14
2102
105
100
2101
1185
1193
4121
57
17087
2502
3400
358
369
1094
2394
24
683
2398
27
331
408
2236
1018
244
278
1193
14396
64
13
1607
926
99
244
100
23
6849
61
331
215
330
27
331
119
503
1017
515
9976
703
87
515
926
99
45
100
23
6849
76
2295
27
331
119
798
330
642
1028
13
4568
10093
57
24
501
23
24
840
515
1214
2290
799
2237
76
1366
185
24
8426
57
24
2889
27
331
408
728
2456
34
14
512
501
11603
61
331
215
359
27
665
24248
87
56392
8274
5
13400
30831
27
579
99
7442
4008
5
4305
1009
61
5
14617
185
525
6742
5
10254
27
5349
851
12626
1308
45
2002
12627
27
246
33505
57
500
40363
24248
3469
185
56376
246
1707
330
515
24
467
149
319
2
2276
4855
246
119
2956
346
149
289
40
485
330
10489
149
45
40363
37
246
119
3357
9
2033
8233
185
1372
2779
185
525
880
13
223
23
8202
246
42136
926
37
100
12443
91
2102
1060
10460
34318
1540


