53526
6160
99
14456
5692
16065
818
822
24
3357
9
2033
99
100
1006
9
2103
89
10599
10308
912
2438
34
122
2158
13
6127
932
27
6160
149
4136
1389
6970
14
751
34
2639
9
201
28585
15004
503
14
632
495
23
24
5196
201
15296
999
3401
24
2526
3332
912
205
9313
27
6160
912
1526
3276
237
36
34
28585
2048
158
14
801
104
16479
35
632
5
23
14
10144
75
10308
24
3018
19557
14
2829
190
9
67
3351
9
3352
27
53526
6160
4494
34
10599
10308
185
16385
257
2
2639
9
191
83
28585
15004
4054
5692
16065
99
100
14456
91
6160
23
24
4539
227
515
215
99
100
104
10308
10308
9766
1850
1487
13
1862
158
34
1389
18438
185
16385
257
27
396
935
19557
185
54
2520
3353
3649
75
16438
27
396
149
289
13
676
76
24
26962
185
2272
5
16065
99
3866
158
23
1750
912
2438
27
1687
119
14345
369
373
1751
185
34
21151
16065
330
27
1687
396
149
144
14
136
129
650
13
612
311
2236
182
27
1447
149
14
2549
57
2975
2
622
4484
27
1687
187
912
14
2381
1923
628
510
2208
2467
2
2639
9
201
27
396
99
3928
1009
2
846
2
515
222
57
53527
6160
516
1018
758
13
1451
2
24
3106
57
77
9
4985
11945
17091
61
129
53
54
2984
13
10308
5703
34
1389
26248
185
16385
257
13
1029
14
30617
316
494
104
2425
2426
27
1687
2425
2426
87
14
124
1455
34
14
635
4523
13
738
26181
16065
330
27
1687
396
912
2050
13
278
13
4568
54
2544
27
1134
87
1013
24
3271
575
215
149
14
3022
27
1134
87
14
1191
47
5
215
5150
13
107
14
3022
104
237
11292
246
53526
6160
2896
14
190
9
67
3351
9
3352
75
10599
10308
23
14
801
246
396
53
24
14865
13
10308
5
935
242
185
3649
34
2520
3353
246
6160
99
253
53
14
80
9745
185
1785
5692
16065
246
2105
2106
34
704
24
2107
10599
10308
2108


