364
681
9
4519
14215
23
8760
369
2074
122
55
3133
57
477
562
1778
2132
58
642
6555
542
185
9219
1517
34
5664
445
47150
123
122
6206
526
483
27
368
23
29182
330
24
37669
285
331
401
420
331
123
24
96
61
5
278
2940
24
14215
5
166
622
308
101
24
9767
43235
57
4678
9
9219
6226
27
816
1142
3253
358
44
855
402
5672
13137
61
1185
1347
24
897
4447
27
119
14215
1481
445
47150
61
1030
24
5303
324
61
123
122
526
483
23
29182
61
8760
61
40
1094
855
2074
122
477
562
1778
2132
58
361
2940
76
9219
10437
4993
445
18259
5
3014
6300
89
24
90
87
14
6326
18493
104
29163
33279
61
40
642
798
37166
53260
330
24
526
2222
37
96
2358
24
356
2797
1317
27
396
750
9113
7491
262
331
4148
1590
53261
288
361
1129
123
24
568
483
2867
2349
94
24
12007
61
14
29308
2613
351
57
24
1032
27
331
119
360
6555
369
23
642
2946
949
14
34140
956
502
87
343
13
1550
513
185
202
27
251
6578
57
24
897
4447
87
11607
61
183
87
648
61
484
709
9
32
149
29778
123
24
6206
526
19705
27
187
87
6242
104
29163
33279
13
1481
445
47150
5
18259
61
5
3078
3079
7039
278
6903
24
642
5
21793
57
2590
4678
9
9219
6226
23
597
45
2674
13
53262
10614
3079
7039
377
8760
37
4678
9
9219
6226
5
4678
9
9219
11374
369
4173
26408
13
23246
597
515
278
455
13
1018
76
53262
27
162
122
2118
11884
5392
61
10614
10615
13229
6182
24
5112
57
24
7576
57
8760
3161
91
24
1566
37
4929
61
39617
183
64
331
21677
11275
331
10844
9
9219
6226
515
6410
5396
3078
3079
9764
5
9993
1140
5602
13
4975
2241
16272
27
5401
3745
61
29163
642
369
1502
6182
34
122
7402
9
2104
1708
27
162
3192
35
506
61
642
23
24
7074
1032
57
29187
5489
14
363
9
751
9
2033
627
185
334
2285
596
2479
58
54
485
273
7983
2333
14802
104
355
3108
13
6546
334
11555
3019
27
305
306
2424
308
288
1745
23
7066
58
47150
17845
185
14
432
6534
526
5556
33
2
14
483
23
29187
61
7074
8760
61
1489
13
14
1726
2401
27
246
119
681
9
4519
7300
285
331
401
420
331
104
122
6206
483
61
377
642
246
53263
47150
5
18259
87
6242
104
29163
33279
246
1707
6903
57
32814
4678
9
9219
6226
91
7039


