258
15659
18411
261
262
22450
264
61
265
744
1268
268
269
262
13586
264
61
905
744
1268
26896
607
262
12850
8575
57175
149
19775
58
4800
14
582
1086
104
24
125
7160
251
893
129
149
45792
91
34488
5
17460
13
14
7001
57
11282
5433
99
16756
33
13
81
55
5398
23
14
4108
5136
27
57175
38777
61
6324
61
105
100
965
104
276
40
1022
4073
58
926
2859
14
582
1086
5
906
593
13
34488
129
1391
525
10441
867
257
5
2356
27
842
167
525
2326
5
24
2049
57
22078
515
12348
61
57175
61
2
13370
23
14501
61
99
644
100
644
13
3491
18
525
34488
91
2548
24
1420
53070
10064
104
24
1420
4505
5
3859
12850
10086
27
331
628
1129
13
603
707
1086
61
5
24
7079
515
1802
185
846
288
1015
486
61
331
2206
57175
27
331
628
44
1013
1399
707
4681
185
1407
628
3556
456
286
27
331
1312
454
628
44
1013
996
24
1563
2574
5
1348
628
638
628
5145
159
23
617
23
2349
57
5049
24
2282
515
105
456
237
13
846
27
331
628
516
3204
707
2343
515
628
149
2050
13
584
133
2334
24
437
23
918
57
14
1536
652
515
8638
516
107
1533
57176
1284
496
628
149
2050
218
27
521
159
34
522
331
628
604
4483
515
628
516
1347
107
644
13
6246
14
4108
10110
61
157
2574
81
24
1420
53070
3222
27
331
1031
149
24
987
628
2114
628
1545
13
1359
76
8641
9
628
1545
13
3193
515
2295
718
855
122
4789
61
10792
87
729
5
594
19683
61
9405
450
452
1018
45
278
13
26310
851
562
27
331
57175
37
2326
1770
58
926
174
276
5
285
13
223
34
525
125
7160
185
334
57177
27
579
9782
23
24
1950
1455
5
53
405
692
486
218
223
27
331
628
149
417
4887
5
149
2236
3632
183
61
23
1217
628
149
722
24
227
57
707
562
27
331
842
1022
285
9949
1006
27
1007
1770
13
1292
9
15994
288
361
2859
23
24
2964
5
628
2859
3431
21816
5433
23
24
6666
57
24
2356
27
331
628
1999
1478
61
5242
5
9114
4863
496
628
105
456
13
3935
237
1211
57
322
27
999
3924
1021
257
628
144
19970
23
918
57
24
2885
25633
27
628
44
1013
1347
11113
13
444
24
432
82
34
2349
57
537
3242
27
9432
262
57175
38777
61
6324
61
510
82
24
1420
53070
5139
23
24
1420
4505
5
3859
12850
10086
57178
262
187
510
57175
14
402
227
13
25345
525
4372
58
361
19775
34
454
331
1003
549
650
13
2854
846
47
5
3793
846
14
1337
57
2131
13
7194
846
9
723
639
183
912
1021
1348
1347
2131
1308
1013
221
24
4918
1193
226
27
331
4360
24
57179
57175
4634
13
223
24
256
257
61
753
45
13
157
24
4694
444
525
159
27
842
147
23
24
632
926
19162
47
76
4238
11601
19035
5
149
4001
76
14
18992
4820
27
331
119
4047
750
846
628
3556
503
2296
14
632
445
223
61
40
628
638
1013
444
1193
226
27
628
105
11601
19035
61
709
3828
61
22669
61
6481
5
2696
26695
9
183
285
185
34
18
14
751
27
628
285
33
13
24
4047
1793
607
5
105
4089
4090
5
1356
36298
27
331
628
149
2075
4001
76
22079
5
22078
27
628
19970
24
6922
1536
8999
82
27
628
1999
818
3242
61
25240
61
12916
5
5242
27
331
1312
3133
628
44
1013
3204
1193
496
149
286
61
40
1348
628
2075
750
14
2347
486
358
288
2236
1343
5
4069
27
331
842
183
149
707
2343
129
149
707
2302
27
187
1393
278
100
2209
34
525
13
4192
834
525
1093
737
185
3319
2151
61
5
628
4997
604
12343
2208
34
515
27
331
860
262
57175
76
525
448
6329
58
28179
104
24
1420
4505
5
3859
4108
10110
6170
262
57175
1094
3119
13
1510
14
511
5285
5
13
442
4568
10093
57
9405
450
452
4338
1775
24
7160
5
525
4694
1960
61
57175
2168
14
582
398
227
1086
40
183
149
244
641
1372
35
506
515
1690
4073
34
24
226
27
1307
133
740
23
4505
61
57175
149
4322
91
20332
34
24
1420
4505
5
3859
4108
10110
27
331
1003
2179
5
486
12167
846
13
620
18
707
8814
5800
818
358
44
3307
18
24
952
61
331
330
57175
27
331
628
648
449
183
34
405
227
9
834
44
628
1541
107
2246
1487
13
1399
2208
47
185
1679
5
107
17377
185
834
628
132
778
331
842
935
628
648
61
707
562
99
100
16475
61
628
2296
13
238
2208
5
245
819
27
628
53
183
218
13
24
230
5
285
185
13
81
24
1420
53070
10064
61
64
758
64
2931
14
1842
57
1435
223
27
187
21562
707
837
2639
9
17115
4372
709
1029
27
331
1877
935
57175
99
7863
14501
23
24
15927
6423
12850
1428
11958
5
99
100
8903
13
19102
23
24
941
26563
34
24
10555
57
24
10876
10110
27
57175
330
262
331
628
1028
13
107
14
511
5285
5
4174
13
308
449
9405
23456
27
691
4140
1018
1013
444
24
311
358
6005
2296
27
331
816
628
718
245
144
32
1066
13
1456
122
562
1145
935
1690
628
2357
2931
825
107
1586
183
27
628
373
278
1021
1267
5
3398
61
40
935
628
1019
496
628
278
6599
27
331
162
14
18477
880
628
1835
8564
34
496
640
13
846
64
1094
628
718
1153
183
13
442
819
27
331
8853
262
57175
37
2255
69
700
71
5873
34
525
1093
37
562
123
24
454
57
4694
246
57175
38777
61
6324
61
2
14501
61
149
19775
91
1960
246
777
4325
174
525
5121
22079
5
22078
61
5
2358
13
738
133
246
1585
926
99
2048
24
1420
53070
5139
104
14
125
4108
10110
246
57175
1094
4227
13
442
4568
10093
57
9405
450
452


