2906
2242
10821
1133
515
369
9114
20438
91
642
27
6386
278
7682
122
3861
806
27168
91
24
125
356
34
361
14
4639
3219
5675
27
143
704
57
542
9
2
372
2940
76
7995
318
20604
13
5303
433
722
3219
76
14
366
5
27169
9
369
646
13
331
27170
122
27171
331
27
23744
13
27172
17495
61
14
2575
482
2321
10554
449
1011
19917
185
24
937
57
27173
23
527
1561
61
502
149
3375
23
427
64
14
19193
5309
19905
34
3219
6999
5
122
775
27
543
14
5402
57
449
6970
61
183
87
391
13
107
24
2704
3219
5675
356
23
24
2426
4715
27
521
159
34
522
27174
5309
19905
262
18315
23
24
27175
1566
57
527
1561
61
27172
17495
87
14
2575
2321
57
20673
9
4255
698
575
449
6970
3219
6999
5
122
775
3564
9
6043
27176
9
1997
356
262
119
1696
149
10341
7221
34
27177
129
3366
23
24
453
27175
1854
61
5
149
10736
23
427
91
24
545
19184
19175
6370
27178
61
14
791
3219
5675
3383
2426
262
119
2575
356
99
4952
14
82
34
4639
3219
6999
61
129
3398
13
532
13171
23
1561
652
358
718
45
799
362
104
306
2768
2769
57
272
61
1185
4031
361
1391
13
5672
26625
262
27172
17495
87
334
18345
4797
356
61
129
1423
3219
6999
1893
185
24
10029
358
825
27170
122
27171
1570
9
10639
262
1427
57
24
2282
129
761
23
24
2321
369
24
18530
57
6999
61
1204
646
87
104
306
32
5784
3219
5675
94
24
5402
57
449
6970
7716
9
1893
4114
27179
27180
99
1062
14
5134
810
2391
104
24
2321
61
502
87
10881
91
27175
1854
5
149
1163
23
24
12117
13
1563
1061
27
396
1949
166
1267
3477
520
5
11248
76
24
8895
129
65
158
5683
27
331
1447
369
709
8600
1121
23
24
2321
61
830
502
87
831
14
1397
27181
13
7113
61
331
27180
750
27182
15895
27
331
187
87
14
10655
4797
61
3847
1997
5
3404
5244
9
27183
356
27
331
331
628
1545
13
3163
24
6999
5
2639
9
6999
23
24
1271
6703
5
2053
1019
449
24
2321
64
334
5127
57
14
5244
9
27183
356
1163
1145
1474
824
61
2210
515
2290
107
27
331
569
24
2321
1577
5
1226
1030
14
2649
57
27184
76
709
622
3092
61
183
87
1644
14
4091
1642
9
58
513
13
761
27
9136
13171
64
14
3219
5675
23
1561
87
837
1138
61
76
1779
4773
27185
542
13
738
362
2768
2769
57
1376
61
27186
61
2238
1185
1193
622
513
646
2290
107
272
27
5141
9687
5
6129
278
2384
515
7096
13
18194
61
1185
170
14
1034
27
27187
61
14
1842
57
6999
799
133
57
5672
76
853
13
709
3225
27
331
27188
5816
369
821
175
5
7113
61
1893
185
14
9845
1156
61
87
821
12001
61
331
27180
330
27
331
27189
5
3781
27190
16153
61
24
8895
369
3108
13
761
133
122
3607
15927
61
23
24
503
880
24
3802
5
5529
825
1119
27
331
2906
7780
122
4227
34
562
58
122
227
23
27172
17495
61
40
3096
532
183
13
107
14
5309
513
5
9146
13
817
27
331
3801
9
5672
262
119
20673
356
2971
3219
6999
14
513
13
761
76
122
775
2241
10613
27191
262
19153
27179
27180
330
215
6271
13
3751
14
356
515
149
5244
9
27183
61
45
496
3793
24
308
646
6688
262
119
8895
57
27172
17495
8618
23919
23
365
636
5
8527
25835
262
27172
17495
2971
8214
61
1155
64
3743
27192
5
7747
5360
61
64
758
64
3262
322
10094
19153
27179
27180
1949
166
1267
23
24
1696
61
16198
372
129
65
5683
13
1018
818
27193
262
251
2347
272
1018
761
104
27172
17495
27
1561
37
4773
1018
244
1728
3219
6999
2
2797
23
24
1271
12007
64
24742
61
40
5673
367
1502
2297
542
722
1193
6849
76
542
27194
262
1486
57
24
308
129
761
23
24
2649
278
100
1802
868
2
122
3861
256
122
3241
27195
4531
262
1447
369
8214
787
515
748
27196
34
3743
27192
61
7747
5360
5
622
452
19759
9
27183
262
569
704
24
4605
1118
23
13
442
61
1155
64
2987
24
4798
61
405
278
693
23
1317
9446
27197
262
993
24
3861
369
1533
1185
1511
24
1271
2146
5
4255
25041
262
27198
91
27175
1854
61
14168
23
24
9171
718
107
719
18623
445
24
27199
3629
1145
122
6840
27200
262
27172
17495
1577
334
7484
23
24
6666
57
14
27175
27201
27172
17495
149
1481
47
91
24
545
19184
19175
6370
27178
61
1489
13
11613
1840
27
27178
650
1015
13
361
2940
76
18833
7466
64
14
17388
9
2033
58
3431
54
15238
9
2033
695
7734
27
396
516
8164
14
3743
27192
13
372
2797
646
621
632
27
1447
369
663
7747
5360
5
5521
1344
8214
27
1486
57
24
3219
6999
369
4700
13
731
3262
322
10094
64
398
57
24
27202
57
122
5673
27
6386
278
693
23
24
453
9446
61
24
9227
57
502
87
316
2313
868
27
1427
1317
8895
14718
58
27172
17495
149
7049
61
5
14
432
1728
515
149
133
918
57
24
1696
2736
149
4534
818
709
272
516
799
438
24
356
27
27203
262
4617
704
24
20673
9
4255
698
1987
33
13
24
12063
37
61
1348
24
2575
2321
149
55
1163
27204
262
251
5244
9
53
27205
324
104
27172
17495
23
527
1561
27206
262
9939
23
24
4797
356
639
621
622
5
1502
27207
609
14728
449
122
763
262
9596
57
24
8895
369
4639
3219
6999
61
655
24
622
170
369
6924
5
485
273
15915
262
119
308
223
609
13
2828
24
4798
5
442
621
622
27208
262
119
1696
149
1163
185
5513
5
18755
1145
24
482
246
27172
17495
61
144
922
27173
23
527
1561
61
149
3375
23
427
91
24
545
19184
19175
6370
27178
246
27209
133
57
5513
61
183
87
513
575
4639
3219
6999
718
761
2241
10613
5
27170
122
27171
246
1427
6999
532
183
438
1138
13
532
13171
23
1561
61
575
358
369
45
19420
13
799
362
2768
2769
57
272
246
7716
9
1893
4114
27179
27180
1949
166
1267
23
24
1696
27210
24
308
129
761
646
246
27180
1520
215
149
1533
1919
23
27210
14
5244
9
27183
5529
61
1537
1284
496
105
3793
542
609


