187
37
227
13
6717
372
40597
634
64
14
582
8342
99
3283
515
722
14
27673
32325
825
444
723
16088
1348
183
726
13
4533
14662
27
251
1344
99
3283
515
2282
129
1153
40598
369
1533
5562
13
40599
700
13
40600
43
1284
40601
47
8967
27
119
838
663
1142
515
2282
369
5562
13
5655
622
11403
1155
64
14
40602
61
15942
1185
331
14088
331
23
1305
57
14
40603
111
27
521
159
34
522
9958
8739
262
119
40600
111
499
309
24
594
2542
133
57
24
1413
11403
119
8287
726
64
14
3340
57
334
284
1732
91
2222
23331
3952
40604
30022
13
1812
13
40605
496
1211
57
43
221
12411
2542
27
7637
5786
4189
288
5347
34
621
17117
61
2042
17615
61
15942
61
14088
5
40600
2590
24
1271
5285
27
5115
499
1663
2
24
1271
1845
23
11896
61
326
6194
61
34
14
13745
76
24
40598
636
4623
1481
64
2195
9
4983
5
24
7096
149
1481
13
2195
1746
69
40606
2313
71
34
621
57
24
360
4189
27
3627
818
2696
262
119
2042
17615
11956
2190
133
57
24
1060
76
144
3845
2542
6899
24
2510
57
24
316
3133
515
24
4189
288
761
61
24
5251
61
1412
5
867
2
621
893
515
17948
76
24
43
288
4805
27
119
12173
40600
3229
309
40607
2542
69
40608
1299
1300
71
27
119
3940
636
57
24
3027
3707
149
40609
9
14
9
170
494
2033
27
2318
2282
369
24
306
3009
185
24
2042
17615
2745
61
552
499
503
309
3845
2542
69
40610
1299
1300
71
27
119
1319
3283
515
2282
369
1533
5562
13
40599
700
13
14
111
129
87
758
20052
119
10911
10604
9
24
9
14088
373
553
14
965
3532
34
24
9143
61
76
11039
2282
16885
122
6545
13
2597
47
76
24
5285
23
24
14088
3229
27
119
9654
61
7123
40602
309
26573
2542
655
24
11126
15942
3102
6197
2542
185
24
4533
4195
27
40611
5589
14450
40612
1520
515
24
12417
57
24
40600
87
4140
159
13
692
2033
9
12231
29606
27
331
40613
369
2537
4598
23
14
1651
652
358
2391
692
27
691
2765
278
1487
1430
23
122
4549
13
4987
29627
5
183
611
1046
61
652
237
111
2066
13
2391
54
512
104
704
607
27
331
14450
359
515
637
2282
369
3249
3102
13
758
9
20052
1276
358
718
3382
8367
1348
183
726
13
13620
3749
27
331
119
11128
159
3346
718
107
21833
5
9180
18
4549
227
69
5
1430
71
27
331
1295
926
663
7530
133
515
1222
54
1708
13
3749
87
2381
13
54
2857
13
54
2504
61
215
44
221
14
6921
4068
27
331
816
54
311
13
8041
40614
18
89
622
2788
57
54
562
61
215
706
107
334
34019
4501
129
23404
449
24
853
1022
61
2
3477
851
6071
13
12940
723
12928
11117
27
331
816
723
663
1550
2863
23
851
2504
5
14780
7306
445
13
24
1533
10062
2999
13
1406
61
2795
5
3531
851
15558
61
723
706
107
14
2829
2250
27
331
14450
1520
515
1348
183
726
13
16420
24
758
9
1802
9
133
111
358
2391
34
14
2381
1191
57
16946
76
122
2282
27
331
21692
4485
61
40600
43
369
1872
13
2282
515
157
122
4080
133
5
369
11612
24
38779
4203
57
24
730
1462
1116
27
331
16600
183
1185
996
183
262
119
15942
69
174
71
309
6197
2542
655
24
7678
40602
69
700
71
11956
47
26573
1110
3532
262
119
10911
12565
24
14088
395
650
23
169
76
24164
2282
16885
2975
14450
359
515
39322
369
2765
2540
24
700
3532
1222
358
278
14
17628
34
40615
43
64
2042
40616
12927
13
1399
122
2282
169
27
331
816
723
728
45
108
3552
13
24
2042
17615
37
3600
6993
5
2467
169
13
24
7418
61
40617
5
3302
963
61
215
37
2765
45
34
723
27
331
16502
36945
369
594
611
10581
13
7079
129
1030
13
151
2250
61
64
358
825
107
644
13
3564
9
40618
40619
5
8653
621
622
13
1018
122
512
5
817
23
9400
27
331
4347
13
2250
54
2042
7994
89
8651
562
2290
107
14
8995
104
607
27
331
1307
183
726
13
24
331
14088
331
61
14450
1520
515
646
485
1638
5
21964
1992
718
221
542
14
13198
4985
27
331
9449
549
5
485
40620
61
76
24
700
730
61
24
577
14088
577
718
107
24
700
2913
27
331
742
486
825
107
104
54
12729
9
2
1553
13
850
54
2526
77
2502
13
1750
8306
6222
361
14423
34
24
10786
577
124
2356
133
577
9
1302
215
825
57
2510
10186
14
17058
76
14
2381
10543
61
129
87
244
735
104
82
34
14
3210
5
40621
18
496
215
37
47
13
27
331
187
87
244
704
40622
33193
5
40623
104
24
2526
61
3400
61
652
215
706
2765
107
821
1015
13
54
485
1778
704
24
33486
27
331
246
871
6513
758
9
20052
43
18
372
76
14
331
17615
331
32325
246
119
284
1850
14
5285
5408
1413
6542
40598
4189
246
40624
14
1578
2042
17615
61
15942
61
14088
5
40600
246
119
40600
309
420
1533
2542
1284
1193
622
499


