144
6235
12274
293
16
28110
138
1
591
600
151
291
287
16
48945
138
1
414
600
151
4815
1449
19047
11066
310
14
1113
464
6
681
1077
2032
2552
18
174
29
348
59
3
5516
0
1092
6
371
2081
5
8
996
122
8
681
13
3596
49
678
3
143
1262
2081
5
35
996
18147
480
2541
530
6
5243
270
337
11
0
956
47
3396
6057
2
4815
1449
19047
11066
310
14
1113
464
6
681
1077
2032
2552
47
174
29
348
59
3
5516
0
1092
1
480
1993
25
58
32
3273
5
35
48946
27927
2
378
5
1740
4243
31
0
12658
7645
2758
1
68
11066
1
0
5077
1449
11
654
1
22
21
10
350
20
458
35
2364
4
637
1102
73
32
210
69
33459
2
68
11066
1
5
848
6
0
6795
2383
2809
1
22
16
35
57
1026
228
6436
3299
114
24
181
0
4171
6
48
58
32
0
3454
58
161
25
47
5
48947
47
10338
1
1408
48948
2
35
57
58
252
3
32
27986
112
60
43
3
84
25
2
35
104
445
79
1071
63
248
5
6287
12
4837
68
11066
1273
0
356
1
50
58
5810
35
996
48949
69
0
2364
1368
11
0
87
71
1
445
185
68
2552
1872
5
5070
465
17
4703
3797
1077
1322
2590
39
0
208
1464
2
52
22
21
34
40
348
3
1256
55
0
1622
31
68
2552
47
1173
782
1
3565
48950
1
4
0
5077
2031
2491
1
33460
4015
2
15
5830
496
23
0
956
47
6351
2081
2970
13
4845
55
357
0
264
11
0
87
71
209
2
15
2333
1
50
30
40
23798
7
146
160
24080
1
6028
0
3337
2081
5
117
73
758
20
72
13318
5
70
133
5
1313
5636
3
5
1531
9
1626
4816
6
67
85
72
48951
2
65
2704
209
2579
14
472
105
9
5327
6
0
270
99
0
2970
1
17
64
9
5073
324
25
46
185
124
75
12
2081
99
69
147
2
15
26398
33461
2704
5929
31
0
781
11
5329
4
8461
115
14
79
485
134
153
6
0
270
181
0
2081
571
13
346
3664
2
871
4740
134
153
22
44
404
4956
3
84
67
3
615
299
47
3396
1655
2
65
943
6
5094
134
153
22
44
2745
0
2081
2970
2
378
5
1740
4243
31
0
12658
7645
2758
1
68
11066
1
0
5077
1449
11
654
1
22
21
10
350
20
458
8
2364
4
637
1102
73
32
210
69
537
6222
8
5329
4
8461
1027
9795
4013
475
366
68
11066
18
685
738
14
681
13
645
63
23514
0
3396
571
65
439
6
217
38
22
44
4723
0
2970
22
44
43
127
25
114
1
20
72
2034
5
149
1
25
34
40
207
253
232
2
5329
4
8461
1027
9795
4013
475
366
68
11066
47
685
738
14
681
13
645
63
23514
0
3396
571
2
52
22
16
35
294
112
60
735
156
67
4538
681
33
170
0
222
83
3396
423
1
2032
2552
30
98
756
14
1262
2081
13
5
996
122
2
35
1287
48
956
13
48952
2081
86
14
5078
38
47
55
6
147
73
758
67
85
0
955
20833
117
8937
2
1287
47
2155
163
0
257
270
33
1937
374
282
7
48
2
35
681
1
4209
1
33
371
1493
678
86
14
75
73
758
12035
2081
17
1584
100
14074
3
12236
65
681
479
1155
25
10
41
2263
5
586
3
355
75
5
996
122
3
758
2081
2
52
22
16
35
15
6119
20
5
7645
2758
770
10
63
5945
157
2265
1
41
385
0
681
2695
13
2263
23
5
48953
26
4815
1449
19047
11066
22
21
18
350
20
458
35
2364
4
637
1102
73
32
210
69
33459
26
52
22
0
356
445
185
68
2552
1872
5
5070
465
17
4703
3797
1077
1322
2590
39
0
208
1464


