144
4162
940
4
5643
18406
509
7980
1
2622
1
5
1867
1971
7981
3273
8
0
16514
30534
8
11
5
2216
6
4589
6004
12
3238
4
533
13001
1
30
698
740
39
5116
91
867
55
6
582
563
1279
30
209
5691
0
595
3
260
5
1867
1971
7981
3273
8
0
16514
30534
8
7
37
661
582
23
8
17758
8
39
0
6942
219
740
56
21
10
5116
443
2
509
7980
1
2622
1
38
10
1258
608
142
3677
20
0
1355
3318
7
1870
1
30
732
3
505
3
9975
24730
2222
661
582
12
0
10950
6
24731
1
1543
203
22
2
10162
7980
5098
608
533
13001
4
3238
77
259
187
7
2581
4
1870
119
12
5867
28
5
4398
905
11
108
10271
2
52
2919
19
5222
7525
39
8355
9
10114
819
9
173
5
13660
9
83
211
9
120
0
6004
2
3161
16515
4343
2690
22
14
6864
34
867
7980
55
6
582
10
8
5
30535
8
4
2164
459
21
10
7
37
661
582
7
0
87
242
2
15
1279
11
30536
7
336
1810
22
16
8
57
13
1274
12298
14
5
1990
142
905
6942
13
158
7
37
661
582
113
44
73
1107
1097
55
2
8
294
416
23
24
322
1689
6864
867
59
3
32
7
37
661
582
171
32
2792
1
25
13
5
1046
6869
2
8
15
235
4177
11
0
582
451
171
32
0
2647
6
0
270
2
53
1610
1027
51
789
13474
1026
3
210
7
766
6
0
582
451
552
38
46
177
2647
6
0
270
23
5
235
4177
2
8
203
29
763
0
270
41
3
2156
7980
112
44
177
59
2
65
1543
203
479
22
16
8
5968
17
156
597
62
38
2417
7980
13
348
3
41
2156
59
4
3
969
965
106
31
1441
6616
2
8
10162
7980
1
780
323
12
1855
3799
5
1158
69
19
3028
1
5098
608
533
13001
4
3238
77
259
187
7
2581
4
1870
119
12
5867
28
5
4398
905
11
108
10271
7980
2919
19
5222
7525
39
8355
9
10114
819
9
173
5
13660
9
83
211
9
120
0
6004
2
3626
13
54
6
0
6004
1397
12
1855
15
479
22
7980
1
2764
6
23804
7
1653
160
1
30
4119
357
884
1653
246
2
7980
490
608
635
6
4114
4
608
6
7762
37
21016
8356
9
5
10744
3942
2335
9
6421
8355
9
7
436
1870
2
15
10271
197
534
2581
4
555
0
262
70
43
3804
12
501
6279
7
1061
21
692
1
6117
28
1460
7
2283
3
22703
7
5294
2
15
87
10
79
105
347
39
21
10
41888
28
19
87
582
877
2
294
0
10271
921
1
86
107
0
1282
21
157
991
481
4
801
2
101
359
1870
21
8355
10340
5
13660
9
83
211
4
5
533
2124
449
2
15
1355
3318
306
20
0
71
21
58
473
4683
5
1052
1826
1
1547
0
8355
3
42
251
1
687
169
4732
41889
2
318
6004
8279
59
67
85
72
14301
2
563
30537
588
19754
802
5480
8355
50
7980
157
3
19702
75
120
19
2216
6
6004
65
3186
4
588
30537
19754
802
5480
8355
157
31
7980
120
19
6004
12
3238
4
533
13001
7
2581
4
1870
509
7980
1
2622
1
38
10
1311
20
0
1355
3318
7
1870
1
30
732
3
505
3
9975
24730
2222
661
582
12
0
10950
6
24731
1
1543
203
22
52
10
289
5
178
9
70
905
12
277
6
0
8356
2178
3
389
23224
17
0
142
3677
12
277
6
0
4114
635
2
52
10
1122
3
1850
5
2494
6
398
82
90
91
5517
11
7714
11
5867
2
65
7401
1395
479
22
16
8
139
13
98
5
978
11
0
106
4
60
33
2768
88
7
42
493
2
8
104
33
30538
49
0
1013
12
4081
3527
2333
86
14
5801
46
32
2239
3
30539
759
18407
4
30002
2
8
26
509
7980
1
2622
1
732
3
505
3
9975
24730
2222
1
10950
6
24731
26
52
2919
19
5222
7525
31
8355
10114
19
819
1
173
13660
9
83
211
26
7980
5098
608
533
13001
4
3238
77
259
187
28
2581
4
10
1258
608
142
3677
20
0
1355
3318
7
1870
26
1427
1279
4343
2690
22
6864
716
7980
55
6
582
13
5
8
30535
8
26
52
2164
459
21
10
7
37
661
582
7
0
87
242
26
7401
451
22
44
33
8
30538
8
0
1694
11
4081
1013


