5521
14928
15176
29
40
2792
31
4825
18858
3090
39
5
167
1045
45927
5763
91
45928
14322
1095
5
32075
3028
601
4236
478
2
15
45929
4741
10
2207
31
5
2209
7
37
12331
329
5439
3
910
20
916
29950
1147
2186
7
32353
2
57
332
64
1154
2564
7
1211
16793
18833
18285
670
14165
1095
0
3028
4
127
5
1884
23
44
17772
5
1393
2
590
743
64
379
0
266
33
2207
3938
62
45930
418
14165
340
462
135
1032
3
32
6408
44
33
91
2207
31
552
1433
12
37
17991
21294
2
57
13
41
536
112
0
447
38
2207
0
2001
638
12
5
1132
391
13
5
4180
2
294
0
167
3181
25
332
54
130
3938
5
670
12192
1
50
7881
12
0
3028
17
5
1509
19743
2
13674
192
0
266
4683
1346
267
6
5
2103
4
4487
25
86
504
14
25
3949
5
1264
6306
1
1298
25
3
5855
23
0
12192
45931
103
6
25
4
7881
12
0
3028
2
590
743
64
379
0
2564
6
4825
18858
3090
1
61
330
23
45932
1
25353
14165
62
20806
88
374
42
4755
340
462
62
8170
1
1708
7
37
1101
3
17772
0
1393
23
923
23
686
2
563
7300
14
1088
3
32
10664
53
93
51
13
2256
241
0
910
4487
64
4346
11439
53
122
51
871
1032
3
32
810
1509
62
4567
23
609
44
3844
10664
3330
2
57
13
521
20
568
54
108
2564
1
38
13
41
214
12
710
1
13
549
0
1393
3
356
5763
2517
3
0
584
500
0
3938
2
101
5
565
633
12
97
587
4825
6006
47
1495
4046
11
7499
7149
53
45933
51
729
14
64
14802
4
105
14928
15176
29
40
2792
39
0
167
7134
478
2
57
2303
4853
77
0
358
4
22
25
46
41
9111
199
1138
2
15
266
4487
0
4346
17
199
794
14
44
1018
17
5
1509
19743
62
312
5
1264
6306
127
0
1884
20955
35
4825
3090
14928
15176
504
20
32354
1
0
167
10
3361
3
32355
1
113
25
30
743
1795
2016
2
15
447
38
3361
0
4741
395
16
35
32356
109
44
33
450
128
504
3
677
457
2
191
41
199
5
1374
19655
18422
3299
6
14928
13
5
1681
1305
31
169
1445
1
4
2957
6
32355
875
395
14
44
43
2088
62
41
2594
20
80
2
238
2130
395
16
35
135
84
74
1032
3
32
450
3
677
711
2
135
1032
41
3
462
112
711
4108
62
41
2
24
1685
156
108
4479
13
194
410
2
2161
74
3472
5279
56
66
45934
1094
176
16
35
3090
445
23
168
79
256
5
9426
1393
3
8668
4
17772
5763
2
57
18
9665
4
212
5763
58
32
1015
5
305
419
2
8
26
924
14928
15176
43
780
12
710
20
0
1731
7
32353
26
3077
332
88
18285
5763
340
5089
11
0
4967
26
45935
3181
17
5
12192
91
2256
4
2041
17
5
1509
19743
26
871
4346
532
3
32
1509
62
4567
23
609
44
43
10664
26
2625
22
64
14802
4
105
910
29
40
2792


