2516
1027
8703
2382
22
91
6981
10
37
650
6155
11
126
3
1751
1759
392
1751
3
32
6981
4
15035
784
1
131
2516
1027
8703
2382
7
5
1869
3
296
41
3
951
2966
140
0
5468
2
15
145
9
6
9
54
22
296
29
3
8
17699
8
17
12478
0
990
6
71
126
29
17
4321
4
593
34542
1
5520
2415
103
11124
1244
88
3
326
17
1848
5190
109
4751
4
1246
2
191
36
763
296
41
3
84
17564
784
1
32002
25
254
41
185
42
126
4
205
2420
46
32
2596
88
55
2
271
2382
669
315
2123
7
2649
4
44
29
5
452
9
70
9
83
198
1
1401
2
96
15804
27
431
7
766
6
979
357
246
17
117
142
2
1398
296
450
3
951
1176
9
28930
2966
3
402
126
6742
11
274
14069
638
1
45
271
2382
22
13
650
3
716
126
32
6981
2
96
78
518
1518
16
8
24
84
181
14
1
1535
23
5
1618
1
56
95
198
131
240
24
659
6981
240
1
24
161
240
3600
1
79
165
184
4
325
385
3
84
1
66
858
213
2696
6
5190
1
2696
6
457
92
240
2
8
191
123
2264
24
46
325
14
95
198
13
2112
1
30
3730
385
55
1
21
47
10585
430
1
4
24
181
14
92
13
37
6834
6
41
7612
274
638
7
0
132
3
32
2645
2
8
24
181
25
47
37
650
6155
3
32
1974
2
281
60
161
3
59
240
79
165
4
84
385
240
1
25
47
2090
129
194
0
4751
46
226
55
1
62
56823
1
2958
25
445
32
1
4
882
25
47
4055
123
3
177
59
1
21
47
2112
533
457
1
11483
13913
2293
2
8
360
1
119
27
296
8
2662
79
34
3
14984
2871
184
28
1559
1402
1
209
126
29
169
67
10051
9
4602
21335
2
380
54
3020
1401
4873
390
54
415
4797
3
326
12
19
5746
2
8
1401
4873
282
49
20
272
424
178
2
191
23
5
768
21
342
7840
71
11
0
936
6
0
132
2
8
52
10
2568
18696
31
14
2
104
34
5
305
20527
63
458
240
7840
71
240
1413
240
438
4
1555
71
240
2
8
96
219
12
16
8
2499
6
0
2733
6
4321
4
850
1162
4
0
725
14
126
33
319
88
1676
9
50
13
169
1678
5
205
551
1
44
33
400
2163
5853
133
24
181
25
47
80
7377
6
111
4397
2
8
24
4276
136
296
34
35
438
12112
1
60
34
0
222
1084
6
1092
1
45
24
84
181
25
47
54
6
217
457
3
17699
17
2
8
68
2382
22
296
29
3
8
17699
8
17
12478
0
990
6
71
126
29
17
4321
4
593
11021
674
70
5
625
1273
14
472
5
1636
6
296
1046
17564
17
100
12998
28
42
284
2
89
271
2382
22
25
10
3178
9
15380
4
254
305
3
185
42
126
7
0
189
389
2
8
24
181
25
47
63
14088
4795
4
337
4
4848
2
308
183
25
47
41
88
2
24
58
1193
2420
3
143
662
44
43
1514
11
4132
14
147
1
14
126
33
159
3
32
500
2
8
135
46
143
25
536
3
296
14
66
929
41
1408
6687
112
66
929
500
37
4035
396
6
25
2
8
997
91
7
766
6
0
1793
18
2420
1
36
3808
3
91
20629
63
1359
3
88
2
8
24
84
181
23
5
3093
1704
66
188
3
183
110
47
159
12
7
0
4210
45
84
141
6687
183
129
3
1821
2
24
170
124
3184
1359
3
2420
4
25
13635
66
6
91
20
164
2979
2
191
1265
110
212
284
13
500
13
228
1
228
650
2
8
2516
1027
8703
2382
22
36
58
109
3
1386
27
198
3
5
7072
349
164
56
21
13
1446
271
2382
22
36
58
8
128
194
109
8
3
1386
27
198
3
5
349
7072
164
56
21
13
1446
2
15
10920
1279
1
38
10
5124
20
0
747
35203
899
714
1
6017
14
36
58
1405
27
8344
509
3134
4
751
564
292
524
7
2093
27
284
3
5
349
7072
2
101
0
1456
9
6117
772
1
36
61
5131
0
4298
6
3044
257
4673
6
10181
4
456
1703
3
2871
7
0
2115
6
0
2936
14703
7
1466
2
15
1427
1449
22
0
1150
31
1419
8140
7
0
864
1496
43
37
1597
6
110
2317
8
56
75
84
74
1032
3
2617
125
6
217
4673
8
2
96
22
0
1150
12
16437
1518
2730
15192
4
5
2073
3348
7
0
864
1496
34
958
0
252
3
4713
2871
63
0
4298
6
240
3751
4673
240
2
8
238
6
0
108
457
60
33
1514
6
979
13
0
1030
3044
6
257
4673
2
139
11519
3
80
979
1
25
18
63
261
3751
4673
2
8
104
382
214
110
73
1342
81
149
56
75
84
74
1032
3
2617
125
6
217
4673
1
457
109
10181
4
10909
2617
2
101
0
914
6
612
1490
558
57
18
128
1
128
650
2
8
24
183
48
13
91
5186
7
17311
8154
49
4
94
0
264
2
1398
979
84
48
340
6687
56824
25
23
199
2
191
605
33
248
3
181
8
129
84
60
934
48
7
218
8
96
22
17865
4
637
1864
2675
43
240
128
650
8
4
176
8
60
392
29
3751
1379
4673
1
14
12953
282
23
5
264
8
2
271
2382
22
16
240
982
257
4673
29
40
11022
7
1713
12013
1
31
0
1206
950
1
4
60
33
1514
979
3
181
63
129
44
3568
88
2
5710
46
32
350
20
88
56
44
703
979
2
8
57
18
63
14
1305
683
62
6482
50
24
181
750
282
228
989
23
5
264
2
104
29
3356
6
1703
4
16528
7
48
264
1
60
206
41
29
34
5
7861
7
0
222
152
44
2505
34
7
1010
45
24
84
181
92
33
457
14
33
5111
4
112
60
84
74
2369
88
4
112
60
84
74
4925
88
558
4461
60
181
25
18
41
128
257
3
1071
63
88
9
45
24
181
25
18
98
536
14
60
84
252
3
1071
63
88
2
8
26
8703
2382
131
296
392
8
17699
8
17
12478
7840
71
26
2475
9
6
9
54
2094
91
6981
13
37
650
6155
11
126
3
1751
26
34764
103
11124
1244
88
3
326
17
5190
109
4751
4
1246
26
15573
36
1512
3184
1359
3
2420
63
27
198
18
1864


