5968
1969
6
91
5
1168
345
3302
76
29
42
1066
256
29210
4
32
1438
28
1051
71
17
126
340
388
91
1025
6
37
2011
2
11333
17958
20382
46
32
1258
3
767
38
8
3024
5
759
6
707
1797
8
7
299
62
3522
4
46
81
11
20
568
64
82
2
6758
22
25
10
2904
3
371
25
2514
11
106
3
3409
345
3264
4
58
1409
0
255
30
125
6
0
9688
3064
7
0
172
2
39219
16
5968
1969
6
3782
5
759
6
707
1797
76
29
42
1066
256
29210
62
32
1438
28
91
93
1054
17
23002
53
1630
604
51
1553
0
111
1919
106
62
577
3462
3612
53
39220
51
362
46
32
344
3
3659
3
0
5725
8
3393
11
5
111
11333
17958
5734
3646
20
12478
0
2966
6
2423
38
44
891
3
32
5
759
45
29
41
572
17
37
2011
2
65
908
6
5067
73
32
3660
3
2423
182
0
3064
1
199
23
12478
42
1066
256
1
4408
88
28
91
1054
17
5
284
182
598
62
7509
1024
2265
2
191
11628
0
554
76
177
5
447
856
11
49
3
178
82
2
17912
4
1020
2031
1449
8691
1823
22
16
8
15
255
30
125
6
0
9688
3064
7
0
172
3
465
17
345
3264
2
10200
16
1206
950
1449
8691
1823
22
299
58
29
125
6
0
9688
3064
7
0
172
3
465
17
345
3264
8
1287
1
60
33
159
158
557
31
1075
106
4
577
3462
3612
362
0
785
3
242
2418
5067
12
156
447
44
891
3
32
5
759
2
8
1232
4622
337
0
12382
8174
618
3
17959
0
537
12
345
3264
4
143
25
2514
11
106
3
3409
88
2
8
139
13
196
6
3119
147
31
0
1206
950
531
796
304
3
233
20
129
0
106
4
108
3256
73
419
2917
4
465
17
707
7896
1
6258
819
33
20
0
664
6
0
1020
2031
571
2
8
15
4622
1
29211
7
0
39221
23846
1
3462
4
17912
1598
1
61
675
5
111
11333
29212
8504
5734
50
73
32
3660
3
767
1025
62
14655
11
5
707
62
1867
2011
1
173
113
2178
33
1654
3522
2
15
11333
29212
8504
5734
9480
5
2494
6
178
82
4
30
100
3337
6725
1
119
0
11333
17958
5734
9480
5
2494
6
64
82
4
30
100
3337
6725
2
1461
3169
46
29
5
1611
759
9671
4
42
39222
46
32
3789
1
1891
1607
1024
5067
73
32
3660
2
15
111
2190
2851
3169
14
73
648
32
4604
12
345
3264
38
29
40
1025
1
14655
1
763
62
14232
11
37
2011
62
217
38
3006
5
759
2
12031
46
32
344
3
1423
127
0
554
4
0
106
62
0
447
1689
33
344
3
3659
11
0
554
3
32
10509
1
8085
62
6419
2
26
155
11333
17958
20382
11
767
38
3024
8
759
6
707
1797
8
26
2945
256
13
2588
1
965
17
126
6538
4
1024
1438
26
6758
14656
0
9688
3064
7
0
172
3
465
17
345
3264


