119
102
185
7116
1530
10293
225
2465
11079
99
2384
321
58
334
6695
125
3830
289
34
54
6939
19570
27
119
3272
464
278
5111
10403
91
10293
34
122
21195
40
31
709
11321
91
1982
24
2439
15497
24
22049
9
2033
19232
27
2520
14
2418
20268
331
3272
464
1520
262
11079
1393
738
3555
331
61
24
2886
4063
1579
11270
21195
58
24
2439
130
89
24
10215
4441
201
10565
5314
256
122
2107
11604
252
27
119
3272
464
99
289
34
2465
11079
37
19570
76
237
1131
9
6819
843
331
1530
10293
87
14
1735
5
8147
3584
23
2545
2526
61
331
183
1520
27
331
187
87
334
2865
2439
104
24
474
57
612
356
61
14
10150
571
57
24
729
2544
27
331
842
237
2508
2439
87
1094
185
1579
7973
5
24
55451
6554
87
19761
9
5
610
718
709
849
1650
91
5
2995
515
2191
27
331
724
24
3272
464
4063
32
3334
61
10014
8497
13
24
1530
10293
4767
262
17546
24
1785
27
331
207
37
15
9
2459
189
104
1382
10565
9
55452
6582
3629
10293
188
2611
57
24
197
5
3096
57
122
128
369
1982
1292
27
11079
76
2452
28605
123
10293
37
2107
252
61
14
15
9
2459
10292
104
6582
185
207
213
19219
69
700
71
1046
24
6081
123
24
6582
252
64
24
2439
130
89
24
10565
5314
19208
19209
37
12230
23
1750
37
252
75
5535
149
10293
37
55
74
23
6526
2978
4615
57
2526
27
1877
11801
7314
61
10293
278
45
2048
23
533
192
5
369
2537
23
24
2190
163
57
1193
908
9
1941
2439
27
331
408
1018
45
377
237
2835
61
3100
1018
610
1550
1193
3314
23
586
515
11079
2831
738
61
331
5923
24
3272
464
61
129
935
3820
515
215
87
45
24
111
13
1813
24
2439
2
10565
27
1031
516
107
14
331
5304
11543
61
5
32
2
502
10293
1099
604
15397
27
331
11079
87
663
6903
57
361
4723
34
331
103
61
5
401
1502
40388
61
10108
331
5
331
2209
2526
61
35869
14720
61
5
5016
9
112
5606
515
55453
10029
331
27
10293
120
7539
14
331
11079
133
331
9254
104
24
6598
1050
76
1634
11998
75
24
225
331
10293
1393
4975
1094
9
484
183
912
401
545
61
331
24
2418
26941
484
16560
262
331
55454
87
1487
27
331
2318
61
791
10293
3018
4475
4524
99
663
1399
24
234
89
11079
27
331
69
10293
71
278
2168
704
24
46636
57
14
77
515
87
2050
159
61
331
4524
750
7525
27
331
2465
726
133
705
632
5
1520
61
577
610
2469
2471
758
902
577
27
1031
2290
107
24
501
61
40
358
369
45
2548
2526
2542
61
5
358
1018
1013
2391
1030
2548
2526
2542
27
331
628
2236
5336
34
707
2033
2439
27
628
1835
45
32
34
5049
308
1248
122
693
61
40
8838
1292
87
9683
27
331
2465
87
14
2508
14088
61
40
183
144
99
1013
3366
34
158
104
10293
27
331
1530
10293
87
14
1735
5
8147
3584
23
2545
2526
27
187
87
334
2865
2439
104
24
474
57
612
356
61
14
10150
571
57
24
729
2544
27
842
237
2508
2439
87
1094
185
1579
7973
5
24
55451
6554
87
19761
9
5
610
718
709
849
1650
91
5
2995
515
2191
27
724
24
3272
464
4063
32
3334
61
10014
8497
13
24
1530
10293
4767
262
17546
24
1785
27
2465
11079
87
45
24
111
13
1813
237
2439
2
10565
5
24
402
9
4522
1187
515
5304
825
1415
27
408
1018
45
377
237
2835
61
3100
1018
610
1550
1193
3314
23
586
515
11079
2831
738
27
119
3272
464
99
100
64
8518
64
3096
57
24
52183
5
2412
128
61
6266
91
5
2456
1022
825
2468
27
4360
24
838
61
167
24
10108
27
842
227
87
1094
47
27
951
2541
99
100
53
101
11079
27
162
1217
61
237
625
24783
2439
87
1094
4096
10565
23
24
855
27
251
10565
515
516
3958
24
2439
14
27597
614
57
24
582
1389
15
2843
1839
5
11900
7249
2528
27
26669
159
14
8199
516
107
14
5304
11543
61
5
32
2
502
10293
1099
604
15397
27
397
40337
57
24
2439
61
31796
53922
1393
5448
183
1308
1013
2191
27
11079
99
23830
18
144
316
4441
201
6613
23
1011
2542
647
11658
14
14723
582
1413
9
506
2528
23
9865
9
891
27
119
103
61
5
401
1502
40388
61
10108
1020
24
77
87
35
185
6830
3520
119
7314
2707
705
632
9
5
104
237
5830
26412
34
334
1347
147
1750
2356
1976
185
24
7173
201
3193
1462
36
27
1031
912
1607
10293
1393
4975
1094
9
484
183
912
401
545
27
55455
2526
61
35869
14720
61
5
5016
9
112
5606
515
55453
10029
27
1530
10293
2831
45
107
9024
13
5429
9
358
2831
107
9024
13
2560
61
13
19102
23
24
5138
18205
57
24
191
27
11701
9
233
2526
99
100
6807
91
334
8350
224
7997
9
1893
4255
57
2502
27
1585
24
1785
1520
54
83
1393
2502
3257
2526
13
444
2786
3466
57
10565
9
5
358
825
61
215
1520
27
408
1018
1013
1014
11079
7895
27
396
87
133
57
14961
61
646
87
455
174
34
158
13
377
13
54
110
515
215
99
1013
330
253
27
408
1643
54
32815
5
5230
61
40
24
128
1018
1013
1028
158
27
119
128
3935
226
27
55454
87
1487
27
246
2465
11079
87
101
434
343
13
1530
10293
37
31406
163
246
10293
130
89
24
10565
5314
58
252
91
6582
246
10293
663
970
5227
334
47420
74
41312
246
3272
464
99
289
34
10293
13
15497
122
10021
225
246
331
55454
87
1487
331
61
4315
24
3272
464


