1736
2387
1026
3
29
37
3388
353
370
3
32
4270
1328
1465
11430
16477
11042
23
54
6
0
2960
18
237
24301
1
301
3
1114
9278
2
15
179
1722
4945
3341
890
1043
580
275
2387
13
602
3
2136
430
20
0
1558
755
1
480
2044
1967
4
671
18
31501
25371
1262
14
0
338
283
130
13
0
369
0
148
5389
13968
7
172
486
2
9278
18660
14
0
4398
9
83
13
412
6
1492
1650
1
45
2094
21
392
1659
5
989
1706
11
2611
2724
18
243
7
1739
7
554
3
356
3
0
208
755
2
1343
297
94
11
16
1736
2387
1657
7
6511
486
2019
167
17
43978
43979
5492
11
6862
16
895
246
3341
1114
9278
890
1736
2387
170
1026
3
2136
430
20
0
1558
755
17923
16
2387
11658
103
5
1800
7
550
20
0
5249
16666
31502
515
6
246
18
229
17
1465
1336
8456
3
3314
1
9278
22
16
8
15
353
370
46
32
19
9081
1146
2
281
21
30
5
6037
1706
123
21
893
32
4270
23
54
6
0
237
7
0
172
45
21
18
170
213
25
80
3
84
2
8
871
335
29
562
59
23
0
237
7
0
172
45
14
18
8432
2
52
2362
21
18
170
213
5
396
3
1751
39
19
744
20
338
283
81
236
2
8
52
18
213
5
396
6
1492
1650
45
92
18
170
2688
11
59
3
147
12
4
1665
2
8
2387
224
182
3211
11
19
288
4079
120
0
1489
187
6
81
236
4
10
5564
1376
11
452
5475
589
328
593
31
814
4288
4866
2
52
10643
19
242
7
0
1536
11737
7
405
4
545
274
2600
229
23
283
13758
502
4
435
3
313
42
200
1285
993
7
105
82
2
997
2387
18
25372
7
745
7
0
5719
2557
6
81
236
1
246
18
148
8892
561
1861
3
91
2594
31
0
245
6
232
9
1709
3571
116
31
0
179
9891
23427
2
9278
22
16
8
57
228
2594
121
56
21
342
19
745
421
7
0
236
2
1529
2358
16
139
3042
31
2387
867
4100
6791
3
2277
5
632
1426
11
435
127
338
283
81
236
20676
16
246
18
585
2970
11342
9278
10
1535
20
31503
18
1862
31504
25373
8
387
202
510
3
121
2
24
107
74
388
29
5
228
849
3206
2
24
34
5
229
24
404
3
3172
12
0
5619
3020
1
45
202
67
85
14
2
8
52
18
5
2187
2407
4
14
2134
31505
69
0
1480
2
89
20
0
222
71
1
21
1624
14
54
2358
76
495
17
59
11
0
936
6
19
142
2
104
382
214
25
90
17
292
21384
1
1114
43980
4
2778
1823
2
8
1736
13
170
247
4
48
13
5
425
1683
11
59
2
318
2976
46
1665
112
21
30
5
205
1706
2
8
2387
46
226
49
127
4010
4458
4
1465
7
0
2878
6
9829
12
377
23
246
2061
9
103
42
1854
2480
618
127
0
174
38
12073
88
28
3915
190
12
4818
2
191
119
2387
46
32
5623
12
0
2461
3630
20
0
10668
6
29498
29499
1
9278
890
21
171
32
7153
12255
0
130
7
197
0
12531
20
0
2961
267
2
3323
38
0
237
3145
12
163
46
32
20
0
353
370
1
0
1127
9
2432
4
3858
5211
3341
254
74
12985
2
8
16477
11042
1
8
21
11996
1006
2
3051
13968
16
16477
11042
53
528
51
13
0
580
275
3341
7
172
486
1
301
3
9278
8203
12
0
873
16
11042
13
207
3
621
49
2961
2387
7
9829
12
377
166
8
52
30
300
40
5
128
4826
3145
10966
4
21
18
2533
6
371
400
11257
2
52
18
2694
41
497
156
1676
1
45
21
893
32
128
717
3
1017
56
246
326
1465
2
8
9278
61
2458
1268
18
18056
18057
1505
4
7864
55
1089
18
4288
12516
23
54
3
718
253
2
89
4616
33
289
0
222
4830
23
0
6024
2693
2
281
21
3503
19
237
745
1739
1
2387
445
79
29
5
880
6
2827
11042
7
9278
18
9
4
169
108
75
18
9
874
6
15771
2
8465
132
20
0
853
16
9278
2458
18056
18057
9
45
0
1268
3341
10
2176
178
278
31
3486
246
18
148
8892
561
1114
9278
10
1535
20
31503
18
1862
31504
25373
26
246
225
1465
7
42
1489
353
370
229
12
377
26
338
283
13968
2387
46
165
49
127
6024
8
11042
26
895
246
3341
9278
890
2387
46
3777
3
32
180
54
6
0
237
7
0
172
112
21
5236
5
989
1706
7
1739
26
9278
2458
1465
18
11042
23
0
172
18
31506
3145


