65
2791
290
10
43225
1156
31
27
220
1036
16065
39
0
6697
35
2264
9635
8
1
16570
103
196
6
27
225
2
6340
12716
28
1554
1
735
64
269
6
2642
15449
859
4
67
85
713
8220
39
0
31145
1
50
7532
5
9877
55
6
27
1958
2
191
0
5529
9
83
1
38
34
941
18573
150
21
10
697
230
83
1
13
170
18574
459
27
25141
9
83
2664
2264
1156
27
2
19733
16
6340
12716
1
608
1
735
67
85
713
8220
39
10
7950
31
27
2664
18573
1
38
36
34
941
28
5
6697
18575
2038
8323
959
3
1442
386
6340
18
225
4
209
0
1278
30
3457
5
9517
3
9714
6
27
6
0
4160
343
2
89
27
145
9266
12716
1
2729
1
22
36
10
170
2055
3
1060
39
17504
0
11471
358
2
8
57
10
2894
1
8
22
0
179
2683
1634
2
8
6340
79
13140
94
3
355
59
19
4874
6
626
4
21
79
219
11
27
2
8
52
79
9635
1
158
3582
56
60
210
59
7
5
8153
21
43226
4
28213
11436
274
71
54
6
282
219
339
59
1
385
34
1362
7
19
1516
2
8919
16
6340
12716
444
105
230
7
286
39
0
343
1
0
5529
9
83
13
98
10632
6
5032
18
1532
8
249
21
213
103
6340
92
10
86
194
777
7
6340
47
1069
14
36
76
141
177
5
551
4
60
43
662
0
790
34
213
27
1069
2
8
9026
27
244
1
1483
12716
1
37
2530
8428
1941
38
845
1773
43227
9
5
9
272
82
23
5
3734
5352
1
10
7
0
576
471
4
306
0
790
43228
4
6340
10704
120
0
343
2
8
24
1933
69
0
2137
4
408
6340
1272
27
225
4
3221
23
777
6908
55
1
8
22
68
12716
2
8
24
2755
0
87
551
24
76
325
3
1007
0
3276
4
6357
0
5380
50
1
23
25
2317
1
10
6338
28
0
11104
21245
2
8
581
227
180
6616
4
2296
0
790
363
4699
24
79
219
69
43229
5575
3
1860
95
263
2
8
191
0
117
161
44
29
100
961
459
18573
1
38
10
192
210
94
1
2264
1362
2
271
12716
22
44
61
3861
19
566
1
25142
1
38
30
202
13163
13353
2
96
22
16
8
15
343
10
86
8061
1
25
158
9906
25142
2
52
20738
7
0
2323
4
58
141
226
55
11
230
2
8
104
858
34
88
150
44
43
697
230
83
1
66
79
84
41
1347
14
3
1342
28
5
1965
790
2
8
6340
444
105
230
7
286
3617
28
0
343
2
96
22
16
8
24
84
141
1714
194
50
13
1131
5
205
551
2
24
1714
13013
1191
121
3
1629
49
86
14
21
76
177
95
225
4
123
0
208
551
24
73
5122
13
91
7
0
99
6
0
2683
4
350
55
6
0
1310
2
8
24
84
141
158
1714
248
5
43230
7
0
99
6
95
619
1
4
24
2708
16416
2
8
1287
16
6340
12716
30
116
5
412
2082
4
13
170
373
3
18573
18
566
25142
4445
43231
1
5
1366
19862
43232
28
336
2875
5293
1395
1
22
16
8
104
43
78
31
742
14
25
10
37
913
6061
4
1
3
121
1
25
10
54
6
217
1396
14
76
858
40
739
2
8
249
60
1477
69
0
260
92
10
253
194
3045
4
25
10
128
2154
2
294
60
116
136
152
69
0
2137
60
115
5
128
3045
45
1549
6340
17
21246
12
27
225
1
5
396
6
777
5189
2
8
8
96
47
37
3217
247
290
1
8
176
271
12716
2
8
249
36
224
99
28
0
286
0
87
551
36
107
10
165
49
3
0
1310
3
165
4
177
136
108
790
2
8
96
47
41
86
662
63
108
75
47
1532
45
36
47
41
2999
1
24
181
0
1030
551
21247
121
67
85
27
2
8
15
2038
4342
30
617
5
3353
431
1
66
73
3457
177
5
20755
12
323
50
13
2090
2263
1825
6061
36
34
12
27
225
2
8
26
6340
8726
34
941
18573
150
21
10
697
9
230
9
83
56
25141
9
83
8
2264
9635
8


