2271
3589
5
201
18555
341
3673
3
21635
1498
18
8473
25811
17
97
81
554
6
656
90
5
178
9
149
15801
1
23
0
2073
349
18
7985
9
514
17
6243
25812
4
1865
1244
1922
1592
69
4759
7
818
6
5
740
2530
544
2
15
518
18
45690
9
802
1651
7
16654
632
437
1180
3644
7982
6
0
3305
31
1836
1651
421
7
0
132
2
15
279
13
6313
3952
32244
1498
18
10040
11900
1
50
30
40
9030
17
1163
94
2957
6
10532
6396
1582
31
5470
3133
77
32245
347
6
868
2
297
94
11
167
2271
3589
5
201
18555
341
3673
3
21635
1498
18
8473
25811
17
97
81
554
6
656
90
5
178
9
149
15801
15
1655
98
1110
3
519
2221
367
11
19
6162
2
378
5
857
518
546
1059
421
437
1
0
813
20244
19
337
11
1498
18
122
3
994
9
2668
119
6083
2418
2647
11
5470
4467
2
367
180
11
0
3378
1013
6
0
2504
521
3
32
1397
31
6243
4
22
25
58
32
504
3
210
386
216
7985
9
514
39
5
32246
9110
45691
2837
472
1006
39
159
69
1593
437
415
2
52
61
5095
10040
11900
23
5
4116
152
0
321
13
1408
8
143
662
14
1498
13
344
3
1231
97
2281
2
8
15
2668
571
30
1172
23
5
229
9
16783
7
0
1043
726
6
1282
17
1865
694
9199
5
1216
1526
23
232
23
1579
134
153
2
10040
11900
1828
5056
1
4337
5494
1128
4
1064
9
8473
11764
3
1405
0
29700
6
37
10532
3428
62
11487
4
2805
112
25
13
3422
11
5
753
1390
2292
2
281
37
5350
329
13
1930
1
25813
33
1582
3
45692
7
0
663
7
373
9999
3
0
8473
2
45693
41
3782
5
1350
33
867
3
1219
7
3207
5048
2
15
1865
765
22
25
10
3190
11
0
740
2504
4
482
12711
992
62
1656
1515
3
1457
3
764
12109
15
571
3811
769
9
908
6396
17
5
908
197
314
724
4
1627
724
241
25813
752
23
194
201
1795
28783
2
13672
31
1498
18
4992
18242
4970
10484
1
10040
11900
30
1824
989
321
14773
4
1316
337
2
12933
97
683
1
0
321
30
1646
67
85
201
4882
341
3
185
1498
1202
964
11
11764
1
25813
1
2098
964
4
7180
1
0
12726
1782
1395
22
2
15
943
369
532
207
3
6081
748
201
275
1261
39
3644
45694
4325
0
367
1723
18
2804
11
10040
11900
2815
11
10232
1668
2
836
25
1181
623
3
1083
158
557
1
17
367
539
3
911
156
1655
9733
69
537
2
57
18
3591
1
967
1
129
923
0
111
7893
445
1499
0
21325
2
191
1498
4
6243
206
32
7
11
5
8555
666
2
378
568
9743
6318
4
64
1865
1760
43
285
437
2
14449
339
0
5724
9
4759
21636
921
69
0
166
1
17
1457
4931
18425
4
1509
3734
4
25307
13819
2
15
1865
765
22
25
10
3190
11
0
740
2504
4
482
12711
992
62
1656
1515
3
1457
3
764
12109
2
15
2504
18
3069
2465
61
7869
5
3298
7
10852
31
0
367
1723
1
50
34
532
2497
17976
17
0
6934
5470
8303
77
0
81
418
230
2
1315
85
10842
6318
1
2931
4467
1
4
67
85
1205
10558
1
2931
1760
1
29
40
285
7
0
3279
2
2271
3589
5
201
18555
341
3673
3
21635
1498
18
8473
25811
17
97
81
554
6
656
90
5
178
9
149
15801
1
23
0
2073
349
18
7985
9
514
17
6243
25812
4
1865
1244
1922
1592
69
4759
7
818
6
5
740
2530
544
997
472
18431
337
11
1498
7
2271
1
0
10040
11900
279
532
7
1685
118
5
132
320
23
3644
1916
17803
39
37
1921
31
3306
8107
1786
45695
6
2128
3
325
1874
4310
7
0
1880
3
503
11
0
1469
2
2086
1
17228
1680
3
10683
0
1498
279
69
5
13022
1051
1655
14
1041
1835
606
4
25814
4106
279
2
387
1655
732
3
124
0
2857
1205
5981
12
470
1
4
0
518
34
305
1062
7
25
1
5109
2
1461
21406
574
42
1120
3
5
1443
1498
1655
437
2
45696
127
0
3517
7
0
518
43
3797
3295
5748
6
7285
1
9143
45697
6
665
1
45698
21464
6
1602
4
2571
18802
6
3112
1
4
3584
3125
45699
6
4058
1
9028
866
6
820
2856
1
1067
28058
6
5648
4
975
45700
6
407
2856
2
871
6
2271
8
10040
11900
279
76
165
3
321
2668
8087
45701
1
50
73
16346
6726
6
0
571
39
5
359
526
2522
197
1498
4
0
250
1520
2
15
64
1771
61
33
32247
12
5
571
4995
2762
9
908
6396
14
73
1024
197
1627
724
4
1887
724
3
1231
1498
127
32248
7
17744
4
519
7040
2109
18
394
4
9134
8140
7
1434
2
861
37
1072
12
2166
1
1498
61
13
2326
5
25815
127
879
9
908
2659
2
15
208
2662
6
0
15403
571
13
1973
3
11378
7
2699
2
26
45702
6439
23
2073
349
18
7985
9
514
45703
26
9070
13
6313
3952
32244
1498
18
10040
11900
1
50
30
40
9030
17
1163
94
2957
6
10532
6396
1582
31
5470
3133
77
32245
347
6
868
26
15
2668
571
30
1172
23
5
229
9
16783
7
0
1043
726
6
1282
17
1865
694
9199
5
1216
1526
23
232
23
1579
134
153


