251
853
627
76
4725
99
1391
54
7132
11113
185
14
2535
9
24
9
1146
4851
13
442
158
4568
10093
449
24
27773
27
162
5657
1268
61
35113
35114
61
2
35115
61
31272
61
1391
54
17279
7132
133
185
24
1362
19919
61
722
100
1921
91
24
679
57
14
3976
9
16881
730
129
61
1103
13
761
525
2534
4321
57
1146
198
61
1391
525
27653
11113
23
525
513
27
5920
13
4568
24
1271
1191
57
1362
10093
449
54
2534
4382
61
35113
2114
13
3307
54
35116
35117
11113
61
289
35118
61
133
89
24
1146
61
6534
76
158
14
843
57
1343
5
17485
34
372
5310
91
4725
27
521
159
34
522
331
187
37
5316
13
107
1245
331
262
35113
35114
61
2978
61
76
54
701
11113
35118
61
552
3612
278
11258
10093
34
4725
704
18
24
1146
543
24
442
5
2002
57
54
2255
16550
61
35113
61
129
149
935
363
494
2033
61
1391
35118
445
185
24
55
7917
57
54
19919
23
33
23
5657
1268
27
1585
61
24
11113
99
9917
24
9947
5
935
405
61
1875
13
614
54
15706
843
61
655
4690
24
1146
13
4458
23
76
54
8999
4166
27
331
1307
628
55
2114
13
2002
35113
23
54
531
61
183
149
652
628
149
108
13
850
158
1028
13
2344
3896
183
2237
2346
331
16550
6498
35119
27
331
628
35120
621
506
13
3896
24
2947
35121
1387
183
3862
34
35113
13
738
13
14
796
5150
276
27
628
149
8257
13
2002
35118
652
35113
105
1142
14
880
13
748
33
13
612
356
806
14
356
515
99
100
3541
104
14275
612
6612
4759
27
331
35122
61
707
3584
87
35113
27
628
278
4725
61
5
818
1308
707
5666
22119
11113
35118
27
35118
87
449
13
738
5194
185
334
19919
806
5
628
2296
723
13
1550
4014
57
158
27
1003
22119
11113
3119
13
4568
4725
10093
27
4816
1724
158
331
35118
24
35123
11726
331
1185
331
35118
331
27
31021
496
61
237
2913
87
822
1533
1245
1284
24
622
22119
12515
723
639
27
3716
723
2831
2391
133
34
262
3116
19421
35118
24
35124
11113
185
54
12273
61
35113
3866
14
1392
6532
24
2023
5
2524
2933
23
722
4725
1221
2590
24
7132
13
442
622
308
2294
496
24
1356
10039
57
24
4382
718
2245
1030
27
5115
485
129
35125
185
54
3612
516
1550
185
24
1086
57
5812
10093
23
54
1185
525
356
1221
759
13
4722
35113
912
843
1853
24
9947
61
655
215
4411
104
82
23
7144
27
842
24
2255
5
688
44
604
278
1969
496
14
1351
35118
516
1510
27
331
162
5657
1348
35118
510
54
55
2158
13
34320
61
628
5362
76
2276
4620
646
552
318
105
4725
61
331
16550
2206
27
331
1447
149
853
13
709
2002
34
4725
23
34320
27
331
12340
1155
14
679
2
818
420
868
61
16550
1770
13
1319
4725
23
24
622
2846
35118
149
140
61
5
926
6638
496
926
4023
185
24
531
37
592
844
27
143
316
3133
58
24
35118
105
8109
54
12273
61
16550
497
2933
23
31366
542
27
4338
833
311
2494
61
5
5100
34
6252
2
35118
2384
61
16550
309
14
20396
57
582
35126
2
7132
1565
35127
61
129
2977
15453
12515
13
24
384
23
3023
13
442
24
485
4361
76
24
9894
1479
57
2975
27
1687
1312
24
55
2347
454
646
149
503
32
35128
16550
4042
27
1687
187
149
1013
402
484
610
13595
610
44
5498
308
2289
91
722
1533
35118
912
787
27
419
628
598
13
35127
69
24
14614
57
24
35117
23968
11726
71
61
5
13
1987
358
278
11617
15453
22119
12515
13
35129
543
818
3096
35118
12515
23
24
3490
61
2329
24
531
497
14
1751
9
227
1086
34
16550
27
305
24
18707
262
35118
53
183
13
507
2846
23
54
55
890
454
57
5194
251
35130
4228
262
119
853
11113
99
53
183
13
405
57
24
1146
37
594
4286
9
35131
10305
579
10902
120
11086
76
8651
9009
185
35118
37
1845
185
592
5
1002
61
18789
582
35118
198
876
705
257
61
5
11975
24
10093
531
1853
4725
9065
7107
27
1295
61
16550
1520
262
331
951
710
834
435
628
1835
61
628
600
278
227
13
2970
5
5605
2002
13
372
1834
76
24
2524
57
722
14
318
185
24
31795
27
331
35118
37
592
844
5434
705
13324
215
99
2950
23
2172
57
876
27
396
37
4602
104
405
57
24
1146
37
594
186
10305
61
35132
76
251
9
2580
9339
61
5
1347
35133
24
7365
23
14
8758
18634
3193
61
704
24
655
33448
24
752
843
18716
1853
54
4251
9
654
262
331
35123
1184
183
912
5316
13
107
1245
3555
331
119
531
99
5310
272
704
18
24
1146
129
278
4725
61
45
23
24
306
24
635
627
129
2859
183
704
27
251
843
23
12640
262
35118
10553
10093
76
54
20600
262
331
35123
1184
183
912
5316
13
107
1245
3555
331
6503
33
13
54
12746
262
35118
99
1347
53
183
64
420
64
24
5748
10317
61
502
149
14
725
57
3034
35113
331
35113
2256
14
1440
57
5843
61
331
1520
4620
16550
27
331
396
2256
215
87
45
503
759
24
1146
61
40
663
54
276
15525
27
396
912
2515
4372
61
5
215
912
53
1569
2072
486
1533
2537
27
331
396
912
25102
14
2508
2528
647
4800
54
531
27
187
99
663
3793
703
3867
609
1221
610
614
14
821
796
2949
27
331
724
646
369
373
1011
35126
185
24
738
61
5
24
223
87
420
2
18
27
331
35118
87
373
1951
61
5
825
107
34
3096
494
13
799
3555
331
1520
16550
27
331
396
87
144
33
2
17125
61
26957
61
2596
5
6785
27
396
912
370
23
6258
27
331
1843
35118
87
185
24
1481
57
24
20979
37
24668
27
1843
35118
87
2453
5
2472
13
3613
7504
35134
23
4343
27
119
2580
1652
185
27
35118
87
32
435
11113
3555
331
246
35113
35114
61
2978
61
2
35115
61
31272
61
14679
54
6655
22119
11113
35118
13
622
272
1145
24
1146
246
5115
318
129
1577
58
35118
87
15141
76
5812
10093
449
4725
23
54
1185
525
356


