8339
262
45683
45684
61
4504
61
7983
289
23
14
7663
1206
13
14
1605
14841
320
251
1605
14841
6989
9
2805
391
13
107
24
55
18893
1066
6328
13
14
1779
40192
149
2940
185
2272
76
2394
23
14
7663
1206
13
14
320
61
642
330
27
1707
6555
12822
9
2033
45683
45684
57
45685
185
2272
256
24
266
2154
1206
13
5196
1605
14841
4040
2095
27
1707
385
24
1071
40
1142
709
2398
1188
27
1178
643
11
642
13
1190
14
8246
34
45684
37
7707
806
24
45685
5663
45686
27
5207
288
244
361
4312
2272
104
14
2956
4431
34
45684
27
162
558
61
45684
149
6328
13
24
1779
1385
57
6321
40
604
510
24
7208
61
45687
58
341
57
14
2957
5671
802
11258
8737
449
45684
37
1106
7410
13
8819
27
119
1779
37
45688
17027
7613
3250
45684
37
8497
13
1876
156
35
506
61
586
45684
37
2336
3241
34
5744
7549
5
37765
4121
18697
24
516
9
107
6718
641
9832
61
1348
14
1085
6578
11007
27
45684
149
2940
185
2272
76
2540
14
1439
2401
18609
8796
61
14
5671
515
718
1415
47
13
741
494
23
5672
1222
560
27
45684
149
407
185
2947
6471
2949
5
87
343
33
23
2959
23
3192
27
45684
7643
12335
34
4927
7280
5
459
542
185
334
15677
9405
3582
27
331
628
278
105
14
9405
3582
707
1016
562
61
5
628
12336
237
149
707
2190
217
76
183
27
628
149
15677
34
14
402
227
61
5
628
638
244
278
9995
61
331
45684
750
24
1605
14841
5040
6381
256
525
7707
27
331
628
149
244
3108
13
10493
2938
61
5
183
149
3769
133
57
5241
34
846
27
628
278
1399
14
1842
1778
846
61
5
628
604
648
628
516
1018
237
23
14
5720
494
61
331
926
750
24
3830
27
45683
45684
149
3132
13108
37493
45684
13092
5
149
560
1587
23
45685
484
926
1541
1802
1011
27
45689
1206
262
1707
6555
12822
9
2033
45683
45684
57
45685
185
2272
256
24
266
2154
1206
13
5196
1605
14841
4040
2095
69
324
71
1707
750
119
45690
515
23
10714
926
149
2940
76
3860
7464
9831
2958
41240
58
334
10020
76
525
571
123
502
926
2339
14
19340
27
162
535
926
149
2940
76
3743
2943
1870
14
893
2
6505
926
149
29532
14
45691
27
331
10856
1517
288
2075
130
61
331
45684
750
119
45690
23
558
256
525
17826
2
525
6328
134
27
12160
18555
262
162
558
61
45684
149
6328
13
24
1779
1385
57
6321
40
604
510
24
7208
61
45687
58
341
57
14
2957
5671
802
11258
8737
449
45684
37
1106
7410
13
8819
331
162
1217
61
926
373
763
23
24
1032
61
5
610
850
621
622
2
227
13
227
61
5
610
369
10809
27
187
37
64
1222
372
494
604
640
61
331
926
330
27
45684
330
166
494
495
515
926
4227
13
1876
34
2964
156
27770
167
525
7040
139
27
1042
2958
2079
825
2297
525
2
2931
818
27
331
4338
628
2168
133
57
5672
628
1999
1030
183
149
14
582
56
34
846
27
628
1770
707
24358
61
2
129
628
105
100
34
704
372
494
61
13
129
628
2236
149
61
331
45684
330
27
331
143
1541
647
515
515
257
61
628
1018
1465
61
705
257
13
1812
13
226
2208
61
1185
442
1463
2359
27
628
1835
3108
13
107
24
512
1066
628
718
107
61
5
1399
24
139
1778
846
61
625
5
34
704
27
331
1545
1292
262
331
4338
628
2168
133
57
5672
628
1999
1030
183
149
14
582
56
34
846
27
628
1770
707
24358
61
2
129
628
105
100
34
704
372
494
61
13
129
628
2236
149
61
331
45684
330
23
558
64
926
7031
2
2964
246
1707
6555
12822
9
2033
45683
45684
185
2272
256
24
266
2154
1206
13
5196
1605
14841
4040
2095
246
1707
385
24
1071
40
1142
709
2398
1188
246
162
558
61
45684
149
6328
13
24
1779
1385
57
6321
40
604
510
24
7208
652
183
149
743
926
149
14
560
18555
246
45683
45684
149
3132
13108
37493
45684
13092
5
149
560
1587
23
45685
484
926
1541
1802
1011


