1851
1508
7541
3167
10
482
103
7
0
87
272
23
5715
19959
49
11
506
18
102
1383
370
1636
9
368
10778
127
502
17
5
463
9
791
313
2
3167
408
925
7
0
37722
977
11
23327
1417
11443
103
0
873
4
609
1851
12281
5267
268
79
39
0
889
2074
1
200
9
272
731
31
1786
14405
1
2076
7870
4
4607
17600
4366
0
525
5883
3062
42
6452
184
389
3
231
1893
119
1851
8
178
9
229
37723
9345
224
3
37
267
2
5715
335
2029
39
1435
0
439
7
42
463
9
791
1023
77
1851
250
1786
14405
53
122
51
1151
0
1435
11
5715
5883
127
1851
250
20
19960
2057
1851
16
17601
1
28467
53
19961
4994
8
51
1
12323
1
37724
1
28468
53
2585
4994
8
51
1
3167
1
3906
1
14406
1
37725
1
2730
1214
1
37726
53
6247
5797
8
51
7186
41
157
16
2889
1214
1
4978
1
37727
1
17602
8593
16
19961
1
3906
1
2730
1214
23072
103
16
3167
5715
16
13274
1
17603
53
636
1214
4740
8
51
1
37728
1
37729
1
10639
1
14405
1
17600
1
7219
1
11443
1
7870
1
17604
53
1109
3699
8
53
37730
7437
8
51
51
7186
41
157
16
28469
1
37731
1
8227
1
2682
8593
16
17603
1
1214
7789
16
14405
3787
8
7870
5971
8
17600
1711
8
11374
16
2028
7073
19962
16
37732
3167
1
99
7
0
1851
243
39
5
178
9
525
3874
1
10
958
5
1307
925
1254
39
4282
2028
7073
10
180
77
31
5
15862
38
34
1148
0
2011
12
179
3183
4
2432
3553
11443
7
0
122
2323
2
1851
476
7092
42
37733
4976
11
251
1286
3126
23328
4
19
2792
1983
1257
2723
2
28470
13275
6
8
92
18
118
54
3126
23328
8
4
8
92
18
118
54
1257
2723
8
5197
55
140
0
640
760
39
0
454
2
1217
64
230
421
1
23328
11436
22
21
10
2263
19
594
39
2723
10
37734
1410
11
0
7871
6
0
236
4
78
19
1237
58
41
32
8085
2
2723
10
3825
6
19
5255
31
1851
8
486
771
5129
37735
1
38
13
521
3
32
2263
19
220
1056
2
5715
1
38
34
2963
9
83
1775
3341
292
13274
12
2012
1
28471
390
906
90
472
317
5
9496
9
977
667
56
7870
303
127
0
1344
4
11443
1582
0
13969
69
0
243
9
11491
2
2076
7870
14407
0
200
11
5715
5883
127
1851
250
7870
123
2543
5
13165
1070
45
303
77
28
398
3329
4
56
3167
34
1851
8
237
880
86
416
1
21
19963
2730
1214
18
1842
77
0
1344
90
687
1851
3
1111
12
17
259
266
2
13274
34
40
3451
23329
12
19
2012
1
19
118
87
9
272
1800
1637
55
1883
14406
18
10126
27915
303
1
45
1851
3341
6933
17601
34
3
2056
103
5
2468
429
28
19964
17604
20
547
9
10744
908
7
0
28472
977
2
5883
34
2217
3
143
42
37736
2213
3610
23
1851
4692
3009
7791
1
17
9510
7870
4
17604
14408
6
536
9
615
4150
1
45
64
731
7
5
452
9
977
3206
574
0
229
5883
8
152
2
15
6826
806
7
0
37737
977
2
1194
7219
18
189
1812
94
0
122
115
17604
38
498
19965
12323
0
5530
90
14405
303
28473
424
17601
2
17604
14409
103
3
32
2301
31
789
1109
7
0
27688
977
4
5
977
192
11443
18
189
9
2195
303
23330
127
5
737
2
1851
43
17605
4
44
6096
311
7
0
37738
977
2
14405
1670
55
1109
1
761
6256
1842
93
0
14196
7870
0
1951
4810
6
2447
102
11
19
6719
616
6
0
236
2
9049
1126
49
7459
19527
6961
7
1915
6
1851
476
789
10127
4
1424
28474
1437
1
7
0
19966
977
1
12323
867
17600
71
4
471
3
9982
7
0
439
2
26
5715
2477
1472
313
77
28475
1851
250
20
19960
2057
26
14410
7541
3167
482
103
7
87
272
11
0
102
243
26
1786
14405
1
2076
7870
4
4607
17600
1872
11
5883


