258
2180
22983
34
463
464
465
251
22984
8454
91
177
22985
185
6250
6251
1413
494
495
99
3283
215
648
926
149
455
40
14
331
22986
331
27
119
61
45
818
22987
61
2401
185
665
6251
650
454
58
808
22985
149
22988
64
465
37
3463
5856
23
3094
1972
5
23
24
2248
57
14
7532
6330
531
27
119
3515
9221
13
17047
37
6330
3728
5584
61
811
8514
91
119
870
61
1341
215
22989
185
665
6251
5
24
331
22990
43
331
129
5892
525
61
349
5214
10910
61
64
215
149
22627
57
64
3463
5856
27
521
159
34
522
251
22984
8454
91
177
22985
185
6250
6251
69
324
71
1413
494
495
99
3283
215
648
926
149
455
40
14
331
22986
331
119
61
45
818
22987
61
2401
185
6250
6251
650
454
58
177
22985
69
324
71
149
22988
64
465
37
3463
5856
23
3094
1972
5
23
24
2248
57
14
7532
6330
531
10512
757
262
119
3515
9221
13
17047
37
6330
3728
5584
61
811
8514
91
119
870
61
1341
177
22985
69
324
71
22989
185
6250
6251
69
324
71
5
24
331
22990
43
331
129
5892
525
61
349
5214
10910
61
64
215
149
22627
57
64
3463
5856
119
870
341
808
22985
958
54
936
23
3094
61
1972
64
14
331
22991
331
6474
1804
22992
76
22993
449
54
4929
37
3368
61
17047
37
6330
3293
5
24
21242
14
22994
149
23
24
331
4156
2975
331
27
396
5224
372
5606
288
1564
13
21746
665
6251
37
22995
15098
27
119
22996
9221
2
808
22985
650
23
352
13
15994
91
665
6251
5
525
120
61
646
149
14
1292
23
6094
4995
27
331
1134
149
334
6308
22997
5016
9
17211
6306
34
14
6094
1292
515
149
5008
23
1581
398
91
4098
15098
61
334
1761
13
6340
24
1107
34
6094
1292
702
7188
10023
13
24
498
1107
57
1779
61
331
330
808
22985
27
808
22985
99
663
901
791
3954
6607
22998
64
32
57
6251
37
16191
120
129
215
5224
1802
185
158
23
10029
237
516
68
13
14
134
64
7163
3463
5856
27
833
9739
262
177
22985
15240
6250
6251
69
324
71
14
331
22986
331
5
22994
22999
23
14
1972
8454
256
361
22627
64
3463
5856
177
22985
69
324
174
71
598
23
334
8454
515
6250
6251
69
324
700
71
1663
334
331
23000
531
331
13
23001
24
4651
23002
8938
7565
61
14
22985
4929
1398
61
5
1196
24
791
6611
1185
525
120
288
24
5303
1778
14
17425
4966
13
14
3830
951
603
189
262
119
61
45
818
22987
61
2401
91
177
22985
69
324
71
185
6250
6251
69
324
71
650
454
58
808
22985
149
22988
64
465
37
3463
5856
23
3094
1972
119
870
99
663
1341
808
22985
3957
54
4929
5
1579
3740
23
54
8454
586
183
105
331
14
3466
4098
21251
331
27
396
598
515
665
6251
1663
334
331
23000
531
331
13
23001
24
4651
23002
8938
7565
61
14
22985
4929
1398
61
5
1196
24
791
6611
1185
525
120
288
24
5303
1778
14
17425
4966
13
14
3830
27
1882
13
24
465
665
6251
149
45
14
124
3841
57
3096
57
808
22985
37
3740
40
215
598
515
926
604
105
1193
331
8321
331
11971
14961
2151
27
119
791
7163
3463
5856
1786
18312
663
638
244
738
2241
14
4943
61
808
22985
6819
133
104
54
23003
3791
57
24
7295
6591
27
396
598
646
149
14
331
2390
17159
57
13960
331
76
24
7295
3855
5
1382
6916
349
665
6251
18
24
23004
57
24
6591
27
808
22985
37
8454
663
6182
24
6997
15437
24
3790
23005
3777
5
21053
133
104
791
3954
2006
23006
61
129
215
5224
2831
278
100
184
13
3229
34
24
7532
82
23007
3777
61
502
11
13
1413
12629
27
119
3515
8454
99
100
3283
64
665
6251
37
23008
61
1003
780
61
149
784
61
9233
91
14
3204
704
4860
76
4880
11793
481
185
207
2356
27
251
22984
8454
91
177
22985
185
6250
6251
69
324
71
1413
494
495
99
3283
215
648
926
149
455
40
14
331
22986
331
6250
6251
76
4880
11793
481
262
177
22985
99
417
14
22984
8454
57
24
791
3463
5856
23
14
3515
9221
13
17047
37
6330
3728
5584
256
24
23009
57
808
22985
64
3463
5856
23
1972
119
3515
8454
91
177
22985
23
1972
61
8514
91
119
465
61
99
100
3283
64
665
6251
37
23008
61
1003
780
61
149
784
61
9233
91
14
3204
704
4860
76
4880
11793
481
185
207
2356
246
177
22985
15240
6250
6251
14
331
22986
331
58
24
1972
6094
20239
246
119
870
8514
14
3515
9221
91
177
22985
13
17047
37
6330
3728
5584
23
1972
246
808
22985
598
665
6251
53
5606
61
349
24
21242
14
22994
149
23
331
4156
2975
331
61
13
21746
525
22995
15098
246
6250
6251
6807
177
22985
64
3463
5856
185
3094
507
61
1972
246
162
24
8454
61
808
22985
3957
54
4929
5
1579
3740
246
808
22985
5224
791
3954
2006
23006
2831
107
459
34
24
23003
82
23007
3777
502
11
13
1413
12629
246
119
10042
799
64
665
6251
37
23008
61
1003
780
61
87
784


