8033
369
2590
1687
835
8034
57
2572
9
53
6300
13
4722
122
7533
57
8035
1853
24
8036
326
61
1489
13
14
582
2401
27
1134
768
650
2
941
9
1893
1319
1060
8037
8038
1322
69
8039
71
58
183
1732
185
9
24
9
1675
3799
23
5810
5
8040
27
187
912
100
1969
34
14
655
515
8033
99
100
2590
4753
1203
1218
61
40
8039
912
1344
87
24
55
91
14
2639
9
4929
1816
13
1812
5
3751
23
8041
496
1218
24
4894
1060
61
663
1969
64
24
6292
4809
69
6235
71
61
87
8042
27
521
159
34
522
4753
6300
262
1178
643
91
14
941
9
1893
1319
77
99
1142
515
8033
87
2590
1581
8043
57
3607
9
53
7935
27
2136
87
334
8033
2063
5173
14
5075
5
14
8044
23
8045
61
5810
61
23
3094
8046
262
1178
3607
9
53
8047
2943
8048
515
8039
4805
23
24
8036
326
58
183
149
4818
2
8033
5602
8049
262
8039
2936
515
8033
4123
13
278
14
821
758
9
8050
8051
1156
64
6300
105
100
8052
76
1890
1853
1581
8053
8039
912
2401
330
262
1687
6292
4809
5602
278
1062
835
8043
57
2572
9
7694
1478
7935
5
278
5677
542
185
24
8054
119
3950
1007
37
7576
8055
69
8056
71
5
24
3950
8057
8058
8059
8060
23
5810
8061
1153
4818
8033
8062
13
8063
122
8064
61
40
8039
330
183
4805
4753
6300
144
316
1267
58
122
8065
61
818
358
44
107
2537
8066
27
8067
7935
361
1129
91
8033
2581
3607
8047
2943
7451
5
8068
8069
9
8070
7451
27
8039
663
2936
515
8033
4123
13
278
14
821
758
9
8050
8051
1156
64
6300
105
100
8052
76
1890
1853
1581
8053
27
187
330
262
1687
8056
5602
1062
2572
9
53
4951
4805
1015
13
8071
8072
9
8073
61
8040
61
7581
316
3133
58
24
980
57
8045
13
6235
5602
27
1687
119
7096
1411
24
316
2681
87
7581
5415
1746
27
119
1890
57
6862
13
8071
8072
9
8073
8074
24
8075
2016
57
6235
5602
5
24
8076
685
57
8071
8072
9
8073
13
24
8077
8078
262
8079
1298
8080
4678
9
8081
5482
1062
2
6235
5602
23
8040
8082
262
251
1197
8083
9
8084
8085
5603
2895
515
149
361
1129
91
8033
8086
262
3779
1275
3193
834
8033
99
8087
405
1590
1240
8067
7935
361
1129
91
8033
2581
3607
8047
2943
7451
5
8088
8069
9
8070
7451
5298
6300
8033
87
2590
2581
8079
1298
8080
4678
9
8081
5482
417
13
24
2904
8089
8090
91
8091
8092
61
1197
9
53
8085
5781
9
5843
5603
8093
5
14
8094
8095
8096
8048
27
8039
2936
515
24
4819
57
3096
6300
149
8097
91
334
4821
2222
2590
1129
8098
9
8099
8100
1185
8101
9
8102
13
3051
24
8103
5816
27
8039
3608
972
8104
750
2952
262
1687
8105
4328
91
1779
8106
412
61
57
502
610
639
853
5
369
45
23
24
1857
8107
61
237
87
24
55
227
2938
99
1391
14
1698
643
77
13
3751
1062
6235
8108
119
1344
37
1342
288
3283
64
2108
953
515
3440
99
8109
8110
24
8111
13
7180
33
75
8112
27
1543
5199
750
3846
61
23
14
376
256
35
632
912
8113
8114
23
3173
61
515
3440
1687
825
1359
13
2002
24
8111
61
349
91
8115
542
76
7935
5
1986
122
8116
27
8117
1094
24
8058
99
3373
1981
13
8118
6300
2
791
8119
2846
13
24
8111
61
34
5127
2
8120
27
842
808
5199
149
1414
1222
3440
825
1094
107
8115
24
3950
8121
8122
8123
76
7935
27
119
3463
5856
1718
262
1687
119
4539
7940
13
515
87
8124
3440
99
663
2977
13
676
24
3950
8125
27
246
941
9
1893
8037
8038
1322
7920
8033
8062
246
187
1391
14
77
13
5810
5
8040
13
3751
4818
6300
246
187
1142
515
1581
8043
57
4753
53
1478
7935
369
361
1129
91
8033
246
3779
2581
8047
2943
7451
5
8088
8069
9
8070
7451
246
8039
37
1344
87
24
55
57
1579
1211
91
14
2639
9
4929
6048


