258
8340
3494
1178
4724
346
57
10754
1481
13
6994
237
506
369
574
486
5
485
13
748
542
3212
2053
57
526
11104
27
36398
11117
57
55563
61
44725
5
622
13445
13436
369
1094
719
64
9799
61
652
24
550
5
859
278
594
5562
253
1910
609
34
14
346
57
494
27
7680
18201
369
719
64
1533
10048
9
5
372
129
2245
13023
574
34
542
369
5570
13
24
6439
57
37391
13
1018
183
34
542
27
15393
1131
3212
262
1178
4724
346
57
10754
1481
13
6994
237
506
369
574
486
5
485
13
748
542
3212
2053
57
526
11104
1427
10754
369
12923
13
1346
14
46349
810
122
526
25049
13
1790
24
3280
57
574
35543
34
3225
27
999
5127
1918
262
331
816
723
288
2372
57
605
14
11556
13
442
703
185
612
880
9831
251
11556
57
3225
23
14
714
516
2236
221
612
257
3555
331
19788
9339
5655
11104
34
3212
778
13231
43380
5
28389
1202
61
324
109
185
122
526
257
23
1072
119
1342
799
2
526
1490
55564
61
129
8369
18194
1611
10754
5
1142
515
2707
1413
9
55219
57
372
21474
237
506
825
107
574
34
3225
2053
57
14
11556
27
7273
15036
61
24
1490
37
4128
18837
61
750
24
379
262
1687
397
4348
57
10754
369
3886
34
24
526
2786
61
334
2243
3212
24246
87
822
1533
1423
27
1687
2906
10754
373
2245
24326
574
34
3225
61
1204
61
818
14
5726
346
4330
13
377
183
76
14
55565
8314
3222
61
8937
57
24
55566
1490
61
750
24
885
515
24
4815
34
574
34
3225
2053
57
11117
99
100
5726
21608
34
494
5
515
19350
185
24
6245
278
24887
11343
27
1687
2686
4163
369
9773
55567
926
1520
27
1687
1427
1019
183
37
18914
61
655
1583
57
819
1019
183
4063
562
822
55568
999
55566
416
4673
3924
11728
13
24
4815
5
717
525
2534
352
13
24
1687
36321
9
55569
46349
27
1687
628
12474
1222
2938
37
1541
10479
23
55570
579
5315
61
1875
262
1687
419
108
34
723
185
851
796
257
9831
408
840
2508
118
825
799
851
880
9831
143
61
655
610
639
515
819
1099
9831
34929
13
3856
851
526
257
9831
258
605
723
3225
34
851
13624
9831
408
648
515
610
105
226
45
9831
408
6077
2330
5
6077
175
9831
1312
14
796
11556
13
2422
703
91
9831
143
818
610
840
723
825
4295
9831
1134
796
61
10048
54841
55571
246
7637
55219
57
10754
21474
237
506
825
1095
34
14
11460
5861
246
12338
1490
55564
8369
18194
1611
10754
246
1486
278
1910
609
34
494
818
1018
244
2296
331
56
47
331
11117
1030
41981


