144
10192
2300
293
16
42742
138
1
896
600
151
291
287
16
42743
138
1
918
600
151
334
627
7
11
3211
11
19
24991
1008
6381
7
0
424
1
25
1728
13
5
1439
7
0
122
3004
2
89
292
524
170
516
141
810
2056
103
0
20460
9770
233
1
25
1181
2
674
70
1
0
751
564
10
11039
31
1068
15790
11
816
2070
10693
5295
4
5277
588
147
2944
120
5
117
677
3
24992
2
3814
22
7884
13
420
218
14836
844
20
0
1910
842
1
292
524
4
227
2713
1804
55
42
1740
20
37
18515
842
120
42
1008
17
42
105
126
5986
553
16
15
13257
3422
3
37
18515
842
3
1804
49
15024
11
1740
42744
16
15
751
564
11420
17
0
42745
23
21
1670
55
14985
7
24993
15
751
564
9
38
30
40
2460
7
0
424
11
19
1533
6
1008
1802
9
209
1766
584
6
15025
53
3561
340
6338
51
11
0
703
2241
12
19
535
1008
3
4753
1
21
20
568
11372
67
2890
11008
11
5
703
3
5
1910
842
17
227
2713
133
112
41
0
148
7013
2
15
15398
15025
1
3561
340
6338
1
752
72
42746
28
10253
5840
1224
18516
2
15
751
564
30
61
40
0
14889
6
5187
11
816
0
222
1211
6554
1767
70
39
70
2
52
30
10522
14
11
5
111
7366
9
94
797
133
311
7
1211
133
4924
72
30907
28
30908
1
50
21
6859
17
5
584
6
8290
14
43
61
72
30907
28
30908
2
30543
25
55
16
15
295
43
214
11063
0
670
3695
6
487
42747
12
1005
657
21
532
2731
13218
17
19
111
876
1
271
524
592
5409
7
5
72
42748
42749
1264
1007
28
16585
1
4
232
9
24994
12603
1
273
3
29
752
72
1205
28
18516
2
15
295
1082
2541
14985
28
0
842
20
24993
12
0
18515
1
113
44
33
2412
17
126
5210
1
697
1
3859
1
452
1
4
17683
1
64
2
135
806
7
42750
12
37
24686
795
397
415
11
42
64
9
149
677
2
18106
16
89
0
751
564
13
22
3
32
7
766
6
0
264
158
119
12
1008
18517
16
57
13
2514
11
0
13257
3
21061
7
56
44
33
363
299
68
524
47
612
1916
3
233
42751
9770
408
59
174
4309
17
5
584
6
661
9
42752
1
8413
9
14786
876
5602
12603
120
5
769
677
3
11837
421
48
70
2
191
81
215
21
10
1148
30909
20028
20
5
1178
4131
816
5
72
30910
584
6
2558
4273
9
13682
13616
2
68
524
4
2797
751
564
1322
2590
33
311
1418
3211
77
0
42753
6
42
2769
39
25
1172
44
58
32
2265
20
0
222
71
11
0
200
70
7
5
1263
2
15
4703
6635
1077
4
117
33
2229
42
535
102
7
30911
1
1268
2
15
13257
33
61
434
3
143
42
1717
919
3
3592
4
1008
7
654
120
3067
47
189
677
2
4440
824
12566
5131
14
68
524
13
170
7
766
8067
21
13
7
0
172
2
30912
11790
16
292
524
10
2460
11
816
588
5295
4
147
2944
12
1008
7
24992
7
190
101
411
1
292
524
4
2713
43
137
2367
20
5
4124
7
42754
339
27377
1
1465
1
4
0
3802
10
4832
11
110
592
109
584
6
588
147
15025
340
6338
5762
9
49
16
15
3802
116
662
41
3
5786
0
1068
7867
9
11790
48
70
4
969
6
0
588
5602
15025
1
219
11
5
584
6
7163
30488
15025
4918
5
677
16
1322
2590
4
19
227
15782
33
61
12
1008
4
43
137
48
149
7
30911
26
292
4
2713
524
33
12
1008
7
0
18515
1252
26
7587
43
137
3918
49
125
14985
11
1740
7
704
6
24993
26
68
524
11372
5
584
6
3529
15025
53
340
156
6338
51


