144
24003
4196
293
16
24112
138
1
928
600
151
291
287
16
25769
138
1
928
600
151
65
1596
693
30
40
1438
28
37
1600
3445
4
2410
8
6678
6113
8
39
36
881
5
2708
618
127
5
130
17
2163
4016
2
3269
1067
1
793
1
1930
3
922
4002
9
83
292
7330
480
369
91
210
182
5
5372
554
39
4995
59
77
0
733
6
485
187
2
65
186
306
129
36
34
845
6739
603
2910
68
7330
6
4352
27
4
123
10
22
3
29
803
5
461
946
7
19
540
86
36
76
737
6689
1515
3
27
220
1063
9
4
9505
44
224
28
59
2
3269
1067
1
137
93
1
38
881
37
17018
9
189
2708
618
127
292
57349
1
1280
1
137
122
1
30
490
1949
5
5372
554
31
159
3
19
102
4
2048
3
922
59
294
5
768
6
27
2984
1
68
7330
10
432
146
278
1
572
17
1379
833
4
8891
444
5
943
6
384
269
7
5
106
2941
90
106
115
530
50
2655
49
19
19559
2
674
359
1067
9
5
6919
693
9
10
289
5
1410
582
877
4
1438
28
8450
68
7330
182
0
1281
6
5
5372
554
2
89
79
64
187
192
36
4704
0
186
554
4
574
49
2199
12
19
9968
371
2659
991
59
4
4506
20
19
376
917
2
249
106
224
3
1348
27
1067
4800
16
8
387
4034
7708
7330
1
24
1994
5812
915
915
915
915
915
915
5228
59
56
24
124
55
24
46
161
21
2171
121
8
2
96
192
176
16
8
24
610
292
7330
7417
420
2
8
1067
1
28
19609
1
397
490
11628
0
5372
554
20
338
904
372
1
45
2284
1034
311
39
324
36
34
5
8
128
1905
8
3241
2
96
10
61
1122
3
495
7
5
3541
7
502
4
10
1438
28
3790
3604
338
11
406
187
2
527
905
6
146
187
7
582
1410
11
64
82
46
722
2
27572
16
292
7330
1
137
93
1
30
310
129
1067
1
137
122
1
116
19
142
5
8544
39
36
6739
603
59
6
5
2216
6
2178
9
973
3
19
1348
146
1443
278
334
0
276
68
7330
22
16
8
57
13
37
5263
6869
14
36
30
41
40
482
3
582
2
24
659
7
5
576
4965
2
249
13
25
159
3
267
218
3269
13
6678
6113
4
0
81
333
187
30
40
5
4104
2
24
84
141
1190
459
36
30
40
500
48
2
8
52
22
7
612
187
21
34
40
0
583
6
5359
1
9421
4
4980
3111
9632
63
19
102
7
19609
2
15
3204
34
40
180
3
19
102
2520
2351
607
5
790
10
91
22019
20
0
690
2
65
670
626
3686
10
1122
3
0
1918
4
106
43
180
3
607
14
92
43
2922
2015
20
0
102
2
4305
3564
5
130
404
77
0
466
6
5
487
21630
61
1588
19
102
39
5
365
224
7
0
11018
10
4138
55
7
0
690
2
68
7330
47
427
2611
57350
22
16
8
139
211
13
5
21754
12119
4
5
24349
4
36
30
116
292
47
142
5
8544
11
5
128
189
71
2
57
13
86
11544
14
36
30
41
40
482
3
1034
2
8
104
29
34
3
210
49
17
86
194
20
27
844
4
92
13
100
1164
11
25
20
80
2
96
34
116
2659
3
292
7
0
424
4
12
14
166
24
322
1569
14
36
224
3
292
47
102
3
1256
55
217
2659
2
8
52
13
98
2999
3
165
55
2
52
79
254
141
517
0
260
4591
7
276
385
2317
2
104
33
2055
3
1190
129
36
30
2692
3881
1034
2
8
101
186
16
3269
1067
490
11628
27
5372
554
41
3
965
292
7330
20
338
904
372
1
137
1
4
30
98
40
1438
28
3790
3604
338
86
36
73
100
879
34335
59
15
186
10
78
1067
4
0
583
157
3
32
280
45
34
2429
55
7
534
56
36
10
432
4
14655
11
4464
2179
57351
363
68
7330
47
102
2
15
262
132
68
7330
10
432
4
8242
11
1379
833
39
8891
91
603
6
2850
1067
63
0
251
2
96
123
116
5
695
6
9421
2181
3
106
197
534
4
522
1
6739
1262
14
21
34
6371
19
2149
1105
31
8450
27
2
68
7330
10
93
1299
11449
11
1681
6
91
6739
482
3
582
556
5326
1150
4
61
492
14665
6
687
0
260
2520
1993
21
445
32
15277
2
828
1448
116
127
59
31
1067
43
192
1376
2
96
192
1184
578
3
146
1577
6
13137
0
733
6
2031
2
89
7
417
1
68
7330
180
0
106
39
36
467
18285
762
3329
28
19
376
917
2
57352
68
2123
15491
22
16
8
15
3308
219
363
68
7330
47
260
3601
1713
13731
20
59
2
96
34
40
1289
7
338
4
213
2199
4
10
210
69
5
4014
4
482
102
31
280
2
8
527
145
489
5
827
3
165
4
3586
27
45
56
0
4014
806
1
1067
10
6689
4
1477
184
2
96
1002
17
5
12634
1
5
427
6
292
7330
4
14
36
10
12
27
152
3
5228
59
2
8
96
806
363
68
7330
47
260
4
1433
452
62
398
2252
184
28
19
917
22
35
226
12
66
4034
29261
2
52
592
55
4
408
0
3308
4120
140
4
76
812
14
27
1703
10
26013
4
5197
0
106
2
8
52
306
5
7700
12
0
376
917
50
19662
25
10
27
4506
20
0
376
917
2
52
3635
11
0
106
4
56
44
806
36
34
93
1
44
3414
0
329
4
115
27
7
0
704
528
3601
4
3221
140
2
8
57
10
4444
3
106
14
36
10
2199
2
8
1067
192
366
36
76
141
1714
0
358
434
3
27
12087
6
1447
4
5038
679
2
527
1564
629
57353
22
16
8
3269
1067
7
27
17708
82
4689
5
128
1905
71
4
25
13
128
194
3
27
1815
14
36
959
3
6878
5
242
20
1596
2
8
89
1485
1375
12719
22
16
8
139
1138
13
41
159
3
32
17707
2958
212
3170
2
1523
75
33
3359
3
667
42
630
2
139
130
100
879
13825
20
166
2
8
26
3269
1067
1
793
1
2989
292
7330
1
1280
1
77
0
733
6
485
187
26
96
10
289
5
1410
582
877
4
1438
28
8450
68
7330
182
0
1281
6
5
5372
554
26
89
1067
219
3
19
102
4
1930
3
922
59
79
314
187
192
26
1067
10
7235
1034
39
2703
11628
0
5372
554
45
30
40
1438
28
3790
3604
338


