12709
5899
1388
15370
11096
2417
103
0
1377
6
6428
13953
12
377
166
3
207
49
5
2935
666
192
7
0
70
2
5899
13
0
7390
13680
3
0
189
9
7798
7491
1501
4
1388
3
9155
59
3
246
7
0
5180
2
15370
11096
1110
49
127
6428
13953
7
155
331
12
377
166
89
11096
392
87
225
0
6452
13953
7
155
331
2
35
24
354
15370
46
1017
13953
4
24
188
59
3
313
114
24
188
3
32
0
54
3
1017
59
7
246
4
210
37
267
3
19
56925
22
5899
2
35
104
858
40
7
6319
3
124
0
666
12
1
5320
20
54
6
0
425
486
19938
7
460
2
57
47
385
50
24
858
93
17
95
10691
4
174
4
457
33
350
1503
609
25
1104
5
128
3865
62
3710
130
3
1439
7
0
2987
17
12709
5899
2
35
24
659
0
7491
38
13
159
3
154
77
48
5092
114
24
29
850
14
13
735
2
15370
30
34
5
205
389
45
25
47
71
11
5
586
114
0
7491
5092
1026
37
3286
6
111
777
4
24
659
1309
3
987
8488
33336
7491
1501
11096
5855
844
17
13953
1
93
1
39
0
5609
9
7
11096
30
477
5
5543
6
0
172
993
150
2649
45
5899
13
4005
21
13
0
130
3
1017
59
2
35
24
659
7390
11
0
21934
993
4
112
15370
254
3469
25
127
121
21
1351
141
81
67
85
398
7543
114
24
46
32
10843
59
55
39
91
553
7
5
706
6
5
7938
390
29041
21
176
2
35
24
183
19
17075
4
24
183
129
3
1017
59
133
11
494
21
46
32
3918
12
552
19
220
912
2
35
65
666
17
15370
254
141
1976
121
114
24
183
24
46
1017
59
1
25
47
79
5
978
6
129
4
110
726
24
84
0
431
7
2
24
659
170
41
1937
4005
21
30
0
6469
3
1439
7
0
2987
17
121
45
112
21
254
123
24
154
95
3355
103
3
59
114
25
46
32
0
166
0
11096
3796
3899
4
0
12709
5899
54
56926
895
7491
3455
7651
26140
53
93
51
4
18927
1478
2047
0
949
5609
9
7
11096
7545
13953
13
495
12
56927
12
377
166
2
10207
56928
3
35498
2
26
15370
11096
902
6428
13953
7
155
331
12
377
166
26
12709
5899
1388
19
208
666
46
32
127
11096
7
460
26
257
7491
1501
4005
21
73
154
0
21934
993


