144
7760
866
293
16
24053
138
1
483
534
151
291
287
16
16672
138
1
483
534
151
1366
25
10
27
130
1
98
36
18
39
27
431
558
25
254
74
233
109
4579
101
435
290
2686
2566
46
32
371
280
17
1011
9
393
4705
2723
13120
47211
70
9
83
2686
10
1148
12
5
783
1811
11
257
1068
5101
16848
11921
7
11837
48
872
2
15
2189
9461
28
5534
30
2301
4705
1
27
11864
2268
7
0
1674
163
1
23
0
225
6
0
2108
1068
1599
2
2686
2566
30
40
310
23
0
225
6
1068
5101
16848
11921
47212
184
28
0
2275
441
1625
11
5
872
0
438
393
10
214
3782
12
0
11216
6
0
12166
646
26104
26105
7
3039
265
13164
4211
4
5
6481
21813
17
47213
5150
2
2686
1050
4579
101
435
81
236
4
1006
21814
8788
17
27
8
154
121
23
24
322
8
3471
2
96
47214
7
27
2976
23
0
163
18
1409
290
4
30
40
1265
849
567
5603
5315
1
4705
18
1127
9
1133
1
150
0
2230
6
0
200
695
2
96
87
348
11
19
245
56
21
10
17
189
877
361
4705
1
4
86
546
14
36
30
98
2301
27
23
0
2507
225
6
0
1599
13
4335
3
5277
2
15
1674
438
393
10
3360
12
5
1811
11
0
338
9
428
1599
7
11837
15
4579
7
435
393
30
2301
163
2268
4705
2723
38
8739
11
0
1599
81
70
15
16848
11921
1811
13
2686
18
87
1068
618
4
36
34
5
412
16802
1086
12
619
3
32864
27
1
173
64
143
9
49
3955
1
54
8867
4
5
2507
12749
2
96
1806
5
604
6
27
883
4
143
9
49
3
27
23829
560
3362
324
16
8
101
883
4
143
9
49
11
47215
111
1333
307
8
90
3782
7
49
3
316
410
6381
20
1713
4453
140
0
423
1615
2
16286
6
0
163
33
157
3
24773
9
32865
1138
28
0
24510
12502
1
4
25
254
74
233
109
36
10
346
253
504
23
36
61
115
71
3
2813
12544
9
21608
799
6
27
24972
2051
4
2326
8976
1718
2
2686
1806
48
787
12
888
28
0
207
6
0
1068
1811
7
11837
15
16624
175
242
20
12166
646
26104
26105
7
47216
15
24510
12502
34
5
412
10618
12
619
3
32864
27
173
64
143
9
49
3955
1
54
8867
1
64
10140
4
5
2507
12749
2686
805
1187
120
2051
969
10755
3
5
1660
9
350
47217
1
4
1133
5603
10
6284
3
32
214
23
36
11420
3
0
1353
15
618
628
33
434
3
32
443
192
48
535
4
13644
12
0
1811
758
14
0
799
46
32
194
24329
4
47218
85
4705
18
190
1811
2
16010
4705
1131
13
74
253
2481
609
23
36
30
79
40
3360
49
23
0
225
6
12573
20653
18
4629
4
28927
1599
32866
2870
2
15
435
290
2141
7
0
1599
18
535
1333
4670
12573
18
2108
7582
1
9393
8035
6
27
4
111
361
1429
2076
2
2686
13
1829
163
849
567
1
4
4705
18
1127
1
5603
5315
11772
431
16
2686
1806
799
6
27
8976
1718
4
1660
2051
28
0
1724
20
0
26104
26105
646
4940
1545
16
16848
11921
13
5
12166
1068
1599
14
14563
7
3961
1152
1802
26
4486
9
83
30
2301
163
26106
4705
23
225
6
16848
11921
26
15
1674
393
10
3360
12
5
1811
7
11837
26
23478
7
47219
4211
4
5
13842
21813
26
4705
13
111
225
6
4629
1599
32866
2870


