258
16037
17844
261
262
51979
264
61
4504
1372
1268
268
269
262
40239
264
61
16
4824
1268
331
51980
331
262
5881
5051
61
6784
61
16882
104
51981
10943
943
34
14
956
505
23
24
506
27
579
99
1094
100
1142
3253
104
3150
3222
943
5
2881
3254
251
5802
149
23
14
331
7040
331
22760
7316
76
32
57
525
429
34
360
494
61
502
2859
1348
926
10165
24
730
23
14
16814
27097
1348
926
149
503
3970
27
5881
5051
61
6784
61
516
2854
24
730
47
23
525
1536
5
1608
525
13
525
1563
61
575
358
516
278
1551
331
51982
331
27
119
540
28058
609
5
516
5056
3219
5684
61
655
24
593
149
960
23
14
43381
5
49836
51983
61
14
2959
944
27
5051
61
129
105
3759
283
104
48187
6633
293
23
51981
61
527
5713
61
34
2431
494
61
658
185
24
7316
641
24
730
285
13
3733
27
579
149
935
12919
91
3210
58
525
593
2011
1214
582
27
4338
358
10066
47
61
926
1341
5051
13
24
642
61
129
2940
525
76
13128
2943
5
3743
4184
655
23
14
134
57
3236
27
579
149
1142
3253
91
14
8672
104
3150
3222
943
1671
61
5
149
750
91
24
6558
13
5928
14
5672
6578
27
119
730
37
448
105
1142
133
449
24
7316
655
183
149
2298
61
5
53
5051
9825
13
1029
183
641
122
1093
149
6324
494
2033
27
4360
6921
13
1018
818
61
5051
5910
13
850
24
730
34
64
402
64
1243
61
5
65
525
16210
11117
349
14
1536
5
334
12985
11915
27
3226
12150
37876
750
525
262
331
727
10850
525
3236
655
926
149
3970
27
331
727
638
45
1028
525
448
13
639
652
935
358
516
639
851
7040
853
3515
27
331
727
288
1610
14906
76
525
9
1347
1348
926
285
13
3733
27
331
5051
3806
926
516
1029
24
7316
641
926
149
6324
1185
58
926
1636
1751
227
4747
9
40
926
5145
525
9825
27
119
730
912
2255
330
262
331
628
1999
4703
5
6725
27
1003
1093
149
14
318
27
6914
44
926
278
525
2371
18
104
525
1563
778
331
51984
262
5051
6470
24
593
37
448
13
1728
122
7316
61
40
5910
183
10092
641
926
149
12919
119
2959
944
834
24
7316
149
554
1348
24
730
37
2255
1142
334
331
1754
331
1392
2
5051
27
1307
358
1142
133
449
24
51982
61
358
285
13
5051
37
1563
13
6546
6492
13010
13
24
593
27
119
2959
944
5051
61
57
51985
23
24
51986
19885
61
1747
5713
750
542
262
331
727
728
45
2050
13
1030
183
40
628
603
851
1093
27
331
4338
24
540
5145
47
61
24
593
1341
5051
61
129
149
6903
57
13128
2943
5
3743
4184
655
23
14
134
57
3236
27
331
24497
13
2648
331
262
5051
1770
525
7316
76
24
318
655
926
149
14
302
104
48187
6633
293
69
324
71
27
5051
105
3366
646
34
2431
494
21117
262
5051
61
129
87
23046
373
5677
91
24
276
61
825
107
3218
23
4824
5051
3250
24
1517
40
149
1142
3253
5
7176
926
825
107
561
1462
751
27
3255
1543
51987
4891
750
5051
262
331
11766
101
709
15928
61
24
503
1190
87
24
675
57
24
6578
1537
1284
1579
1992
27
331
5051
87
373
5677
104
48187
6633
293
23
51981
61
438
3173
61
641
24
7160
13188
718
14982
14
2532
13
7740
525
6524
27
251
1609
34
51988
5717
330
262
331
408
3035
34
24
10834
13
2648
237
302
123
525
227
104
24
276
27
331
246
5881
5051
3759
283
104
48187
6633
293
23
527
5713
246
579
516
278
331
51982
331
76
24
302
5
65
525
16210
11117
246
842
5051
149
12919
91
3210
1348
24
302
285
13
3733
246
5051
149
560
57
316
3743
10437
61
349
13128
2943
246
579
2881
3254
1348
3218
104
3150
3222
943
1462
751


