1605
26407
3954
262
9115
18573
17237
9537
1348
926
330
921
4199
1687
613
22314
34
16057
37910
185
24
1271
257
358
288
7176
57
21099
1623
10794
21276
4673
76
9537
1671
58
24
582
26407
3954
4557
515
358
4199
1687
613
22314
34
16057
37910
1221
185
24
1271
257
358
288
7176
57
2276
16328
9
21648
204
23
21099
9001
27
9115
18573
61
5860
9615
57
8632
27536
61
663
7149
515
175
9001
44
107
6906
91
4140
9007
206
27
5898
183
149
3283
515
1462
506
912
5547
87
5562
13
107
16384
1299
1300
5
405
9001
44
204
91
64
822
64
21400
1299
1300
27
37911
278
253
2384
91
2707
666
1299
1300
647
1543
5199
650
13
6439
23
1072
1972
27
842
1420
18573
330
262
1687
2186
610
278
2168
13
1018
87
13
221
4149
26407
7967
1221
129
44
107
24921
34
586
262
2344
2186
185
7090
1835
628
3431
34
1508
6672
515
628
2342
719
18
24
35
754
778
2346
1221
56
13
6046
358
369
3886
613
22314
34
16057
37912
816
1420
18573
1221
129
6705
4183
14
1536
13
444
89
223
1221
1410
24
676
2
525
6609
57
36994
61
10936
61
926
87
644
13
3820
33
24
3958
57
14
9023
415
21099
2
525
9227
924
57
37913
89
941
27
1042
1105
288
2011
76
26780
91
921
1671
27
3507
37914
61
3983
61
14
8636
3608
61
330
262
1687
628
516
1030
13
850
24
3954
185
24
37915
13
11299
27
1687
187
912
45
16057
104
704
27
305
5043
607
628
2357
539
13
444
14
37916
793
12211
61
3983
61
14
7658
2
438
37917
61
330
525
824
149
1687
37918
61
40
373
3862
1389
20038
14
751
27
579
330
262
1687
628
532
183
5966
515
358
718
2479
818
822
5
748
1155
2209
333
27
1687
628
2342
1644
648
449
37919
183
5
3223
183
13
24
3954
818
926
718
850
496
183
912
2236
1030
27
628
1018
1013
1019
926
3556
1724
183
16057
37920
1843
10384
61
27646
21412
61
20667
61
330
24
10789
3954
4995
1687
14
9427
37921
1222
926
648
24
37922
2977
692
14780
34
3225
27
119
1565
6209
61
129
232
14
1507
1835
676
13
151
159
24
1389
7366
14
751
3958
57
54
37923
2
4505
13
11299
61
330
262
1687
119
503
106
628
1153
24
15907
87
652
628
278
709
3532
27
816
358
1028
703
13
3896
1533
358
2296
13
2468
24
412
27
21276
848
13
14800
185
13
24
1462
676
13
5618
2013
104
37924
21323
61
527
941
21268
22314
825
25419
91
47
13
21400
1504
23
5657
9
5
91
334
3940
57
16384
1504
9
256
237
296
37
5182
515
35343
16328
149
15785
1504
23
1078
1687
187
912
144
45
692
1487
27
816
24
3954
4169
358
1168
14780
34
3225
926
5150
14
2549
57
14
9427
37925
119
6248
5547
23
676
22314
87
2275
13
1078
912
16328
3865
61
784
1671
91
24
2918
34
3052
5848
61
10654
32
5752
222
27
543
24
7720
9001
34333
104
15785
1299
1300
35
751
61
237
1506
26407
22314
825
1500
204
91
16384
1299
1300
23
5657
5392
61
637
405
10794
44
107
1347
2523
27
119
10037
6649
6955
44
37926
24
8804
61
5
215
87
5562
13
855
5726
102
23
24
2467
454
13
1119
334
5547
57
35343
40
709
1533
27
842
23
14
1726
4860
1671
61
1420
18573
8279
1400
515
676
22314
369
37927
16210
27
6614
10789
6209
291
37928
330
26407
9001
516
204
91
507
1299
1300
91
9832
1307
1414
1720
183
149
613
515
14
941
13
2425
21099
718
3958
1389
18746
61
926
330
237
149
1687
503
1222
723
1018
1013
767
23
37929
27
162
1217
61
24
965
37930
1490
1671
2057
14
257
4699
21099
484
2779
1835
13
2425
10312
3862
1389
37931
13
198
902
27
816
5489
14
13745
23
8822
61
183
87
503
1389
1656
22264
13
198
104
24
1271
607
27
23035
185
1819
916
912
724
6632
1671
61
926
7149
262
1687
1007
1018
1013
144
2302
47
13
24
924
61
1030
2765
723
5
628
1018
61
5
3896
24
15390
37932
119
2155
10794
369
3924
7894
652
1061
278
4137
190
494
57
3896
29687
61
12412
6672
1185
1347
15883
23
4320
27
1312
5127
61
24
3958
57
14
36
21099
13
941
34
921
2
11896
87
1622
13
117
91
1145
1389
2845
14
506
13
1145
1389
37933
61
1489
13
24
1446
34
6170
10375
27
1134
87
24
102
1060
912
2615
57
496
24
3958
825
107
1221
637
24
26407
10573
1198
278
45
1521
784
1462
506
912
22314
27
481
11707
57
24
1446
34
6170
10375
330
262
1687
816
851
21099
1623
87
5721
1413
607
2289
1284
851
6660
61
1185
723
2354
14
398
9
227
2230
76
709
3532
40
13
3896
34
14
1751
9
227
3543
61
1185
723
2354
2169
76
37934
6990
2033
37935
15907
61
1185
1347
1222
723
3556
144
1030
14
7208
23
4699
34
851
1389
15777
36
21099
61
935
851
3543
825
3083
1407
40
613
5
22580
291
37928
61
3904
912
10789
1609
61
330
262
1687
1134
87
8632
27536
2
1521
2276
133
9
57
9
4919
3816
27
1427
7967
5860
16328
9
21648
3543
6672
1018
1013
1347
444
14
7208
185
122
676
13
223
61
157
2574
2344
16057
30563
2346
27
1687
1307
723
738
218
515
705
414
257
61
24
824
87
45
14
692
37936
2226
2356
61
24
3789
34
10375
330
709
829
99
100
319
449
3543
6672
34
5392
61
40
14
1609
359
515
24
4813
149
1687
537
2673
104
24
3958
57
198
64
398
57
612
7201
10089
13
442
1131
9
1950
22336
27
246
14250
21104
825
738
47
91
47
13
21400
1504
23
5657
183
149
3283
902
246
21268
7599
718
5547
21099
9001
91
2778
1504
1533
1284
16328
246
9115
18573
1520
921
718
1790
175
9001
91
9007
206
246
19103
58
16328
6918
2057
20067
9031
17100
23
1078
149
15785
1504
246
21276
23
327
855
334
3940
16384
1504
5547
23
5657


