187
149
14
2453
1563
104
334
8580
932
10925
185
2272
64
14
701
13609
798
572
23
24
1804
57
7508
149
417
14
1751
642
483
27
2008
38500
5
122
13609
3707
2
1145
24
1779
2453
23
13
17383
47610
61
129
6699
91
14
3476
2414
2356
484
4339
57
14
474
239
123
411
4002
185
2414
27
331
408
8618
4297
24
17097
61
758
9
4371
61
5
2031
421
87
16885
1221
612
1490
510
18
15
5720
3697
61
331
1964
11787
7028
57
24
8580
932
1707
3789
750
19991
27
5221
1762
262
8580
932
642
798
2039
47611
39463
18
24
30227
57
54
13609
4068
61
20314
47610
61
256
1751
642
10925
412
34
24
1762
185
2272
47611
7275
24
5075
2
24
30227
57
54
13609
4068
47610
27
47611
2876
3476
2006
24540
61
2010
61
13
897
58
215
6699
24
13609
8227
502
11
13
24
1762
37
897
47610
61
14
41072
9
2033
5065
19257
61
1077
23
4002
3354
58
215
149
6699
91
14
3476
119
41072
9
2033
5065
19257
37
5993
1029
1770
1348
54
21744
407
158
13
442
2089
3476
2006
24540
61
2010
27
119
11247
111
61
129
149
23
8580
932
34
4821
1107
61
149
719
16796
14
1536
91
642
484
215
11
542
61
349
47610
37
21744
8013
2039
47611
61
185
14
175
1890
15956
27
4338
24
1536
149
3793
13
14
5158
61
24540
1663
27
47611
407
47610
5
24
1762
149
6699
1793
607
1348
215
13016
24540
27
47611
935
2876
24540
13
897
27
119
642
1762
149
319
13
14
47612
34
411
4002
61
7028
330
27
47611
87
185
590
7919
996
3796
334
643
27
119
3476
87
648
13
278
17957
133
185
334
11555
3268
32905
5
935
7719
14
1536
61
642
330
27
569
3096
1014
4394
61
14
642
1762
87
45
4774
24
1271
64
14
3078
4068
27
331
119
13609
61
2
24
798
37
9904
61
87
5457
334
798
61
40
2
14
1106
9904
215
37
45
27
396
37
14
5339
1185
14
8044
1129
91
24
798
61
331
7028
750
44599
27
1964
11787
330
334
798
87
244
3748
13
6517
11470
23
352
13
334
239
185
14
1762
27
396
1520
355
718
1153
11348
765
1348
1015
13
14
1066
76
14
6514
27
7961
262
187
149
14
2453
1563
34
47610
37
8580
932
10925
27
8013
47611
87
185
590
7919
996
3796
334
643
652
183
87
45
1106
13
6517
13
2648
14
13609
11789
262
47613
355
5
122
38500
2
1145
24
1779
2182
104
24
30227
515
184
47610
256
10925
412
34
24
1762
47614
34
24
39571
262
2039
47611
61
4051
61
17851
14
756
2
54
5267
256
10925
412
34
54
13609
4068
61
129
1077
123
4002
3354
58
361
6699
91
14
1536
17220
3476
61
129
47611
2876
5
1745
246
251
2453
1563
57
642
38500
5
122
13609
3707
23812
104
24
8580
932
10925
2272
246
119
41072
9
2033
5065
19257
901
47610
149
6699
946
607
91
14
111
6903
57
47615
14
20113
935
16796
14
1536
246
1707
935
2876
24
111
13
897
5
47610
1077
123
411
4002


