258
2465
9148
364
635
10380
129
10381
13
596
64
398
57
14
10382
4734
13
1199
14
7156
10383
23
24
474
57
24
8036
327
10384
7662
288
621
561
34
562
1671
27
10385
10386
5
10387
10388
61
365
2010
61
8109
14
9201
5017
13
10389
7908
89
1913
122
7437
58
358
10390
23
1145
1389
10391
9
751
2
10392
10393
5
1962
7115
23
24
10394
4939
2321
57
10395
23
10396
27
842
1348
791
2526
220
10397
10398
61
1526
61
1058
8705
24
1047
5
6586
14
10399
502
105
100
1129
23
14
10400
2882
61
10386
5
10388
10401
24
2889
13
10402
5
6699
158
23
24
33
64
14
331
10403
331
27
10404
262
10405
10406
10387
10388
69
174
71
5
10385
10386
69
700
71
8988
104
10252
3222
943
397
24
2889
10407
868
4339
2
54
10408
61
10386
129
658
133
24
10409
750
10388
262
331
119
5090
4169
215
718
3163
846
1030
14
10410
27
331
10411
9
2250
10412
10398
129
149
7429
331
5797
8438
331
4412
18
14
10413
5
978
13
10414
47
14
1566
10415
40
4527
27
10416
2406
978
13
442
158
40
215
604
10417
10418
27
187
953
24
6514
164
89
24
10419
5
10420
14
4396
4089
8603
1330
13
54
474
27
1707
2335
24
596
147
10421
14
10422
10423
5
10424
10425
2276
125
10426
6574
2879
6484
449
10386
5
24
593
586
262
331
10427
853
6935
3685
3685
3685
3685
3685
515
2451
87
27
727
639
496
628
1020
61
164
54
3680
445
61
164
54
5279
445
61
164
54
10428
445
9
1407
40
6457
24
2913
27
331
10385
10386
69
174
71
149
560
57
24
596
57
3357
9
2033
10397
10398
129
14
5016
10429
2378
3283
105
1077
2
14
414
8676
10430
305
10252
3222
943
61
10386
61
2
10395
5
10388
61
2010
61
2
10431
288
365
560
57
596
58
14
190
9
632
801
5
288
621
1599
13
8819
14
6577
57
2154
494
27
10397
10398
149
14
7152
10432
129
149
489
1348
215
1058
9
8705
622
10406
10388
978
13
7390
104
642
40
1996
5
10433
24
929
57
24
3217
27
10386
912
695
6250
10434
61
2842
61
14
393
2377
10435
61
129
795
64
24
6496
2421
149
8315
57
596
40
560
57
10436
24
2510
57
3622
5
149
561
34
166
494
27
2879
61
666
61
149
561
34
3970
494
58
215
3818
7156
5
7017
10437
27
10416
6578
24
6558
808
3850
7714
10438
330
262
331
1134
501
61
64
10439
3240
597
278
456
61
10440
23
10441
5
5728
5967
24
10442
61
24
10443
61
24
3078
5
5538
3862
61
57
7152
7155
5
7152
1834
27
331
628
278
709
3259
515
24
10444
57
365
57
723
149
13
10445
10397
10398
34
496
723
1999
149
54
10446
9542
18
227
27
331
727
10386
61
2193
515
24
2895
105
423
9
723
10388
104
24
821
306
391
515
183
149
4091
5562
515
183
105
423
61
5
288
57
14
1027
13
10445
10397
10398
27
331
119
8672
149
750
10395
912
7156
10447
105
100
10448
91
2879
2
54
10423
502
149
10449
1411
10431
5
10450
27
2879
149
330
13
4658
7156
23
6118
5
1532
542
185
218
14
7279
57
4224
1191
10406
23
9446
1853
10396
5
2123
5
516
6452
10386
5
10388
27
10385
10386
149
3218
13
562
9194
76
14
10451
215
10452
14
6577
57
2154
494
34
24
596
57
3357
9
2033
10397
10398
842
10386
5
10388
1545
13
1550
6076
1123
57
24
10395
7156
4939
58
10380
2
2425
978
13
1454
23
185
24
351
27
10386
3383
149
4935
10453
3872
13
221
3225
34
10454
331
10455
331
5
149
5570
18
47
13
1389
2768
14
257
185
54
2534
5
516
444
54
695
13
1608
158
1145
5
149
331
10456
331
515
10457
288
3108
13
4487
54
9201
27
396
2075
10458
10398
14
791
3345
77
220
104
2639
9
191
10395
10459
23
10396
58
10460
24
2889
912
7152
10461
27
10398
129
1545
2801
1167
13
1962
7115
1770
4935
7156
34
10386
5
149
2075
1129
64
14
4872
2895
13
10389
14
4987
1478
9
227
10432
27
2226
1372
10398
149
5008
13
24
82
57
122
6557
575
215
1129
14
2213
10462
10399
13
7802
316
6548
218
24
918
1116
104
222
4623
9
500
14
540
5
316
272
129
288
810
27
6250
10434
7520
104
10252
3222
943
13
107
3218
34
525
398
23
24
596
57
10397
10398
951
32
149
2352
40
24
4987
129
149
45
104
82
104
24
227
149
10463
1487
13
56
1950
34
10386
27
119
2895
149
147
1115
23
8968
76
24
10464
1115
23
14
10465
40
10398
10466
47
24
8044
5
10424
6586
183
13
3896
34
54
2534
7152
1153
484
10467
13
10468
27
10386
147
9025
10398
912
2255
10469
10470
185
592
586
308
288
2467
13
24
1563
64
525
688
105
331
319
1465
331
2
158
27
589
10470
61
428
61
750
24
8672
515
926
5
525
166
5253
105
253
100
3203
91
525
688
912
2958
6563
76
525
1536
5
1563
361
10471
27
119
485
82
149
1802
89
14
1687
10472
76
5645
10473
5
14
10474
5
10475
10476
27
579
330
262
331
628
105
750
10397
646
149
1310
13
54
7280
27
187
149
24
880
628
978
13
1415
707
2907
47
27
691
3203
358
516
2331
7663
24
1563
27
628
149
2797
23
2349
27
331
589
10470
330
926
105
100
289
91
525
688
2
10468
574
34
3225
5
359
262
331
396
149
1008
61
502
149
1013
1030
158
27
396
3818
6534
133
24
2882
76
2451
27
628
149
1089
61
3458
64
272
288
23
24
1563
27
628
638
1013
639
496
13
1018
27
628
638
1013
6862
3225
40
330
215
516
278
13
799
33
27
331
628
978
13
221
158
850
1440
449
24
2882
27
628
44
1013
1014
215
44
10477
818
2330
27
396
330
183
149
158
129
31
24
1315
27
951
32
2359
105
24
2839
13
1018
183
27
628
750
158
13
1456
3383
23
27
331
6966
262
6250
10434
61
2842
61
14
393
2377
10435
61
129
795
64
24
6496
2421
149
8315
57
596
40
560
57
10436
24
2510
57
3622
5
149
561
34
166
494
806
6574
2879
61
666
61
149
561
34
3970
494
58
215
3818
7156
5
7017
10437
10398
149
3793
33
13
10395
91
2670
5
215
978
13
151
14
2330
499
40
590
76
54
562
1348
215
3806
13
2597
10386
185
24
10478
57
59
24
10399
5
13
1359
1950
34
158
27
162
14
3210
2647
10398
1414
10388
262
331
3627
14
1481
47
1185
1407
331
5
10388
10479
262
331
2186
369
723
185
778
727
2354
32
57
24
634
61
628
3236
723
27
331
10386
61
10388
5
10398
288
147
5008
13
24
10480
91
10434
185
1372
1114
27
10398
105
737
13
10481
13
2391
34
24
2895
91
14
1496
935
10482
10483
1348
358
44
45
532
183
9
45
5363
10386
149
2884
76
14
10484
10485
6514
27
10388
750
24
2959
262
331
10397
149
8248
1145
34
14
540
57
146
76
54
680
27
396
1577
14
2549
4314
61
232
47
61
537
5
2451
232
159
5
10486
537
27
331
6914
1018
723
1248
14
10399
778
727
1018
1013
1248
14
10399
27
10487
330
610
2831
738
33
23
24
296
5
2391
34
183
27
10397
10488
185
54
2255
912
562
515
105
1013
100
646
1185
4534
24
2895
40
2451
2859
5812
54
10489
586
262
577
727
2354
586
183
912
846
129
510
183
577
27
10387
10388
149
561
34
2154
494
34
596
331
691
658
185
1448
5
935
2451
8797
104
10397
5
650
868
10490
5
10491
27
10397
912
1802
868
2
158
5
628
1850
24
6514
27
396
149
3031
24
7473
133
24
880
27
2451
105
24
6514
23
54
700
620
27
10397
1663
1795
24
10413
331
628
330
1728
61
111
61
1728
3555
10397
330
61
577
2186
24
6935
3685
3685
3685
778
2186
912
215
456
515
34
778
577
628
638
1013
6046
834
10492
10493
215
149
27
331
628
330
13
2451
577
2186
24
6935
3685
3685
3685
61
215
912
6581
13
107
851
2913
61
723
144
6699
158
27
577
628
149
10494
10386
5
10434
7682
10395
5
3881
89
1356
10495
40
288
6555
316
1267
147
27
10388
149
6555
64
215
149
10467
89
24
10496
6534
14
8986
1057
54
2220
10497
23
24
593
912
4089
27
993
166
3250
596
27
10386
3138
10398
149
6699
91
316
7152
10406
2
2461
27
162
14
376
58
24
501
61
10398
912
485
330
262
331
10397
912
562
99
100
10498
5
4538
164
4539
5
3426
57
24
6578
9981
54
10499
825
32
257
584
2801
5
107
644
13
5183
122
763
27
10397
825
604
444
515
2539
27
162
612
1009
709
6578
825
1541
107
402
1487
27
331
10397
912
897
99
5901
24
474
133
57
612
485
5
612
763
825
604
107
24
1271
2241
158
23
542
27
10397
149
709
10500
23
562
40
13
703
215
149
600
24
853
627
76
24
10446
1994
5
24
124
1440
57
10501
27
396
638
45
3935
13
1067
24
880
23
502
215
638
27
331
246
2036
2526
220
10397
10398
61
1526
61
497
10432
13
4289
54
10461
246
10385
10386
5
10387
10388
61
365
2010
61
10390
23
1145
1389
10391
9
751
4935
10393
5
1962
7115
23
10395
61
10396
246
4338
215
1058
8705
542
61
358
10401
10398
13
2600
10402
246
10386
6699
10398
23
24
33
61
2215
89
54
10419
246
10386
5
10388
3218
13
562
5
750
358
1393
8819
2154
494


