251
2255
27695
952
525
485
37
824
57
331
5812
14
627
129
87
14
730
104
474
331
23
14
582
767
20268
61
40569
1003
31245
27
26417
40570
2
11697
2916
61
2097
61
6498
834
525
190
9
506
9
2033
688
61
40571
5960
4256
23
7079
331
2220
61
24630
54
331
172
584
331
23
918
57
24
25633
5
4298
40572
13
2505
15212
27
162
334
4860
76
724
237
296
61
13
3856
24
5361
57
525
767
61
926
330
525
2511
2349
34
40571
331
87
54
451
922
57
24
82
652
628
639
308
718
107
18914
5
278
2236
4362
4671
13
158
27
331
25930
40573
262
26417
40570
27695
952
525
485
37
824
57
5812
190
9
506
9
2033
40571
9
958
64
14
331
627
129
87
14
730
104
474
331
9
23
14
582
767
20268
61
40569
1003
31245
40571
61
129
87
3431
2472
13
56
55
12041
61
1520
215
2859
11166
331
7079
331
4309
331
58
215
1142
14
14793
23
24
33
57
54
2255
37
18904
27
396
149
144
316
9
5
9
14
9
170
494
2033
27
4338
3096
9509
61
589
40570
5
525
583
3929
53
14
10690
829
13
157
122
688
331
107
129
215
149
3132
13
107
331
27
28988
122
55
3613
13
14
7132
2077
58
24
331
14793
315
331
61
2255
9
57
9
316
61
589
40570
330
262
331
628
510
158
13
24
4301
40574
502
628
105
100
4124
2
158
9
144
652
610
278
634
61
818
610
285
13
24
2412
40574
27
523
104
2502
262
40571
719
23
54
8700
61
502
87
12693
1751
57
7079
331
4335
40575
3383
262
40571
37
2255
1520
215
5960
24630
54
331
172
584
331
23
24
25633
331
331
830
1307
831
215
1850
372
4301
40574
27
27
27
215
144
9497
47
5
2516
646
5
510
183
704
23
27
331
2318
40571
37
508
469
61
20810
61
12418
13
14848
13
24
2412
585
27
5220
454
58
2540
54
603
57
25184
3466
61
40571
1770
13
22955
1795
7079
331
2220
27
331
187
37
14
1016
1245
1017
61
1348
723
9941
515
851
688
87
2236
89
704
1022
730
5
2236
87
14
730
104
474
331
589
40570
330
515
215
331
40576
331
525
11242
223
61
510
334
1860
8081
908
5
11332
536
183
64
14
670
76
14
1047
57
525
175
21247
5
14
331
30156
19149
331
27
808
40570
61
14
642
798
2
14
5786
9
9316
485
331
1751
57
40577
331
61
1520
515
215
5
54
715
288
4314
5
5794
449
40571
912
2726
104
55
27
331
187
912
14
1016
1245
1017
61
1348
723
9941
515
851
688
87
2236
89
704
1022
730
27
27
40578
2236
87
14
730
104
474
27
331
25930
2532
262
26417
5
3929
40570
330
358
288
4314
5
5794
449
122
688
104
55
26655
57
18223
262
569
40571
5960
4301
5
25184
61
54
508
469
20810
4298
7768
634
331
4335
162
14
4233
13
4231
76
622
448
23
122
4918
589
40570
2859
334
10701
6697
101
24
1271
5139
64
525
767
61
5
149
387
35228
76
2381
4900
2
19350
704
18
24
1146
27
331
408
728
3108
13
4568
40571
13
107
14
168
61
2246
1066
5
840
34
24
512
5
2995
133
34
4694
5
23574
331
331
187
149
11256
34
846
13
9941
515
237
87
14
1362
3054
1190
61
331
926
330
27
162
24
6697
926
516
8041
40571
37
257
9
13
9
257
10868
27
999
5016
6498
834
40571
1564
54
2534
670
23
14
2696
4301
61
35038
9
11110
13467
5
28476
183
76
331
4301
38685
40579
40580
331
27
143
2276
952
834
40571
331
17957
331
23
24
90
1348
589
40570
330
215
44
18584
525
526
7375
27
579
873
262
331
628
2357
9943
515
628
638
1013
40581
24
670
484
628
105
2907
27
628
2357
9943
515
628
13326
24
22864
625
628
105
503
634
27
7833
3229
262
589
40570
37
6697
9
1802
9
767
61
40569
1003
31245
1805
24
16952
902
331
7860
707
627
5960
172
61
671
61
40582
5
704
1022
23990
9
1030
27
143
61
215
3119
707
670
5
215
912
2050
13
603
183
27
331
579
6091
24
720
57
26008
926
309
2
19350
64
14
2508
4855
57
2002
27
1585
61
926
4227
525
767
825
14429
1533
308
449
16028
40583
27
10038
1222
646
369
1541
5527
1348
215
15195
40571
516
331
2854
47
14
4380
7998
2053
57
2505
76
14793
25184
331
61
808
40570
330
331
20737
61
628
1020
646
37
611
1267
57
17481
27
331
1295
61
215
10440
515
24
2511
1017
215
37
4023
87
13
331
603
851
318
709
710
496
27
331
331
628
1020
237
87
334
14352
27
2819
575
610
288
1348
610
2859
9120
237
5
575
610
369
902
61
610
696
624
23
40584
5
40585
64
448
61
365
57
703
27
331
727
639
61
610
696
1163
14
1563
1893
23
603
5
3236
5
14
5309
1455
5
515
37
24
594
752
1017
628
718
748
13
707
2907
27
331
589
40570
6566
262
331
408
728
3108
13
4568
830
40571
831
13
107
14
168
61
2246
1066
5
840
34
24
512
5
2995
133
34
4694
5
23574
27
331
40569
1003
31245
262
10170
23
40569
14
40586
61
40587
12784
91
26417
40570
87
784
91
1863
40588
5
25036
104
2947
2779
2
8823
246
26417
40570
6498
834
525
688
5960
4256
23
7079
331
2220
5
4298
40572
13
2505
15212
61
23
14
582
767
20268
40569
1003
31245
246
579
4227
183
825
14429
1533
308
449
16028
40583


