258
8915
973
261
262
10865
264
61
741
891
558
268
269
262
10866
264
61
741
891
558
10867
952
278
953
57
24
3743
10868
57
3733
10869
110
104
14
6997
4986
2222
9
502
3492
403
722
3219
23
24
4447
3306
27
119
10870
952
953
58
7803
1956
407
14
2401
185
24
331
5387
57
3743
10871
331
91
1579
10869
110
27
1427
57
24
952
57
24
643
9
502
3492
10872
57
3743
10873
9
288
503
3283
23
8866
10874
341
27
10875
262
10867
952
278
953
57
24
3743
10868
57
7803
1956
10869
110
104
14
6997
4986
2222
9
502
3492
403
722
3219
23
24
4447
3306
1295
61
1508
5434
9
502
278
100
1341
91
24
7803
10876
9
7698
14
10877
467
57
24
9542
57
405
57
24
3733
37
10869
110
1795
3219
27
119
2401
5443
952
57
14
545
9
2356
4986
2222
23
427
104
24
10878
10879
502
3283
515
262
10880
57
24
2222
278
1094
503
953
58
14
6155
765
149
807
23
266
1348
316
7803
1956
10869
110
288
2940
76
3743
2943
27
119
643
91
24
6155
765
1142
515
405
10869
110
9
1348
10881
91
128
9
105
331
24
10882
515
358
2296
45
9502
10883
34
3743
6849
27
331
999
136
750
6460
262
331
727
1018
1013
1095
830
5683
34
3219
831
1348
723
369
10884
27
331
10885
262
119
2401
5443
952
57
14
545
9
2356
4986
2222
23
427
104
24
10878
10879
61
324
109
34
10886
61
502
3283
515
2222
9
10887
510
13
24
1234
3206
13
6517
1234
10888
119
6155
765
149
750
91
32
5784
393
515
14
10869
136
105
1399
54
680
159
525
7382
104
14
2222
5
61
167
24
1217
515
926
149
10889
158
61
747
13
1728
27
1307
1414
1607
926
105
45
1341
24
315
13
4948
61
926
10479
262
331
515
912
144
496
830
10890
10869
110
831
1018
27
331
119
341
663
1142
515
405
10869
110
104
24
3733
7695
449
122
3743
10891
185
592
61
1502
9656
13
5537
64
331
10892
331
27
1427
57
24
10869
110
61
24
643
1142
61
6705
8831
23
1060
3219
27
119
3733
3780
642
5
10893
638
45
532
133
449
24
6997
427
2222
641
237
506
625
24
6155
765
643
2859
27
4139
10887
288
722
3219
23
24
4447
3306
61
7140
2
2818
10894
23
24
10895
1547
7880
5
510
13
24
1234
3206
13
6517
1234
10888
27
10896
663
1399
185
592
122
5784
5537
187
99
953
515
123
5068
76
6460
10869
220
10604
4630
330
104
55
515
215
638
45
639
449
24
2222
27
1295
61
215
147
6343
515
215
2193
405
57
24
43
105
100
3181
23
24
10895
1547
27
4360
237
61
316
110
5
14
416
57
274
330
515
362
14
2347
1267
57
24
2222
61
24
220
105
10897
24
77
34
1579
2726
27
119
10874
2401
663
1142
515
405
57
24
10869
110
369
1511
10898
1973
1284
24
5510
3308
57
122
1383
27
999
3770
958
834
190
10869
110
10899
122
1383
5
10900
122
3824
5337
123
7884
27
7478
704
190
57
24
110
130
133
57
24
415
27
1295
61
2276
3770
330
10869
110
288
9920
5
3539
27
1947
14
10451
91
24
6155
765
61
4630
99
100
7452
57
24
5139
57
7164
10901
3608
27
396
373
10902
2276
5139
27
1295
61
215
825
373
1359
64
220
5
825
10903
24
1271
6660
27
119
1857
2401
99
53
3970
10904
61
502
24
3733
9937
13
10905
27
246
119
10870
952
953
256
14
7803
1956
2401
185
24
331
5387
57
3743
10871
331
91
1579
10869
110
246
10906
398
57
24
2401
10907
14
10877
467
57
24
9542
57
405
57
24
3733
37
10869
110
1795
3219
246
999
136
750
6460
262
331
727
1018
1013
1095
830
5683
34
3219
831
1348
723
369
10884
331
246
2906
10869
110
104
24
3733
7695
449
122
3743
10891
185
592
246
4730
288
722
3219
23
24
4447
3306
185
24
1234
246
271
57
5556
7140
2
2818
10894
23
24
10895
1547
7880
246
4139
9
10887
510
13
24
1234
3206
13
6517
1234
10888


