144
2255
13059
293
16
27822
138
1
414
417
151
291
287
16
17312
138
1
598
417
151
4049
16
895
2013
6896
4151
10001
1
137
1
4
27
14152
19618
19619
43
285
7
5
3096
2121
862
12
37
2128
4167
12
426
65
179
2013
6896
4
5
1154
427
38
3168
17
27
20
0
422
6
7148
29
40
285
7
5
3096
2121
862
12
37
2128
4167
2
4151
4717
10001
1
793
1
38
10
401
14153
2128
7
468
1
4
1392
8
19618
8
1478
19619
5828
1
61
793
1
239
56
0
19620
4068
2121
44
43
7
6013
17
5
17313
10603
12
1661
2097
140
13074
8496
426
2
27823
6216
1495
4919
2325
2393
78
36609
14
0
4068
2121
10
624
1798
7
0
36610
36611
1479
1
1298
5
8
5096
1
1867
1525
2
8
852
3
36612
1
2244
61
354
0
2121
18
700
206
29
40
1289
2
15
613
43
543
398
1445
12
0
2121
4
43
11341
20
0
376
6
0
4168
56
25
2580
1
811
22
2
2017
108
1445
43
204
3
3343
1495
855
7
36613
17
579
119
2971
1445
805
520
20
0
548
1
1661
2043
36614
4046
479
3125
36615
22
2
580
54
10
12
0
10603
20
0
71
6
0
862
1
301
3
0
27823
2
10001
1
5
1113
20
0
2877
4
5
3008
6
27824
1982
7
17314
1
34
369
1671
5
645
195
862
7
954
1
50
408
27
3736
9361
1274
1458
103
2
1287
1
23
546
6
0
584
18
193
7134
1
6400
22837
7
28
280
4
117
2
422
6
7148
3234
6
613
3054
13075
22
0
2877
18
481
4
613
43
8
1549
4
7438
8
31
546
2
297
94
11
167
6433
862
16
15
19620
4068
2121
6013
17
5
17313
10603
1
137
1
12
1661
2097
140
13074
8496
426
8418
16
10001
1
93
1
4
19619
1
122
1
43
543
398
1445
12
0
2121
4
43
11341
20
0
376
6
0
4168
56
25
2580
15599
16
422
6
7148
3234
6
613
3054
13075
22
0
2877
18
481
4
613
43
8
1549
4
7438
8
31
546
12975
5775
15446
27825
17137
36616
8
104
33
1637
0
869
4
280
6
261
613
7
136
5311
120
48
717
71
1
4
3809
136
12165
4828
1
8
21
22
7
5
565
2
8
982
613
46
32
7439
1552
31
0
7440
6
65
643
2
8
27824
1982
14154
2978
5489
22
10001
4340
3
19
164
28
5
5770
164
23
5
5227
7
746
4
9467
0
262
70
90
2447
3
7148
2
8
57
79
4108
136
664
1
8
21
78
36617
2
8
36618
693
1
400
117
2
558
308
58
79
7077
56
36
58
1450
3
66
114
36
34
14
5770
36619
2
8
10001
10
0
4063
263
6
4342
1
570
4135
10001
1
38
614
20
27826
9468
855
7
9468
1
2128
2
10604
16
1287
1
23
546
6
0
10001
18
193
7134
1
6400
22837
7
28
280
4
117
6
0
290
1
137
2292
2551
16
15
64
1
137
386
93
4
122
1
43
205
280
28
0
422
6
7148
3101
862
16
4151
10001
34
369
1671
5
2001
195
862
7
954
1
50
93
27
9361
19621
1
137
15
117
107
74
188
3
1183
12
0
1819
45
36620
4718
1
5097
6217
20
0
286
1
22
0
983
34
312
504
2
8
104
352
109
5
117
323
20
27826
4
60
154
48
983
128
4312
1
8
36
78
0
587
2
8
580
3093
171
388
1208
5
284
2
221
73
32
100
2418
1230
2
1232
2650
4
4393
33
17
4341
10001
1
19
227
1
10605
1
4
42
263
2529
2
8
657
7
17314
1
10001
10606
7
2013
13076
4
0
36621
9461
10
7774
401
17315
17314
14153
4057
7
468
4
401
2128
14153
4057
7
0
222
70
2
96
34
5
196
71
431
20
5
36622
12166
180
27827
119
20
422
2
15
1058
395
12
97
587
209
14
0
8
27827
117
13
7439
7438
31
0
983
6
42
427
4
1011
9
1634
2
8
527
1338
2545
1
10607
7137
1
4
400
1378
6
19622
2645
136
22838
1899
1
8
44
395
2
8
57
46
32
0
305
457
14
60
893
1714
2
15
2154
2327
1
0
4666
1
0
6218
1
25
46
32
0
3982
6
261
305
457
14
185
3
2276
184
0
1230
4
934
99
0
4666
311
2
8
26
4151
4717
10001
1
793
1
38
10
401
14153
2128
7
468
1
239
56
0
19620
4068
2121
44
43
7
6013
17
5
17313
10603
12
1661
2097
140
13074
8496
426
26
527
14152
28
0
422
6
7148
1392
8
19618
8
1478
19619
5828
1
793
1
61
239
7
0
4685
862
26
5482
354
0
19620
4068
2121
10
624
1798
1298
5
8
5096
1
1867
1525
8
4
0
700
206
29
40
1289
26
10604
33
7775
7
11
0
194
9
1174
584


