144
1883
4189
65
584
6
513
3870
12
0
1147
3655
3292
43
680
3
11586
42
2299
39
1414
5
5088
17
5
1036
45984
77
0
64
4089
8
353
370
229
2
13008
49
7
0
5542
77
0
1216
6
0
321
174
1
2843
18
1257
21671
4
3631
13826
1301
44
58
11586
42
2299
112
42
174
13758
1089
2
2396
18863
1
28
0
846
3655
3612
1
13
369
2493
9
14298
45
1667
4436
0
11083
4
45985
12
19
10707
251
171
1089
1208
42
5702
7
470
18
229
7
1739
2
1036
16158
2396
18863
29686
513
4180
3631
13826
18
251
262
5
5088
12
0
4370
6
0
229
197
42
64
4089
45986
16
13826
30
5
5727
8291
373
11586
12
0
1147
3655
3292
7204
3
5
1067
16796
18
45987
1872
1
18863
1047
55
0
837
16397
9
50
33
3566
3
5
8787
3
429
6190
11424
17262
49
1984
7
5727
8291
9
4
45988
103
19
1732
8
883
2
13445
1
3631
1806
16
8
57
10
2120
3
2115
49
48
415
4
41
2973
63
95
883
2
221
13
141
156
2
8
13826
1
6
11054
1
5290
1
21671
1
6
155
331
4
18863
1
6
45989
1
806
20
0
837
652
12
417
999
23
196
6
0
45990
45991
1353
2
930
0
45992
0
45993
16
2843
18
1257
21671
45994
902
19
45995
15
64
2868
9
10707
3870
3006
17
42
1036
25451
23391
16
15
799
204
4670
0
1147
3655
3292
1
23285
724
748
0
1177
2
13214
604
5986
0
431
617
16
13545
16158
3631
13826
30
45996
1806
63
19
3675
1
199
23
19
87
165
12
5
32378
7
5727
9
8291
53
137
51
2843
16158
3631
13826
1
53
122
51
3651
6835
3
19
64
2193
23
21
5075
3
1103
0
12507
9
45997
3428
20
0
1198
22894
25870
45998
7
14769
12
506
417
999
1
526
135
33
1973
3
1125
0
208
418
187
576
4
346
7
837
268
44
505
3
1177
7
484
526
2
380
426
0
321
174
902
0
445
6
6564
20
0
5249
9792
20026
7
8680
2
1100
998
29
41
602
40
443
1
37
1834
28696
341
1576
1436
2
45999
1995
43
477
20
2760
357
0
250
1520
4
155
331
18
3975
1186
21672
498
349
910
37
1176
889
6
2051
86
44
76
718
0
229
2
4655
16
1067
8343
53
122
51
1904
17
46000
46001
39
1435
1089
18
616
26
1257
21671
4
3631
13826
116
32379
17
2396
18863
26
15
105
486
476
33
648
12
0
1147
3655
3292
26
1067
8343
18
23355
977
1872
752
0
2843
584
42
7856


