119
53617
53618
3442
129
3138
926
149
9168
91
26194
355
129
11639
6555
525
1348
926
149
2540
133
76
525
4501
4123
13
278
100
2931
14
1842
1533
1284
144
19039
27
7013
8514
91
8496
3193
34950
1422
50560
525
4501
3726
972
9309
23
54
1536
655
24
540
694
2786
76
122
680
185
24
1536
53619
27
925
4198
3084
515
1422
149
13463
185
908
57
525
4501
76
525
654
31
47
5
525
14907
5292
27
1178
1836
129
1850
24
540
64
215
3366
23
14
1317
2964
750
8496
515
9309
149
1461
23
24
2315
7208
76
54
2769
185
24
22291
5
1422
149
50560
158
5
15059
33
5
11182
27
521
159
34
6465
7013
8514
91
8496
3193
34950
1422
50560
525
4501
3726
972
9309
23
54
1536
655
24
540
694
2786
76
122
680
185
24
1536
53619
1178
1836
23
14
1317
53620
1071
330
9309
149
1461
23
24
2315
7208
76
54
2769
185
24
22291
5
1422
149
50560
158
5
15059
33
5
11182
925
4198
3084
1422
149
13463
185
908
57
9309
76
525
654
31
47
5
525
14907
5292
10487
2
24
2964
285
159
5
1414
24
540
13
1728
652
421
23
24
2964
44
850
542
40
358
5910
27
119
52932
330
9309
935
1770
331
33667
53621
525
33930
33
5
11182
331
27
396
359
515
1422
2075
2950
89
24
4051
26058
61
8268
14
4514
61
17856
158
159
5
935
2151
5
12894
183
185
24
7642
27
1422
99
7149
515
926
638
455
286
484
355
4863
5
14219
525
9
167
4198
2
2395
586
926
5
525
4068
288
722
3219
23
1857
27
579
3138
926
149
331
11360
5
14219
331
91
642
58
361
10859
34
14
15363
64
926
10165
525
669
583
27
2318
24
5165
5166
642
798
129
14219
525
99
8523
133
13
9282
54
7280
5
330
215
604
344
525
57
361
14
15363
27
8013
15445
4630
750
24
5165
5166
2903
515
215
604
5473
13
7707
1422
1185
525
4501
3726
972
9309
1348
215
149
289
13
334
18905
12779
10931
1842
34
14
2401
57
316
308
278
3219
23
14
1536
27
1422
99
7149
515
926
638
455
286
484
355
4863
5
14219
525
9
167
4198
2
2395
586
926
5
525
4068
288
722
3219
23
1857
119
3442
3138
926
149
331
11360
5
14219
331
91
642
58
361
10859
34
14
15363
331
628
14557
628
44
1550
4014
57
237
1724
5
738
444
3047
5
515
149
183
61
331
8024
4630
750
24
3830
27
6117
61
215
1520
61
1422
1802
183
89
14
331
402
61
1872
9
133
3592
27
331
331
628
149
3108
13
19636
542
5
996
27
4885
1545
542
6555
34
722
3219
23
1857
61
331
8024
4630
750
24
2903
27
331
842
935
926
285
89
525
17442
27
331
162
14
642
14630
57
24
315
8514
91
8496
61
34950
1422
87
944
10937
24
642
57
5805
1348
8024
27
15445
4630
5315
525
34
19636
27
579
935
6498
20867
515
358
1018
244
129
926
87
484
9708
445
61
4710
13
3193
525
19636
27
1422
69
700
71
7149
926
149
144
19039
525
4501
23
24
1536
40
1844
4198
3084
1245
4338
9708
445
61
1422
149
36750
91
14
642
798
14
4539
7096
868
5
3793
33
575
926
5910
525
36149
27
162
24
14630
61
8024
27
4630
718
107
944
2496
1422
515
24
642
288
17138
13
2403
2
14
1317
2964
27
579
1520
262
331
628
7529
646
37
104
306
32
1066
47
646
129
37
14
9876
27
628
7529
723
27
628
7529
723
728
14
853
2549
9876
27
331
4338
4710
13
748
525
3584
61
1422
9707
13
639
8024
27
4630
912
55
3584
61
484
5612
262
1687
628
1019
628
3556
1030
13
2382
723
13
707
24787
27
2186
912
851
55
53622
579
5923
262
331
628
12336
610
704
278
612
53623
820
628
8819
3487
5
603
27
727
4310
8819
53624
27
1031
37
9654
27
331
628
840
723
2245
2801
820
628
840
1348
723
728
12139
851
6924
723
2236
2245
2257
27
1031
723
2245
19250
61
1751
57
19055
34
24
3487
515
723
278
61
515
723
614
76
24
308
57
237
1566
27
331
1422
149
2182
91
642
23
5165
5166
35
632
58
926
149
1341
34
19039
525
4501
3726
9309
69
174
71
27
579
1400
642
648
926
149
14
15363
119
3442
2469
24
511
57
1563
33210
49847
18557
53625
37
558
1045
53617
53618
1420
1422
750
3972
515
926
3362
91
525
829
45
6540
18
525
19636
27
331
628
1014
496
237
1566
3362
34
5
628
1014
23
3487
5
628
1014
23
14
1566
515
2403
1981
24
1810
57
24
2801
5
24
82
57
24
3991
61
331
926
330
185
3354
27
331
816
628
1835
362
707
53626
3079
61
707
6441
3079
13
377
709
61
3208
723
728
5260
846
76
14
2102
61
628
825
45
107
605
723
707
19636
61
515
87
14
700
515
628
1650
47
34
27
331
2097
3802
9993
642
13
53627
5
8832
308
23
3023
13
2382
542
27
119
26194
1520
183
87
7444
14
3728
57
24
315
27
119
4813
87
663
2335
14
8555
1420
1422
7593
75
8024
4630
27
251
1239
57
24
3528
61
8514
91
24
8496
5
24
2903
61
1046
4630
6532
262
331
2355
289
61
502
1213
846
24
700
13
107
109
61
818
183
1213
846
24
700
13
2382
723
91
3802
27
331
1422
28720
262
331
3672
723
639
834
3096
607
628
696
100
289
61
24
20867
278
100
289
144
34
361
2060
778
4816
652
610
728
2060
5
215
37
669
778
628
629
144
361
2236
3339
61
19739
27
331
8024
4630
249
262
331
9362
3793
47
24
4474
714
778
331
246
7013
3193
34950
1422
50560
4501
3726
972
9309
23
1536
246
1797
330
9309
149
23
2315
7208
76
2769
185
22291
76
1422
50560
158
5
15059
33
5
11182
246
8013
15445
4630
1520
215
604
1545
13
7707
34950
1422
1185
525
4501
9
40
926
1802
183
89
14
331
402
61
1872
9
133
3592
331
246
1422
1520
926
2831
45
278
105
13
3193
19636
64
149
2931
455
286


