1044
13
533
0
172
18
87
9439
9
4538
1140
1500
7
5
1228
3
355
25
0
2576
7
97
44776
127
0
336
1
25
30
40
364
2
65
72
17252
18760
9
17591
4959
197
3490
4
5149
13
91
1691
14
46
2477
394
1
1316
4
765
597
28
31845
2
15
1500
46
32
49
4
831
7
64
82
71
4
46
31846
5750
6461
4669
3
402
597
1161
2
1044
13
22
3
32
533
0
172
18
87
9439
9
4538
1140
1500
1
235
429
31845
25
30
40
364
53
1630
604
51
57
13
91
3202
31
0
1647
394
4
20
87
46
32
157
11
279
14718
31
44777
1
0
172
18
1404
1276
2
15
1234
13
91
531
31
1953
13975
44778
1
5
5750
15745
20
0
44779
6
6154
4
8315
6
1044
53
44780
51
2
52
78
0
3496
16
8
104
8646
39
0
6240
3747
2356
14
60
33
300
91
4425
2
8
1475
148
6
0
1729
60
1160
226
28
1607
1771
1
60
404
3
18254
136
220
1238
2
139
13
128
6031
114
8359
6461
10
41
10702
7
1044
1
86
60
188
3
1682
136
220
1128
2
8
14628
8540
31847
53
31848
51
133
10350
747
1196
319
0
7088
686
10276
6
914
2
281
0
621
2865
3
32
10715
69
1
25
46
44781
0
44782
4
46
32
7205
1
2246
606
2
15
546
496
39
5
5
6217
625
12
1066
343
1902
30
310
14
1044
13
0
264
113
0
1404
245
6
1150
19494
2
144
4540
7003
12
0
2427
25
10
958
14
2297
134
153
6
478
1150
20450
7
1044
1
67
85
105
278
6752
7
200
242
17
414
134
153
2
14628
8540
31847
53
31848
51
133
10350
747
1196
319
0
7088
686
10276
6
914
53
1630
604
51
191
0
1471
1985
14
1454
1066
875
73
402
784
1161
31
4572
31849
42
2578
2
15
1150
7
0
625
9628
3
2096
31
5
1140
3
5188
3
2834
12668
12
0
1066
1
50
58
6435
5
4425
62
2742
1140
14
10
450
3
5188
3
108
2932
2
21504
47
292
44783
1
6236
6
0
365
1
3052
3
1112
14
0
1339
171
41
32
204
23
5
1106
6
0
2945
23
5
1030
1
45
699
118
23
6217
2155
2
35
104
929
5382
324
28
0
2909
60
858
213
55
92
1
2297
134
153
6
0
1150
60
13986
33
627
28
44784
21
131
2
249
348
112
21
1494
1347
705
1339
112
274
2602
12
0
1066
10
6538
1
21
131
16
35
57
47
504
3
161
112
44
1494
32
705
2
8
1523
343
1902
2741
29
1284
1044
7
235
1167
885
109
21504
886
1
605
29
1284
108
1142
44785
26
1044
22
3
32
533
0
172
18
87
9439
9
4538
1140
1500
26
72
17252
18760
9
17591
4959
13
91
1691
197
3490
4
5149
26
4333
46
2477
394
1
1316
4
765
597
28
15810


