258
804
10669
261
262
11411
264
61
916
1078
558
268
269
262
11412
264
61
916
1078
558
6761
11413
2193
642
516
799
1687
11414
34
158
61
1015
486
57
24
6989
9
5359
278
3138
27
397
24
791
864
3965
5
54
715
11415
11416
1642
11417
23
24
82
57
14
7172
11418
61
183
99
953
515
24
1047
7682
144
4615
484
54
6846
82
5
2964
149
8699
91
4678
9
11419
642
27
1477
24
791
5359
99
53
709
1857
2951
61
486
57
54
288
11420
23
9612
11421
3830
64
586
262
2344
628
639
358
4997
799
537
34
846
27
5638
825
799
57
183
704
27
2346
119
540
324
58
4463
11422
3773
3965
11423
2780
11424
11425
61
503
14
2347
1267
484
358
510
445
13
7144
808
11413
87
370
3621
11417
23
24
4385
82
57
11426
9
2033
7172
8021
2465
11427
27
1031
87
4149
13
4568
11428
23
3424
64
758
652
11413
1938
24
11429
57
11430
61
3424
912
498
11431
11432
61
23
2336
27
742
6846
2908
149
8699
4741
3762
515
24
6989
9
3989
4312
4606
57
2125
23
3212
2
3424
912
7297
893
27
11433
11434
61
24
11435
11436
7338
61
87
330
13
278
4952
24
3225
23
8276
11437
13
4289
11413
912
4098
1915
23
4699
34
712
6591
1327
27
11413
912
11438
2
11376
2291
35
751
58
215
769
54
4712
9
6330
4233
61
5
185
207
8001
807
11439
11440
185
166
6205
5362
76
158
27
11441
262
11433
11434
87
24
7297
893
23
255
27
579
11442
11436
1565
11443
1348
525
571
11444
11445
1077
23
11446
119
2356
484
61
11413
5
54
188
715
174
122
6846
11447
76
122
3059
1093
61
11448
61
5
11011
13
4385
27
10711
61
11413
516
45
278
100
417
1193
10015
57
24
642
8004
27
11449
369
663
10956
13
24
1217
515
24
11413
485
503
970
4634
2
14
751
9
402
217
23
11450
61
2540
1400
57
14
1687
11451
23
7144
4091
2398
27
2465
11427
61
700
61
99
100
958
91
11413
61
174
61
64
54
331
11452
331
5
215
99
1347
11453
24
11426
9
2033
3104
7296
76
54
11454
6117
61
183
4123
515
11413
99
625
156
11455
185
54
11456
11457
11458
13
442
158
123
14
2211
5
7150
11459
27
11427
61
24
5171
57
24
833
5
11460
412
2804
10579
11461
57
7144
61
87
330
13
107
1586
758
18
1389
11462
27
11413
99
4173
958
11427
64
14
11452
61
586
23
2336
262
1687
816
628
1835
5359
902
61
183
87
23
398
343
13
2465
11463
162
266
2336
61
11413
4634
24
1305
91
605
11427
24
5014
9
11464
69
2508
9
3302
71
57
24
11429
57
11430
27
999
57
11427
912
5253
61
3080
61
149
477
13
6
9612
11465
6787
11466
61
14
791
3867
11467
13
11413
129
99
663
100
11468
23
24
818
9
289
11434
11469
27
1936
54
11454
61
11413
149
4173
6903
57
11470
361
1919
23
24
2109
9
5006
27
396
5515
229
54
4783
17
23
1073
76
14
346
57
7301
9
11418
486
23
11471
912
61
334
3421
6846
900
27
11427
149
185
24
5616
2580
27
3255
11472
9
11473
11474
5224
515
589
11434
1099
278
9742
11475
316
3833
3215
57
1389
11476
13
808
11413
912
1073
6330
531
27
2281
288
8427
13
11477
4198
61
5
32
149
7983
309
91
11413
23
1066
23
6846
27
11413
87
663
5860
3762
515
215
11478
2
7745
7935
3197
13
8760
61
5
515
215
4312
10331
2
791
11479
11480
11481
11482
27
11413
8479
704
24
1517
61
76
54
3509
11483
6431
586
24
11484
57
54
82
5
316
10662
11485
2275
13
158
516
1687
532
11486
27
808
6431
3138
515
24
11413
485
149
11487
1687
185
11451
23
7144
61
5
516
4699
13
3424
23
1145
316
3133
27
246
11413
5
715
11415
11416
9
11413
8409
13
7144
3621
11417
76
14
7172
11418
2465
11427
246
11413
7983
4312
11488
2
11443
7338
11433
11434
246
1707
3300
54
6846
11447
5
2964
185
207


