144
2236
4785
4623
48
20742
128
1
128
3426
1
11
25
445
79
3465
66
184
2
15
3504
29753
12
48
4430
7024
3086
829
109
156
66
33
623
3
1812
7
156
403
357
0
172
2
89
1604
268
5
1001
5898
424
4
0
797
496
3
142
1
27
883
7115
11210
7
0
4319
6
2295
2
297
94
11
167
2838
5
604
16
15
1352
12
48
4430
7024
3086
829
109
156
20742
66
33
623
3
1812
7
156
403
357
0
172
939
5
4319
16
89
1604
268
5
1001
5898
424
4
0
797
496
3
142
1
27
883
7115
11210
7
0
4319
6
2295
57
13
7
725
5
167
3409
15455
49
3
5
695
6
6715
1
80
21306
3
5622
56
5
1001
11082
25222
652
7
1647
11707
2
15
3376
13
11
0
25223
908
6
883
462
1729
50
97
5872
1
0
25224
11768
1962
1
131
46
8
143
212
883
226
1733
8
2
899
4602
16
57
13
7
725
5
167
3409
15455
49
3
5
695
6
6715
1
80
21306
3
5622
56
5
1001
11082
25222
652
7
1647
11707
5913
43545
16
15
3376
13
11
0
25223
908
6
883
462
1729
50
97
5872
1
0
25224
11768
1962
1
131
46
8
143
212
883
226
1733
8
563
3829
11
0
3829
1
633
12
3031
1
332
17274
7336
4408
7
42
2293
3
718
0
684
13284
2
3798
33
10041
3
154
947
6
25
17
42
1132
2270
86
23
41
3
3172
0
702
62
3
1016
25
17
42
280
2
24340
7
42
2293
16
563
3829
11
0
3829
1
633
12
3031
1
332
17274
7336
4408
3
718
0
684
13284
30005
16
3798
29
40
10041
3
154
947
17
42
1132
391
86
23
41
3
3172
0
702
15
2098
298
43546
1769
1
50
803
0
3376
1
4026
12
97
587
16
8
104
735
3
1349
5
1149
14
76
32
43547
3
1378
0
3212
6
0
1001
4
41
5622
3
2269
1445
2
8
5269
37
7082
31306
7551
1
3869
3
5
31307
43548
4
5
487
1500
11857
1
60
3869
136
1149
3
0
5123
1140
113
0
611
76
32
9940
31
0
2269
3405
2
8
26
15
3376
13
7
25222
652
7
1647
11707
11
5
883
462
908
26
57
1250
5
883
797
350
69
0
710
1
4767
109
5
1818
26
89
274
71
5
1001
5898
69
0
652
27
883
7234
11210
7
0
2295
26
15
167
1352
13
21306
3
4618
6715
50
14404
17
277
1001
26
15
3376
13
11
0
25223
908
6
883
462
1729
31
18620
25224


