144
523
10965
4
9232
16456
293
16
46386
138
1
316
600
190
291
287
16
25752
138
1
793
600
190
65
891
30
1122
1179
5592
1
5
244
17
5
5869
1020
585
1
3
32
1284
7
5
1531
9
644
4795
1991
5
149
39
19
4428
9
83
263
4
27
13270
9
83
3345
4715
2
5592
47
757
9
7
9
537
1
20486
25945
1
61
22
14
8331
811
29
369
603
0
8312
9
83
4
78
59
44
34
4538
6
19
2602
2
15
586
817
5592
1
2118
1
38
30
40
456
12
2921
11
108
635
1
46
32
10915
31
5867
362
38
46
143
662
21
332
49
7
186
4
254
41
15674
0
1281
6
19
1013
2
297
3220
11
3077
31310
16
9845
18
296
1
7641
4
6298
5592
1
29
14481
1020
32563
241
5
891
30
1846
14
0
7480
295
73
32
339
277
108
11
270
1490
5989
0
493
8364
16
6116
9
70
9
83
1546
5785
1
93
1
4
4428
9
83
9845
2589
2575
119
4796
42
8667
41
416
28
1546
18
102
7
21722
1
8331
139
546
496
23
5
891
61
1846
14
21
4
19
7480
227
7641
1
0
145
6
740
4428
9
83
290
9845
2589
9
5592
1
33
3
29
100
965
120
0
6725
6
0
644
1
5004
56
44
148
1032
7
270
386
120
0
493
2
258
25945
78
3258
16
35
135
78
59
44
34
4538
14
21
107
25
2
135
115
55
5
295
6
117
464
29
5
1020
683
1
86
44
929
5623
228
504
12
9177
46387
61
310
14
37
1635
3036
0
295
3
429
1359
3
3258
1
25946
1402
3785
4
41
2990
3
154
156
67
20623
1594
2
5592
13
0
244
6
4428
9
83
9845
2589
9
5592
1
38
4715
339
37
21722
4167
119
4796
8667
17
27
3345
1
13270
9
83
1546
5785
2
1768
8667
43
192
115
12
5
4191
339
18897
2097
2
65
721
32564
1790
6917
174
157
10947
1984
12
5
2121
11
269
437
3
818
0
25947
4167
2
20607
25388
162
0
381
350
11
530
45
107
41
1032
3
165
3623
0
1491
2
144
2762
9
1241
1
37
1790
1393
4
169
108
106
362
34
93
4
305
818
2409
10
159
12
2
2363
9353
655
4176
4025
25948
28885
3
242
5592
182
4795
470
1
0
132
811
22
21
4
19
227
34
1141
25949
17
2244
2
25948
5095
5592
18
4061
12
10845
9
1785
635
4
2734
8331
537
3218
5
447
12
2921
38
13
1407
8
5
24628
14567
8
3
1065
182
4795
23
5
641
6
1013
2
16055
818
16
563
1790
1086
209
3414
18897
2097
11
740
126
9845
2589
9
5592
1
259
1
4
1546
5785
1
802
1
38
2575
81
149
7
8331
380
0
2631
16
15
721
32564
1790
6917
174
157
10947
1984
12
5
2121
11
269
437
3
17769
0
25947
4167
15
554
1209
31
6496
1485
3565
46388
12
470
22
0
4223
18
853
171
2947
0
4795
3427
4312
3
5592
1
38
10
6313
3
365
3
21126
694
1006
39
1931
25
2
32508
93
11
5592
18
2668
1564
43
41
945
2
5592
30
40
572
17
2389
6
10845
17
4525
3
2947
1
3532
3
16346
10845
4
108
1871
2
52
633
2921
4
10
443
7
5679
25948
22
5592
171
29
40
1284
182
4795
123
1
45
21
2479
1183
12
110
3309
470
18
554
2
52
22
5592
902
178
635
14
1256
10254
582
1281
277
2
372
1484
28
2363
9353
655
1
8331
163
14
234
296
29
1640
642
3772
4
7641
10
1311
3
146
82
7
1827
582
11
1408
3
389
5
10845
642
2987
2
5911
1
0
295
29
22
14
44
29
40
2164
1687
31
106
1664
0
3764
6
42
263
324
1
8
308
812
88
0
2883
4
44
161
1
8
308
352
1272
385
99
1
8
4
66
352
41
2
8
15
21722
295
30
6887
14
0
3960
2069
6
0
106
3029
30
116
88
474
109
44
43
182
493
7
0
276
6
740
9845
4
1546
2
46389
16
3462
4450
11687
103
0
4167
241
64
2399
43
61
176
23
5
9870
3
0
740
9352
15797
218
15
995
8
8667
43
115
81
437
1241
339
5
3867
4903
20
0
2576
6
0
4167
8
57
116
121
474
109
1
8
10323
1
44
352
350
20
121
109
5
1400
1
8
22
5592
3
2861
689
2
7641
10
118
443
28
582
12
417
384
39
1990
71
11
697
410
1871
1
173
2172
642
256
1
6427
17
10120
553
7
1020
2409
1
8117
1187
256
4
2002
3
10619
17
642
2653
2
101
2272
1
398
82
2735
3
14
7
1838
1
7641
10
1311
3
146
82
7
1034
39
4709
578
3
3532
3
16346
4
14244
10845
2
15
905
10
192
32565
3
178
187
7
582
4
5
412
70
6
10915
1013
2
1523
1020
3772
5864
3
7641
675
5
4831
2204
11
248
37
661
7168
6
1187
7
5
937
4
7
4469
36
2794
5
578
3826
11
371
5
2351
365
3
106
1
5
830
50
752
27
231
230
7
582
2
5592
13
1418
5
460
644
7
2363
9353
655
39
19
4061
11
642
2389
14
1277
28
81
70
2
65
233
99
69
186
1484
2579
0
8052
69
50
7641
34
2429
23
36
492
553
7
0
10203
2383
2
6863
11
5
292
10979
1
27
179
814
20
0
32566
5047
25950
7
12261
1
8331
1
7641
10
5
1185
848
6
0
679
2987
398
82
320
2
8
2589
3827
14
36
3316
46390
4166
28
1713
75
4
1646
88
3
1483
46391
1
38
157
88
3
143
10845
1
8
186
1484
3114
3
0
9765
16333
12416
101
725
1
5592
7921
55
6
5
189
772
17
537
3402
694
39
44
547
10744
603
59
6
1003
9845
2589
4
1546
5785
1
0
290
18
2408
22
2
8
10323
1
92
18
683
7
136
117
1
45
25
18
41
5
683
14
60
352
2999
6
1
8
22
8312
9
83
7641
2
5762
16
15
995
1
137
7
746
1
58
473
1125
0
132
386
56
9845
18
145
10
20
147
4
43
128
373
8
57
18
54
60
382
3900
17
2
57
18
54
60
382
226
424
4
60
382
226
424
25
23
5
117
86
100
978
110
3567
2965
63
25
1
25
18
41
54
14
30
711
3
84
17
66
183
1
0
3764
6
136
126
2
8
46392
127
0
3868
14
36
4
5592
206
29
40
1497
11
0
1603
6
9845
4
1546
1
7641
10
7501
14
42
1364
171
32
4310
2
8
104
188
3665
7
0
1248
196
6
0
1020
493
38
30
0
5219
62
0
785
3
84
457
4
143
3328
1
60
188
88
4578
12
136
995
4
110
445
29
510
3
88
1
8
22
7641
2
8
308
183
45
112
350
69
136
683
13
110
18
735
123
14
18
1226
1
253
2
8
15
5248
6
0
3540
1020
424
496
23
0
7972
4671
12
0
493
69
0
3764
6
42
263
4
1546
5785
2
101
37
772
17
2861
689
12
506
415
1
7641
1159
129
13736
44
29
40
2164
31
0
106
2
6298
5592
25951
12
5
1267
339
18897
2097
113
19
263
9845
4
27
3345
1546
5785
2575
81
149
8
104
382
617
3960
3785
1
269
20
5
71
1
8
22
7641
2
8
104
382
617
46393
2
104
29
204
169
391
992
1
5506
169
1294
1
8
1453
14
80
6
27
391
1196
30
40
574
77
3
811
2
563
1790
2014
4
179
721
3774
890
14
537
3402
13
350
20
274
8696
44
73
7
0
276
2
8
939
496
69
1332
13
129
254
14
326
69
110
13
16813
159
12
7
42
630
218
8
22
4025
46394
2
8
191
67
1787
1
254
25
29
156
573
3
261
64
740
995
218
8
9952
818
16
2625
233
11
686
530
20
18897
2097
113
9845
2589
9
5592
1
259
1
4
1546
5785
1
802
1
2575
81
437
57
30
61
40
310
14
7
0
149
18
90
234
290
18
159
740
1
7641
4
1179
43
248
1157
20
102
4
43
3000
3
1630
11
1924
2
8
135
33
41
5
295
1
8
22
7641
18
757
20486
25945
3
2861
689
2
8
135
33
648
3219
4
2842
168
12
0
152
3
5
1924
2
8
1179
5592
61
78
3258
6
19
1111
3
402
5
3387
251
120
48
8457
71
2
8
24
893
812
66
385
63
4647
1
8
22
5592
2
8
65
396
6
75
1955
42
3328
103
4647
4
25
254
74
147
55
253
168
2
135
352
2365
1
44
143
5
849
595
1
2958
2
8
52
921
16
8
788
4647
24
688
3
402
742
6
4
402
95
251
1307
2
8
1354
48
71
1
25
18
2539
4614
1
45
24
29
3
402
95
1516
122
2
8
997
0
1062
28
0
811
1
7641
4
5592
29
21193
1937
17
42
493
2
8
135
33
170
3098
3
20543
17
282
23
60
58
1347
1
8
22
2363
9353
655
1859
18
950
479
46395
25952
2
249
348
63
5592
4
7641
1299
109
3847
7
42
220
2193
3764
1
25952
22
21
10
8730
459
2
7785
16
139
6202
10
1209
3
14218
1663
1916
31
140
2226
694
4
4620
8
24
84
74
183
459
21
2091
14
152
1
8
22
25952
2
8
104
1347
17469
28
815
9
639
1757
17469
2
788
24
84
74
183
459
21
2091
14
152
2
8
11410
4
14963
5785
1
1546
47
296
1
29
2111
20376
7
42
11411
1
37
478
1781
6
186
1484
332
2
1546
4
9845
43
81
214
12
437
1
4796
42
12157
7
7409
21722
1
8331
2
249
44
202
945
102
1
1297
6
4620
444
0
872
350
11
0
995
1
4
42
8667
43
115
208
3
18897
2097
2
1315
85
6765
4620
1050
0
818
77
0
872
2
20814
29
40
10885
0
4167
11
0
424
418
230
45
29
115
739
2
26
1769
848
22
106
1400
244
1179
5592
18
3959
7
3764
6
263
4
6901
4
29
8
4538
8
127
59
26
1485
1122
1179
5592
3
32
10915
31
5867
362
26
1790
3414
25947
4167
339
113
995
8
12157
43
115
26
9845
2589
1
259
1
4
1546
5785
1
802
1
43
81
214
472
5
149
320


