2437
1449
6590
1875
30
2303
1976
63
0
2110
2219
3784
20
5
5525
2540
1153
935
36
15716
12
0
1324
2
1336
3213
7
155
331
1
0
564
11
2437
7422
22
0
3784
7
1019
2141
5
5341
1350
3
708
3235
4
606
2
258
1875
1
38
61
5198
0
11074
2540
1153
12
3272
12
506
1
763
14
11642
7
7010
0
2219
3
1277
76
3146
32
20804
2
297
94
11
167
962
564
11
2437
7422
26316
2
6590
1875
3739
120
5
935
6
0
11074
606
1096
1336
3213
7
155
331
1
0
564
11
2437
7422
22
0
3784
7
1019
2141
5
5341
1350
3
708
3235
4
606
6590
1875
3024
11
1712
515
6
37
772
7
27
853
20
3075
518
7
10219
2
96
30
763
14
11642
116
3
1277
7
7010
0
2219
76
3146
32
20804
8
15
2540
1153
31017
97
5341
1976
63
0
4724
5051
6
0
2110
3784
7
1019
1
50
33278
5
1350
3
708
3235
4
606
1
4
0
1525
6
0
2110
2219
12
336
1019
1
7
1787
1
3926
1
5339
4
2062
2820
1
8
258
1875
22
2
15
1776
224
23
37
962
298
1534
3
661
5
520
3197
7
2062
2820
1
17
807
623
3
1860
42
87
728
647
347
2
89
5554
18
2236
33279
131
0
394
13
91
33280
11
324
54
551
7
155
331
45
500
0
2961
7
440
2
5554
4
1356
9
394
5071
29
189
40
1441
11
2561
1662
3
32
482
3
336
1019
8
590
187
98
0
394
30
40
7479
217
9979
1
8
21
78
3768
689
2
8
57
18
204
88
253
189
3
154
684
12
48
1092
2
8
1430
910
816
5658
5403
5495
5
1888
1969
6
248
2110
12
42
152
3
37
2110
520
528
2
674
149
1
26317
111
1000
6
0
2219
43
364
7
2062
2820
15
1776
224
23
37
962
298
1534
3
661
5
520
3197
7
2062
2820
1
17
807
623
3
1860
42
87
728
647
347
2
15
251
6
0
5525
6850
11
2110
4217
18082
53
48418
51
763
0
935
31
48419
3718
14
92
10
170
8
5
189
1111
515
6
282
8
2
14449
0
6775
8
13
159
3
3962
5
6037
1048
7
3412
12
0
640
1
7
5
21918
19017
329
8
1
1796
48420
22
2
674
149
1
26317
111
1000
43
364
7
2062
2820
1
0
1558
4523
8884
150
0
3784
312
92
1
892
612
1196
30
958
5
5132
7
1000
7
3926
1
0
1476
9
312
264
1
4
5339
2
21919
2451
10
2510
201
316
341
7
1827
2815
421
48
215
3
389
5
48421
257
9
1115
765
1368
286
7
2062
2820
2
380
437
1011
9
2654
570
1186
2366
22
3284
10
539
3
32
2024
31
0
267
6
484
2
26
2437
1449
6590
1875
1002
3213
20
5
250
4640
935
26
96
22
0
2219
2141
5
5341
1350
3
708
3235
4
606
26
5554
18
2236
33279
22
0
394
13
91
33280
26
563
962
298
13
46
661
5
520
3197
7
2062
2820
26
674
149
1
26317
111
1000
43
364
7
2062
2820


