258
3311
17249
61
464
4698
5855
10758
10759
3846
369
185
2510
13
10903
1533
1284
1389
13674
2
24
1726
237
506
61
6918
278
3283
27
162
24
55
1413
454
57
24
506
24
6926
590
1856
57
9859
1389
11913
13
3235
185
1579
3484
1046
27
119
6918
369
8809
23
24
2107
5676
57
273
6604
61
502
8827
3846
331
6896
185
908
57
122
1389
57648
6660
27
3846
3327
14
6384
1857
7808
1348
122
4294
1400
288
5292
27
842
358
369
373
2801
13
908
47
122
1389
28640
14
506
6660
9
64
402
64
358
17814
183
6346
119
8833
61
3283
91
2905
22577
61
87
5562
13
21656
6673
5
8009
11133
13158
129
10903
14
20275
57
334
3817
37
6660
2241
3092
57
2243
223
27
2906
1389
4569
57
24
1726
37
1389
11913
3019
285
13
3816
3817
6820
7943
34
54
9175
331
22198
331
61
449
24
351
1411
327
5
6785
27
3904
37
5692
6893
149
590
1389
57649
61
1411
534
2584
35
506
5
563
2154
27
4459
3904
3817
6364
10909
61
14
1551
185
4586
8449
37
1134
20857
2065
791
3816
3954
6092
57650
61
99
10390
23
1389
23943
27
3904
37
44080
18760
5
3816
13159
57651
278
365
100
590
1389
8333
34
5210
185
13456
628
13623
1840
1312
727
27
808
18760
11617
54
3225
13
1435
27
842
709
3817
718
112
57652
941
6897
6892
6893
1348
183
726
13
922
6896
2
24
833
27
808
6893
6654
1389
6912
14
506
34
54
10786
6913
23
119
463
1460
27
1726
13539
4053
6607
260
6470
13
1962
159
185
44812
104
24
11461
27
1427
6673
825
5218
1720
183
87
613
515
358
3896
34
334
3817
37
6660
9
5
34
542
13
3235
185
3484
119
6897
99
1195
3957
54
22949
3896
27970
9
1347
3091
183
149
331
4831
3076
331
27
396
330
262
331
628
1018
244
850
1607
61
185
14
2414
296
628
2831
244
3916
445
334
4144
27
331
816
1463
3119
13
3896
846
34
515
4144
61
935
515
37
122
6865
1221
5
57
2510
628
221
14
8599
20396
13
1435
27
331
3585
515
3225
2831
244
738
13
1435
806
5293
723
1825
1537
628
638
244
221
372
18201
13
1435
27
187
1130
13
846
13
107
14
25397
3937
1017
13
1018
27
331
1882
13
24
5676
57
43293
6604
20540
278
818
420
237
506
590
3846
405
1389
57653
119
1460
99
818
420
237
506
590
3846
1389
57654
61
1489
13
24
5676
27
1134
3492
14
18900
2078
57
1389
7366
13
3816
29034
10045
57655
13
1346
166
6697
7043
14
632
27
2036
5789
5790
6628
804
57656
203
61
149
590
1389
57657
34
144
32
2414
1460
4144
27
119
464
20540
278
818
420
590
3846
1389
56836
34
122
223
237
506
27
2036
3816
6094
6718
1543
19404
99
100
590
1389
57658
34
166
22563
61
655
628
629
251
5608
20768
40247
42076
99
100
590
1389
45751
27
119
2903
5
2414
2903
203
590
1389
4291
13
3846
185
24
5676
27
119
7680
2903
203
99
590
3816
259
21440
1389
4291
818
420
237
506
27
143
119
3906
99
590
1389
20526
13
3904
37
1172
8313
64
758
64
1389
57659
13
791
8428
6628
10604
47361
27
9294
61
24
6997
6652
3817
6649
6650
99
100
590
1389
42887
34
223
185
6254
724
9
24
5820
970
3990
91
19003
19004
34
1579
331
7063
331
4850
185
12633
27
246
11701
2329
4386
2356
15153
5154
3846
1389
8333
13
3235
185
24
3193
246
1427
908
47
122
1389
28640
6660
76
8009
11133
3212
2
3484
5210
246
999
3817
28840
1389
4569
34
9175
185
327
9831
6785
8404


