144
7531
8641
1304
18
28371
1725
30
1459
0
64
1747
8161
38
1519
0
2808
403
6
13251
4
734
0
1348
6
64
1969
14373
2
15
9593
6
5
1001
652
4
13252
971
7
13251
7
632
405
1
50
285
2125
75
4
6089
169
67
1
10024
606
1993
90
0
5363
2401
7
6669
1
50
454
208
149
2
15
1969
8161
1
28372
28373
4
17554
28374
1
43
464
6
5
2630
304
428
7
14374
1
0
577
6709
9
23253
3260
22
2
1304
18
28371
1725
1459
0
64
1747
8161
38
1519
0
2808
403
6
13251
4
734
0
1348
6
64
1969
14373
563
2683
1881
0
569
6
37
2506
39
5
2498
4052
7532
162
5
37565
7
405
924
2570
1
28375
4
28376
28377
1
43
4747
23
1969
14373
506
7
14374
1
5
10099
1229
19509
14
30
383
0
2292
6
37
1419
23254
2
15
2570
43
521
3
29
840
0
1747
8161
1024
3
13251
1
63
23255
19910
53
2226
724
51
3
0
1171
1
0
1725
22
7
5
565
2
5482
43
170
450
3
2805
38
34
8642
0
343
1
0
565
22
2
4218
6
1304
18
721
1244
938
2369
120
37
1012
12
1969
3133
7
37566
1
0
1496
6
1304
18
820
23256
3652
6
14374
563
1419
10756
304
7
14374
633
5
167
48
215
23257
3
163
0
64
1747
8161
1535
3
0
710
90
0
13251
1150
4
2048
3
1872
6669
1
113
0
5363
2060
46
32
477
15470
691
9
928
2
15
266
43
1459
118
23
17554
4
28378
2
563
1419
10756
304
7
14374
633
5
167
23257
3
163
0
1747
8161
90
0
13251
1150
2
15
266
43
1459
118
23
17554
4
28378
221
30
40
100
8914
14
0
17554
7
0
167
13
0
130
909
31
0
3178
9
3272
1725
62
14
1346
6
0
266
1091
55
0
1747
9593
2
15
167
10
443
31
0
37567
14374
1
54
6
0
4628
14
143
49
0
23256
37568
1
37
23258
304
11
3133
2215
3
4678
37
1805
1419
349
7
1304
18
820
23256
2
15
10757
1252
1
5
23259
6
5804
28379
1
13
2656
79
3
0
1653
6
6669
2
37569
37570
1
5
23260
17555
38
3300
0
19911
1
34
1122
5
6176
3
1150
12
14257
3811
7
190
2
89
21
28380
14
554
7
600
1
6083
19
3362
3
1872
0
6669
2401
1
50
21
15546
23
8
28381
19912
12
0
3611
6
136
15826
2
8
65
28382
1444
37
1542
22578
7
0
37571
2043
403
6
13251
1
63
3984
2288
53
2034
724
51
884
6
3549
26
8643
652
4
13252
971
7
13251
43
17556
7
632
405
26
135
285
2125
75
4
6089
169
67
1
28383
606
1993
26
19913
8161
909
23
28372
28373
4
17554
28374
26
924
2570
1
28375
4
28376
28377
43
4747
26
15
5363
2401
7
6669
2150
208
149


