6738
6744
21127
24
3804
9711
57
1271
9
3219
568
902
61
586
218
14
325
926
5224
183
2831
107
14
331
6441
700
27
331
119
791
6216
8736
2805
41058
7099
568
23
1268
58
926
174
24
4809
3789
61
586
926
331
149
5896
23
2002
57
7099
568
5
515
183
87
1094
1875
13
26087
1779
9
91
9
1779
27
331
143
23
14
43784
4860
76
18292
35
506
23
502
926
2937
13
738
89
8041
449
525
7095
185
24
12093
61
926
14072
515
134
27
1585
14
4783
6718
61
6744
902
65
1271
9
3219
568
525
1306
9823
206
57
24
33468
147
237
751
57
7192
15994
23
1793
597
484
24
7357
943
185
24
710
27
6228
6229
6230
2994
1585
14
4783
6718
61
6744
902
65
1271
9
3219
568
525
1306
9823
27
1042
3289
23
134
726
144
484
24
33468
147
237
751
57
7192
15994
23
1793
597
484
24
7357
943
185
24
710
6744
105
3793
311
13
24
1190
76
525
531
4204
522
185
2414
515
1039
331
4270
331
6795
2522
34
1465
124
9
349
14
7099
540
2235
122
526
331
6738
6744
1436
568
7098
5
4227
24
7357
943
825
799
159
185
24
83
57
1271
9
3219
10754
361
16561
515
6441
700
61
331
6744
8567
32660
43785
750
14
1330
7099
2108
885
61
119
4772
43786
27
119
3289
16025
6744
37
7095
23
1804
76
24
6216
8736
37
3850
3789
61
502
23
5657
331
2101
13
13142
515
24
9818
57
568
369
787
64
6483
64
1243
27
331
10824
4053
6
19813
104
515
227
330
54
4813
516
394
549
57
24
2959
43787
515
331
22864
24
7357
943
13
221
568
7098
14
9427
34
704
6795
27
331
331
187
87
227
34
612
5580
13
1550
2276
1147
1431
2237
13
5448
24
9699
7098
57
704
6795
3401
709
710
129
358
369
61
575
358
799
2
61
1185
6505
358
603
61
331
19813
330
27
34086
1840
505
237
632
1341
515
24
681
4934
6718
37
531
105
45
1718
13
1579
11407
34
2951
185
24
9754
57
525
7095
185
568
27
6744
105
3793
311
13
24
1190
76
525
531
4204
522
185
2414
515
1039
331
4270
331
6795
2522
34
1465
124
9
349
14
7099
540
2235
122
526
27
119
522
663
3866
334
395
14
1271
9
3219
5784
540
43788
185
24
26627
64
6744
3978
775
23
14
10489
18
27
842
183
149
503
58
1382
4783
28173
11751
23401
1770
3477
17940
34
2496
3972
185
207
515
215
5224
515
3752
2831
1359
13
278
24
230
377
185
43789
57
7099
568
515
14
7191
34
24
6344
918
9
18683
4864
4934
6744
709
849
1436
3752
331
3079
1348
183
726
13
1271
9
3219
568
27
331
28731
4773
278
600
100
26100
91
24
3752
61
331
23401
105
750
3972
4093
33478
43790
27
2036
6628
57
4809
6738
6744
9198
123
14
43791
21263
76
273
57
24
1478
3104
356
104
4444
932
36304
902
23
43792
61
24822
27
6744
87
7025
23
24
43793
4809
237
632
64
926
4063
525
169
4233
34
3989
57
24
2426
4715
187
149
503
58
1382
4783
28173
11751
23401
61
324
109
104
54
531
4204
185
3354
61
1770
3477
17940
34
2496
3972
515
215
5224
515
3752
2831
1359
13
278
24
230
377
185
43789
57
7099
568
515
14
7191
34
24
6344
918
9
18683
4864
4934
515
6744
709
849
1436
3752
331
3079
1348
183
726
13
1271
9
3219
568
396
359
61
331
628
1019
646
37
373
14
835
346
57
6795
515
1014
515
24
12372
57
568
2831
107
515
57
32
111
5
32
893
61
64
183
99
100
34
4606
57
494
27
331
43790
9991
515
331
358
369
14
5845
61
331
1330
24
6320
21230
13
20775
515
331
358
728
14
1581
5845
27
331
331
162
43794
61
646
369
373
3465
57
237
1566
515
1014
515
880
61
331
215
330
27
119
2647
105
2859
76
43790
10937
57
23401
57
43795
6744
76
54
1400
515
926
37
14
3965
57
331
1671
331
1348
215
37
24
32
129
1308
244
2002
1271
9
3219
568
27
331
727
369
6224
8681
64
14
6718
57
14
582
5409
27
842
646
87
334
1190
575
723
369
821
133
57
1431
76
443
6673
61
1347
443
6320
6673
61
331
215
330
27
331
618
515
1190
61
1271
9
3219
568
61
21230
61
723
728
24
6718
57
1671
27
331
23401
147
330
123
24
4860
515
24
2426
4715
87
14
6293
5
2938
129
1028
13
850
568
4773
43164
2831
15495
122
1779
40192
61
45
24
3804
4929
27
331
628
1018
1013
1014
24
2959
1156
87
24
6350
880
13
1018
183
61
5
628
1018
1013
1014
4772
5
24
7357
943
87
24
6350
880
13
1018
183
61
331
215
330
27
119
5580
37
498
2959
825
4192
15994
185
3192
265
23
7099
568
597
25205
133
57
7913
61
6387
61
6319
5
2888
27
251
1060
57
5785
273
57
6207
505
237
751
7593
14
549
57
24
2959
8829
574
24
175
2959
45
13
83
76
7099
568
33675
61
586
61
331
119
4635
40903
57
1271
9
3219
568
13400
75
24
6175
43796
57
568
27
331
23401
149
45
94
24
36476
40
6446
4783
6718
5
11247
7561
6395
21225
149
27
6320
7561
43797
2465
61
24
503
622
4396
3829
13
12957
6246
24
4474
61
663
638
45
1862
24
1392
27
246
6744
41058
7099
568
23
1268
806
330
926
331
149
5896
23
2002
57
7099
568
5
515
183
87
1094
1875
13
26087
1779
9
91
9
1779
331
246
162
14
43784
4860
76
18292
35
506
23
502
926
2937
13
738
89
8041
449
525
7095
185
24
12093
61
926
14072
515
134
246
36458
902
330
926
331
4227
24
7357
943
825
799
159
185
24
83
57
1271
9
3219
10754
361
16561
515
6441
700
331
246
6633
2959
825
4192
15994
185
3192
265
23
597
185
24
710
246
6744
3793
311
13
24
1190
76
525
531
4204
522
185
2414
515
1039
14
7099
540
2235
122
526
246
579
2325
133
58
6446
6718
11751
23401
510
17940
34
586
207
515
3752
61
45
24
3804
4929
61
2831
5558
24
1190


