251
316
506
2033
627
87
539
13
107
2257
61
8815
13
24
1165
2372
57
57
316
4341
61
58
54
31813
12483
159
14
676
14350
5
2334
24
4179
27
21167
2055
9291
99
1094
100
407
57
24
7456
987
104
7023
37
33508
676
924
104
1145
166
7799
185
1750
61
515
1850
24
31813
19867
2334
24
676
4179
27
119
2255
61
129
130
1465
61
285
13
2854
183
47
5
157
738
34
144
14
169
61
1348
24
31813
149
719
2912
1795
24
4179
27
6228
6229
6230
2994
14250
8035
262
251
2255
3890
58
525
31813
58
183
12483
5
939
2334
24
4179
104
7023
37
33508
676
924
27
364
4341
285
13
24
318
37
11281
251
31813
76
14
316
506
2033
627
23
183
5629
445
24
14350
5
2334
24
4179
69
1750
39929
71
54
2255
5
316
4341
7934
1714
24
318
119
1767
1046
24
31813
1293
18
2612
2334
24
4179
484
61
1165
13
2175
61
316
4341
2
2276
14350
39930
13
24
634
1714
27
119
2255
663
25491
159
7934
2334
24
4179
5
13216
525
316
506
2033
688
5
19255
158
27
1447
288
709
4011
15907
104
24
227
5
183
149
383
24
627
638
45
1470
1193
947
27
1307
332
5192
2084
358
330
24
318
149
33
185
24
14350
5
54
448
510
158
13
13578
6241
320
34
8857
27
396
149
23
14
2317
4382
27
251
642
833
1609
330
355
2325
13
24
2255
449
24
315
58
341
926
149
4710
310
322
34
24
627
5
149
331
10884
331
40
358
369
45
3477
24
710
1193
321
27
364
4341
117
13
24
11281
57
24
16246
655
54
2255
182
25491
159
61
14678
158
47
5
19255
109
2323
646
288
709
15907
4011
104
24
227
64
24
316
4341
623
1714
24
16246
61
552
31813
105
12483
2334
24
4179
569
24
2255
19255
525
316
506
2033
688
58
24
7456
315
61
4341
442
1399
24
31813
33
47
2334
24
14350
246
13292
39931
16246
58
54
31813
5629
2334
24
4179
104
33508
676
924
246
21167
2055
9291
1046
24
31813
1699
2334
24
4179
246
17243
24
2255
1099
278
100
10884
104
24
227
246
1447
288
709
4011
15907
2329
246
119
16246
105
709
947
40
149
319
13
320
34
20137


