144
2258
9570
13860
6090
1667
2541
4609
81
166
1
406
230
39
36
10
2853
6
80
635
7
0
391
7829
3606
2
15
491
12
302
30
1974
6
37
932
1101
3
52285
7
0
5020
6
299
18
235
7701
133
38
10
192
680
3
7968
77
19
4119
3
0
179
689
6
0
353
4
15
3728
3033
2
741
636
10396
2027
94
23
3994
203
3886
7
600
411
1
269
39
271
6090
18
1348
12
391
7829
635
2
3994
203
3886
741
636
10396
14723
741
1756
3453
52
490
14
21
34
4692
179
689
6
0
353
1074
3126
10406
23
37
9082
4
34
1824
5
456
72
7730
764
20
5
433
2441
50
4692
68
10406
23
5
270
5184
4507
2
563
493
31
48
1387
30
2550
14
56
741
636
10
4334
31
123
681
751
564
3987
1109
1
5
1113
689
1147
1313
133
41
271
6090
62
68
10406
133
5846
78
580
259
14
271
6090
107
41
188
741
636
18
1248
2268
1
741
4617
16978
1
3
124
0
431
2
741
4617
18
1388
6
497
0
754
34
40
312
56
0
689
6
0
353
310
21
34
37
18967
284
28
37
2356
17
37
4155
27380
2
13860
6090
10
8666
6
80
635
20
0
1355
3318
135
33
0
776
8616
7
5
189
9
831
4609
77
271
6090
18
573
17
0
106
1
173
0
1331
3
27
6
5
3994
203
3862
1
52286
1
50
10
61
11701
31
27
427
4
8259
2512
1
751
564
292
524
2
271
6090
4
27
315
1
0
19083
3607
2730
6090
1
43
2853
6
80
635
7
0
391
7829
644
1
50
1182
743
64
347
320
2
580
635
43
388
2823
127
68
10406
2
15
111
26259
1277
99
3
0
1111
3
7386
741
1756
3453
23
251
6
160
18
106
7
746
1
50
224
94
3
5
5460
197
741
4617
4
741
636
2
52287
3607
2730
6090
10
2853
6
80
635
7
0
391
7829
644
1
50
1182
743
64
347
320
15
491
12
302
30
40
78
14
1780
90
741
636
10
4334
1
5
689
1147
6217
2249
580
259
4
22
271
6090
10
4723
3
741
4617
497
0
737
2
8
15
827
10
128
536
2
96
107
41
188
4617
16978
3
32
0
3224
3886
1
4
36
404
14
827
19580
3
0
3802
1
8
22
5
168
9
1284
1416
2
741
636
213
0
431
39
21
10
2655
31
123
681
1206
1027
26438
475
1
160
2245
3880
779
1
4
68
1109
2
221
13
100
6629
14
19
5020
10
10581
31
0
689
1147
2156
2
160
2245
3880
779
53
93
51
2050
17
741
636
10396
1
0
3994
203
3886
1
4
1206
1027
26438
475
363
155
654
4403
39
741
1756
3453
3534
94
23
3886
7
436
954
324
14
21
107
41
29
0
337
6
2245
779
741
1756
3453
4
3880
779
2
741
1756
4248
39
21
22
14
2245
779
107
41
29
1697
7
59
741
4617
34
189
40
3294
23
5
594
3886
39
901
4830
11
19
754
7
0
3029
69
0
466
6
1774
3068
1
4194
106
5184
17
5804
21590
4
19
585
23
251
6
0
2386
1488
106
794
2
89
19
1388
556
5
753
10964
7
1098
56
0
689
6
0
353
310
14
21
34
37
18967
284
2
15
804
532
64
347
39
1429
52288
1
856
81
149
11
391
7829
1
3534
94
23
3033
262
5
1033
391
7829
3606
2
271
6090
10
689
6
0
353
3033
268
1838
56
36
492
3033
6
15
3728
2
96
10
782
1074
6
689
1147
1
50
2251
234
2829
1
28
534
746
3
411
2
68
10406
10
689
6
0
353
2496
3033
28
1838
3
1098
4
1074
3033
28
1098
3
746
2
101
19
7566
565
1
741
636
22
14
21
34
330
68
10406
150
1570
4
14
0
3994
203
3015
59
23
37
4507
28
746
3
468
2
15
689
6
0
353
804
7
1098
50
310
0
1176
7146
2356
2289
741
4617
1
123
251
6
14885
18
106
794
1
22
16
8
52289
235
9910
4617
16978
81
166
1184
578
3
558
18836
2
318
105
9
70
2356
17
5
1399
4481
7442
531
3
0
878
6
5
1493
198
2
8
57
22
5
8
14152
8
6
0
4611
34
310
985
6
0
2356
4
176
16
8
939
0
546
6
19
5379
46
84
11
741
4617
18
673
13
767
18
4276
2
741
4617
16978
16
689
6
0
353
1130
5
804
63
19
18967
284
8
15
725
21
18
213
5
1493
198
11767
184
7
0
1206
52290
254
41
233
205
12
0
19024
2
8
101
460
1098
1
0
689
6
0
353
10
61
87
3
365
0
2356
34
531
3
0
267
6
19
984
2
57
22
16
8
741
4617
1
3294
3
32
0
208
3224
203
814
1
1047
49
17
227
9166
187
39
36
115
55
63
19
2356
2
8
65
1416
373
3
741
4617
22
16
8
57
13
4120
14
767
28
689
1147
445
1101
3
2603
0
5020
6
0
264
18
148
1113
7701
2
741
4617
13
14063
1805
4
58
29
389
0
3224
7
14
4416
2
8
68
1109
76
41
32
2249
2
741
636
4
271
6090
2479
3
1183
2
65
1416
373
3
27
1243
14
36
2033
68
1109
3
1948
741
4617
2
26
741
636
10396
2027
94
23
3224
3886
7
600
411
1
269
39
271
6090
18
1348
12
391
7829
635
26
65
1113
689
1147
1313
133
41
271
6090
62
3126
10406
133
5846
78
580
259
14
271
6090
107
41
188
741
636
18
1248
2268
1
741
4617
16978
1
3
124
0
431
26
689
6
0
353
3254
741
4617
16978
18
361
284


