251
10652
276
34
18893
2282
99
4032
47
9
9558
8905
17255
23
834
13
1454
61
670
5
1347
4081
1030
14
17058
27
9612
24342
61
23
1605
6414
61
2971
1986
13
372
278
2982
9
1185
369
3981
9
3219
1292
5909
1185
3302
9
24343
13
442
542
221
24
4070
2
4263
13
4299
27
119
276
149
5347
91
14519
24344
61
129
24345
525
562
13
759
331
18918
331
2282
2245
2246
5
16057
23
122
2664
27
521
159
34
522
14519
24344
69
116
71
5347
331
9612
24342
331
10652
276
575
926
2531
18893
24346
1510
1533
4299
27
2136
262
69
12893
9
8670
71
24347
24348
61
16014
10263
61
14519
61
24349
5287
5
656
9361
119
10652
276
5407
13
442
365
3302
9
24343
5
372
18915
13
9701
24
24350
5
24351
57
14
893
61
109
14519
1213
5542
185
14418
24352
119
24353
61
11
91
331
14439
14519
331
3492
14416
185
834
13
584
10505
23
21247
61
834
13
4081
1030
14
17058
61
834
13
670
1489
13
1816
9400
5
834
13
5408
14
15382
24354
27
5298
412
2581
14
1306
5786
9
13
9
5784
21885
9
5
24
9143
1502
738
133
5
449
64
14
1060
13
1399
122
582
2391
5
9788
13
24
4090
27
2286
9
57
9
166
14519
61
129
1517
2
2947
5667
69
1389
1114
71
13
2947
7366
69
1389
18642
71
1299
4111
61
99
100
759
24
18893
356
34
4757
27
579
623
525
55
18893
893
23
175
276
58
14
5786
549
24355
515
215
149
722
16028
5744
452
27
119
10652
276
87
184
23
14519
37
82
502
698
14
5510
5470
57
4269
61
221
9
47
5
2220
502
525
10719
278
1167
13
27
2136
262
24349
61
129
20865
64
1879
16028
61
484
5
58
2200
24347
24348
69
324
71
99
14
715
129
87
997
4069
57
525
5
99
100
140
14519
34
14
506
14519
55
1770
759
18893
2282
23
175
276
1348
14
549
24355
23
525
76
16028
5744
452
27
10140
926
2531
24349
13
9375
4707
14519
285
185
13
444
477
5
278
166
272
61
935
23
7066
926
309
2276
20571
34
442
2
14
18893
485
549
27
14519
1520
515
926
510
183
3858
2151
13
442
18915
24346
1510
1533
4299
58
24356
515
821
2347
819
288
2969
13
27
331
628
389
646
149
821
853
442
787
34
18893
2282
129
1545
13
107
1533
4299
27
331
628
105
14
692
7334
57
18893
452
5
1999
1030
628
44
221
14
2187
27
331
14519
1520
515
183
87
334
514
13
278
623
818
3096
218
1155
14
9781
398
57
122
763
27
331
3116
442
2282
129
278
4508
23
5235
34
818
402
2256
2219
5
628
629
12832
13
107
398
57
122
8999
27
14519
445
1410
525
10719
185
4704
23
3023
34
542
13
4972
122
582
9
1142
9788
14519
37
5470
57
21247
1652
47
13
14
2146
2431
23
3023
13
10642
525
1236
14319
6567
331
628
696
4013
707
562
13
759
18893
308
5
628
847
244
3429
1407
2471
64
24357
27
331
119
276
9
502
87
1876
2
14519
37
82
9
698
14
80
4271
53
47
57
14
1265
57
4264
27
3116
10642
405
57
525
1236
10719
61
24
662
738
47
13
14
2146
265
5
14
20590
57
21247
4623
23
7408
363
13
2431
27
162
24
221
9
47
12779
61
9143
9
23
9
1986
369
3759
834
13
9375
61
349
5533
185
834
13
11892
12385
27
14519
1520
515
183
87
334
514
13
107
14
398
57
1155
14
9781
17348
57
1463
37
562
10140
24347
15757
525
584
502
14519
1520
87
24
594
1098
398
57
525
7994
251
11193
12779
2531
16126
24
838
57
24
24358
5
1213
10719
14
24359
57
122
8999
27
14519
1520
515
34
24
3308
57
525
10719
1867
23
21247
10503
24
594
11629
398
57
122
14416
27
331
999
57
24
2511
2524
34
18893
5
3302
9
4256
2282
87
4033
13
584
23
14
4299
880
9
818
3096
8214
6858
185
24360
24361
27
331
187
37
1098
652
358
1451
13
584
14
9550
880
34
24
1016
57
122
763
5
3195
358
728
3108
13
1292
183
9
1579
1410
14
1842
57
4972
5
16275
27
331
999
17058
129
99
5026
2
14519
37
24362
87
11052
9
2033
24347
24348
61
129
99
100
140
24
10652
276
34
18
14
506
27
119
5267
3359
87
330
13
107
32
57
24
1533
11629
2788
34
24
2282
13
24363
119
8564
6567
763
525
257
9
13
9
257
562
64
14
111
76
14
715
5
316
272
9
40
6252
13
14519
64
24347
13
1451
10830
34
933
185
4707
5
3031
1030
14
893
27
24347
1520
515
140
14519
99
2236
623
525
13
2829
525
4299
24364
1155
64
11987
4707
27
331
628
278
100
477
34
6324
494
5
278
100
76
707
715
34
666
27
579
99
1969
449
24347
1541
647
610
288
4533
5
926
87
821
4069
27
579
87
1690
13
846
61
818
369
707
272
27
331
119
6553
57
6426
14439
14519
37
24365
276
149
821
5052
13
846
27
579
99
456
14
1842
13
442
846
2533
18
24
506
628
278
100
1277
76
525
27
331
628
629
722
24
5267
221
47
3359
14416
5
24
5784
4299
4709
14416
61
502
369
2508
652
5267
4707
87
24
594
1098
351
34
846
13
24363
9
628
1019
183
87
34
594
7079
27
331
628
1835
14
1537
8274
61
1581
1066
818
24
4299
14857
516
107
821
5595
34
846
13
1812
13
2829
707
2391
27
331
1843
57
14519
37
1551
1864
34
24
10652
9
276
21885
87
3302
9
24366
24349
5287
129
99
100
140
14519
34
1413
9
5
9
14
9
170
494
27
14519
37
5021
4271
57
2220
1652
47
13
14
2146
265
13
24367
34
704
16602
5
7408
14519
2531
24349
4330
525
2220
61
5408
16131
6542
14907
2590
331
3121
13534
331
5
1399
185
4299
4707
27
24349
61
129
20865
2151
64
1879
16028
61
1520
515
4256
64
14
893
1213
158
14
1440
57
3487
27
331
119
55
227
628
960
23
2282
37
7479
628
1019
149
880
33
1348
628
149
14
2889
628
144
1689
24
6553
57
24368
185
2282
5
628
648
13
2208
577
11559
496
516
628
2391
1030
23
515
577
778
331
999
257
628
330
628
144
1028
13
444
14
5896
24369
21885
5
850
496
628
2391
1030
64
14
893
5
515
37
14070
834
183
640
27
331
1307
628
1835
23
2282
37
2220
183
2256
2508
61
1579
144
1155
14
5361
27
187
37
1030
628
629
8424
9427
5
144
1030
723
718
1456
89
14
1016
1245
1066
331
628
516
2382
2208
64
1879
16028
27
628
1835
108
361
365
627
5
14
730
64
9813
13
1245
5967
1030
18893
27
331
1307
183
726
13
707
486
5
485
628
1835
496
723
1724
24370
818
6088
2236
5120
13835
34
846
5
24
7079
515
628
13094
76
27
331
246
14519
24344
4032
525
2572
276
58
5204
759
14
549
246
9612
24342
1094
2531
365
18893
5
3302
9
24343
5631
246
871
369
3759
24350
5
24351
4700
13
107
1533
5784
246
2742
3759
834
13
2244
47
12385
5
5408
14
15382
24354


