258
463
464
3968
261
262
47668
264
61
1371
534
1268
268
269
262
53628
264
61
1371
534
1268
11676
262
3510
53629
2876
525
1509
688
2707
1011
494
58
926
2876
982
525
6989
9
583
251
2255
129
149
15379
58
2882
525
6989
9
583
982
1011
494
495
87
1094
5860
1517
34
2882
525
1509
688
5
53630
158
9
76
24
1271
2895
27
3510
53629
61
2591
61
149
8315
23
24
897
57
972
53629
185
266
741
61
4596
4741
14
19
10073
2051
58
926
3138
926
105
2876
158
23
5244
6263
1348
215
650
104
525
76
14
6514
27
1331
23
3094
555
61
926
2876
525
688
177
61
70
61
23
24
6512
23
11860
11861
76
24
1271
53631
53632
58
334
10020
449
54
695
61
6505
3510
53629
105
100
6903
57
29808
27
21347
61
53629
61
14
791
1106
6209
61
3138
926
2876
133
57
5244
6263
58
525
608
896
2779
8284
688
61
14
27720
104
14
125
2439
61
105
7487
525
123
24
10020
27
52603
369
1094
6485
1720
1185
45
14
8672
23
24
18902
501
75
3510
53633
2831
639
449
525
15404
806
525
6263
77
9619
183
87
45
9683
64
926
149
1142
45
3253
27
251
956
825
107
184
185
4386
13
9055
24
829
27
8349
61
177
53629
37
4954
1348
215
149
144
2978
494
2033
105
100
3604
13
54
2255
37
15404
61
24
10668
23
24
501
61
804
53634
61
750
24
7244
24621
27
396
105
3249
750
642
515
54
571
37
680
288
6208
1348
215
1850
158
1745
185
24
674
61
40
23
24
15307
801
23
20260
11950
61
1561
215
330
515
54
571
1099
278
100
1083
1465
27
22982
262
579
3138
525
688
177
61
324
61
105
978
13
239
525
818
926
2876
158
23
5244
6263
27
396
99
1510
1511
8238
76
6467
647
4485
76
54
2255
61
358
330
20891
262
3510
53629
61
2940
76
596
23
525
6989
9
583
37
897
61
87
319
89
2959
207
27
1307
24
956
5923
3354
61
53629
37
5700
61
1075
53635
61
825
1095
16603
3255
53636
53637
13092
13
5361
53629
2241
2949
331
5349
61
24
272
288
104
1155
14
635
636
5
105
100
818
47982
61
183
8739
24
11376
76
14
2536
23
5967
57
24
53638
57
122
7186
61
331
53634
330
27
11860
11861
6467
369
5794
24
688
44
156
13598
21330
34
54
2255
61
129
99
100
4485
13
158
4205
54
469
37
10190
2956
2
320
61
4948
377
27
119
10020
515
11
13
24
2882
650
58
494
57
12059
18
177
53629
37
695
61
53245
3605
61
6505
215
2011
23
427
40
638
45
3204
54
2255
27
3605
750
4948
54
486
105
330
926
2831
1790
4463
3510
53629
652
926
149
331
4529
5
183
516
384
455
40
3071
331
27
143
1348
53629
638
2113
2597
3605
61
926
149
75
24
7316
9
5
7983
1391
525
14
3232
57
5433
2394
525
14
331
42793
61
331
331
37804
3685
3685
3685
3685
61
331
331
15363
331
5
331
53639
331
27
579
663
2950
750
14
2639
9
16301
3976
11010
575
3605
12566
5
330
515
926
149
33192
3225
5
1834
7156
61
6467
330
27
6688
262
691
9991
18
177
37
695
61
6505
3510
105
7983
289
14
331
53639
331
5
331
37804
3685
3685
3685
3685
331
9618
359
515
3605
149
15518
21174
57
53629
61
5
237
11
13
24
10020
185
3094
265
61
555
27
1707
309
316
2403
42510
542
13
24
348
9
32
2
53629
5
32
2
177
37
443
469
61
1172
61
14
11860
11861
642
798
27
842
24
2403
650
58
14
19015
1724
1411
53629
5
1172
27
258
237
222
61
177
105
100
2876
5
6934
750
54
469
215
44
45
2245
54
9378
27
1307
1172
289
642
61
215
330
515
54
469
105
7487
54
2255
5
515
926
105
2876
158
61
5
3510
53629
289
642
13
377
525
688
105
100
2876
23
24
6512
27
53629
747
13
7940
449
129
149
4723
34
2882
525
688
61
637
104
32
222
330
262
331
119
2895
61
183
37
707
9992
61
183
37
707
9992
27
331
1307
642
2084
61
177
149
7419
159
76
14
12745
20128
13
24
700
83
57
54
6512
5
1348
358
1414
158
129
105
2876
158
61
215
747
13
377
9
5
2072
2394
183
334
1757
27
162
4824
555
61
1172
4828
54
469
104
24
320
5
3748
54
2255
13
4174
13
54
469
185
54
10190
2956
9
5
177
99
647
100
1511
8238
76
6467
27
3510
53629
149
2940
76
53640
1185
7018
14
1844
13
7852
4954
40
1172
53629
149
45
2940
27
1172
12586
35
506
515
54
469
105
14
2079
57
361
8364
11282
27
246
3510
53629
149
15379
58
3091
926
2876
525
6989
9
583
61
972
53629
61
23
4596
23
5244
6263
64
215
650
104
525
76
14
6514
246
162
555
61
926
2876
525
688
177
23
24
6512
76
24
1271
2895
61
663
3091
515
215
149
6882
525
64
358
9991
449
54
695
246
177
61
129
87
17773
52614
91
24
60
61
99
100
1511
8238
76
6467
1541
647
4485
76
54
2255
246
251
956
825
107
184
237
4386
13
9055
1222
952
449
24
4596
3319
718
107
3793
47
23
237
801


