23888
3646
20
17756
0
160
10662
2204
853
3128
33
3
32
477
90
5
2541
726
6
4296
13
434
3
32
881
2
15
29276
451
29277
22
80
1995
553
7
0
1263
46
1118
12
437
2
15
546
10
734
23
464
6
0
12484
1
23889
4
6038
53
6310
51
2809
921
5
13183
1872
50
30
531
3
1024
5437
357
0
1496
11
5
200
132
2
15
13461
46
267
20
870
826
2997
4
13
434
3
32
1180
31
5
105
9
132
1872
28
870
826
208
446
2962
92
13
5
6826
3
0
29278
1263
77
0
7428
6
4981
2204
6244
2
29279
2217
162
5
200
132
6
5437
7
160
209
23
5
1263
77
129
2560
0
1872
34
40
20404
197
6310
4
160
10662
53
14670
51
2
12485
20
20405
18
372
2830
162
216
132
6
3079
7257
1763
3
0
6310
13461
11317
12
5
4981
1001
34
3
23354
49
48
415
23
5
2588
451
1413
9560
3405
861
3070
3405
2765
1
92
10
5
879
1604
11
5
4981
1001
9
4
5
13159
56
54
107
1070
49
12485
20
1432
4952
0
1004
31
0
971
4493
23
44
2217
3
124
3
147
48
415
1315
5437
16
15
6310
18
4981
1872
2794
97
200
132
209
9
45
80
4981
1718
43
831
39323
16
12485
1667
5
189
1604
11
5
971
20
160
2158
652
48
415
12
132
64
6
0
1872
160
10662
22
148
4981
3656
43
661
4
272
0
3405
831
9
45
0
6310
9129
14670
22
25
10
831
3281
134
153
6
4981
825
209
480
0
8
16168
8
1872
1
4
1091
3511
134
153
6
97
3685
1856
1758
48
415
1
50
25
22
10
5
585
11
5
1872
132
2
3563
1711
134
153
6
3656
43
661
4
825
1130
12
259
6
0
485
1718
1
22
0
298
2
5523
1579
134
153
6
0
3685
245
6
20406
2046
43
157
12
6038
11
160
18
1500
397
1
301
3
0
298
2
89
0
12484
1
23889
4
6038
2809
1
50
3593
0
13183
13461
1
603
14670
6
8
9722
8
0
270
77
0
755
6
825
1
4
6
687
7271
4
3656
8
12486
23386
2
8
15
6310
1
50
46
267
0
2626
77
1502
2204
853
17982
20
870
826
2997
1
17
5
557
105
9
132
10699
1502
11
208
149
1
1155
0
1872
2238
8
2261
4826
8
2
139
415
8982
1115
49
363
4981
3656
1
169
6
50
1151
20
691
322
1
17
557
8982
20
971
4493
4
4014
5631
357
0
403
2
1643
605
175
3
64
6889
3
124
3
147
1
687
3880
3867
2050
3207
2
89
8089
397
1
41
54
4981
621
10
1274
1619
390
48
415
1
4
169
115
25
2514
3
124
69
147
85
539
2
17983
16
9168
43
831
12
80
1718
209
45
7336
1667
5
29280
3
124
12
23
825
43
5439
12485
48
415
1346
1667
5
189
1604
11
5
971
1
93
1
62
497
12
5
3880
3867
558
112
44
76
325
54
580
165
16
1398
4981
3656
2238
1619
390
48
415
90
1489
4
831
5
2588
451
17984
16
9668
6545
29
40
696
99
69
451
3
185
3079
6397
2419
1109
1
4527
771
6
160
10662
1
22
9163
825
43
831
12
0
3079
1500
1
113
80
485
1718
43
661
1
4
22
414
134
153
67
481
614
397
85
120
0
1033
1872
2
52
61
4044
14
209
18
451
58
32
37
6862
12
397
18
2
52
22
16
8
24
351
2426
14
6397
33
8592
67
5437
209
23
5
768
6
0
6310
18
16168
1872
684
2
8
15
118
11640
733
13
11
0
6310
3021
3
448
103
0
4296
4
124
99
3
346
17
282
3
1705
0
594
6
0
4981
1
23
0
108
105
6186
33
500
2
8
57
10
1905
11
136
801
397
1
45
17
67
481
2673
11
147
85
120
0
81
1872
7
488
1
60
43
344
3
389
713
134
153
6
0
1001
451
4
402
64
9
5073
6
3656
661
2
8
5523
1579
134
153
6
0
1260
245
6
20406
2046
43
157
397
241
60
46
32
346
228
504
311
3
557
1665
48
755
6
451
2
8
52
5472
11
2541
2243
17
0
6310
1
1453
16
8
1553
136
678
3
29281
0
4981
1
60
33
1654
3
5
1161
7923
17
4165
481
4312
1990
136
1445
2
8
68
1109
22
92
58
32
100
16169
23890
1
4
22
14670
34
12342
9169
42
1504
4622
8
39
5624
3
136
75
4
0
6186
7
77
775
4684
8
2
52
176
16
8
15
6310
3021
183
0
541
39324
374
42
684
1
45
25
13
20261
14
160
18
7336
4
3315
33
0
1935
38
33
91
680
3
503
0
968
17
48
5818
5437
2
8
23891
9097
20
12261
652
43
39325
17
7336
209
23
0
200
132
6
0
1872
467
12485
157
3537
8
3880
8
8667
3
124
3
147
209
9
5631
357
160
43
14671
390
39326
16
9168
197
927
18
727
4
16170
1288
7241
118
2782
16
9168
197
16171
4
39327
1
39328
3
29282
1
29282
3
17946
14221
1
4
857
283
3
20407
8046
1
4
336
39329
3
820
16172
39330
16
9168
197
15690
4
29283
118
2077
16
9168
197
39331
4
2250
1
20407
8046
4
899
822
4982
1
4
29284
2057
4
2250
118
15690
1288
283
16
9168
197
29284
2057
4
39332
828
0
4981
1718
43
831
1
17
125
2370
5
1260
451
4
605
5
2515
451
209
7575
16
9168
831
12
0
1030
621
45
17
2515
10248
3994
16
9168
197
29285
4
5645
824
1
39333
4
12060
9
12
9
0
9
2222
1
4
12060
9
12
9
0
9
2222
4
29283
118
12207
16
9168
197
15690
4
4532
39334
1
4
39335
9468
4
39336
118
12261
1288
283
16
9168
831
421
45
98
1619
39337
16
2670
451
160
39338
16
580
451
197
14672
4
39339
23892
119
5
6014
2002
13
39340
20
407
16172
2386
16
2670
451
1432
16
9168
197
23527
2782
4
4580
17126
4
197
4580
17126
4
20408
15
6310
18
2901
1454
2491
1
6102
9482
1
22
16
8
57
2134
100
9
54
11
14670
3
4086
17985
0
270
23
3
110
825
33
720
23
25
1107
16173
1116
1080
6
906
1095
0
7351
3405
4
10025
2101
1
687
1445
4
481
20
759
2
8
308
73
41
1070
0
3616
1092
6
4981
715
69
5
232
9
759
10692
3894
1093
3
84
739
67
85
10923
49
0
1323
1056
4
1874
8529
6
48
956
4
160
18
1427
3162
2
8
2242
6
5780
9421
39341
1
4981
5699
171
32
140
0
1639
4760
16174
3
6310
18
4622
11
17756
5
3128
50
13
63
739
67
85
1357
9
531
1874
3
1396
1
825
4
715
2
8
16175
16
12485
319
29286
1001
825
1604
3
1812
162
0
9097
20
12261
652
1315
4300
20
12261
1604
39
497
103
37
29286
1001
9
0
1872
13
434
3
267
20
870
826
2997
65
200
132
6
4981
4296
1413
67
8544
11
7336
9
4300
2725
20
160
2158
652
139
4402
39342
19697
5828
20166
971
10
543
418
83
6545
696
69
256
3
185
120
0
1872
15
12261
1288
283
621
10
661
11
4319
9
889
45
123
1619
1
119
80
108
1718
43
831
2
1643
1
5
479
11
4532
10825
22
25
10
10593
97
3685
1899
8654
6
17986
75
197
0
1731
4
160
9024
1
480
37
6310
1872
7
5
1443
3128
50
10
7151
97
720
14673
31
64
9
5073
2
2245
3880
779
22
16
8
15
961
14
48
13
5
39343
2745
1872
13
39344
2
139
684
13
0
768
6
5
5205
6
79
54
2809
1
0
6310
1
38
33
3636
3
177
0
14370
6
110
60
33
450
3
3822
2
8
2241
3161
3253
9
423
1468
3151
39345
22
16
8
15
6310
1
38
29
40
157
3
450
3
1126
160
3
8499
11
5
189
71
1
84
141
29
0
17987
44
157
3
181
44
29
2
35
6397
29
2943
17
42
948
4
42
29287
2046
4
14
47
5
425
2115
9
49
448
11
0
6310
2
8
1643
1
5
4124
30
40
2460
39
1547
5
9078
1103
363
7816
464
6
0
6310
2
23893
5913
1
7
39346
1
1171
160
1
224
182
514
56
5
604
6
0
1103
1
50
61
734
5
7586
11
3665
41
12
1872
1
10
633
12
560
2
15
911
1039
16
8
580
6310
4218
2
259
980
103
2321
11
815
1162
2
8
65
911
363
0
23893
5913
4124
7
1171
160
324
8
580
6310
464
8
50
30
40
2460
31
125
6397
39347
13462
1806
5
604
6
0
1103
17
0
6885
16
8
23894
48
12
0
152
3
147
218
205
3
183
160
170
30
5
1378
6
6920
2
8
89
169
2365
6397
732
3
177
0
3676
243
2
657
0
449
6
0
15385
10
2319
3
3148
11
0
911
4
1684
25
1
169
2365
6397
16143
42
6107
20
88
478
2
15
449
1806
16
8
12487
1
943
2786
3
767
8431
31
0
1103
48
415
2
4460
118
2528
3
32
5
3129
1
1474
24
213
25
39348
821
2
8
997
0
2786
1
2957
6
75
5949
0
3129
2
39349
1806
16
8
1978
63
37
2786
3
217
38
18
6754
66
39350
699
85
37
2786
3
80
0
75
212
814
408
66
2088
218
8
560
2130
39351
176
16
8
24
84
74
2005
212
2786
2
17988
5
7586
3
0
39352
2
8
39353
176
16
8
1978
76
25
32
5
3129
7
156
152
1
1705
62
745
218
2161
66
183
129
5187
147
218
8
26
6397
225
200
132
6
4981
13461
23
6310
2809
464
1872
26
828
1718
43
661
17
2515
451
241
189
8982
11
6545
4
14427
26
11438
197
160
10662
4
6310
77
1872
18
12355
26
14670
131
148
4981
3656
661
9
67
85
1033
1872
7
488
26
6310
2094
1872
13
8
2261
4826
8
4
13095
14670
6
8
9722
8
5835
26
3454
161
0
6310
2809
8
254
74
29
0
17987
25
157
3
29
8
26
15
13183
1872
3899
20
870
826
2997
17
105
9
132
13461
1502
11
208
149
26
89
29276
451
29277
161
80
1995
553
46
1126
2541
2243


