144
2529
10311
104
473
181
6
17001
2673
17
0
14787
6
1656
1450
9
56
75
87
309
3
1386
1515
319
1132
2270
4
7
2421
2
89
0
87
11858
133
6011
0
13738
225
133
76
29
40
157
194
421
2
34920
9960
7193
22303
224
357
5
8019
1458
7
27022
50
1358
110
76
32
0
87
686
256
6
0
13738
225
11858
1
62
8
34921
8
2
53507
62
18113
218
34920
9960
7193
22303
224
357
5
8019
1458
31
944
2100
33917
16808
1375
15331
7
27022
50
1358
110
76
32
0
87
686
256
6
8
34921
8
2
15
686
11858
1088
7
0
200
621
6
19
8019
1
8
930
11524
8
53
137
51
15
15843
11858
1088
7
0
200
621
6
944
2100
868
16808
1375
15331
18
16767
1
3359
35
930
53508
2
15
87
295
6
1718
1039
16
35
53509
121
94
1
4
24
46
53510
95
10857
1
53
3647
53511
52
404
3
183
458
0
2074
10
5
18113
7
19
14819
672
8
53512
8
86
21
3713
25
127
5
64
9
8654
1373
6
15331
47
14819
933
31
2597
422
1583
81
70
2
52
115
14
0
35
27023
13
1041
2
15
15435
9960
1159
15331
18
14819
13
2411
7
13116
1
86
25
18
686
14
0
13738
225
10
157
4086
2
563
8096
6
0
16808
18
4773
13
137
68
22303
395
12
19
2559
16
35
15331
18
14819
13
2411
7
13116
1
86
25
18
41
3971
55
6
0
26065
6
3791
14
48
13
385
67
85
5
53513
53514
281
0
2074
13
4086
116
3
163
5
2545
1
25
58
34922
216
35
27023
31
125
64
5206
82
2
387
1966
1442
6
15212
10
115
7
5
155
331
1143
14189
6
54
6
7838
3544
47
12103
7
746
1
301
3
0
1387
47
283
5492
2559
2
57
3346
16
53515
53516
16
24
354
92
13
100
16469
11
95
3620
90
66
12
48
3020
1
885
9958
886
45
25
13
61
1470
14
92
13
100
16469
11
212
91
323
19831
1
53
9958
4
6218
53517
4
24
1005
1
7
11742
6
1308
4
6
66
1
14
1
2234
4036
1
24
29
115
739
7
0
9956
127
2
885
53518
9958
2
886
360
1
1975
7
0
155
53519
1
50
3775
1403
23
5
8
4299
6
1128
4
2124
8
1
2165
11116
131
16
8
24
2708
3
32
5
423
53520
453
100
1
228
16
24
2708
25
453
45
24
79
84
74
181
7193
22303
30
115
37
11858
7
5
53521
9
1669
8019
453
3708
1
11
14
978
1
14
3680
802
2
1194
115
54
28
53522
281
0
2074
7
0
8019
10
4086
116
3
163
5
2545
53
137
51
1
25
58
34922
216
8
11858
8
31
125
64
5206
82
1
50
10
115
7
5
155
331
1143
14189
6
54
6
7838
3544
18
12103
7
746
34923
199
23
13738
4
2598
902
33
1972
0
152
136
843
926
1
962
1471
29
366
2
135
161
0
256
6
0
15212
902
4389
1345
6
0
843
1614
7208
11
350
20
541
902
2
135
354
48
206
32
0
1185
3
42
3973
9
23
60
1087
88
23
5
541
225
2
8
34923
33
5
111
745
6
2145
14
60
352
5780
1
8
570
3464
24753
6
0
164
6
20710
20
28534
422
7
7947
78
2861
689
2
8
191
3
53523
14
2145
60
382
2543
5
111
7426
6
843
2409
2
8
15
1471
161
14
60
503
67
1120
3
902
85
148
108
457
60
177
23
60
688
3
8
1039
8
88
11
7385
2
15
174
404
3
177
112
48
10
0
276
17
17001
2
135
738
316
4344
628
6
541
902
1
13738
225
17001
4
5
53524
2216
6
2702
2
135
157
53525
3
2805
0
7426
6
5871
2409
7
0
843
56
0
4344
3745
0
410
628
1
4
115
60
5622
3
17001
12437
0
222
152
2
8
221
13
100
53526
26153
1295
3
17001
14
2785
33
529
17
2
2266
9052
92
58
32
100
1164
14
8
34924
8
58
14404
225
3891
1061
6
0
22304
45
98
25
254
114
60
382
8646
14
48
4896
5
225
1
240
22
570
24753
2
8
139
13
37
3971
53527
9
803
26153
1295
2
57
18
228
810
2090
2
8
52
22
16
35
281
60
43
228
645
63
1820
55
458
1375
15331
34
157
37
11858
1
60
1494
233
11
19
26408
9
150
60
76
202
32
662
14
19
15684
34
1091
55
19
3914
11691
1
1225
7
217
230
6
1505
19495
13160
53528
52
592
49
5
8571
1669
1373
6
0
147
4
115
14
92
10
100
35
27023
2
89
23
0
1504
26408
33
41
720
1
0
2074
206
1065
5
5487
2
360
1
480
15435
4633
1
1483
34925
1
6
53529
19082
422
1
9286
1
395
7
5
2559
737
16
8
3240
1
24
322
0
17342
6
0
17501
8
13738
225
8
53
1704
180
37
11858
51
14
13
5296
157
7
6087
9
7135
1
5268
1
4
53530
2495
2
6147
20
568
24
659
54
6
0
20983
2
8
852
3
0
3634
1
44
224
3
32
157
7
0
390
4917
543
0
1140
2644
1917
18
478
12538
8154
113
5
7384
6
645
4
24787
1515
43
633
2
8
101
20
568
54
276
1
5
15038
12367
10
14594
31
552
23
5
645
715
1869
1
8
21
4026
2
8
871
75
1273
7791
2495
3
163
14
44
43
41
645
2
53531
8
3129
14884
8
43
1273
4
7
0
13149
6
14
6119
25
2314
3
121
14
0
1452
9345
34924
58
32
37
5409
3966
1
8
21
22
2
8
101
0
222
737
1
24
61
1273
0
256
6
53532
3
6435
14
5
827
10
1413
3
32
204
1753
1
609
14
7518
923
11429
69
5
16436
11
53533
1
6107
1
62
2802
2
8
1953
34925
22
14
0
15740
780
12
923
140
0
1596
4
760
1956
3
108
6098
4
774
15283
2218
15960
1140
3732
2
26
16985
225
10
658
7
5
8019
1458
31
1375
15331
7
27022
26
89
125
75
181
25
206
32
5
18113
26
15
87
11858
521
3
32
7
5
1703
31
7838
3544
7
33002
26
89
112
48
2074
13
6695
1
25
1531
9
3957
25
31
64
5206
82
26
7903
17001
43
803
7
0
390
4917
23
5
152
3
163
4647
7
827
1103
2495
26
2403
3
491
3958
102
26
2403
3
0
946
66
224
28


