3779
3371
3224
57
3440
37
38928
10496
61
14544
3371
42131
61
2239
36631
5
55135
26016
61
278
100
16450
34
14
44379
345
858
2482
27
119
520
61
502
3193
24
2508
19909
104
1579
512
61
288
1975
2
1533
1284
3838
38916
34
24
10062
2482
27
251
21445
395
57
14
36244
18
55136
5200
61
438
41253
61
527
5713
61
319
91
55137
55138
61
2
11896
61
21169
24
7606
5
149
8903
64
24
5760
3444
27
119
2508
19909
262
1134
1225
395
57
14
36244
18
55136
5200
61
319
91
55137
55138
61
2048
24
44379
345
37
11193
2482
3520
25069
5
43
262
3779
45332
25069
61
43469
185
55139
5
334
10428
57
49619
61
288
16450
34
24
10062
2482
17065
262
259
55140
37
544
57
14
45503
36232
23
24
22571
57
55141
61
6785
61
1577
1533
1030
14
13649
9398
1284
14
1189
9
562
395
55142
9
14
9
29171
262
15274
6090
37
8678
149
14
1015
9
47
544
57
14
55143
1681
41956
18
14
31318
119
2548
395
1046
166
308
1867
47
24
7634
18452
57
24
5978
64
24
22662
15338
18
14
2727
502
12548
23
24
9171
27
119
2482
149
17269
9869
61
76
3224
57
3440
37
10496
5
12469
2540
24
7606
331
829
1088
1098
27
5298
3371
1280
2581
14
45332
27561
19163
185
14
6402
57
55139
61
319
91
3726
1369
61
5
14
45503
36232
91
259
55140
27
28598
171
14
55143
1681
41956
18
24
1029
57
14
31318
61
44854
10600
23
14
20155
61
14
669
9
28924
25215
5
14
19721
2408
14
55144
4952
321
40957
2482
27
119
3631
57
24
5136
61
8050
91
24
44379
345
5
8671
37
57
7874
61
149
13
8065
32
57
562
37
3334
25152
9
3632
24
1611
10496
27
55145
15065
61
8789
7164
57
24
44379
345
61
330
262
331
3116
1522
818
3096
38916
144
1652
13
3193
834
19929
24
2508
19909
718
107
5
55137
37
395
87
14
29518
3444
27
27432
262
251
19721
87
719
76
14
55144
1411
1579
45870
23
3282
61
2974
61
23
1543
24765
37
21445
544
24733
9
22169
4114
481
2968
1062
24
987
14
669
9
28924
25215
35153
23
918
57
14
1751
5375
185
55146
61
6785
55147
10496
262
119
2482
149
17269
9869
61
76
3224
57
3440
37
10496
5
12469
2540
24
7606
331
829
1088
1098
251
471
7400
1082
23
918
57
9115
12220
61
129
149
644
13
1550
14
544
144
23
227
64
183
34425
139
331
187
37
18401
752
13
1812
5
5408
14
5474
7717
1411
308
5
24
2685
14644
358
3613
61
10813
1330
542
13
442
703
11171
1533
7473
61
17649
5424
8968
5
2648
183
2
4751
5
5342
27
331
9432
808
55138
61
129
12931
34
24
55148
345
61
359
262
331
5045
24
44379
345
858
2482
87
14
2508
514
27
331
187
37
1347
1533
796
34
846
64
24
1980
726
2
14
12425
1435
515
628
24741
76
27
4347
707
11193
6016
99
53
846
1028
13
3531
1347
1533
227
19909
27
331
808
55138
2048
14
1413
9
2356
217
104
14
11642
23
7874
61
64
758
64
3600
34
1413
104
34855
900
61
119
2007
8785
27
3440
104
1579
512
262
55149
1327
218
24
16226
57
3629
5
3719
159
185
14
1496
23
55150
15946
61
22783
24008
2775
23
55151
61
55152
61
7328
9
528
5713
61
369
29894
23
3189
64
24
22662
6672
18
24
24085
53656
15830
262
251
7125
3890
218
24
6666
57
14
55135
33536
23
24
4669
7681
23
237
8678
91
3955
2563
251
38554
10250
361
12932
13
91
1579
2255
23
55153
3274
23
2461
149
14
1015
18683
9
47
23
24
2482
7432
23
24
25633
262
251
471
7400
4123
13
418
1579
7763
23
14
20155
23
55154
61
5748
5749
61
64
183
5564
2
24
1229
251
1015
9
47
12853
57
55155
15319
6256
104
55156
55157
61
326
6194
61
4063
24
11171
3235
64
1222
183
99
100
35457
76
27302
246
55158
3224
57
3440
37
12469
104
1579
16569
288
16450
34
14
44379
345
11193
2482
246
251
3371
395
57
14
36244
18
55136
5200
61
438
41253
61
527
5713
61
2048
24
10062
5136
246
19833
30273
3838
38916
13
144
14
2347
55159
61
2075
12923
55137
55138
37
5978
467
246
5298
3224
57
7421
61
45332
25069
61
45503
55160
5
33157
32104
288
1015
38
9
47


