2426
18723
1864
288
174
6384
185
202
4896
58
24
1565
4934
515
183
516
107
25199
704
21104
502
288
6586
104
18401
2415
5803
652
57
334
4166
25200
27
119
17159
61
502
149
55
1324
91
1864
185
202
296
61
1850
55
415
61
2535
9
2158
61
25201
15843
185
5605
34
64
853
64
2947
8370
61
4952
13394
4639
2786
64
361
3875
23
2814
27
842
61
533
4615
58
24
17159
149
55
4598
61
24
1922
25202
24
4227
57
4606
57
23844
58
4710
13
17383
1193
23370
53
64
14
3340
57
24
4166
25200
61
22246
14
331
188
9
2222
17159
331
34
24
3873
5
10937
1864
57
3108
13
331
1550
3275
331
57
24
4918
27
1312
14
954
1272
57
227
185
266
2978
61
2535
9
2158
61
55
415
22314
2
941
13
13370
288
787
185
25203
34
144
2947
8370
25204
5
22629
262
2426
1725
14
376
185
202
4896
502
330
515
24
1922
516
6737
13
17383
23370
53
123
24
1490
25200
331
2426
87
25199
24
23370
57
1793
7819
11354
129
288
4389
13
1550
3275
57
334
17159
14
188
9
2222
1154
21455
53
1348
183
9719
334
21716
13720
2647
5830
61
167
2426
722
8023
7593
1579
22314
61
331
14
376
1725
91
24
1922
330
27
331
1486
57
1508
23370
288
34
198
25205
23
24
2426
5788
61
5
24
1191
57
23370
53
76
12539
23982
64
24
125
13720
149
14825
5138
1284
2360
123
24
3373
1272
515
1864
53
1508
23370
27
331
119
1922
37
5182
61
502
149
407
4205
1579
2805
1002
3229
104
1871
25206
264
61
7199
14
23756
57
25207
249
2
919
57
3316
1864
27
251
346
57
23844
6903
24
1565
57
8538
24
3789
57
15455
37
69
25208
71
16704
18609
1922
198
61
655
819
3203
13
10964
1106
2175
75
2426
61
3924
372
129
105
309
5494
10734
2
24
1565
4615
505
27
331
3710
2472
34
14
540
57
7819
25208
375
61
331
32
12804
598
61
655
2276
359
262
331
419
723
25209
47
5
369
13712
1106
6115
778
3555
6982
723
23
2959
3555
331
25210
262
1791
288
1165
13
16537
122
17481
185
1002
76
3096
2965
13
10964
1106
2175
75
24
1922
25211
7120
262
1427
4863
1607
24
1922
516
4031
9879
1579
10783
34
24
6178
57
7138
3225
4716
622
1864
11487
3504
122
17481
5
7747
104
24
4918
61
76
3096
10937
2426
57
25212
122
10116
9
12907
15558
27
331
18342
27
842
723
278
13
3204
707
2907
610
728
45
2050
13
25213
237
2157
61
331
14
3316
426
4151
61
655
14
169
1066
6470
13
6408
24
1922
23
24
712
61
586
262
331
628
278
100
14
25214
3042
34
18
14
754
27
1031
2290
799
13
334
1029
1094
27
331
119
17159
185
24
1490
149
55
4598
237
296
104
1145
890
1835
264
61
76
14
346
57
25215
9
22169
13394
3477
13
1002
13
4722
24
4006
449
24
25200
502
1850
13394
2977
4699
61
55
415
15843
2
941
13
1605
1606
34
144
2947
8370
27
119
2535
9
2158
55
415
21104
2
13708
13
13370
61
144
922
57
1605
1606
932
61
288
8384
47
91
539
23844
34
144
25216
12539
25217
343
13
334
8812
17159
185
24
1783
27
258
19536
64
14
3042
23
2814
61
23844
44
12853
47
24
2528
61
502
516
6068
1481
542
33
1411
2947
25218
5
2947
25219
27
25220
3555
119
5966
3543
8633
25216
12539
25217
61
502
726
13
2947
8370
187
87
7724
834
24
2528
640
5
183
4123
2426
182
53
3787
13
2297
2938
2359
2
25221
24
9740
21104
27
999
3042
129
4113
47
24
21906
3543
330
926
4140
19322
185
13
25203
5
4073
525
1566
9754
13
2814
27
579
935
7458
525
4692
5
53
4149
13
5330
3104
415
1185
55
415
2
24
5189
159
11865
27
1331
61
2590
14
8840
714
2241
14
2734
23637
11133
61
24
10741
149
1841
5
14
5494
8814
1391
61
637
24
3042
638
377
926
174
525
1566
64
331
2814
331
1348
14333
133
525
11532
5800
27
4360
24
2330
3862
61
316
1864
1341
768
331
25222
331
1517
2
24
1922
185
122
21679
1185
8840
714
7186
9
502
358
391
13
107
334
5185
9007
11133
57
2947
2424
1299
21099
9
1302
24
2488
1623
57
122
21104
149
3867
13
2947
1469
621
27
251
169
3042
13682
55
415
25201
15843
34
14
2488
57
25223
9
1145
2947
25224
1185
1389
25225
2281
1864
330
515
358
288
108
13
3896
24
5185
1479
1204
61
64
24
1623
373
3366
133
822
22264
1284
14
1751
1623
55
415
21099
27
463
464
4698
2285
13
2827
24
1271
2528
104
1871
25226
2254
61
40
1142
515
25227
2814
2
24
1566
5189
159
11865
149
709
849
334
3092
27
119
1566
3092
149
935
1802
33
13
24
1617
1566
57
4819
61
502
149
23
237
501
24
2426
5788
27
162
334
505
376
4952
13
2952
20912
61
14
325
34
24
1565
330
262
331
2426
99
12185
1085
3197
2
1579
2814
1490
652
14
188
9
2222
1154
21455
9719
334
21716
2647
5830
5
149
25228
24
1922
912
8023
7593
22314
27
331
1134
17159
23
24
3359
57
24
2647
5830
12445
1855
11354
129
761
922
57
2814
5
129
288
45
5194
13
1185
2
2814
40
288
4389
13
767
21104
2590
2426
912
2814
1783
27
331
246
119
1922
1725
14
376
185
202
4896
22246
24
1190
185
14
331
188
9
2222
17159
331
246
869
237
1680
61
25203
25200
2977
18401
2415
22314
246
9149
415
61
2535
2158
15843
2
941
13
13370
6586
34
64
853
64
2947
8370


