258
1523
8175
1605
1606
932
642
1014
24
1271
111
87
4723
34
10409
9
13
9
897
14
38346
9
2033
627
23
14
6933
23
7716
2414
5
334
17388
9
2033
893
1317
185
4386
2356
9
5
358
278
807
14
2529
17959
13
532
158
27
331
408
2168
13
532
237
111
27
408
704
278
13
532
237
111
27
1003
3059
87
423
61
331
853
178
4378
331
38347
331
38348
37
2255
22117
21126
27
119
627
37
1588
61
38349
38350
61
741
61
149
663
6699
5
87
373
361
279
23
320
27
331
1003
9058
87
1147
27
408
696
2168
13
532
237
111
61
331
926
359
27
2939
278
407
334
4226
37
9745
57
24
37558
3476
129
663
7983
7513
489
38351
2225
9
38352
61
2195
61
64
926
2287
82
2
22430
4211
4972
27
38353
262
1605
1606
642
369
537
34
14
884
129
6699
14
38346
9
2033
627
13
897
5
663
1745
334
17388
9
2033
730
27
691
278
407
237
16170
57
24
3476
7619
262
12308
2225
9
38352
61
324
61
149
489
4386
2356
655
178
4378
38348
61
700
61
149
1745
2414
119
2878
149
743
14903
6329
484
23801
8592
4386
185
14
8308
438
14
26407
2898
104
25666
1604
5
38354
6423
23
7716
27
579
105
100
6699
946
607
23
24
6512
61
33
5
19240
5
1077
104
38355
7628
27
251
16702
2421
1142
525
61
1489
13
14
5361
2
485
1609
6607
38356
27
1042
5957
2255
61
38357
38352
61
750
10842
1605
1606
262
331
579
38358
61
5
14070
515
37
525
1016
562
27
331
38359
926
359
262
331
628
638
244
444
13
377
3586
27
331
251
7931
34
2225
9
38352
149
184
104
24
1783
57
24
3319
1750
4896
27
5898
61
642
407
334
395
57
24
6514
1142
438
24
38360
575
24
316
272
288
35560
27
187
87
14
38361
38362
6514
91
15676
21510
61
5
24
7705
330
183
99
244
100
7694
647
4399
27
691
663
958
24
3476
64
14
111
1145
666
9
4983
494
2033
61
449
608
331
76
14
7402
1199
27
396
149
35
719
536
14
8609
654
27
2300
262
5898
61
642
407
237
395
57
24
6514
1142
438
24
38360
575
24
316
272
288
35560
27
187
87
14
38361
38362
6514
91
15676
21510
61
5
24
7705
330
183
99
244
100
7694
647
4399
8193
348
262
2281
18590
510
513
23
1185
438
237
5665
1071
61
23
24
7716
11202
57
326
1605
1606
251
5663
750
119
1605
1606
3801
926
4598
24
3476
5
215
149
4529
27
331
628
1850
158
4386
5
156
185
2414
61
6266
646
17913
33
5
11182
27
396
149
536
14
25949
38363
820
251
2060
111
23
54
1920
15961
61
38317
61
5293
38364
27
396
132
14
853
4529
27
331
119
8632
33
9
13
9
33
30567
278
7199
622
8895
13
21023
24
19881
38365
3909
58
183
4942
13
23107
7706
5690
27802
215
351
167
24
932
5717
38366
3225
1795
183
494
33
27
38347
37
5913
571
10009
38348
517
54
688
37
8307
13
24
627
37
276
1671
27
331
628
144
2287
13
24
276
27
628
7856
13
158
27
628
795
1030
215
149
646
61
331
215
330
27
331
8259
65
846
14
8142
27
628
105
158
104
1851
27
396
149
3132
185
5250
912
7314
27
628
825
2422
54
1994
61
54
26861
61
54
38367
853
1246
27
331
119
571
935
5145
159
262
331
628
629
144
818
10493
27
691
510
707
853
627
868
2
846
61
37056
61
707
8259
27
331
38368
61
129
4508
14
4527
11989
23
24
10409
61
149
8052
3354
2356
13
1605
1606
9
22462
7628
17784
61
575
525
2255
330
926
87
23
2317
4382
27
331
628
2245
12832
515
926
37
422
61
331
38369
38350
750
24
1605
1606
463
1840
27
4404
262
20970
9
17012
178
4378
38348
69
174
71
5
38368
38350
69
700
71
288
6699
2414
91
334
4821
34182
27
38348
1077
2
54
947
27
38350
87
23
1147
4382
4404
262
12308
2225
9
38352
61
324
61
149
1867
82
2
22430
4211
4972
1348
926
149
6699
13
897
119
272
288
23
334
38360
104
334
5665
1337
23
7716
37
326
1605
1606
11202
5
2267
133
34
1234
6199
1348
358
288
7487
104
38370
8592
185
2414
61
642
330
27
119
38371
6699
24
635
1630
23
122
38372
58
2496
542
13
331
5696
47
331
61
14
642
4855
750
24
1605
1606
463
1840
27
119
1816
57
24
853
627
149
1142
23
24
38360
23
24
31045
13171
5342
185
38373
1604
438
25666
1604
27
38368
149
1142
23
918
57
14
14714
1071
58
926
301
5980
2
24
38360
27
119
3476
87
958
64
334
2787
9
3607
111
129
1663
445
58
24
239
61
642
4190
750
24
463
1840
27
251
2967
129
1850
24
272
58
24
239
330
38368
149
10690
61
40
515
926
149
23
20674
9400
27
331
119
730
149
47
5
11248
61
40
926
638
244
2391
401
692
61
331
2967
177
38374
61
6784
61
750
24
1605
1606
3801
27
331
1134
87
15391
27
119
642
2296
13
5607
237
2655
27
628
1850
24
332
1061
11240
133
830
24
627
831
27
396
149
4552
61
144
4552
27
628
847
244
444
24
395
133
57
707
219
27
331
119
272
37
2670
369
4000
13
18542
24
20799
2102
27
331
396
510
707
2863
5
118
868
61
331
10009
38348
505
750
24
463
1840
61
64
215
3283
54
12986
515
215
105
45
10165
54
688
515
257
27
2286
57
374
9
506
9
2033
593
38368
38350
331
628
629
5957
27
628
629
2217
36656
27
628
629
3108
13
2294
834
8259
1001
27
1003
688
87
423
27
1031
149
24
3189
57
707
562
27
331
742
2255
750
24
1605
1606
3801
515
525
688
149
144
2584
1267
868
2
5570
374
27
331
691
456
1745
707
3059
3555
331
926
330
922
38355
7628
27
38368
37
2255
61
38369
38350
61
6324
61
330
926
44
244
2294
834
1463
44
239
316
635
272
27
331
1134
1018
244
221
709
1440
61
331
926
330
27
331
691
285
13
738
444
334
26558
5
358
604
53
183
4551
27
331
251
111
129
1324
3383
64
38368
37
8852
750
24
2886
515
24
356
87
47
23
7935
18
24
38375
5
285
185
13
377
331
237
7464
99
13
1728
331
23
24
2102
9
24211
11202
27
331
628
629
6568
27
628
278
709
6553
129
44
278
100
133
646
2931
237
61
331
2032
9
2033
38376
8720
330
27
331
691
369
144
853
2907
27
691
604
638
1407
13
2295
27
331
1447
87
14
2947
4624
13566
34
1366
2674
13
24
13685
27
4938
76
1366
23
10661
13
237
315
87
1414
13
1724
24
7705
37
8193
15120
38377
104
8977
9
38378
27
246
119
7705
99
407
334
4226
37
9745
57
24
37558
3476
129
358
1014
1745
853
331
38347
331
38348
2414
5
2352
54
1588
246
1707
1094
1014
215
663
7513
489
38351
2225
9
38352
61
2195
61
64
926
2287
82
2
22430
4211
4972
23
7716
4386
2356
246
691
958
24
3476
64
14
111
1145
666
9
4983
494
2033
61
449
608
331
76
14
7402
1199
27
396
149
35
719
536
14
8609
654
246
1707
278
663
407
334
395
57
24
6514
1142
438
24
38360
575
24
316
272
288
35560


