144
1186
10512
293
16
26995
138
1
823
436
190
291
287
16
55829
138
1
575
436
190
249
1096
694
1588
1457
20
5
4477
1948
3
9629
88
63
5
55830
2800
1
92
10
118
54
152
3
84
25
2
5461
1
0
163
6
3335
31
0
231
14199
9
173
5
1326
211
9
20802
56
44
213
2619
5
295
6
5854
28
0
235
2
334
194
55831
35362
6
15318
1
37
1296
448
10
210
162
3
7634
3
226
3
42
1469
2
1541
9
1667
16
15
514
12289
34
3
32
180
56
1096
694
213
2619
7
5
2800
12
42
152
3
7799
1457
6
97
715
836
44
893
3297
16
6996
20
6251
2740
9
2628
6892
518
34
116
2701
2181
63
0
2800
15
514
1353
469
3
14940
0
2800
661
20
6892
518
7
16418
1
2312
1
4
4800
5463
3
217
549
2
1643
1
925
9
1667
1732
12
0
108
243
6
0
3494
116
8920
391
992
3
1781
217
11619
7
0
2800
43
80
122
2
89
0
20868
25964
56
25
2264
22059
99
69
142
1
1444
0
21319
94
3
0
640
898
4
123
99
49
3
0
7398
898
2
5166
66
14364
7
92
218
18639
116
8920
391
992
3
6950
17
0
2535
694
378
48
547
0
3494
1151
1
2354
0
178
1096
694
4
37
2312
2311
1395
715
544
3
15729
55
39
55832
6
2964
2
15
304
175
3
0
6900
3
1046
42
919
3
177
1457
23
196
6
5
643
715
770
2
15
18452
6
0
1081
10
41
342
217
576
7
0
6251
2740
9
2628
533
1
38
29
116
2701
2181
63
0
2800
1949
94
2
8286
2585
1
384
1
38
630
92
17
27
178
9
70
9
83
198
1
2942
1
22
16
35
104
29
210
49
17
48
80
0
71
86
25
47
205
11
0
1096
3
177
87
9
619
110
25
47
109
2
35
57
47
5
943
4104
2
581
1618
13
3706
1
86
36
5921
3
124
3
121
56
0
9031
33
141
28128
1094
3967
1
5
211
7
27
12556
1
176
16
35
308
29
3
3249
23
66
228
76
141
143
25
49
2
35
378
568
98
261
75
73
177
110
60
29
3
210
49
25162
15
7634
469
3
14940
0
3494
1
45
1117
0
2800
9905
4
44
1151
6
42
220
16625
16418
1153
34
3578
1457
6
0
4477
1948
9
50
30
591
21042
5854
3340
775
1057
69
0
663
12
1825
4116
55833
9
3
226
3
5
935
12
426
3
3065
744
1
173
1064
9
637
1138
4
0
20876
9031
2
249
100
54
738
49
9
1131
114
44
43
2999
44
58
141
143
25
9
0
694
756
3
2806
55
1457
784
2
15
1096
397
22
17910
147
34
98
3214
12
0
54
6
0
9031
2
15
108
54
13
434
3
32
3467
7
488
2
65
479
176
16
35
11232
1
110
1110
49
392
226
94
2
15
863
10
923
5940
4
107
41
13146
0
1248
770
2
35
360
1
25
107
355
1096
362
87
9
619
530
6
129
194
0
2800
7150
33
735
4
129
194
25
46
2776
487
1457
6
6892
2
26
6996
20
5519
2740
9
2628
6892
518
7
16418
1
2312
1
34
116
2181
63
2800
1949
94
26
1153
694
116
703
3
9629
88
14
0
2800
10
55834
26
22767
1047
94
4
694
34
3
32
2436
31
1732
4
7634


