258
1421
4495
261
262
25007
264
61
2584
1372
1268
268
269
262
33207
264
61
2584
1372
1268
7273
8261
99
10508
24
2244
57
10509
307
607
40
1094
926
37
2050
1778
24
6597
91
3360
14
28161
172
8937
34
24
4122
27
1611
10509
4934
902
515
24
20528
9
2033
5285
825
107
14
331
680
9
185
8937
331
61
2540
525
3649
23
24
511
23
14
5176
5924
1190
27
579
706
1415
525
4757
57
824
23
24
3855
13
172
17916
5
331
223
76
525
3532
57
12987
5
1540
331
27
1605
511
262
7273
8261
61
324
505
237
751
104
334
5223
2222
34
38107
61
87
1913
10509
37
4038
77
119
4122
37
8937
61
4841
38108
61
330
262
331
628
1835
3330
6602
515
7273
87
2050
13
223
76
703
23
237
582
511
27
331
1042
23580
3331
1440
57
4255
61
22528
57
172
7334
5
1343
57
496
4063
14
3541
395
825
107
5052
13
850
185
24
4142
57
1611
10509
27
628
1835
2236
537
2237
13
1950
76
525
185
14961
27
331
16178
730
262
119
5285
99
3469
185
24
918
57
10509
307
607
123
525
1915
31330
1915
5342
262
119
5285
825
1415
525
494
57
824
185
172
17916
13
525
511
8314
38109
61
2850
57
32861
23302
129
278
1168
8261
61
359
262
331
408
369
3330
8257
104
7273
37
16781
27
331
1134
87
14
2685
5342
23
525
11566
1915
27
17852
525
4293
1440
57
4255
5
16955
38110
13
10509
87
24
2829
2250
27
579
87
24
22186
10509
2244
730
27
331
119
4038
511
3545
2276
3760
13
8261
37
9777
58
183
149
663
4934
237
751
515
926
825
625
156
38111
76
28404
27
119
38112
9
3132
5285
35
3366
76
24
6633
6423
5577
1411
1073
9
1972
5
825
1094
9382
14
582
5470
13
107
6586
23
2424
2846
23
267
27
35340
506
206
262
7273
8261
61
324
76
909
8719
2007
61
99
663
4934
926
825
9382
14
582
5470
34
28404
579
750
33233
262
331
628
278
2236
1996
361
2933
23
24
9382
2532
61
5
1950
76
24
77
104
28404
27
1585
1533
1284
1541
61
76
941
361
104
24
30194
57
172
183
2256
1030
628
629
33
82
1950
76
28404
27
331
5298
185
9
2050
3625
34
24
2255
9
57
9
32
61
129
87
477
13
10591
38113
61
2581
361
14
331
4108
4910
331
34
11436
2804
38107
61
14
5600
57
2956
4296
34
38114
28473
5
24
855
57
16208
934
5577
38115
27
246
20528
9
2033
5285
99
100
185
24
2244
57
10509
307
607
246
1042
4038
223
825
107
719
23
5176
5924
1190
246
579
706
331
223
76
525
3532
57
12987
5
1540
331
246
10509
8937
4841
38108
330
926
37
6602
13
278
525
185
4767
246
579
706
1415
525
331
3331
1440
57
4255
5
22528
57
172
7334
331


