139
1036
106
1634
1
330
118
17606
4362
1
30
40
432
12
3135
6
4594
5
130
38
23331
63
91
4109
31
5
23332
65
1036
106
1634
30
40
572
17
4594
4
17607
49
5
130
21
649
12
5
23332
587
38
34
189
23331
63
91
285
4
4109
2
15
1400
1
330
118
23
17606
4362
1
13
22
3
29
40
8
5386
8
17
15863
4
649
0
15579
9
83
130
28
15864
12
0
37739
587
2
203
161
0
583
10
8556
1
285
4
11326
4
265
1345
43
115
3385
7
0
1255
6
17606
18
102
7
0
2434
7872
7873
1
339
11492
2
15
23333
4
3247
3425
2561
10
432
12
506
20
19
7102
1
0
6660
28476
3182
7
0
2434
403
6
11492
1
811
22
2
52
78
2244
14
21
8659
1898
0
583
7
0
2757
12
484
441
1
269
39
0
64
649
7
447
11
0
87
71
2
15
19967
9
83
22
21
123
12133
49
0
265
69
1640
2058
2
15
1400
3164
362
3
5
245
6
1877
140
19
690
1
884
6
11492
1
113
21
34
3385
0
1053
1
403
106
782
14411
14360
22
20
5
10779
546
1059
2
15
15579
9
83
583
1
761
540
10
41
443
1
6259
63
4516
724
31
971
28
15864
3
0
935
2
297
94
11
167
15
106
1634
719
3385
19
15579
9
83
583
7
0
1255
6
19
102
339
11492
53
137
51
203
818
140
0
690
7
2434
1089
4
33
1664
112
156
265
1345
43
4109
203
309
350
69
0
276
56
0
583
10
364
740
12
484
485
31
5
4180
2
924
230
192
1
3628
78
362
14
8
0
740
130
34
23331
150
19
2291
63
91
285
4
4109
31
216
447
1
8
14360
22
2
15
1003
510
63
5
215
39
0
584
87
649
7
37
2945
37740
1
106
22
2
8
15
583
34
40
37741
63
91
285
4
4109
31
552
1162
150
19
2291
1
8
11492
106
782
14411
14360
78
5
546
1059
2
2625
33
98
6158
458
156
265
1345
33
740
62
43
4109
45
0
1400
30
1243
500
86
2
15
587
44
157
131
25
3322
17
8
8453
2612
2
8
15
583
2977
4516
724
3
0
260
7
15864
11
0
935
4
10
285
647
269
203
519
14411
14360
53
93
51
4
270
4176
37742
37743
53
122
51
78
3258
209
44
33
3559
0
276
23
466
4
354
5
5543
6
0
583
10
4109
8
52
22
14
19
583
404
3
32
285
4
21
14412
48
2080
1
8
28477
22
7
5
4091
772
2
15
276
30
8508
3
14
6
28478
23334
1
38
10
856
7
1870
11
935
1
1003
4
2042
5
1140
17608
28
4226
761
142
18
5884
10
3
32
4109
2
28198
28479
37744
22
0
583
4
0
1969
1693
5241
8
128
3432
965
31
5268
1
31
7135
1
31
37745
45
61
31
4091
8
39
87
1621
28480
7
390
436
2
203
33
118
79
2230
42
493
1
21
22
2
8
24
516
74
355
156
19968
597
602
63
0
3482
11267
6
0
1400
11
1003
19
583
2
104
33
1664
7
80
10563
2
8
1036
559
364
14
17606
10
845
669
45
5481
4
123
309
5
573
17
5
130
2
10128
10129
14
6
28478
23334
53
93
51
38
10
856
11
1003
1
15583
4
2042
17334
28481
3386
22
0
1400
107
41
4318
458
21
4
0
583
34
156
707
5184
90
0
1003
2
15
11492
276
8
46
163
129
3146
75
73
226
386
17
0
148
7486
19969
12
0
2945
4
3701
42
37746
7
2497
28482
4416
1
8
106
782
14360
22
2
8
101
6193
134
153
6
1000
1
44
124
42
2061
55
6
0
3701
2
8
318
179
227
13
61
4692
31
0
349
1020
493
853
2
101
0
276
6
0
583
1
25
1527
19
19606
15865
217
6
17334
28481
1
0
1140
17608
38
10
11326
4
4109
31
23334
20
19
102
339
37747
7
2581
2
26
10508
330
23
17606
4362
22
3
32
8
5386
8
17
15863
26
15531
39
265
1345
115
20
5
690
7
11492
26
4305
450
3
2805
112
265
1345
33
740
62
43
4109
26
203
22
0
587
44
43
12
22
25
3322
17
8
8453
2612
8


