27280
1234
23
24
27281
27282
515
510
104
306
17861
494
13
163
99
27283
23
144
666
494
61
1232
278
743
27
8920
140
11028
37
27284
14580
19892
278
407
14
3371
1047
57
3224
13
3193
24
1760
1292
27
691
288
663
644
13
6971
1234
12729
13335
2
24
351
5
2073
11171
562
64
183
4534
89
1195
4646
2788
27
364
12436
15385
1234
27285
1872
2
24
2712
27281
27282
1367
2682
37
2712
7483
2079
23
9885
8041
3401
506
91
506
61
34
2707
12440
494
27
27286
27287
1256
87
24
2704
26075
1237
24785
445
24
27284
1234
5042
262
237
27288
1046
24
18860
57
24
27286
27287
69
13057
21691
2336
71
18
1114
494
8920
104
119
6319
4809
1956
23663
24
27285
2
14
27281
1234
5042
23
535
61
5
935
389
405
14817
9121
13
622
1234
27285
515
358
105
23663
2
27289
5
24
27290
27
331
3779
1234
27285
5736
24
6751
5
498
9
12632
2712
1234
12729
1264
13
1987
61
331
330
27291
15036
61
21203
3733
3770
57
7090
27292
104
6319
4809
5
68
8764
57
24
1344
27
331
162
1217
61
722
160
1234
27285
5911
24
27293
34
1533
1284
1114
494
61
610
1094
639
515
237
87
24
498
9
12632
2712
1234
12729
1264
515
87
5562
13
107
27294
27285
825
5736
14
5703
1264
34
712
1153
91
7483
1232
61
15036
330
27
1134
87
821
752
61
64
2625
1062
91
24
27295
1234
5042
3838
494
495
369
1094
4185
1817
1579
27296
14082
61
502
1046
515
27284
87
1094
14578
1284
183
99
100
23
190
7819
494
27
331
119
21108
2079
2
237
2712
1234
5042
3401
502
87
14406
868
64
2682
5923
13
13039
3401
87
27297
23
27298
104
27299
818
515
16955
308
825
278
1167
13
183
1011
494
2
1094
61
2590
24874
5
10830
515
1018
244
1347
6043
902
61
331
215
330
27
2186
14
2187
1134
10714
858
57
27284
14580
19892
6112
71
87
61
319
2
24
1271
2697
64
14
3240
858
23
13059
61
5
1610
1046
24
18860
57
24
1234
4515
37
8296
14082
27
119
77
663
8727
681
953
2625
5726
575
1195
646
149
14
1237
27300
23
24
280
26559
57
9550
14572
17948
47
61
1347
3400
24
27285
288
319
2
3000
3346
57
24
2790
27
119
27285
5736
14
582
5339
34
1141
13
1344
2682
37
139
7483
61
5
226
2294
24
7483
3787
515
369
2298
902
27
119
582
27285
61
160
2
11028
37
27284
14580
19892
61
369
796
652
594
57
122
27301
2079
22238
64
1610
26100
14572
57
3189
5
2350
262
3189
2
24
21769
27302
57
24
7634
36
61
5
2350
2
24
21769
11514
57
24
16732
36
27
27284
23
7066
171
10714
11171
27303
23
24
681
9
554
2788
691
369
663
796
652
57
575
358
21072
61
6303
24
175
27304
27305
23
11035
11028
27
1486
57
24
16852
23
24
351
726
2
24
528
61
23
27306
12087
91
27307
90
5721
2
24
8444
27308
27
842
24
1234
12729
9
27309
7483
2960
2
24
27282
369
663
1855
2
24
7784
3401
8495
91
4117
27310
61
14
10354
1292
23
7483
61
502
87
5008
91
1252
1301
13737
23
24
2712
11783
27
331
408
278
100
644
13
27311
14
25285
34
1252
1301
13737
515
18205
33
402
484
5472
288
644
13
221
1155
14178
61
5
402
484
5472
1770
13
1476
2682
37
7483
61
331
15036
330
27
119
77
278
160
1234
27285
2
1247
6303
24
594
2600
2788
57
24
2790
3401
24
1197
27290
61
24
27312
25401
61
27313
23
2604
61
5
7439
19146
94
819
3401
13
10462
2682
37
139
7483
27
5115
582
12729
99
4952
14
2418
57
24
16186
61
64
24
1141
19486
24
27314
57
3604
399
27126
23
4606
57
494
57
21769
1234
27
119
27315
57
24
1783
5
24
9677
787
104
24
227
3373
24
2820
57
13335
358
44
6971
61
1204
27
119
9227
437
149
14
316
9
257
584
2
24
1234
5042
61
818
358
288
441
13
1288
24
27285
23
24
1698
5
1645
13335
33
64
2844
57
1229
27
1134
53
405
280
14178
1138
61
5
20805
24
227
12632
787
2
24
27285
27
331
5745
13
24
27315
57
24
1234
5042
61
610
105
13
2533
582
11139
1155
64
14
3189
9
1290
7381
137
91
19926
27316
13
6546
24
13119
27285
27
331
1295
61
610
2193
646
149
822
1533
1366
24
27285
44
5736
577
27317
9
15036
330
27
331
1585
24
1234
5042
87
144
14
190
9
2277
584
2
14
582
1167
437
575
14
27318
9095
718
107
25692
13
5461
24
27285
27
331
419
610
718
1094
221
226
11514
14178
1817
76
14
16216
57
280
4170
515
610
44
244
221
484
27
331
246
7105
3193
24
10531
2668
9
76
24
27284
1237
174
104
1579
2605
34
3838
494
246
8920
663
3068
1234
27285
171
506
91
506
3787
18
15121
494


