144
1679
23676
293
16
29941
138
1
463
359
526
291
287
16
32644
138
1
463
359
526
65
244
10
93
17
5
105
9
4065
13396
3
19
251
39
91
1156
31
5
2512
47
1590
114
25
8598
19
11148
2
1756
15198
1
3113
1
38
926
23
5
32645
1
8271
12
0
5417
6304
18909
7753
6594
39
25
10
289
3
59
31
19
227
19383
1
775
1
23
5
634
1517
2
52
210
25
12
11
0
87
71
12
377
90
21
219
3
177
19
2355
1
975
4
8187
21744
2
1756
15198
1
3113
1
28
5138
1
3304
1
10
93
7612
286
520
39
19
2512
18
1590
1156
59
114
6
0
11148
21
10
816
15
14124
9
83
32645
10
93
17
5
105
4065
13396
3
19
251
39
0
2664
1590
25990
20
59
114
25
8598
19
5417
6304
11148
89
0
13408
244
9
6
9
64
34
100
961
14
42
2664
1590
4311
34
5
21639
6
989
21745
2
15
2845
9
22592
1590
9347
49
20
1756
4
467
25991
20
19
1897
4
5000
23
760
23
25
46593
19
46594
1363
46595
2
52
959
3
666
103
0
913
45
10
93
17
5
105
4065
13396
3
0
99
6
19
251
50
1894
286
520
4
5
27567
3286
2
68
15198
1
6
5138
1
3304
1
22
16
8
24
659
2845
5
4076
4
16637
1822
6
23138
86
97
1473
14
24
1994
32
816
5
8552
11148
45
48
10
5
634
1517
2
8
24
210
12
64
62
105
46596
90
159
55
45
25
10
141
23
609
25
10
46597
2
8
89
23
760
23
24
10
549
0
1590
9347
49
103
1639
4
2087
12
0
99
6
95
251
2
8
24
959
3
20806
25
103
45
25
3192
49
3
29
216
165
2
139
71
24
959
3
5962
25
184
17
95
3053
2
8
57
10
118
123
14
24
3834
0
99
6
95
251
4
408
95
619
10
1372
7
777
2
4311
0
1590
1
137
748
1
1156
68
15198
39
21450
19
5417
6304
18909
7753
11148
1756
15198
1
137
1
34
19
251
21746
99
386
7
286
39
0
358
12
377
8
57
10
86
849
95
227
180
5
10470
55
4
123
175
121
3
286
3
29
95
615
21746
386
2
8
24
84
141
29
156
25984
991
0
1590
24
79
181
25
34
5
228
849
2445
3
0
11148
2
24
273
25
10
5
2120
6148
9
45
2694
0
1590
107
141
2990
2
8
975
4
8187
21744
25992
105
9
70
9
83
588
4
599
1590
4311
31
619
39
21
10
3040
31
19
145
56
21
10
5
3750
12806
2
15
913
9
3424
295
1
38
29
146
4944
1
64
1532
4
418
46598
1
161
4311
30
202
1156
767
90
45
254
5622
19827
3
46599
2
68
21744
1
2537
1
38
13
5
14880
1
22
16
8
4311
10
141
867
3
226
69
965
17
767
11
0
87
231
187
6
19
142
114
19
8639
571
107
141
147
2
975
21744
1
4311
0
1590
18
1040
1
22
16
8
52
254
29
29
5
333
1157
4
54
6
88
13
14
21
18
128
3891
3
6148
8
8
788
21
254
29
29
5
333
1157
4
54
6
88
13
14
21
47
128
3891
3
6148
2
8
52
1110
46600
112
21
1512
5
46601
6
6334
11
1597
2
52
1994
46602
212
5960
4
4222
1095
19
99
23
112
25
47
46603
2
8
57
47
0
5087
2961
17
46604
1
21
1584
46605
25
4
46
389
103
2
8
8187
1
2537
1
176
16
8
104
2845
1821
75
110
32646
44
858
213
12
2
8
281
60
1160
156
111
32647
62
46606
24
2845
4192
88
12
5
1254
3
177
112
21
2211
88
2
3446
9
6
9
64
1756
1
6
5138
1
3304
1
22
16
8
24
84
74
29
156
25984
991
0
1590
24
79
181
25
34
5
228
849
2445
3
0
11148
2
24
273
25
10
5
2120
6148
9
45
2694
0
1590
107
74
2990
8
8
139
10
2790
55
6
1452
1
21
2845
1565
103
56
21
254
141
109
385
2
8
52
47
0
46607
1
148
4055
1590
60
29
4
21
47
202
1156
767
90
9
97
79
1756
4
19
1707
11148
2
8
17442
7
468
1
5417
6304
18909
7753
13
14131
23
37
21747
16824
50
8
46608
7
3432
4
15453
46609
32648
8
17
14081
6
32649
1
32650
1267
4
2117
46610
2
9402
913
10644
570
2978
46611
22
4311
206
29
10283
0
11148
23
5
1350
2
15
1590
1
50
30
5
21639
6
989
12290
1
1156
68
15198
6401
114
21
10
816
0
5417
6304
18909
7753
6594
1
137
748
52
22
16
8
57
47
686
0
1590
206
29
1156
23
5
768
6
0
15199
2
8
5477
2917
75
31
42
12290
4
21
206
29
214
0
6594
23
5
1350
2
8
139
30
510
7
0
424
17
234
1532
4
4944
609
1532
33
67
6732
85
4944
1
44
84
141
5952
12
42
1378
6
6148
23
194
2
8
24
58
181
14
11
48
305
1590
0
237
551
11
0
130
3
84
58
32
3
165
7
17
5
1860
23
5
3235
2370
2
8
5417
6304
2479
3
1183
2
26
46612
1756
15198
1
3113
1
34
19
251
1
1897
4
7808
25990
31
0
913
26
15
1590
1156
59
39
21748
19
5417
6304
18909
7753
11148
26
3479
10644
131
4311
0
1590
206
29
10283
6594
23
5
1350


