375
4382
668
1165
3
677
19
1240
7794
10156
4
2726
2346
3
37
184
313
127
5
32320
822
8882
243
2
15
12
9
1331
338
283
854
1151
19
32601
1063
7
0
2762
9
149
328
370
1023
77
5580
4
10
12
9
619
3
185
88
3
216
313
20
822
8882
727
17
4296
7
1346
272
10498
80
105
860
2
7093
16164
20719
11
0
3581
39
4382
1151
0
1435
17
5
12235
1921
3896
103
5
28160
15729
9
4
2346
10643
5
667
14
44
58
41
355
49
311
23
0
13499
1519
20
0
339
737
79
39
0
889
2074
2
375
4382
1904
19
200
9
272
1426
248
421
668
2346
18
5617
20
822
8882
727
1067
8641
2865
3
677
184
28
0
8581
3076
6
2346
18
14295
25966
4382
13
10316
31
19
174
9
2821
39
1075
2346
5
87
9
272
667
20
822
8882
727
2346
1227
21291
21292
7
0
5393
328
12
470
166
9
17
4382
46501
9
45
21
116
662
21
116
5
4054
3817
12
0
2008
476
1
158
112
19
87
616
10
46502
2
1483
1109
12140
5
838
1842
69
0
920
4
892
8250
46503
213
3
19
2553
1921
0
873
1182
49
7
0
2634
39
2850
4382
4
19
16436
2571
17085
2
89
0
667
107
74
81
189
69
0
200
272
4
16164
10
12
619
3
7788
39
3343
3987
76
118
46504
3819
46505
18
303
2
15
1241
10
4382
18
609
9
4
21
3830
80
105
860
11
2346
1
46506
12
3
1796
18145
8
6643
1812
3
5962
102
0
1426
2
7093
16164
32602
102
0
5755
11
822
8882
45
25
10
5839
7
10469
7
0
314
9
275
102
1513
4382
116
430
5
3056
3
0
2346
476
39
19
1548
12019
88
3
37
2706
184
313
4382
13
696
94
31
6128
46507
4
2571
17085
23
21
592
1116
46508
26
375
4382
1519
1165
3
2477
5
6899
313
20
822
8882
727
26
338
283
130
1047
19
7794
10156
7
48
314
9
275
313
26
7093
16164
34
2755
37
5755
3
19
87
9
272
5617
26
387
1872
10
79
822
8882
18
87
102
1285
616
6
0
236
26
2346
225
21291
21292
7
0
5393
328
7
11258
26
4382
13
41
5517
11
14
2584
23
2346
1552
5
5136
7230


