251
582
522
1046
24
987
515
1040
23470
1977
6699
14
111
185
739
2356
27
618
2272
24
1040
9
129
2469
37732
185
24
965
31302
3232
37402
91
24
6150
9
149
6555
5
2940
76
169
9
5780
37733
13300
451
806
6534
14
19121
8044
806
5
35686
5689
61
1153
57
14
1169
8044
58
3431
89
14
7180
104
24
4973
1604
37734
23
7059
4772
61
23393
27
4338
24
7180
1977
7682
24
348
1817
76
695
7646
37735
61
129
1001
64
14
29882
901
37736
8725
27
368
387
3875
24
316
5
365
288
319
89
2946
61
575
1977
330
515
215
149
3108
13
1015
133
54
32905
13
1790
7259
308
215
648
288
2050
13
331
22453
331
1348
215
1802
1145
5
1850
316
43
2737
54
695
37
4008
64
926
21512
27
397
215
285
13
442
525
215
1400
14
111
8268
158
5
515
87
1348
24
315
392
27
521
159
34
6465
23470
1977
5
695
7646
37735
288
6555
2272
256
14
3268
7180
104
24
4973
1604
37734
23
7059
4772
61
23393
23470
1520
215
149
9159
54
695
2
316
43
1348
215
37737
6699
1463
76
14
37738
37735
69
702
71
149
6555
5
935
407
162
14
642
2401
8514
91
3972
61
183
1520
806
331
1977
5778
515
215
638
45
27404
8676
24
6348
23
24
3268
40
515
19522
5145
133
5
308
288
2737
104
158
5
515
215
22534
54
7935
13
217
2801
27
331
5298
3268
37739
369
3091
331
14
2282
149
1090
652
308
288
3477
520
57
525
5
525
4501
61
331
5
21137
5145
133
27
1134
58
8496
3138
24
5608
16239
6603
19258
5
54
695
7983
2168
89
14
8965
76
2276
540
104
24
3268
652
358
288
361
4105
61
24
1490
1341
27
4338
24
540
18169
24
3540
61
1022
12872
1348
23470
37
695
6934
7345
24
893
27
1031
87
1348
24
1040
31
133
14
6514
61
183
149
3138
27
119
593
87
1341
13
278
4508
14
170
8284
10430
5
21512
2612
27
119
540
129
23470
9991
76
935
7682
484
4948
2084
61
1489
13
24
2401
27
2939
1142
24
8044
23
1977
37
7997
23
54
1536
61
5
54
695
149
5489
185
14
35686
5689
2479
61
3400
926
149
147
407
27
1977
69
702
71
87
373
361
184
23
3254
185
2947
5430
7988
23470
37
695
1001
64
14
29882
23
24
351
5
1652
91
24
3584
37736
8725
1882
13
37740
162
61
331
37736
8725
24
37741
87
7420
61
37742
61
5
24
2829
29810
34
272
57
704
1412
331
396
99
45
590
54
2947
5430
2949
34
5361
2
14
37743
2916
3254
5
87
3091
215
795
23
5244
9
6263
27
2318
20867
369
2456
13
444
122
680
185
2276
522
319
185
24
348
64
24
32
358
370
278
87
14
853
2549
13
22752
34
542
13
1610
850
24
315
27
1882
13
1779
16704
61
26071
14
37738
1185
1193
331
12137
502
3724
91
29206
14
4220
61
5932
1185
622
1188
23
24
9019
331
87
75
24
3802
27
37402
258
119
6150
76
13574
37744
61
37745
37746
61
16085
6801
61
37747
9
20079
37748
61
23470
69
2611
71
5
2006
9
2465
37749
23470
149
14
3604
398
57
24
37402
91
24
6150
3658
9
515
4862
2
8907
13
15307
9
149
14
2529
4228
76
24
2878
4413
5
663
3423
13574
37744
61
16085
6801
61
37745
37746
5
37747
37748
27
7588
37750
5
17890
37751
663
3469
185
24
3232
27
396
663
3469
185
24
37752
37402
258
119
6150
262
119
733
13760
61
502
149
9439
58
32
36
27
162
10645
215
407
24
3219
12549
37753
9
37402
258
119
37754
27
12647
215
750
37755
515
215
1129
14
10184
1058
34
24
12549
27
23470
99
100
1950
23
9427
3484
1533
970
27
396
53
334
2504
23
32167
31313
37
5608
3271
37756
23
1900
61
5608
16239
6603
23
1073
5
5608
9525
15539
23
1268
27
162
427
61
1977
784
334
810
679
57
24
3193
37
3553
5
1727
61
2
54
222
57
1772
61
20268
9226
24
6150
27
162
427
215
663
6934
2168
477
13
13933
37757
61
54
14892
695
61
3400
14
9602
34
24
1040
330
24
316
369
709
849
609
27
162
4824
215
132
13
107
23
692
4420
64
215
3564
9
6359
24
37402
258
119
37758
2222
104
24
37759
23
11860
11861
27
618
207
61
23470
53
14
4699
13
37760
6633
293
23
14
29528
7262
34
37761
37
3689
3520
119
1007
61
575
24
1040
2035
24
511
57
14
175
276
2891
27
251
9602
34
23470
2937
13
2951
104
237
227
27
246
251
522
1046
24
987
515
23470
1977
6699
14
111
104
14
3268
185
2272
2356
484
10467
76
54
695
246
1977
61
1823
61
87
4533
7646
37735
61
14
3144
9
2033
129
1001
64
14
29882
5
1652
91
24
3584
37736
8725
246
162
24
642
2401
23470
330
331
215
638
45
27404
8676
24
6348
23
24
3268
331
246
396
87
361
184
23
37762
57
2947
5430
2949
5
99
100
2940
76
169
9
5780
37733
13300
451
806
6534
14
19121
8044
806
5
35686
5689
61
1153
57
14
1169
8044
246
119
7180
640
104
24
4973
1604
37734
23
7059
4772
61
23393


