251
540
278
100
750
358
855
2959
2175
58
3477
122
316
272
133
57
276
123
4522
9
227
167
361
747
5683
91
32
57
24
32900
27
20008
5
6092
34428
61
2
26894
61
1747
5749
61
278
100
1599
13
3235
484
17236
1462
751
58
4710
13
3896
17210
57
1389
4846
621
18
122
688
37
32884
6213
27
691
105
1414
5683
2
621
318
37
276
13
1550
688
1602
61
3970
61
5
1093
12056
61
2978
61
133
57
8214
123
4522
9
227
818
515
358
44
738
185
14
360
9
257
485
6496
13
5713
23
3094
35
506
27
34429
5
20008
34428
61
700
61
855
11376
34
13024
13
3896
1389
4846
17210
18
3477
122
688
1602
61
174
61
133
57
276
123
4522
227
27
777
1093
37
276
3748
12056
61
169
174
61
13
738
185
24
2158
20008
5
6092
34428
61
2
26894
61
1747
5749
61
278
100
1599
13
3235
23
2959
1462
751
58
3477
122
688
1602
133
57
290
7541
37
292
6633
293
69
324
71
2241
5683
119
540
288
750
91
12056
37
276
9
290
24929
37
292
29494
23
26894
9
515
926
44
278
227
133
57
14416
34
24
2176
61
40
1602
37
276
9
290
7541
37
292
6633
9
3250
24
8497
27
4360
24
6274
61
808
5
589
34428
285
206
76
24
360
9
257
217
61
1951
13
34430
23
5748
5713
27
691
3820
515
358
718
45
738
185
2176
133
57
4522
9
227
652
183
87
331
401
16210
331
27
3961
122
4699
61
358
288
750
515
1602
37
276
105
4792
24
125
7587
57
54
32884
6213
27
162
1268
61
791
3790
6628
6092
14399
2291
24
700
34
1376
13
8469
47
13
890
1267
2176
1299
506
34
429
27
1605
1513
1779
515
272
2831
503
107
319
133
57
276
123
4522
9
227
1222
183
87
334
331
27439
8527
331
27
8058
1444
1779
515
183
87
104
24
26078
57
621
6348
276
13
34431
1185
11302
6213
11407
27
2520
24
6646
1156
61
448
129
1550
122
272
133
57
276
2241
5683
44
855
14
1389
4846
3486
1299
318
61
5721
13
1389
3897
1222
183
87
45
590
362
6324
1267
27
24497
13
3896
24
3486
718
3340
23
11376
61
76
14
15390
3486
1221
1222
560
1221
57
1389
18194
1185
14
3254
6578
57
47
13
166
454
27
808
5
589
34428
1545
13
1550
122
272
12056
61
174
61
5
1602
61
700
185
2176
13
5713
23
3094
691
105
1414
5683
13
1550
365
122
688
5
1093
133
57
276
34
14
360
9
257
217
13
5713
40
309
5683
13
1018
818
503
91
12056
37
276
61
290
24929
37
292
29494
23
26894
69
324
71
808
5
589
34428
1094
855
14
2959
956
58
4710
13
3896
24
1389
4846
3486
358
288
621
2104
18
122
688
37
6213
27
589
34428
61
14
4014
2230
61
330
926
149
331
2236
1090
331
449
24
2959
2175
5
330
358
105
423
868
652
24
2158
149
14
11556
2
24
272
37
5942
27
579
750
119
1177
37
23694
34432
262
331
628
847
244
1644
1014
515
1463
37
2050
13
3584
5
6035
846
23
2959
27
331
628
629
45
14
2958
27
628
278
244
10493
2938
27
628
629
45
14
1021
1066
27
628
629
14
2360
2343
61
3986
13
748
612
272
405
485
2176
227
27
331
1003
853
730
37
276
330
183
149
3486
13
1550
525
34
360
1267
61
707
688
37
330
709
27
2186
149
628
2150
13
1018
778
16391
628
2150
13
996
707
688
104
82
5
738
185
2176
61
1185
45
157
707
853
730
738
185
2176
778
331
251
1609
34
26894
16552
5717
330
24
829
13
3486
1185
23246
14
426
87
753
91
24
6114
4929
1398
502
1410
24
1772
515
448
2831
244
1550
122
272
133
57
276
123
4522
9
227
23
3023
13
4568
5795
26831
27
187
87
45
24
55
227
448
278
4137
2959
2175
34
3477
122
272
133
57
276
27
17466
34433
61
666
69
324
71
61
149
8315
104
3272
10943
331
943
35
506
34
7004
525
1093
445
276
34
374
1267
27
579
330
926
157
3976
9
17438
1093
30149
445
276
13
331
151
334
5267
185
525
331
16486
932
5717
19413
8474
9
2033
34434
10071
6162
69
324
71
1389
3897
34
3477
54
374
9
506
9
2033
1093
23972
185
2176
13
13348
23
3094
61
123
24
503
227
215
149
3748
13
1550
445
223
1877
24
3787
288
3793
23
91
808
14399
61
1533
1284
13674
775
278
100
19413
91
13177
34
3477
272
133
57
276
2241
14674
27
271
57
448
278
100
560
91
17236
331
11374
58
4710
13
3896
4447
1517
57
1389
4846
1299
318
61
5721
13
1389
3897
1222
45
590
362
6324
1267
27
162
32
57
24
594
175
499
597
61
17466
34433
61
666
61
149
1599
13
3896
14
1389
3897
4447
3486
34
7004
525
1093
445
276
34
374
1267
27
1420
34433
330
926
157
525
1093
278
24
3581
257
445
13
331
151
334
5267
185
525
331
64
926
149
59
2
3976
27
162
1972
61
525
1093
30149
24776
105
100
4001
76
14
20700
23
32
57
525
22695
61
40
4818
58
1793
454
57
21617
27
6092
14399
397
14
3340
57
24
11379
185
4522
9
227
22831
9981
91
791
3790
6628
6092
14399
23
891
1268
61
29507
718
709
849
8469
47
13
890
24537
2176
14
506
27
6117
61
358
718
1119
996
503
23
1687
27439
34435
5115
426
129
31500
14
1433
2881
14
1389
4846
3486
1299
318
61
5721
13
1389
3897
1222
183
87
45
590
362
6324
1267
27
24497
13
3896
24
3486
718
3340
23
11376
61
76
14
15390
3486
1221
1222
560
1221
57
1389
18194
1185
14
3254
6578
57
47
13
166
454
27
119
1454
149
5473
13
1728
775
17425
122
272
912
4747
91
3477
542
868
1348
2176
7599
5605
22264
15558
27
251
5769
57
14442
1376
278
17300
448
34
10634
1437
27
842
775
5
29507
377
24
1444
369
9719
34436
27
1312
5127
61
14
5557
276
1099
107
29044
652
22831
369
2936
123
15809
27
119
3976
99
45
799
33
40
30149
553
101
24
4014
57
3272
7670
37
7628
34
1551
418
9
39
27
14908
5657
5
563
35
506
1420
34433
2072
30149
104
82
34
14
2488
57
374
1267
1348
926
1999
32568
61
2053
57
3223
525
13
34437
29494
293
61
23
34438
17886
61
3272
27
579
149
1599
13
3896
24
3486
61
40
8315
57
14
2958
4975
27
162
2276
501
61
14
360
9
506
9
2033
730
149
747
5683
13
738
76
525
448
185
24
485
37
55
2176
3609
27
13557
5
1041
34439
2
34440
61
9117
61
1414
34441
29494
293
34
996
13
1550
122
1093
16003
13
3424
34
14
632
23
891
27
7860
57
54
223
6239
64
14
642
798
61
808
34439
149
45
644
13
1550
227
445
123
24
190
9
632
15558
27
119
276
747
40
24
485
373
285
27
162
14
3833
501
61
972
5
17290
34442
61
2
6740
61
747
13
3896
277
2916
5717
14
1389
3897
3486
34
3477
122
166
272
13
24
4744
13
2934
14
485
7962
333
27
808
34442
747
13
3896
14
1389
3897
3486
2
54
125
7160
5
149
1622
13
3235
23
2959
575
215
4137
14
1389
18194
3486
5
14
3254
4522
27
842
24
7160
330
183
149
709
849
23
24
1857
2975
13
10964
24
501
64
24
485
174
13
761
23
24
4744
9294
61
8474
9
2033
34434
10071
6162
174
54
1086
61
818
215
44
1550
54
485
868
123
24
276
15558
27
16486
932
5717
19413
808
6162
1389
3897
34
3477
374
9
506
9
2033
23972
185
2176
13
13348
23
3094
61
123
24
503
227
215
149
3748
13
1550
445
223
27
396
1400
215
105
4042
24
4918
13
9119
104
34443
6036
29494
293
23
16486
5
149
750
45
13
5336
40
149
147
1805
76
24
3486
27
842
215
4634
82
58
24
217
13
532
215
105
14
1392
2
24
7160
9549
215
516
107
19413
34
3477
23972
133
57
276
2241
5683
27
1102
610
369
45
370
11344
1105
185
237
4144
27
246
20008
5
6092
34428
5860
2959
2175
34
3477
688
133
57
276
246
20880
1414
34
1093
12056
61
2978
61
5
688
1602
61
3970
61
13
708
8214
246
8492
37
26894
276
3806
40
688
37
11640
4522
9
227
8497
246
21192
747
13
3896
1389
4846
3486
621
5
1094
855
14
2959
956
1462
751
246
17456
2230
589
34428
330
926
87
331
2236
1090
331
5
330
262
331
628
629
45
14
2958
331


