187
149
64
3400
1687
36586
149
14
1377
4006
27
727
288
30522
1131
9
20128
13
532
1193
4943
57
1676
912
5176
4444
999
2434
23293
2137
104
24
28818
1050
185
1750
27
1447
149
709
3432
25671
922
24
1675
61
2185
57
372
2209
170
9
5
9
170
17341
185
1560
27
1447
288
709
11898
15063
10348
76
1687
6586
16300
14158
1853
542
5
24
28094
36587
638
1013
850
2250
13
4943
183
641
58
24
230
231
27
119
503
14708
13
24
2511
2544
23
24
2439
912
3291
2079
650
185
24
21104
844
3401
45
515
646
369
1193
174
3401
5
24
2521
2580
27
727
850
61
655
2538
2489
1030
202
912
369
14
4369
7229
61
1676
369
7185
57
24
10029
515
1155
2500
718
1510
36588
27
7515
36589
69
700
71
72
58
79
13
1399
1676
15
9
2459
206
75
3150
185
1750
251
4381
4063
54
880
1795
24
28818
1050
206
57
24
3271
112
185
1750
543
360
3276
2
360
1245
27084
61
24
36590
369
33
185
908
57
24
3271
58
9535
3150
23
334
13580
13063
34
2526
104
237
1191
27
16089
16090
5
2461
61
723
278
100
7176
27
1134
1099
107
334
36591
13
24
19924
40
183
4997
107
420
2
14986
27
1687
408
847
1013
3193
542
401
822
36592
330
1676
912
3022
3018
21148
9775
61
129
99
1094
242
2213
3276
237
36
61
349
24
3444
75
1202
10210
23
24
35
2535
27
1687
691
369
14
4441
201
77
40
610
1028
13
1004
542
27
408
2354
45
2050
13
1481
47
104
82
13
2648
14
2459
9
2459
61
610
1028
13
9284
3276
5
3193
542
496
610
2354
449
61
834
610
36593
1676
37
21148
9775
69
174
71
15413
34
24
233
76
3150
37
259
36594
185
1750
9775
61
129
36595
149
11641
13
1785
26405
28819
91
3150
225
3494
26916
61
242
23
24
36596
67
13
2113
6457
445
24
10802
83
912
3675
238
5
3307
54
77
908
185
74
2187
27
187
87
1676
912
6800
112
2241
252
23
704
16034
5
9775
912
163
87
144
21878
24
1301
57
24
6882
1206
2461
825
278
13
2528
76
27
119
36590
369
24
1330
27084
23
24
908
1413
16782
76
5667
23
6324
192
5
369
2472
13
3211
24
36597
1502
10915
155
27
1750
912
9756
5168
149
3929
36598
61
129
2168
24
233
2912
58
144
13449
7404
61
76
321
3276
2467
2
7515
36589
61
24939
8611
5
36599
36600
484
9775
16709
183
445
27
691
288
19907
9251
401
3401
36589
2859
5
1636
24
1454
515
11
13
54
74
61
8611
1542
14
9791
22553
2876
5
36600
10640
82
14
5635
2801
9
9956
27
36599
36600
69
700
71
3285
2
14
2801
9956
13
1399
1676
916
9
15
206
185
1750
1687
119
880
610
2354
2505
723
2354
2050
13
444
24
36601
330
9775
61
24
2976
9
2033
129
1899
34
1389
14809
2
14719
35
2157
61
57
24
77
912
6882
1708
27
1687
119
77
912
45
144
30684
185
24
10580
27
12243
1245
36602
902
1046
515
610
2354
3431
3276
2
1245
36603
28819
149
776
2
23479
818
32051
5016
9
112
833
2020
13
382
10071
36604
40
215
4997
1219
2245
36605
256
237
3340
64
215
5585
13
738
219
9
13
9
219
76
549
5
11452
16090
27
1312
3150
61
183
149
14
4879
5
36606
1680
27
36607
23
515
358
242
166
3276
868
2
82
5
769
27
36608
23
515
358
510
13
24
1698
23
704
9
669
13
14
8499
1381
27
1687
3944
24
6935
3685
3685
3685
369
610
23
36609
5
1687
1831
610
5937
23
36610
16887
24
1951
2002
34
594
57
24
55
170
655
1054
1407
2412
702
122
6256
61
8713
3928
6265
2
24
82
128
27
397
1222
9982
19505
912
829
13
1292
122
2891
9029
13
471
87
1013
1021
1487
61
215
912
960
542
1030
19
20
5937
185
24
437
401
27
1687
1134
87
14
36611
330
26916
27
1687
26405
912
456
14
3541
1086
109
27
408
2296
13
223
1220
13
444
13
122
11292
1178
533
9
74
15328
3401
5
24
632
912
3017
4346
87
373
13
799
27
3150
128
960
64
739
36612
7194
2
24
3362
104
24
28818
1050
23
1676
19696
16458
3643
19697
3272
912
36613
101
3277
3278
5910
64
358
29945
15708
608
9
16
104
290
4586
912
27
932
278
769
32
23
374
647
3278
1899
2
12704
5
278
1094
1805
24
4635
12498
57
20481
27
36614
4524
61
2195
61
242
14
55
1915
3351
9
3352
484
170
9
227
5
3278
330
262
1687
408
36615
76
158
237
632
449
834
3096
3276
215
912
242
27
396
330
2344
32
2346
5
723
44
850
14
2391
57
28320
76
36616
3272
932
1785
3277
3278
72
54
83
37
5887
74
23
24
608
9
16
81
75
15708
246
1676
1550
185
2461
23
24
4444
999
2434
7482
2535
185
202
246
26405
28819
37
83
1004
3150
932
1507
9
2778
104
24
28818
1050
246
119
36590
369
1094
33
23
908
2697
23
24
3271


