258
9330
9331
261
262
18861
264
61
15
534
1268
268
269
262
18862
264
61
15
534
1268
251
2321
116
739
1496
99
100
4373
24
2190
23
3440
58
183
497
14
6484
1363
94
8895
27
119
18863
9
8274
669
331
1496
331
61
502
1577
1030
14
2418
57
4951
11388
18
14
18864
61
149
18865
23
18866
35
632
27
8445
278
647
289
183
14
331
6419
331
61
334
331
3280
331
5
32
330
185
592
515
183
1577
1030
14
331
18867
37
3351
331
27
251
2431
896
8274
739
1496
10533
185
18866
6633
6423
99
100
2011
76
18868
2
7908
129
278
4373
183
331
18869
331
5
331
334
18870
331
7836
18871
61
2591
61
14
4644
3246
61
57
18866
61
330
262
331
187
87
14
1306
6419
27
331
187
87
3330
2209
27
6914
718
2938
1399
14
1017
1030
515
47
5
1019
183
87
422
13
6823
183
445
64
14
739
1496
778
331
119
10123
369
8259
2209
61
5
183
87
4140
334
3280
13
24
2321
27
187
37
1030
334
16137
159
18872
27
331
628
825
107
3477
707
2688
13
850
24
16947
185
57
24
10123
5958
2359
237
506
27
331
187
37
24
1211
57
1017
723
2290
1399
47
23
851
990
1222
723
1545
13
18873
24
2460
27
187
37
14
9139
27
331
251
467
57
24
1496
99
100
717
185
592
61
76
8895
3477
13
24
5538
9065
1490
13
18874
183
27
8445
278
4373
24
10533
14
331
6419
331
5
334
331
3280
331
27
999
330
183
1577
1030
14
331
18875
331
655
2276
289
183
14
331
18867
37
3351
331
18876
37
3351
262
119
18863
9
8274
669
331
1496
331
1577
1030
14
2418
57
4951
11388
18
14
18864
177
18877
598
262
331
187
37
14
18875
18878
27
331
2006
9775
359
262
331
628
1018
244
2294
1607
358
1949
18879
185
18259
5
1153
334
2033
18867
37
3351
34
24
881
1496
27
331
7826
18880
717
4140
262
331
1031
37
2192
27
331
12868
18881
330
262
331
691
2831
244
278
1347
6618
27
331
251
18866
5717
1609
330
262
331
408
728
23
24
6666
57
14
7301
9
5720
4654
18882
57
24
6633
6423
27
331
119
6114
5
7485
18883
369
2471
17612
14
1071
1783
61
818
646
37
709
1547
34
612
2360
18884
175
18885
61
502
825
107
33
1462
506
27
331
162
24
15624
610
696
1129
24
1011
896
18864
76
18886
18887
11134
61
1537
1284
996
237
398
57
24
6633
6423
6931
27
331
408
728
6028
13
2401
515
24
5021
1001
278
45
1399
6802
445
64
4606
57
10320
731
35
632
912
4204
57
24
18866
18888
3615
61
502
149
11
91
8333
18889
9
3706
272
27
331
408
639
515
14
7768
739
1496
600
4063
14
2508
18890
40
646
37
818
822
1533
2050
185
23
18866
5911
24
739
1272
349
612
18891
739
4939
61
1234
12535
61
545
2356
740
5
4324
13487
76
4239
5
8710
10108
27
331
408
516
1095
515
612
1857
11113
76
703
237
506
5
2391
2237
13
14
7768
739
1496
1905
13
14
582
9
2391
18866
6633
6423
1462
506
1221
610
728
4149
183
825
107
1586
24
848
3555
331
1134
506
610
278
14
18864
9386
2457
1537
1284
14
1496
27
2906
308
369
45
108
449
183
27
331
246
119
18863
9
8274
669
331
1496
331
149
18865
23
18866
2321
116
246
8445
278
4373
183
14
331
6419
331
5
331
18892
2183
331
246
999
1520
183
1577
1030
14
331
18875
331
655
2276
2403
183
14
331
18867
37
3351
331
246
691
278
9326
13
738
13
622
9446
13
2995
24
10123
361
1802
185
246
119
7160
3577
405
308
369
10946
449
183


