144
13697
3072
10677
293
16
31092
138
1
966
522
190
291
287
16
31093
138
1
966
522
190
43114
7
20
472
575
1988
1
3556
18565
34
40
6049
17
27
912
80
27
2470
142
2
527
4269
1899
2728
29467
6
5
7269
5357
11
3237
1
5
43115
17
2696
6
7691
4
20145
11
2051
4
5
24801
20737
11
1740
2
563
12715
2714
6
14881
9911
887
27
5247
1391
0
132
2
191
7
0
267
25
175
5
142
9
2048
843
1324
14
93
27
3483
11
64
347
4
123
1129
3
1039
1
2253
62
158
3976
27
220
198
3
21231
5
2781
586
7
27
2341
2
836
3556
1
28
14998
1
6524
1
30
574
27
142
140
1
248
1376
485
1988
4
697
1007
3587
1
4
2483
888
3
1039
311
2
3556
18565
1
28
6524
1
90
36
1376
485
1988
4
697
1007
3587
39
91
10531
12
3
7206
27
142
39
7718
25106
3556
22
16
8
581
315
93
121
4
24
492
228
6332
101
0
535
6
1686
1
4
1182
49
497
128
389
94
4
7718
25106
9
37
11998
6
0
843
3152
2
8
24
10
3483
11
64
347
4
95
1618
4
1970
43
78
24
445
41
226
726
9
4
14
112
24
107
1
24
10
623
3
32
4039
843
2133
2
8
3556
107
2115
49
1
45
892
36
4412
27
296
1
36
107
74
1714
128
194
1162
2
96
76
74
1714
129
3
1039
62
2253
4
36
107
74
158
183
38
27
146
9
70
9
83
198
1744
10
2
8
581
1915
224
99
9154
1
4
892
24
76
1097
4
1071
24
34
3
1751
3
1039
4
2253
311
2
57
10
5
128
5851
71
1
1225
11
95
296
2
8
334
371
27
2082
1
3556
756
3
23352
27
142
7
274
152
4
467
5
11227
2728
2
3556
18565
1
20
27
1043
730
1
12483
129
194
2397
36
13
43116
2827
14004
353
7
746
4
1820
0
2591
3
5597
94
89
1820
25
717
3
402
0
730
103
340
156
185
1
3556
175
0
1741
6
5
427
4
1050
27
487
14004
353
7
746
2
96
8182
16
8
24
1714
24
809
128
3184
4
2999
159
3
0
87
935
1
4
56
24
213
3936
14
87
71
1
1265
0
1758
12
0
2698
10
13288
2
24
10
6183
4
1503
39
0
1108
1
45
7
95
251
24
692
24
404
3
1208
259
1988
4
14
1527
86
416
184
2
8
89
969
6
1299
6757
1
3556
207
501
1
11640
1
769
9
877
731
4
342
43117
7
0
87
149
2
5523
105
82
12
1
3556
9
761
198
1744
13
98
485
9
30
1376
485
1988
31094
4
13
373
3
27
2182
730
2
96
30
61
16282
28
5
1007
912
1903
3
5
912
591
12
235
4
912
542
12
27
1857
272
2
96
131
16
8
3965
251
4
212
664
228
30
3
32
7
25
2
249
24
1204
49
11
14004
353
24
210
95
664
4
7122
69
25
2
8
3556
18565
17
27
14004
353
5183
1213
15
2279
190
2105
50
36
413
39
1414
77
485
1988
1475
1414
730
3556
30
34
199
5
994
9
1697
2986
14
36
30
43118
0
14998
43119
2781
2124
2
8
24
31095
3
32
5
3964
7
136
2098
6
43120
7
417
4
213
7
9
25
10
5
1825
2986
3
95
1697
4
1413
24
10
497
2696
6
2129
1
43121
307
8
89
36
170
1512
5
1907
56
36
2417
947
6
27
111
994
16
8
581
251
30
74
780
49
17
95
265
602
2
249
24
408
0
799
6
1308
7
0
163
24
76
74
354
14
10
228
121
2
8
3556
1
38
10
2943
14002
6
0
70
190
31
27
304
1077
1
131
14
0
237
1741
36
30
11
767
38
3914
3
1208
730
13
3
1428
5
9889
1108
2
96
131
16
8
7233
0
87
1439
4
165
3
5
1108
2
15
108
425
706
6
1741
24
58
161
3
767
13
3
165
3
0
1108
274
149
1
66
124
5
396
6
337
4
143
280
4
5078
2711
66
2
8
26
3556
18565
1
1314
1
28
6524
1
58
473
1616
7269
2511
11
3237
26
96
780
25106
39
27
315
93
27
26
96
10
3483
11
64
347
1
123
4873
49
4
107
74
3976
27
146
9
70
9
83
198
26
43122
3
1070
27
142
140
1
4
1376
28
472
575
1988
3
182
591
1988


