11269
5
3074
3
764
7
0
846
1809
46
32
35
128
38721
1
1961
3453
30
366
2
15
179
681
2847
1449
22
1272
37
7
9
55
3074
7
6387
58
32
5
35
38722
11
299
2
1336
3
864
438
1
68
3453
22
25
58
32
5
1377
3
7799
3263
14
2600
196
6
0
2278
10
7
257
3725
2
1961
3453
78
864
438
21
76
41
32
1569
14
299
58
1651
3
764
7
0
846
1809
292
524
30
4044
3
17436
299
18
573
17
0
2278
90
1272
37
7
133
55
3074
7
6387
2
681
1077
2032
2552
30
805
3
99
5
3074
133
5520
681
58
118
448
5
1651
112
92
10
5
1833
6
3064
3
9142
2
68
3453
10
348
31
864
438
3258
63
68
524
18
1111
17
9142
77
0
1959
14
299
7373
37
1176
72
38723
31
405
275
2
15
179
681
1077
22
16
35
221
29
300
40
1
173
120
95
1281
1
17847
12
1201
2
35
89
110
18
410
209
13
14
112
0
3161
2695
13
1715
133
4242
208
70
1
92
46
32
5
3074
12
458
3
517
0
846
1809
2
35
24
181
25
58
32
5
2885
11
95
264
4
24
181
14
0
75
6
299
46
1651
3
1065
7
0
846
1809
7
0
267
2
89
24
181
14
25
46
32
128
38724
846
3121
111
519
4182
9
16060
17848
30
310
68
524
30
5
8
863
8
17
108
2278
1325
15
12059
332
0
14588
1655
1258
3
0
255
31
0
2278
7
4757
17
108
848
1585
68
3453
22
169
75
7
0
2278
34
3999
3603
63
1201
2
52
22
16
35
89
0
2089
13
14
885
44
354
886
54
392
3187
1201
28
647
1
41
31
2048
3
517
2
35
387
18
0
38725
68
3453
22
21
890
14
68
524
931
3
1065
7
0
2278
45
14
21
35
516
74
32
38726
2
68
524
30
1155
21
931
299
3
1065
7
5
17372
2278
2
360
1
21
13
1418
906
28
1427
27931
3
161
14
21
46
618
3
517
0
2278
112
21
13
1129
3
2477
753
6479
3
2937
1694
647
0
28946
2
292
524
13
1418
5
1111
3
402
299
7
0
2278
1
0
179
751
564
1961
3453
30
366
68
3453
22
16
35
24
516
74
32
1569
45
24
181
14
21
931
3
1065
7
1201
2
35
89
25
13
128
717
11
59
7
19
423
1
114
0
3161
2695
1
169
75
647
0
423
33
38727
2
35
24
181
14
56
54
13
2847
1449
6
5
264
109
1873
299
54
1624
412
168
14
25
13
6662
3
1065
549
0
1192
1323
2809
7
0
172
4
0
1192
3078
842
7
0
17849
68
3453
22
299
76
118
722
3
4017
17
1142
109
1044
4
0
250
1520
112
25
2238
196
6
0
2278
2
8
24
181
14
0
75
6
299
46
1651
3
1065
7
0
2278
7
0
267
45
25
46
32
128
717
8
26
895
3802
131
2278
3074
7
6387
46
32
5
8
2885
8
11
299
26
524
30
4044
3
17436
573
17
2278
90
7
9
55
2704
26
7008
23
3802
6498
9142
77
1959
11
1176
72
38728
31
405
275


