305
54
83
34
5068
5
1857
5210
61
5211
5212
99
5213
2516
91
525
583
5214
27
397
2172
57
3762
5215
47
75
24
5216
9
316
1533
2282
650
2237
237
632
3091
358
288
5217
9
405
5218
834
5211
718
151
47
5210
27
5219
5220
341
515
32
485
549
61
5221
2972
5222
61
129
477
24
540
5
1850
542
35
104
122
5012
526
5223
35
506
61
5224
5214
87
1205
57
24
4927
4325
27
521
159
34
522
5225
262
5211
5212
61
5226
61
99
5227
5228
57
583
5214
37
1021
3735
34
494
61
40
486
369
5229
91
525
5230
64
5231
2282
799
2237
76
1400
57
5232
5
3743
4325
331
628
825
442
5211
5
5214
23
1193
880
515
358
1028
846
13
27
628
2357
45
2050
13
107
3146
13
377
1407
27
2186
628
639
87
496
628
639
61
5
5214
99
604
456
1407
13
5233
2938
61
331
5222
330
27
1958
61
5234
486
3091
13
278
100
1015
13
24
540
23
24
139
2325
57
361
4314
449
5211
37
5235
64
1533
3762
799
13
3189
27
251
5236
2179
2
5237
5238
5239
5240
13
5211
37
5241
61
2496
5219
5220
515
926
149
331
91
709
1506
5242
27
331
331
842
183
912
5243
1607
926
912
1399
47
76
183
27
579
912
14
5244
9
53
893
27
579
638
1013
2296
5214
5212
27
727
718
377
515
5214
5212
4995
5211
5245
27
331
1843
485
549
330
215
149
244
5246
24
5247
516
2002
5212
61
3020
24
485
99
2469
14
168
511
23
24
4772
61
5248
61
292
5249
27
331
727
2354
45
2050
13
4192
5250
1185
2938
1277
76
24
482
4864
4081
133
5
1399
122
5251
185
183
709
710
834
1021
237
232
61
331
24
549
330
27
5252
47
262
5211
5
5214
288
477
91
5221
2972
5222
61
129
330
215
391
5212
149
1205
5
515
54
715
516
1650
91
158
779
262
5211
5
5212
76
5253
5254
5255
5
5256
5257
23
5258
27
1843
1093
61
5259
61
99
799
2237
5260
515
525
571
87
1205
331
4617
705
506
61
5214
5
5211
799
23
104
405
222
61
1720
183
912
24
5223
61
14
5261
61
14
2158
13
5262
912
5263
5264
61
1185
144
13
3613
27
331
331
691
444
704
57
703
609
61
5
610
278
14
5265
27
842
723
718
3204
515
215
99
14
5266
5267
27
396
600
99
61
5
5211
5120
515
61
401
27
331
842
64
3762
1454
2217
5268
13
1400
515
24
5269
5270
5
5217
5231
2282
61
486
5218
834
402
5212
37
715
718
817
995
91
54
83
27
119
2580
57
2282
2494
237
632
61
64
5271
5272
5273
5274
61
507
61
650
2237
586
926
5275
133
104
24
5276
5277
23
2336
2
14
2795
5212
65
525
61
5
650
13
503
13
850
24
5216
5278
525
5279
5
716
3383
27
1843
893
61
1324
503
64
2263
61
750
2617
3507
926
149
5270
23
5280
23
5212
37
4319
1547
61
5281
47
1267
147
23
525
2534
5282
76
709
5283
57
496
640
23
1411
27
119
316
4927
5284
4458
837
316
3214
2282
129
278
253
799
2237
61
349
5285
5286
5287
5
791
5288
5289
5290
27
331
628
639
515
23
4485
76
525
3401
5
610
2354
5291
3339
76
621
622
3401
926
1130
13
1014
515
24
2282
825
107
5292
2075
818
183
912
512
45
13
377
1407
61
331
5211
37
5236
2179
330
27
331
842
5293
24
5294
57
525
583
361
5292
99
2084
27
331
246
5295
2972
5222
61
24
5296
129
477
24
540
61
5224
5297
9
2033
5214
5212
87
1205
246
5298
486
278
2936
122
5299
18
5211
61
5226
61
4710
13
4081
133
449
24
3762
246
251
791
5236
2179
2325
76
5211
5
330
926
5224
24
5216
37
715
87
735
34
24
5300
331
4900
13
107
5301
1439
246
364
2282
650
2237
237
632
76
582
3762
57
361
5270
91
24
5269


