3709
10465
10
93
37
2922
27267
827
31
5
12666
2208
39
21
10
574
94
11
5
1331
13661
30
3005
39
5
656
449
3493
93
5
105
9
977
827
12
5
1826
18
35596
1
10560
19
1316
1081
4
1441
59
5
8
27268
8
2
3709
10465
1
2729
1
489
5
448
28
5
656
174
449
20
0
1276
3
3065
19
8
7379
8
39
21
10
574
94
11
5
1331
2
15
448
219
1307
3
35596
4
0
656
449
93
5
11241
827
13177
21
448
27
99
2
89
0
656
1276
449
123
732
3
5348
49
2390
4
1
6408
0
27267
10
170
3420
1
1006
467
8963
17
1732
4
10560
68
10465
2
96
4587
16
8
1762
1
24
351
5362
21
10
74
92
1
27213
21
18
5
27268
2
8
68
10465
1
38
2658
430
10771
7
746
434
3
0
1316
15279
1
22
21
10
8
1549
8
20
0
827
2
15
9973
1645
22
16
8
24
10
11545
56
24
9356
3
0
827
2
24
76
74
354
110
24
306
2
8
4790
3040
11
5
1331
13
54
551
9
45
91
5142
3
5
17548
6
762
31
11672
75
1
1274
11815
7
9653
4
7276
11
95
1081
1
13
810
216
2
8
68
10465
1
28
12524
1
5299
1
2658
430
10771
7
409
746
39
1840
69
1316
4016
120
0
2364
17936
2
334
497
430
99
12
19
948
1
21
2249
19
487
13661
2798
7
409
3
34835
63
5
72
1688
769
9
877
656
1331
3
5072
59
3
1160
5
6055
3609
2
318
4040
10
574
94
4
21
10
78
14
21
34
41
40
6419
189
511
28
6883
2
52
107
74
716
0
10964
124
3
59
4
969
21
467
1547
279
5135
277
215
7
0
610
14
21
76
123
2485
19
2182
2
924
347
320
1
13661
213
99
7
1698
17
59
4
348
59
3
4574
55
5
1826
12823
2018
2
68
10465
22
21
78
0
1276
21
809
44
171
2428
1075
7935
3
10975
761
6883
34
40
1937
6419
39
178
82
2
238
149
192
1
12
534
903
1
21
10
180
99
31
0
1276
3
3065
19
7379
2
57
13
521
0
448
10
116
31
5
1634
20
0
11119
2798
6
0
1276
7
5250
52
107
74
154
0
448
45
213
5
827
12
19
27267
28
8
2529
8
1
5
12666
8
656
2561
8
2
96
22
16
8
10323
10051
1
5
827
11
3709
1
25
18
2529
1
0
5473
34988
20
0
12666
7
11119
2
8
57
18
79
5
2319
5682
448
262
212
7379
12
0
6135
6
534
17
0
8272
656
7524
2018
2
8
281
66
76
355
282
5
448
99
4
1821
3
1450
3
0
820
5299
656
174
1
1763
123
1
14281
2
8
15
10043
123
273
36
34
6905
49
4
22
3
27
1732
16
8
1762
1
24
351
5362
21
10
74
92
1
27213
21
18
5
56439
2
8
52
18
6589
45
25
18
86
536
2
57
131
6657
580
1
100
1
21
18
210
12
323
8
23
1127
9
10771
24
84
41
124
711
28
66
8
527
1732
33
306
3585
7
0
3170
23
36
2139
16
8
9916
2263
19272
3
1127
9
56440
33
19
685
2
8
12666
30
3005
3
68
10465
4
131
25
13
1664
0
358
4
0
464
6
481
553
334
5624
3
0
762
1
4584
68
10465
22
16
8
6270
10771
10
37
1631
717
595
11
121
45
1
20
0
71
1
24
107
74
474
24
34
156
108
1533
2
8
89
0
6883
10
1274
6419
4
1
11
0
424
178
82
1
24
29
40
450
3
124
99
12
95
948
2
8
788
3
1487
552
1
38
254
74
183
121
1
20903
4
10560
121
3
1732
10
1274
56441
4
27264
2
8
12666
171
1001
80
42
481
3
1190
0
35197
6
159
10771
2
57
10
0
6708
551
24
29
388
617
2
8
8
24
351
98
2263
3735
95
656
1276
1063
17
12666
2
24
351
41
1534
3
355
88
95
656
56
44
2694
1126
121
7
199
838
14299
2
8
65
12666
3762
22
16
8
104
3148
15443
3
68
10465
2
8
139
13
41
0
1138
60
1347
28
136
75
4
60
33
648
1664
48
358
1
1853
2391
17
0
464
6
481
553
2
8
26
3709
10465
2645
7
1826
2018
39
21
10
1243
1331
26
52
10
6460
31
5
656
449
3
1071
3
59
63
19
7379
26
2444
814
93
11241
827
12
19
2174
391
39
21
107
41
1804
49
26
1437
1
1734
36
34
6905
49
1
36
116
2922
685
3
4180
26
96
180
68
10465
5
8
27268
8
23
1732
5814
7
0
3170
26
15599
68
10465
30
603
481
6
91
18602
4
11672
26
12666
30
98
3005
3
59
4
131
25
13
1664
0
358


