4586
18953
61
428
61
149
433
76
1389
37566
1586
57
17174
5726
104
54
6273
23
2319
27
1307
4863
91
642
61
215
330
215
11401
7156
13
151
54
6584
331
19965
331
251
7152
10432
99
100
561
58
2496
14
6558
215
6586
17174
652
215
1545
13
151
24
308
23
54
6584
19965
27
4586
18953
61
428
61
105
1145
1389
37566
1586
57
17174
5726
23
54
6273
23
2319
61
36449
27
187
149
743
91
355
58
14
642
8731
185
1372
4504
35
506
27
396
750
355
215
105
624
37567
29102
57
24
16368
9
4738
7152
23
54
82
652
215
149
331
2540
2319
19965
27
331
3226
177
2968
330
262
331
396
149
17049
76
24
642
5
330
215
149
577
2540
2319
19965
27
577
331
396
330
215
149
6705
1834
1389
24086
57
17174
13
1356
308
27
331
396
330
215
149
8115
14
333
13
24
1857
5
149
1834
1478
8043
837
705
257
27
331
396
149
561
34
1011
454
58
215
3818
7152
1834
104
2319
3222
943
1671
27
24173
158
61
3255
16058
37568
330
262
331
119
2536
34
723
87
515
34
494
5
494
723
2342
100
19073
13
17174
27
331
628
840
23
24
712
723
718
532
14
880
57
2797
851
562
515
1308
1013
8153
2058
24
3802
27
331
3255
37568
663
53
14
37569
3023
34
24
7152
5726
1240
23
18953
912
6273
5
1599
24
7156
13
107
5874
27
368
2
1202
2322
1707
657
18953
912
82
23
2319
4615
58
25611
158
505
23
24
257
27
691
743
215
149
6534
14
1478
1479
57
17174
5
1389
37570
23
3212
27
1307
358
657
54
82
358
743
14
17174
7449
27
119
11171
105
14
4324
14780
57
1411
1389
37571
5
1389
37572
61
24
2959
944
27
2319
3222
943
61
324
61
944
18953
3957
54
1834
91
586
215
149
8115
14
1857
333
13
24
308
57
24
2321
27
396
149
561
34
1011
454
9
76
14
6558
8841
24
7156
13
107
5874
691
663
1142
7156
18572
1817
76
1389
37573
23
3212
27
6720
37574
9
9361
61
3239
61
330
262
331
396
638
1013
1812
13
9935
1407
2
24
642
27
331
396
105
14
9773
6279
5525
57
486
61
704
17174
4163
5
358
704
11455
185
158
34
122
8051
27
331
396
638
1013
3820
1193
9818
23
515
227
5
11455
503
185
54
17174
3197
57
449
1389
9560
13
1389
2845
14
632
5
405
23340
17174
34
496
215
149
2931
27
331
246
4586
18953
61
428
61
433
5726
1389
37566
1586
57
17174
23
54
6273
246
368
1142
37567
29102
57
24
7152
23
54
2319
82
58
642
8731
246
7281
642
215
149
8115
14
333
5
331
7004
2319
19965
331
246
16391
561
34
1011
454
5
704
54
7156
288
1599
13
107
5874


