119
11052
9
2033
893
149
3218
13
374
494
23
3254
34
8364
61
5669
5
11544
22061
525
2921
9
2033
18283
34
360
454
251
11052
9
2033
893
99
100
3218
13
374
494
23
3254
34
22062
525
18283
34
360
454
655
215
149
101
525
4014
27
119
7627
7681
943
944
834
926
17460
24
2921
9
2033
13
331
22063
331
7498
515
1802
54
562
89
14
331
2797
7969
331
5
174
158
76
3262
3263
58
215
149
174
23
525
4014
256
4325
2
54
2534
2255
27
3779
7498
3866
765
9
3066
158
22064
5
22065
484
4710
13
157
158
89
24
4549
13
6495
3383
123
54
817
104
525
12597
23
7627
37
7328
61
1489
13
24
22066
464
27
618
2276
6018
61
215
149
53
13
22067
14
1581
346
57
22068
5084
64
758
64
22069
4965
484
361
441
13
2934
276
2241
361
3748
13
6495
3383
47
27
5401
10586
57
22070
288
3283
23
24
10006
349
5527
575
24
2889
149
441
13
18806
54
22071
5
61
185
14
3833
6018
61
971
655
361
441
13
2312
3383
76
14
3219
7132
91
365
54
8236
5
525
1093
129
149
1519
23
525
10003
27
119
2282
3203
13
5361
24
1767
4864
1222
24
627
750
2938
57
24
4325
215
149
776
27
22072
57
5704
4325
61
349
10889
24
2883
855
61
2590
14
1363
14398
185
158
5
2590
22073
13
14800
54
3680
61
288
663
4431
27
119
627
149
7176
45
13
5302
2938
57
24
10629
1185
2359
14
331
7987
549
331
516
532
5
6457
158
61
1204
642
288
2075
4792
23
22074
27
331
187
5719
14
9699
13038
8030
76
14
10655
19221
6942
13
384
4238
9922
61
331
3255
22075
17320
330
57
24
8236
37
2726
27
119
6558
104
7627
37
7681
943
6671
515
646
149
331
6858
61
22076
5
22077
331
23
525
7280
119
893
37
155
8637
750
24
2959
515
926
4508
2
22078
61
22079
5
1243
5016
9
814
15185
15727
2
14
2079
57
4325
5
189
27
396
663
22080
24
893
37
1400
515
525
18283
149
1098
13
2528
76
61
1204
3255
17320
11640
24
1400
27
119
11052
9
2033
3252
3253
13
525
1517
23
266
61
40
24
22066
464
3283
515
926
105
1195
5473
13
1724
23
525
593
34
3302
9
2378
27
331
119
14072
22081
57
3593
8638
5
776
149
14
1872
9
133
2510
57
5689
27
187
149
45
818
822
14
4793
57
1123
57
5112
7747
61
646
149
6858
61
22076
5
22077
23
496
723
638
61
331
3255
17320
330
123
24
6468
27
331
1447
149
24
3743
22070
27
187
149
2101
75
14
1264
34
835
7464
27
10856
4128
23
707
1772
221
237
334
6350
501
34
24
22082
57
13124
22083
27
331
119
627
37
5784
1588
149
663
417
14
316
506
3254
4522
27
1102
610
369
45
370
11344
1105
185
237
4144
27
246
119
2921
9
2033
627
2797
185
54
8236
37
12597
23
7627
37
7328
58
776
4325
2
54
2534
2255
246
742
11052
9
2033
8236
441
158
13
18806
54
22071
5
185
14
3833
6018
61
971
158
655
14859
158
13
2312
3383
76
14
3219
7132
246
396
149
7176
13
45
13
1367
54
4325
13
2938
1185
24
1767
516
107
4864
407
5
54
8236
37
331
7987
549
331
516
6457
158
246
579
99
100
3218
13
374
506
23
3254
58
24
6558
6671
515
646
149
331
6858
61
22076
5
22077
331
23
525
7280


