4394
13
330
11
5958
2702
12
0
986
4
1555
45
98
4394
73
158
1014
799
7
0
4038
307
1782
4394
18
776
5856
13
10884
1
37
6447
5404
14
8539
799
12
0
1896
319
349
6
0
1467
1128
2
15
10220
5167
4
8976
23719
10
17546
3
233
109
5
16075
31
0
613
4
5
774
174
20
0
422
6
23720
4
17809
628
12
0
1896
31
10885
452
14511
7
0
4038
5
706
109
5
20268
1
607
23721
2
297
94
11
167
10884
16
1782
4394
18
776
5856
13
10884
1
37
6447
5404
14
8539
799
12
0
1896
319
349
6
0
1467
1128
1529
38812
16
15
5404
206
1346
32
2672
20269
62
0
1807
73
1386
25
5
1630
787
3
7119
15
10884
13
1205
3569
7
2573
4
775
3569
7
234
23548
4
4533
2
57
30
5
105
2902
7914
17
23062
1221
99
6889
4
61
30
5
8524
2902
7
0
376
2
939
1181
109
25
206
32
7211
3596
1087
1104
79
5
333
379
3
2339
2
15
1807
7
766
6
0
5404
2180
94
9691
7
0
4038
3
812
0
5404
0
837
7
50
25
206
1203
2
15
5404
206
1346
32
2672
20269
62
0
1807
73
1386
25
5
1630
787
3
7119
2
38813
607
14
0
1718
0
23722
1014
73
32
23
3820
23
314
4121
62
23
1456
23
598
4121
2
5269
5
6069
5491
9017
4
0
721
6459
9691
0
5404
5261
5
2613
6
97
3596
1368
4
123
25
3181
3
326
2
871
845
2257
628
33
6
5
1910
1
5
17866
1
4
5
2911
6
38814
5721
2
294
189
23
0
1807
73
1203
25
1
10884
73
1203
25
253
2
8
15
10884
13
41
79
5
9397
1
10144
91
241
25
13
5
1965
350
6189
17
5
7122
1
8
131
0
5404
18
949
587
2
221
13
648
100
597
12
129
3
3223
5
10884
45
217
3050
7
1820
55
67
73
84
86
12
10884
18
461
11273
2
24
188
3
32
113
0
38815
33
16
38816
28
65
3250
38817
13
54
6
0
628
10884
73
1203
26
1782
4394
18
776
5856
13
10884
1
37
6447
5404
14
8539
799
12
0
1896
319
349
6
0
1467
1128
26
15
5404
206
1346
32
2672
20269
31
0
19800
62
25
73
32
6370
5
1630
787
3
1203
26
8
15
10884
13
41
79
5
9397
1
10144
91
241
25
13
5
1965
350
6189
17
5
7122
1
8
131
0
5404
18
949
587


