144
2778
2585
293
16
26906
138
1
275
417
151
291
287
16
34629
138
1
275
417
151
924
106
362
29
40
900
39
44
43
1156
31
5
130
7249
5
1537
2
135
43
204
3
286
262
0
932
833
119
14739
5
448
81
166
63
5
1263
197
2355
7
1355
2231
1
338
2
238
6
0
362
13
91
1015
11
579
3
19
251
119
0
108
10
2280
12
0
3053
56
5
130
13084
20
59
17
5
8587
549
0
13552
260
2
11686
16
203
2235
0
548
7
1355
2231
113
64
362
43
1156
31
5
130
7249
5
1537
81
166
5650
16
65
6600
544
7
5
599
2020
1881
0
690
113
0
1154
106
362
43
1156
15
362
14249
959
3
1348
0
1400
480
91
1156
4
99
9
49
10
180
7
2
8621
6
0
266
29
556
142
9
2048
579
2
7434
576
1137
364
1265
1971
106
4
14791
2673
20
0
548
5
769
119
39
0
358
510
20
21859
81
166
2
4481
6152
52425
6257
22
16
8
8776
4616
544
1088
3
32
1753
900
1
45
48
7767
0
1899
8152
1667
31
136
362
56
4760
3
2689
2
8
2614
959
3
154
742
6
0
1081
1
480
0
579
556
1
4
923
116
37
1348
2
8
15
362
34
40
1535
3
5
2209
3
0
2982
197
2355
56
0
130
1156
2
15
1400
1053
7
1330
113
21
13
91
2164
2
52426
52427
395
12
560
81
166
16
8
4455
358
83
52428
2
203
5189
538
18336
103
1
2066
9346
2
8
191
4738
52429
395
16
8
23157
576
7
1355
2231
1
33391
1
8282
6
106
4
25
13
118
426
2
8
13465
16
15
13552
690
7
1355
2231
113
0
106
362
43
1156
31
5
130
119
4760
3
37
2982
197
2355
17531
16
563
493
10
9762
20
0
690
81
166
23
0
64
362
43
1015
7
286
26
12930
544
4764
5
251
709
119
0
108
30
37
900
3053
26
1914
432
262
0
358
7
1355
2231
1
3604
338


