144
1679
13763
4
7531
8641
293
16
24313
138
1
608
484
190
291
287
16
24313
138
1
608
484
190
47586
12
11155
824
16
1424
6344
1
137
17
12822
1
719
34
345
17
5
3087
9
83
567
56
21
10
1627
15
1836
6
12822
7
11155
824
482
5204
2421
3
5
707
1079
38
327
0
26174
5300
17
59
56
21
10
7611
2
1424
6344
8119
1515
17
19
8384
7
468
7
50
21
3005
11
3270
1359
63
345
4
3025
3
143
80
6
19
8
4140
226
1470
8
2
6344
1
38
30
93
0
163
7
0
2115
6
0
4601
1
78
0
130
472
384
82
19
5227
14
21
1174
59
4
1031
3
1160
59
5
2204
3
703
59
7
155
331
1
25
30
1172
2
15
11155
824
26175
1
38
30
614
12
0
163
150
0
25744
1
1861
3
248
5
707
573
17
0
8384
45
2094
25
118
175
242
39
0
1676
130
10
37
2470
2
6344
1
3281
1
175
5
517
6
3874
28
0
126
18
163
39
0
4946
9
83
2249
0
1238
18
2395
4
78
88
21
34
5
707
573
17
0
26174
452
82
320
2
378
0
71
6
0
932
573
1
6344
10
1627
4
0
567
10
598
9
17
0
512
6
8165
834
7
155
331
2
101
0
776
2421
933
31
6012
1
482
168
39
0
8384
574
542
1
6344
395
16
8
24
351
2426
14
24
402
1359
63
345
17
66
1
97
624
121
7725
2
8
52
176
16
8
24
188
66
3
183
14
24
361
66
4
24
46
202
2280
66
2
24
351
323
3
1231
66
4
143
662
212
4140
226
1470
558
8
24
893
29
95
1983
672
5
2204
11
66
3
226
3
14822
4
60
73
1071
63
48
7
447
2
8
6344
22
21
46
98
1364
12
1259
0
1448
1
50
21
562
23
2351
4
14695
2
52
22
0
573
10
197
64
47587
2039
14
21
10
2568
7438
14
0
1676
130
10
8
450
3
143
25
69
385
25
10
41
2
8
19637
16
6344
30
93
0
952
126
18
163
3
666
0
4601
15
8384
1365
809
21
10
91
16679
39
19
2553
935
17
11155
824
2395
2
52
13
98
91
4163
31
47588
4
25697
9
0
839
14
614
17
54
6
0
819
7
0
4181
16048
284
1283
276
2
101
522
1
0
8384
18
2395
395
5
723
3
11155
824
6239
0
1238
6
450
3
8
18791
0
583
7
554
3
1231
97
2208
4
0
787
6
54
6
97
148
4123
2702
2
8
15
723
61
366
0
163
18
3471
8
1877
5
2418
2343
12
5
12791
85
0
168
91
6
5
247
130
2
8
11155
17477
694
1
967
1
22
44
115
0
0
6074
6
7611
345
10
47589
39
5
8167
493
2
12209
16
6344
1
93
1
38
30
7092
12822
11
64
1612
1
1861
21
34
5
573
17
0
130
1
45
118
39
0
8384
10
37
2470
135
161
14
699
85
450
3
12984
49
0
8384
1
44
348
11
530
6
19
1448
1
50
10
41
489
2
6012
364
44
34
214
37
1944
6401
482
3
0
8384
31
6344
1
18891
44
34
0
2356
56
21
10
598
1
45
694
354
25
13
2558
23
44
161
0
8384
202
5974
199
37
1944
9420
2
11155
824
8679
68
6344
11
3421
256
6
298
1944
39
44
115
19
1515
3
0
8384
1
45
44
1365
107
41
6435
37
2172
707
573
2
135
22
0
5481
244
6
5
2963
9
83
290
34
958
1245
5984
1
45
366
19
517
6
3874
10
3
1207
59
3
3469
19
2976
7
0
2115
6
0
4464
1448
2
6344
18
1127
9
227
1
9981
1
2479
3
1183
1
45
5
427
38
5506
0
917
20
27
11054
102
78
0
155
331
507
689
14
0
179
1941
13
8
4912
8
2
101
0
7972
16
6344
1
38
1050
11155
824
7
0
25744
1
482
19
8384
2421
5988
3
143
19
4140
226
1470
65
2512
38
107
41
2080
3
32
1459
2833
6344
1
324
16
8
52
10
228
205
3
27
4
0
117
2
52
18
5
228
2120
2407
2
8
11155
17477
1155
0
3606
3189
6344
254
41
1409
0
267
6
12822
2
8
12822
13
2959
85
156
54
447
1
8
0
298
22
2
6344
30
40
12822
18
26174
11
64
1612
1
3694
12
0
163
23
168
23
11
31283
24965
1
14934
11448
4
438
3633
1
119
4922
697
47590
18625
4876
2
52
1117
6219
0
993
6
11155
824
18
6496
32985
47591
4
29823
3347
1
119
61
16004
4
5780
163
47592
4
438
24965
2
52
933
37
8330
63
19
673
7
1570
180
581
3526
23
5
24651
1541
47593
16
939
4790
12822
5893
21847
4272
3792
3526
1
2867
4
47594
3291
28470
2
2086
48
70
21
532
7
4790
12822
16
65
47595
18
10507
1
5
3738
10273
6344
18
2175
28
5
3241
8658
17
32986
3
11009
19
754
12
0
3722
163
2
26
1424
6344
1
3281
1
78
19
8384
1
98
928
1
21
58
8
143
19
4140
226
1470
8
4
1031
3
503
11
59
3
703
155
331
26
52
4026
6
19
361
4
7470
3
1231
0
1676
130
26
15
4946
9
83
131
6344
5300
17
59
452
82
320
1
56
21
10
598
4
0
11155
824
393
10
1627
26
6344
13
98
12
517
28
0
163
4
678
3
666
0
1448
26
52
10
0
2239
6
3738
4790
12822
558
421
48
70
1
50
24688
69
19
3241
8658
17
32986


