1447
87
709
8477
16096
16097
37
2429
185
24
2526
8751
27
742
54424
9745
61
185
24
622
620
61
87
14
853
3505
27
119
2461
2237
61
129
825
278
624
47
23
24
1271
6257
64
24
7515
16243
3232
61
4952
14
11566
9745
57
54424
24
54425
61
13
24
3310
57
32
57
54
486
27
187
87
1219
14
28173
34
31023
13029
57
24
36
61
64
24
7501
9
2033
16025
185
14
54426
10489
13
53783
24
5241
61
3504
91
25374
2968
23
24
32638
29538
40106
27
16096
16097
99
105
14
435
36
185
24
8751
61
2505
23
6784
2542
34
2461
23
704
16034
251
9337
522
99
953
57
16097
54427
54424
2
24
7515
16243
11703
162
24
522
61
16097
54428
262
331
7515
16243
1393
45
738
13
47744
61
1185
2359
215
706
107
23
54429
7749
61
331
484
24
548
22981
13
54
549
61
49780
76
8652
27
331
54424
1393
2648
7515
61
331
16097
6566
61
484
24
522
15883
133
27
618
24
8751
61
16097
99
623
24
2000
13
7482
23
24
191
61
5
87
1622
13
56
75
5937
185
3354
61
575
358
718
1015
24
1948
185
5887
13
144
316
131
27
16097
3383
99
53
6784
5210
23
14
2461
654
237
36
61
79
890
3276
27
54424
87
14
5241
2
32638
29538
37
7515
16243
11703
61
3504
91
1040
25374
2968
16097
37
35
2544
650
75
14994
61
5
215
87
1622
13
56
75
5937
185
3354
2994
413
2544
6987
34
16090
246
251
9337
522
99
953
57
16096
16097
54427
54424
246
119
5241
87
14
1563
54430
2
24
7515
16243
3232
246
16097
87
971
91
14
549
61
129
4123
13
4199
24
9745
246
16097
99
105
14
435
36
61
2505
23
6784
192
34
2461


