258
1368
1369
12160
262
16200
10045
61
5791
61
149
561
34
562
58
18420
525
2255
76
14
20797
1348
926
285
13
1550
525
23447
5
5637
251
2255
9
57
9
316
129
3395
2414
3561
34
525
485
484
2050
18672
13
596
525
2534
2255
149
561
34
562
1671
27
16200
10045
105
17931
316
9
5
9
14
9
170
2844
57
928
1348
926
20796
5742
506
9
2033
7836
4503
76
14
20797
23
16486
61
5919
27
119
15273
9
2033
3138
926
149
10823
1687
133
57
33283
58
1667
525
5829
2255
3398
76
49538
27
842
14
2959
944
24
9877
61
14
791
35377
129
2196
1511
1284
360
2111
61
149
45
30071
3233
27
10045
61
14
791
16206
7658
61
3818
3319
525
40
3250
596
5
3138
14
15185
9
2674
3582
2150
926
149
45
23
1123
57
525
2534
7280
27
842
14
6558
104
16486
3222
943
750
525
926
516
107
1778
2132
34
104
306
2213
494
58
16805
1142
525
3253
57
596
23
1511
1284
334
2277
27
3255
9760
49539
330
7157
331
149
14
4396
5825
331
23
10045
331
829
13
6457
525
2255
61
5
149
45
14
3340
57
9405
3582
27
119
2959
944
834
10045
5
525
4068
21615
105
4828
525
2255
5
571
1543
61
12194
61
35
3192
27
579
3395
24
485
2414
3561
61
7140
928
5
510
525
2255
14
2538
57
23447
5
5637
23
5282
27
1042
571
935
285
18672
5
1142
525
40382
5
1008
18
525
14903
2255
27
1178
332
149
289
40
61
1348
977
5682
525
8700
61
10045
750
542
262
331
628
1018
1013
1028
723
13
1018
1407
61
926
912
100
218
1487
27
331
119
19960
663
2936
515
10045
149
10884
5
46605
525
720
27
31026
2826
1142
926
149
2612
7259
27
1936
24
801
24
8672
149
750
515
709
32
105
944
7836
4503
1541
4081
449
12710
27
1042
583
1543
750
24
2959
926
149
14
292
17058
5
516
45
278
8523
57
2214
525
562
23
515
880
27
3255
49539
359
262
331
1447
149
709
3259
515
926
149
23
13024
450
27
10045
61
324
7520
104
334
505
2959
956
61
3250
8180
525
2255
61
586
926
638
183
331
133
57
603
331
331
1042
450
105
14825
20068
23
24
454
1185
818
484
926
1077
27
331
3520
822
6076
16027
23
24
14922
57
496
640
147
723
288
3181
5
3181
2612
27
331
5322
288
2351
101
24
7852
57
2795
104
24
227
723
1745
851
2255
61
14
5825
502
87
835
23
851
829
13
1018
496
723
638
27
331
3255
49539
330
215
105
331
709
3259
331
10045
149
20043
91
24
1774
57
525
2343
912
776
5
515
525
829
149
49540
5
45
21486
27
842
215
750
525
262
331
119
1217
515
525
28415
149
23
1193
1772
4539
638
45
221
525
562
1193
1511
10636
27
331
187
149
14
562
11632
91
24
3802
5
723
510
24
15295
829
13
1029
183
27
331
5322
2400
12335
825
761
76
723
641
24
1029
57
851
1267
5
515
23
1981
87
14
821
8599
10403
27
331
30055
262
16486
3222
943
944
515
61
1347
3400
589
4503
2196
1511
1284
360
2111
61
926
149
45
30071
3233
3226
481
29985
8721
330
17031
4503
61
129
105
316
622
5253
61
105
100
5121
20201
35695
47271
4751
27
579
149
407
2
320
14
540
57
3133
484
525
897
484
361
4828
104
82
91
14
5538
2230
5
334
16893
39086
27
396
330
10045
8192
13
525
4068
515
926
105
1399
14
20797
18
525
2343
912
855
5
1745
525
27
10045
61
14
3048
2230
61
289
24
642
2151
362
4615
57
24
315
5
149
6555
27
1307
4863
926
750
542
926
1745
525
2255
331
133
57
603
331
652
926
638
1013
1028
13
850
525
1470
27
579
750
542
262
331
628
978
13
6457
707
2255
27
628
20796
525
76
14
20797
27
628
603
707
2343
61
628
847
1013
1650
13
850
525
1030
515
27
331
49541
2617
6092
49542
750
24
2959
515
10045
61
57
16486
61
5919
61
149
776
2
14
6016
9405
15727
289
331
32857
15727
331
1348
926
331
4113
331
5
1745
525
2255
27
1295
14
169
5589
61
1685
2377
29750
2617
259
38238
61
330
646
149
709
4121
13
3084
926
149
776
2
24
15185
9
2674
310
4382
27
397
10045
149
319
868
13
2430
525
6578
9
19489
5892
185
621
83
91
2959
1140
9
32
57
525
760
19970
133
2
24
1857
17811
331
603
723
2343
331
27
246
16200
10045
61
5791
61
20796
29033
9
2033
7836
4503
76
14
20797
246
20382
10884
14
2839
57
928
655
140
525
485
23
16486
246
1042
571
1142
10045
40382
5
1008
1462
13
49543
2255
246
18699
926
795
331
133
57
603
331
58
1667
525
1470
2
49538
246
5893
2084
40
16200
750
542
262
331
628
1018
244
1028
723
13
1018
1407
331
246
3255
104
16486
3222
943
1520
926
825
278
13
8819
14
6577
57
2213
494


