144
2817
13451
293
16
39161
138
1
259
417
151
291
287
16
39162
138
1
259
417
151
7444
393
8258
778
16143
19
2802
12
560
39
1262
8
14649
8
481
20
20
2440
9
912
2562
1058
2682
5814
20
59
23
21
10
2021
2944
2
15
12471
9
83
6614
312
55
20
5
8
20367
1239
14649
8
1224
1983
39
2229
5
1647
160
2798
3
688
12
125
17945
2
52
1806
16
8
24
351
662
2696
6
39163
1160
223
18
2944
20
2682
218
6147
13
25
79
121
7
95
7188
450
12
17945
14
18
86
10585
218
8
2
8
39164
8
16
8258
778
1
93
1
22
21
10
8
12
54
8
262
19
4130
17
5
8
20367
8
1224
1983
20
5
1647
160
2798
6
0
2440
9
912
223
18
2562
1058
2682
1
122
15
1538
4
19649
1
38
78
19
23829
2440
560
3362
21
10
8
12
54
8
1
633
16
8
281
0
20367
1239
14649
211
20
2682
7
17946
14221
2965
24
351
159
3
154
48
2197
94
307
16144
307
8
2
57
532
5
3695
6
2944
778
34
1082
28
0
1058
43
253
501
2
15
2562
1962
2404
3
0
1842
9
2657
6614
18
8131
4923
17
37
2786
4
37
1005
6
4106
2
8
380
54
8
16
15
9710
1479
1538
633
799
6
430
4973
0
2682
39165
17945
7
588
53
214
748
51
1
4
7
17947
57
176
25
58
32
8450
0
17946
14221
2798
63
0
358
2
8
39166
104
352
128
2426
3
1487
48
2
104
893
32
8450
136
17946
14221
174
63
48
978
2
1978
73
60
185
20
80
218
8
1
2682
395
2
778
1
38
633
799
6
430
4973
0
2682
17945
7
588
4
17947
1
78
0
1058
16
8
3600
1
24
252
95
4055
2944
7
37
802
218
8
2
2682
482
0
2944
3
0
1842
9
2657
6614
20
19
102
81
166
1
301
3
5
365
7
0
507
1847
2
15
9710
1479
1538
1806
16
8
3972
66
128
194
307
24
46
1802
95
39167
2562
2944
17
753
5054
307
307
27382
8
2
26
39168
10
1677
11
2944
20
0
2440
9
912
223
18
2562
1058
26
16145
19
2802
77
8
20367
1239
14649
8
1224
1983
20
17946
14221


