65
305
290
38
3624
5
7403
20
27
164
7
2531
30
562
129
36
20738
374
27
5282
23
4854
2153
27
8038
9
4
129
36
1388
3
54
132
383
5
1195
4
185
217
2280
7
2936
1150
2
101
37
772
17
4891
559
1
24126
4015
22
19
263
11980
13
5
105
9
70
9
83
2774
20
0
1539
3460
714
7
11922
1
113
231
5112
3133
11421
94
27116
613
4
2420
2
96
10
78
31
27
1021
54384
1
38
10
192
285
7
0
343
1
3
4170
374
5
5282
56
0
4347
7921
0
164
2
297
94
11
167
12203
16
11980
4015
1
105
1
1671
0
5112
343
12
27
164
7
11922
1
2531
2
96
6769
374
5
5282
23
0
11451
2153
17631
1652
4
2420
7
37
4236
14
30
1549
0
172
24559
11
605
836
0
25705
2774
3914
3
722
27
1864
4
383
5
1195
1
86
36
73
185
594
819
6
1282
7
0
1252
2
96
13
137
17
27
244
24126
4015
1
775
96
22
16
8
24
79
2296
95
1069
23
25
10
86
4303
110
10
2621
90
121
2
8
24
408
125
128
7708
3513
2667
0
471
4
309
3601
7
5
410
2145
2
8
581
1021
348
121
3
165
4
4170
374
0
1639
4
41
233
2
135
33
849
75
2
8
9681
3
0
54385
833
8122
0
4854
43
319
4
0
4388
6
13080
1
11980
22
16
8
24
84
74
183
110
457
44
34
7
42
844
45
24
306
19333
109
0
1935
60
1487
7
3633
2
8
24
306
169
6
0
613
3417
2
135
43
1299
1230
2
8
8
24
10
2402
374
0
1639
4
24
10
2402
92
11
5
189
71
2
8
15
25705
284
254
74
183
129
189
36
2201
92
90
36
10
2436
2
96
176
16
8
334
189
71
5
205
130
224
4
8685
844
17
121
4
348
121
3
226
55
2
52
22
16
240
8173
1
850
18
1226
98
240
2
8
23835
342
16
11980
22
16
8
24
79
2296
95
1069
23
25
10
86
4303
110
10
2621
90
121
8
4687
4347
16
5112
3382
38
719
7921
37
2530
9
389
164
7
11922
2
2531
467
105
230
6
11259
12
426
54386
33
214
12
0
1884
6
5
4210
2
2241
0
4891
2847
1449
3340
5
12996
12
0
193
1235
1
23
0
164
9893
3
1750
0
4160
4323
6
0
18738
249
11980
10
348
112
36
6596
3
722
27
1864
1
36
22
16
8
24
322
5
3865
290
2
24
2080
3
625
7
222
164
2
8
24
322
41
2999
2
24
2080
3
165
99
3
164
4
326
17
95
280
2
8
24
2080
3
165
99
3
95
2741
4
383
5
1195
2
281
0
849
266
84
25
311
24
46
1860
95
566
4
3448
2
24
322
3865
109
95
566
38
13
7
286
1
4
95
244
2
8
68
4015
13
1987
6
0
11608
19
263
738
7
199
4160
2896
2
15
7109
9
83
22
16
8
581
263
30
6624
36
13
5
54387
290
1
5
3865
290
2
8
52
61
1002
6
0
30032
146
269
21
444
17
100
597
63
0
6839
6
11980
4
19
198
54388
1
38
61
10830
0
164
2
65
2626
127
0
11922
164
343
2
1315
85
9743
75
1
148
6
88
126
1
43
285
56
5112
11451
7921
5
164
7
11922
12
426
52
22
16
8
378
0
71
0
2630
343
175
242
24
10
109
5
25849
350
11
95
126
1
24
10
3190
11
11980
45
92
10
5078
3
812
121
63
27
2
8
334
146
269
37
2530
544
348
121
240
3433
212
263
18
540
11980
218
240
8
24
10
86
2999
3
2174
2
24
273
21
34
849
546
63
95
263
2
89
123
24
5506
16
240
3240
1
11980
13
95
263
1
812
121
110
510
3
27
240
2
8
52
22
16
240
96
13
1161
4
66
73
154
27
17
66
240
2
24
73
41
2832
129
5362
24
10
3
183
63
95
3560
263
2
8
8
24
107
41
5406
114
25
1413
193
8
16
35127
35128
1671
31
508
420
39
91
303
1165
7
0
2083
56
5112
3133
7921
19
87
9
1469
1108
1
54389
19
280
4
2530
15646
8
8929
1
6973
4
265
1345
43
8665
274
113
8
16
35127
35128
53
528
51
408
0
8
9397
902
6
19
280
8
23
21
2198
0
6872
120
0
7403
89
19
4105
10
20803
17
1230
4
1681
1006
39
2
8
3965
198
13
900
4
13
7
765
286
1
8
0
2504
78
59
2
68
4015
176
16
8
581
198
10
4117
209
56
24
408
59
1
19
145
10
3417
11
0
1030
166
2
8
24
322
5
700
4
2958
24
4082
13
11
95
117
2
24
73
41
2832
3
66
0
1230
24
2040
11
95
263
4
198
2
8
15
811
7
2531
364
14
0
164
10
118
11
1049
1
45
68
4015
9013
14
2
324
92
13
5
1443
3210
11
1052
613
2
1643
1
8753
1863
28
284
5238
6
0
2531
164
7403
921
3
6289
2
11299
54390
54391
1
542
1
170
816
0
1264
20146
6
19
54392
1
78
0
172
16
35
308
73
14279
49
136
164
1
66
73
154
184
136
2420
1
45
66
73
41
154
184
136
2665
2
35
24
10
7
0
4075
471
56
0
11451
309
3942
4
54
175
5
303
20
121
17
5
8355
1
45
0
5817
32112
2
221
43
126
3221
4
3417
4
92
43
1334
5189
2
35
15
14632
43
22729
17
777
2
1544
0
2420
43
4520
2
35
828
24
76
181
63
10
113
95
305
566
10
2
4000
24
115
55
14
55
6
5
1108
6
575
38
239
1
21
10
0
118
54
38
2284
11697
2
35
104
188
136
4986
2
104
33
80
2910
4
34
1584
739
3
84
17
11453
20306
16
271
19247
18
853
1
113
5
2630
6730
430
49
120
5
697
9
889
22123
6433
16
15
548
6
0
368
1158
1111
197
0
10118
4
4891
1760
15766
16
65
777
9
25436
15605
973
3
37
26860
20
0
164
7
11922
1
17
26358
12
0
898
5864
3
54
6
0
819
6
0
7403
20956
33
23536
4
777
30616
0
898
20
0
1539
3460
714
26860
8
35129
19247
53
93
51
1
0
3704
6
0
1539
3460
714
4
2400
7
11922
1
10
207
12
514
31
10118
38
11463
35130
75
1
148
6
88
126
57
13
521
271
19247
53
122
51
10
2989
114
36
18
669
3
5
1778
2530
35131
1
19247
54393
11299
54394
54395
1
485
1
22
16
35
24
10
7
0
4210
56
60
306
3942
4
24
10
128
4153
2
24
107
141
177
0
4361
226
7
1
45
123
24
76
306
0
3942
4
8759
158
19173
2
35
24
6769
182
95
5282
4
3635
268
0
2530
4
2683
806
2
1437
24
116
5
389
11
25
55
6
0
164
2
24
107
74
233
99
1
24
79
1130
268
24
213
3
0
6751
4
2284
28
0
54396
2241
0
4891
2847
1449
3340
5
12996
12
0
193
1235
1
23
0
164
9893
3
1750
0
4160
4323
6
0
18738
1
173
271
19247
18
853
1
113
5
2630
6730
430
49
2
15
54397
531
3
992
11
0
193
1235
3
32
5028
2
8
57
10
756
14
48
12996
171
32
3340
2
15
2847
1449
3589
1
8
22
394
479
54398
32313
1
5663
3
751
564
54399
20203
18
3911
6
0
595
31
5
16856
2892
2
26
11980
10
680
3
3297
3
27
280
1530
23
36
20738
374
5282
26
96
13
5
2774
20
0
164
7
11922
7921
31
0
5112
26
527
1021
9
38
10
2153
7
343
9
78
27
3
4170
374
5282
26
89
0
3865
290
931
3
722
27
1864
4
383
5
1195


