258
1041
13307
261
262
55227
264
61
2195
744
558
268
269
262
25996
264
61
2195
744
558
13115
262
47561
37812
11650
552
1816
149
1142
104
525
3246
37
1563
119
571
57
1092
478
37812
11650
149
14942
185
24
2345
5
750
13
331
107
168
331
91
24
111
6903
57
525
596
61
183
149
3138
902
27
6157
55496
37
4927
720
57
10566
288
8523
144
12247
2
575
525
1816
149
1142
5
14
257
89
24
5973
34
24
9044
9
2033
27
1042
47630
7308
2153
8622
61
3283
515
54
688
3534
61
37812
37
14912
571
61
105
2011
2052
9
2033
55496
922
24
1563
215
6638
76
37812
37
3246
16550
11650
27
396
330
262
331
55496
1399
54
620
185
707
688
37
2345
5
330
331
107
168
61
1704
331
27
1003
688
5150
227
13
1100
61
628
2245
10655
2404
34
158
27
331
3534
383
215
105
8523
13
55496
515
257
27
331
1585
183
1130
818
822
1220
652
628
44
503
278
100
2769
868
2
525
1816
61
331
215
330
27
331
3116
639
515
87
8332
27
331
37812
37
10492
34658
1816
149
1142
3244
23
14
2060
13991
810
14
17539
8986
23
24
48834
57
24
1563
23
1605
55497
61
527
941
61
1533
1284
14
632
58
926
285
500
27
579
44
503
107
1324
91
525
18795
2960
5
1533
2826
369
361
658
133
13
9055
834
926
1077
58
14
5016
10429
4942
13
3109
24
384
57
897
27
55496
3469
104
24
2436
9152
35
632
4205
522
5009
2
55498
7007
6903
57
525
596
27
7941
262
37812
37
571
3534
5
14
549
27
396
1520
215
87
331
20034
34
37342
331
58
361
331
2044
331
57
54
1093
808
8622
61
12279
61
129
763
23
9749
61
35
1850
54
10166
166
494
495
144
58
37812
37
194
5888
104
24
24438
82
575
525
1816
149
1142
27
396
750
24
463
3912
262
331
628
825
600
151
23
707
1027
525
855
5
720
1348
628
35
1850
525
27
331
187
149
525
5888
5
610
65
525
14
582
4332
27
1042
1994
9497
47
24
1547
5
926
1399
525
7935
1145
846
5
750
846
515
926
1689
846
27
2344
628
1949
4615
76
525
515
257
104
24
1563
5
183
912
834
628
825
600
2422
525
27
331
55499
262
37812
37
7308
2153
8622
104
24
7728
922
24
1563
23
527
941
575
525
1816
149
743
331
162
2628
4567
57
14
11552
8492
331
262
16911
2
37812
11650
37
2255
21752
1869
262
331
11901
730
61
610
603
723
61
610
708
723
61
600
5998
61
5999
61
14947
331
37812
912
6990
9
2033
571
330
215
149
331
20034
34
37342
331
18
54
1093
37
897
58
5049
24
919
57
664
61
2062
5
27653
12515
556
23
591
13
37812
922
24
1563
27
9586
262
6157
55496
3469
4205
14
522
5009
2
5672
2940
76
37812
37
596
3534
750
24
38112
55500
262
331
1003
853
730
825
604
444
13
525
29050
61
12179
61
1185
18278
5888
27
408
278
100
53
13
1470
27
628
2357
818
1090
5
6725
27
628
2357
1634
8638
655
421
2359
87
5965
27
331
993
628
151
2931
87
1008
5
20034
34
37342
27
331
396
556
14
2755
472
5
14
1047
57
24441
10500
12744
104
24
7168
7728
27
331
1031
853
730
149
1689
91
421
61
331
215
330
27
331
408
278
704
100
2044
27
1042
474
61
525
5900
61
1690
926
65
13
237
1146
87
423
61
5
1094
610
144
278
24
7966
27
331
331
1042
474
61
525
5900
61
1690
926
65
13
237
1146
87
423
61
5
1094
610
144
278
24
7966
27
331
589
11650
149
6555
185
15070
57
596
40
16504
91
642
35
2414
3796
321
13710
27
1042
2897
61
2465
55501
61
2149
61
87
663
185
642
7988
185
15070
57
20256
334
5675
27
37812
37
683
1482
14
80
1713
4046
1870
1533
1284
1469
642
355
5
3096
1533
12931
27
6785
3894
3818
515
525
1816
149
1996
123
334
505
1713
343
13
331
3078
17159
331
5
3199
13
525
2255
21752
61
4504
27
251
3355
798
1196
183
1099
278
100
4534
484
14
1762
8769
13
1244
4089
5
55502
2075
11258
24
7480
27
943
4226
16170
57
6157
55496
61
129
3469
104
24
2436
9152
4205
522
9
5009
2
55498
5672
23
527
528
941
55496
87
24
35
1066
330
13
278
719
37812
2257
5
3138
926
105
423
13
38112
13
4658
1293
9
24453
2241
525
21280
714
1185
3824
2956
6921
13
107
82
91
608
5977
185
744
2778
27
251
4238
501
3728
99
100
807
89
37812
912
897
91
47053
5717
61
502
99
4887
34
55503
61
527
941
61
575
37812
1910
76
525
2255
27
1102
610
369
1103
13
1104
1105
34
1106
1107
27
246
6157
55496
4927
13
278
53
24
16710
185
55
257
57
24
5973
246
331
628
44
278
100
503
2769
2
525
1816
820
13
639
515
87
8332
331
246
52425
34658
1816
1142
3244
23
14
2060
5282
13991


