144
1417
5603
10762
10711
2925
118
5
35
2111
19679
7
1408
3
742
0
1956
6
8648
7
4750
1
5
625
30
366
2
2636
28
0
422
6
12247
8103
1000
6
0
1324
1
350
20
2689
12
257
6490
1829
99
3
0
6016
2
15
625
1
933
7
0
4299
6954
1
115
14
10542
6
8648
28
19929
3
6595
2925
118
5
35
3744
2111
19679
7
0
1956
6
0
863
2
1169
0
2174
16
10762
15742
5233
7
5434
4
6955
81
70
34
5069
1339
1
4
3650
29
40
182
645
906
3
1791
0
1234
15
774
61
366
14
1003
274
6262
7
5
5524
494
0
1324
30
40
7205
1
23
299
107
7
0
2581
1574
9
4
9
2803
2106
1
58
32
37
2560
4585
6
11479
0
1083
6
28411
12072
2
360
48
58
6422
19930
17569
6595
7
0
87
70
1054
133
5
1173
0
1581
992
35
37628
4
35
37629
2
19931
6491
10542
133
50
1358
19929
1
7209
4
23281
113
0
1324
23282
9
31
713
134
153
1
50
76
3932
0
1525
6
5
670
2698
15844
15742
1
58
118
1789
14
2733
3
399
134
153
70
1
0
774
115
2
28412
8648
964
0
264
72
14217
5
70
4
3650
29
2217
3
226
49
17
37
2560
4585
6
7210
25
2
17570
19929
30
40
0
956
47
1248
2174
2
89
5233
7
5434
4
6955
81
70
34
5069
1339
1
4
3650
29
40
182
645
906
3
1791
0
1234
2
28413
4585
16
65
1574
9
4
9
2803
1324
742
2886
120
0
2581
3784
2
17570
274
6262
7
5
5524
494
0
1324
30
40
7205
1
23
299
107
7
0
2106
1
58
32
5
152
3
6357
0
1083
6
28411
8648
1953
28414
1
38
4215
0
774
17
570
2681
6090
9
37630
1
22
10711
0
1600
5524
112
37
913
1594
1503
58
7151
2742
4750
1
1758
11463
4
1792
6490
31
1711
134
153
1292
3
2104
2190
39
231
82
2
28415
4750
127
0
1324
58
61
29
5
3367
1593
7
7151
0
1324
1
21
22
2
19932
2653
58
61
185
2
1953
28414
22
16
35
28416
13
7211
1
25
47
37631
2
139
817
66
858
213
4750
9
3
9
4750
10542
1
66
858
213
2192
6
2742
832
4
66
858
213
3577
28
0
2955
4
80
6
261
326
5
754
2
1523
2879
16
28415
4750
127
0
1324
58
61
29
5
3367
1593
7
7151
0
1956
6
0
1324
2
19932
2653
12
0
832
58
61
185
35
139
817
92
47
100
1472
4454
14
47
388
159
3
6063
15388
3577
1
4
110
60
858
3888
13
340
5096
1486
7
1173
37632
1715
1131
159
3
177
48
5877
259
134
153
1083
7
1000
70
12
70
3
722
2
8
674
166
13260
1449
778
37633
1
761
1917
30
226
182
7741
3211
11
28417
15844
10711
1
22
16
35
939
48
1581
19933
58
1911
103
0
4750
4
8414
28418
89
6683
8649
28
0
10762
2313
4979
0
774
1
324
16
35
5446
6268
46
98
355
19929
5
677
4
454
5623
12
5945
14
882
12236
26
10762
10711
2925
118
5
35
2111
19679
7
1408
742
0
1956
6
8648
26
17570
274
6262
7
37
1792
5524
58
32
2560
7
11479
1956
26
89
8
28419
8
1173
58
6422
1003
17569
6595
7
87
70
1054
26
956
350
11
2174
39
5069
15844
28420
81
70


