4415
40910
87
373
23
24
2350
18
24
1107
34
54
994
14264
2
14992
40
3428
215
5173
709
38211
75
54
2033
2439
64
215
5585
13
9956
9
56
54
1915
76
40911
27
119
17951
9
2033
6989
9
1606
21328
2237
149
537
2237
13
4800
54
66
36
76
24
40912
1348
215
149
750
23
4824
515
54
3293
57
1551
2526
23
5392
288
2050
13
107
3373
27
187
174
158
76
853
227
13
532
14
582
2439
40
24
40913
2977
158
14
12162
2528
5
215
857
14
758
9
40914
12778
2
40915
13
30498
40916
27
14992
40912
37
4415
40910
87
11359
91
16436
40917
331
6092
8530
5
3201
19225
123
14
2134
201
112
104
119
259
40918
1050
61
16436
27
331
628
105
14
6529
23
24
6666
57
35
36
1348
628
149
611
5101
34
237
506
40
104
24
1029
57
24
506
515
4073
61
331
40910
330
27
331
628
629
45
401
4149
1607
27
331
628
1019
183
37
652
358
728
749
185
24
443
110
27
691
696
2168
13
2391
13
24
712
27
628
696
2168
709
19
11149
1795
542
61
622
1284
10813
183
149
244
2212
23197
34
846
652
594
4484
288
15003
91
24
227
628
2168
13
532
133
27
331
397
183
711
61
40911
87
692
34
846
27
628
1018
244
278
13
40919
2208
5
628
639
14
2347
57
24
4310
109
27
331
1160
15560
1172
13261
105
100
417
24
1271
843
14
2347
454
505
5
918
15560
2039
9152
149
9135
750
215
149
45
398
57
14992
220
3726
40920
37
6993
34
5392
27
691
4534
185
13
40921
69
185
14
36
9
402
2984
71
5
6582
40922
13823
5
40910
12907
334
27523
57
582
4089
13
38018
24
40912
331
9747
27
1295
61
14992
331
503
1015
9
36
4455
99
100
870
21328
11076
40923
61
502
99
5246
40910
27
331
816
183
105
100
707
3532
61
628
516
278
12321
646
641
24
19
1029
40
358
330
628
516
278
3373
5839
818
183
149
227
13
1454
185
61
331
215
359
27
331
11768
5
40924
69
9152
71
2168
750
104
24
1271
227
27
628
149
14
853
2549
5246
27
628
8779
358
516
107
4455
405
622
308
27
1031
99
45
640
1521
40
69
8789
7164
71
3277
69
40925
71
99
2765
2168
1465
23
54
33
9096
27
331
16436
40917
331
40926
11828
87
11359
91
14992
40912
331
5869
24238
61
3267
12211
5
4415
40910
123
24
9149
36523
112
104
119
40915
1050
61
14992
40910
61
129
2469
34
24
40913
23
24
11801
7314
10144
104
14992
61
373
9579
24
40912
13
107
11629
34
16535
237
506
27
331
628
3429
358
825
1018
2236
758
61
331
215
330
27
331
628
696
2168
405
2508
486
646
5
358
696
100
2931
405
692
4309
23
1986
27
628
3429
358
825
107
11629
104
24
908
1029
57
24
908
533
40
628
825
144
16760
185
496
610
728
2931
27
331
40911
369
24
20549
11717
13
2837
2611
40
40910
5224
358
718
625
1533
10648
24
26379
27
331
119
2438
87
537
692
34
237
506
61
331
215
330
27
331
691
696
2168
13159
9361
33
61
129
87
14
2508
170
9
33
5
1644
2928
1245
13
496
628
696
2469
76
484
27
331
396
37
2928
8050
5
215
825
442
846
652
215
6498
723
575
723
2296
13
107
185
24
8751
27
5048
13
14
582
77
76
582
1124
183
2531
846
19673
27
331
40910
5
1382
19817
40927
40928
369
373
59
2
10227
771
5
825
193
133
40911
37
2544
75
6582
34
12914
7413
37
40929
185
2414
27
246
4415
40910
373
19556
18
1107
34
54
994
14992
14264
246
17951
9
2033
149
750
54
5839
516
107
3373
104
40912
246
40930
40911
40913
185
12162
2528
206
57
582
36


