3979
16
15
6826
76
15096
0
152
11
5
520
8510
204
31
1269
9
808
75
3
429
2717
7
97
2293
53
1630
787
51
3049
29
658
0
1185
3
4408
5832
47
1324
7
97
7267
2557
2
15
6826
51350
0
152
11
5
35
21998
9
51351
642
14
76
32
204
31
1628
3
1695
2717
2
1816
422
1471
29
115
5
4852
11057
16524
14
73
3023
0
5606
6
11967
7
0
843
2
26762
11967
33
3426
3693
17
9838
1915
4
108
5832
47
2950
2
15
3594
6866
0
3580
6
5
520
50
76
32
8510
204
7
1269
512
3
429
2717
2
57
76
158
768
7
5
8222
14
76
32
157
3
1860
2717
7
0
222
152
14
9850
33
157
3
1695
664
1324
209
2
9744
2305
570
4660
7771
78
0
507
491
81
166
16
35
139
13
0
1536
547
11
1820
5
642
14
4493
5832
47
1324
7
97
2293
2
57
445
32
157
56
0
87
2950
1032
2
89
216
1168
2156
13
14
75
58
154
25
23
5
17138
51352
15
641
4293
67
85
51353
75
7
0
255
2
15
774
1
933
7
0
4299
6954
51354
4
51355
33985
1
13
0
87
3
1750
129
0
2834
16524
73
3023
0
5606
6
11967
7
0
843
2
26762
11967
33
803
56
34293
133
1929
21229
19825
6
5045
133
7197
140
5702
4887
7
0
843
4
745
26763
50
1909
354
9563
17
843
7224
2
15
1816
1471
1
38
614
17
30436
7
5376
4
7245
1
115
14
8380
6
51356
133
196
6
5
117
6
12778
14
7337
4852
7
996
4777
133
73
3023
0
1087
2
8470
12
9217
738
14
0
8380
2610
3
0
34293
4
429
88
10936
67
11967
1
21893
42
1956
7
0
843
2
570
7771
1
6
822
375
47
2400
1
1816
1
22
14
0
2155
661
49
111
26764
11
2717
774
2
15
8380
784
33
41
5526
11
256
7
4166
23
44
58
41
3201
0
10058
1087
2
34223
16
15
774
13
0
87
3
1750
0
152
5
4852
9
11057
16524
73
3023
0
5606
6
11967
7
0
843
2
982
11967
33
3426
3693
17
9838
1915
4
108
2950
6
5832
47
53
5
843
9730
31
0
1324
13
137
51
89
570
7771
22
169
705
12778
206
32
67
7810
11
256
23
5
642
2
35
221
206
168
32
2696
6
108
8380
109
48
133
60
79
29
41
40
350
268
98
114
25
10
41
536
110
3
233
34294
21
22
2
281
5
5526
16524
13
658
1
25
76
661
0
152
3
5
642
14
73
10170
55
0
4464
11967
23
760
23
44
454
3
1032
2
570
7771
22
16
35
1188
76
154
88
7
42
10696
3
429
261
12778
24145
386
1
168
90
0
2950
1032
1
50
58
1789
0
759
6
2326
0
3096
1830
6
48
34295
15
625
10
4957
81
166
31
433
5397
38
22
25
3025
3
1789
0
35
7110
32721
6
2717
2
570
4478
51357
6
5832
47
1782
255
22
16
35
139
625
30
310
5951
3
129
3
1948
54
650
1962
6
1490
7
0
34295
570
4332
1109
6
0
5832
47
2758
176
16
35
139
5830
13
4409
23
25
1727
1909
5
1030
111
152
6
350
20
0
863
1
1489
0
3494
3
686
111
51358
72
16502
13
3
32
444
3
207
49
5
1500
6
2717
774
5978
2
15
9006
9740
18612
46
17719
1579
1909
2
5832
47
1782
255
22
0
356
58
185
3
1918
0
35
2468
1521
6
2560
4536
11
0
22829
2
26
10724
13
8
1536
547
11
642
14
4493
5832
18
7
97
2293
8
26
1782
13
87
3
1750
0
152
5
4852
9
11057
16524
73
3023
0
5606
6
11967
7
0
843
26
26762
11967
3426
3693
17
9838
1915
4
2717
26
417
667
3
17138
520
8510
204
31
1269
9
808
75
26
29343
16
1782
7470
3
1789
8
7110
1593
8
6
2717


