139
13
0
87
604
6
0
211
38
2079
27
315
4
27
3220
3232
198
39
27
117
22
44
43
64
8433
6
0
3750
18
641
2
16945
26711
30
1997
11
1924
28
27
315
4660
10571
1
39
21
805
3
355
49
198
3923
2
16945
9
38
73
32
214
12
27
2075
1709
34134
27
21001
11038
9
498
878
3
3923
12
409
793
7
37
19135
286
2
89
647
269
1
36
34
289
27
155
2624
9
529
315
6
33168
187
37
16688
16
27
1
62
19
3750
198
2
297
94
11
167
16945
26711
4
27
1079
4660
10571
137
7
7845
278
1
90
36
658
42
3750
198
3923
34
3220
3232
96
498
315
4660
37
16688
647
269
6
3923
18
878
7
37
19135
286
12
409
793
16945
1
38
13
214
323
34134
27
11038
1
805
3
233
20
62
158
1698
27
87
9
529
198
1287
1
16945
1
5
179
4688
4
10692
1
301
3
27
16499
946
1
1002
3
2861
689
1
1107
8861
36
10
0
145
4
14
36
34
1997
11
1924
2
4660
1
38
1002
55
63
0
5484
595
48
149
1
310
19
227
805
3
233
20
62
158
1698
27
198
114
19135
2099
890
5
284
17
5
641
109
3923
18
3512
4327
12
0
1600
117
2
249
3923
10
529
1
4660
22
21
10
74
1006
867
3
177
19
198
62
227
2
8
139
25469
4883
55
6
0
471
17
5
305
25068
558
96
34
19
225
1372
49
4
286
811
58
74
716
121
177
59
62
95
227
1
8
21
78
2861
689
2
8
249
0
1195
224
55
1
21
22
240
92
47
5
541
863
17
212
198
240
2
8
4660
22
21
10
1549
56
807
1878
78
59
6
3923
18
3220
3232
1
45
25
202
5490
19
1516
3
6968
59
2
8
135
175
121
7
3
177
59
4
24
592
20
48
2407
4
24
22
1
21
18
1338
1
21
18
1595
4
24
351
1584
1637
59
1
8
21
22
2
4660
13
98
5331
450
3
1730
2485
3
7172
0
2434
846
264
86
21
73
1251
3923
99
7
19
3011
155
2624
52
30
369
416
16447
19
1649
9
17
5387
6254
7
28
1391
0
172
249
21
1091
3923
7
3
1118
19
227
1
36
1930
3
517
59
112
21
887
19
198
2
8
939
2317
56
5
442
109
48
13
529
323
1
44
46
812
66
14
66
84
74
29
3
402
88
1
8
21
78
2861
689
2
8
581
227
34
369
756
1
86
80
6
48
10
617
374
95
99
2
8
4660
18
227
1997
11
1924
5
149
192
2
15
295
34
118
40
669
11
542
187
56
305
3923
10
529
7
409
15
1176
279
941
11
3923
46
32
1305
17
37
19135
21580
50
1104
7
126
17
3220
3232
1188
29
40
3834
31
0
33104
4660
30
958
991
19
198
1
1441
59
8
50983
8
15
87
9
71
244
13
98
5331
450
3
1730
2485
3
7172
0
2434
846
264
86
21
73
1251
3923
99
7
19
3011
155
2624
15
87
9
71
244
13
98
5331
450
3
1730
2485
3
7172
0
2434
846
264
86
21
73
1251
3923
99
7
19
3011
155
2624
2
15
7396
946
1
5283
17613
3923
1206
1
30
369
941
67
85
201
1795
7
499
85
823
269
2
4660
30
40
93
3864
31
0
13073
6
337
2
8
3923
4
24
115
55
7
0
12695
269
6
0
415
14
60
34
5490
136
1649
2
52
13
5
1726
2407
3
29
0
337
6
792
6
280
140
0
172
1
8
21
22
2
15
279
46
32
157
325
5
260
7
11097
4
3
355
3923
1864
4150
2
4660
61
678
3
256
125
6
0
2752
3
337
296
7
34135
38
33
2298
126
17
8657
2
8
104
1494
61
109
3
1016
0
21776
2752
17
0
118
21580
7
34135
14
1886
1104
2079
3220
3232
2785
23
168
23
108
5071
14
73
185
261
126
1
8
21
22
2
15
2553
616
11
4660
4
3923
10
3
1251
511
11
5
70
86
21
76
124
196
9
71
147
4
462
11
19
198
2
930
143
5
6307
3
3923
18
773
1
703
16
50984
26
16945
26711
498
878
3
3923
12
409
793
7
37
19135
286
26
89
36
923
2079
59
39
2163
21
34
3220
3232
26
15
247
145
2888
19
641
58
934
4327
12
27
117
26
96
116
315
4660
2519
197
27
4
42
3750
198
26
1366
9
71
244
10
1258
1924
2829
5
149
39
3923
10
529
26
50985
30
574
3
1730
2815
86
21
73
1251
3923
7
19
3011
155
2624
26
32234
946
30
941
67
85
201
28074
7
499
85
823
269


