816
723
278
3212
13
6559
61
5
369
16773
76
2801
7107
1155
64
592
5
1002
61
646
37
14
582
5538
7279
1564
8495
34
24
5006
27
5305
37025
61
24
7279
3862
2947
6472
69
1389
35190
71
13
4458
61
502
3492
14
2947
3838
69
1389
37026
71
35315
11133
61
10654
14
2947
5435
69
1389
12440
71
6248
11133
27
12666
2581
2856
18265
17693
5
709
2809
1221
40
24
557
57
24
4128
369
2381
13
372
719
185
2801
7107
1155
64
592
27
37025
69
324
71
149
1481
47
91
7703
9
1893
29541
972
37027
9
26849
27
1312
2947
6472
61
69
1389
35190
71
4163
444
2856
18265
17693
61
5
718
614
11137
76
622
4163
61
64
758
64
709
2809
27
1295
61
24
557
57
24
1783
37028
592
61
1302
4163
718
5335
37029
61
1358
876
5
532
486
187
87
787
185
30662
5
3824
30664
61
5
646
369
663
6487
5
26047
14662
34
5326
5
5325
27
37025
149
1481
47
91
7703
9
1893
29541
972
37027
9
26849
27
37025
3862
2947
6472
69
1389
35190
71
13
4458
61
502
3492
14
2947
3838
69
1389
37026
71
35315
11133
61
10654
14
2947
5435
69
1389
12440
71
6248
11133
27
12666
2581
2856
18265
17693
5
709
2809
9
40
24
557
57
24
4128
369
2381
13
372
719
185
2801
7107
1155
64
592
27
187
87
787
185
30662
5
3824
30664
61
5
646
369
663
6487
5
26047
14662
34
5326
5
5325
27
3116
1153
24
1783
61
273
1393
107
18
6324
5
1393
5676
2590
122
1189
5251
27
32936
20896
24
1783
5
418
34
4325
61
37030
5
37031
27
1687
37025
3492
3096
4128
723
278
799
13
5928
2
14
9800
4166
5538
7279
9
5
14
2347
515
723
1099
36921
4042
808
37027
9
26849
27
1687
5340
723
369
14
37025
416
61
723
278
1167
13
9754
9009
5
21263
18784
76
704
622
273
27
1687
727
718
5408
3085
61
278
9509
449
1690
2
3486
23312
13
1578
354
13
10747
13324
37032
3116
1153
24
1783
61
273
1393
107
18
6324
5
1393
5676
2590
122
1189
5251
27
32936
20896
24
1783
5
418
34
4325
61
37030
5
37031
27
1477
24
1783
1308
1013
2457
1193
2809
61
4163
718
5016
8858
24039
5
1532
6492
13
622
273
8123
27
1312
1140
5
1096
1107
61
808
37027
9
26849
359
515
24
1783
87
1013
37033
185
5383
61
1308
1013
278
1193
4128
34
2639
9
273
61
5
825
604
5361
416
5251
61
5816
1185
622
952
27
143
808
37027
9
26849
359
262
1687
37025
87
45
14
37034
333
27
37025
87
334
11971
13
2801
7107
61
40
663
34
5006
308
129
369
1013
5457
9339
61
1302
358
847
1013
1153
592
37035
69
324
71
27
592
37035
807
23
1078
5
87
898
13
1687
1857
12300
27
119
3952
4227
24
4195
825
1020
9339
369
1533
5562
13
9670
76
122
128
1687
2686
37036
329
37037
825
45
767
723
14
28641
1674
61
1185
532
723
21104
13
14
6586
9
133
1863
3193
27
1687
691
6043
11470
13
442
273
23046
4207
5
532
122
880
1145
24
5538
37038
37025
87
334
11971
13
2801
7107
61
40
663
34
5006
308
129
369
1013
5457
9339
61
1302
358
847
1013
1153
592
37035
27
592
37035
807
23
1078
5
87
898
13
1687
1857
12300
27
119
3952
4227
24
4195
825
1020
9339
369
1533
5562
13
9670
76
122
128
61
5
1018
1013
278
13
1153
24
7768
1783
27
187
663
4063
183
3334
13
6314
4166
26204
9
5
592
1046
37039
36186
985
76
128
64
32
5127
27
246
37025
149
1481
47
91
29541
972
37027
9
26849
246
187
3862
2947
6472
69
1389
35190
71
13
4458
61
502
3492
14
2947
5435
69
1389
12440
71
6248
11133
246
12666
2581
2856
18265
17693
5
709
2809
246
1295
61
24
557
57
24
1783
37028
2801
7107
1155
64
592


