18131
51442
2247
12869
10
900
7
37
6784
1163
20
19
4186
4083
1
7376
102
426
1241
2
15
11949
9
83
18
9552
34327
15262
78
6012
14
21
10
20
42
102
1
8169
19
1158
56
25
9349
1582
4
6730
103
19
93
9
619
1269
3153
2
96
131
12869
10
41
1591
25
10
8644
2
8934
203
3498
14
5
447
10
900
20
0
1918
4
204
3
0
286
11
1356
9
142
9
2048
579
140
463
826
2
65
4677
607
14
12869
10
900
20
19
4186
4083
102
426
1241
2
3626
12
0
122
508
11
0
15813
65
18
7
4231
12869
18
9552
34327
15262
53
122
51
131
21
219
69
859
426
166
3
22060
110
13
93
6
0
3153
2
3626
386
20
5
1389
1522
423
7
600
151
294
6
426
166
140
259
826
17969
1
12869
10
7
859
3
26777
0
3153
2
3083
719
78
0
295
14
12869
46
202
7960
412
256
6
0
3153
1
100
978
112
44
33
344
3
26777
110
18
93
2
8595
163
14
12869
3930
0
102
113
0
932
358
2314
2
15
33161
9
513
5103
0
27545
17
19
2850
16442
7
0
4917
1
45
192
490
3
319
1124
9
31381
679
11
194
6
19
673
2
12869
13
5
122
9
1258
26690
38
312
51443
673
102
1565
4
10
5
231
9
71
828
9
1847
2
52
61
545
11
1602
1
2563
1
4404
1
8288
2700
1
0
155
331
17952
4
2572
857
22616
120
5
673
14
17268
28
8198
3
2581
2
3626
748
1
12869
18
102
7
4186
4083
1
7376
113
0
358
1365
510
426
1241
31451
16035
51444
1002
63
0
358
3
5
487
3579
652
26
15
179
15813
65
18
393
10
204
3
0
286
426
1241
11
1356
9
142
9
2048
579
26
52
219
69
859
3
26777
0
3153
426
166
1
45
10
78
21
58
202
7960
412
256
100
978
129
1369
0
3248


