15641
2282
278
100
7176
515
14
2745
57
15642
44
9922
122
15643
3059
27
8920
2
13031
15644
6423
7628
5
1956
733
941
278
2275
15645
7985
76
9994
5
15646
15647
27
119
1344
2103
24
450
57
3046
3132
13
1874
1611
2282
27
5756
61
24
3046
3132
13
2282
129
510
15648
288
709
1533
5562
13
2533
9994
1185
15646
15647
27
3617
278
100
7176
24
1474
15642
15645
44
9922
122
15643
3059
69
394
858
71
842
2282
279
76
15645
5
622
7985
2
24
15649
485
57
15648
288
837
1587
64
5562
13
278
14
3059
76
32
57
1508
367
64
372
417
15650
27
119
1344
61
784
23
24
1320
15651
15652
61
1142
515
14
188
57
15653
3037
288
417
15648
123
7741
61
594
1162
15650
27
4816
741
1299
1300
57
24
2282
15654
15648
288
417
15655
61
502
369
1129
13
3163
15656
5
2316
13877
5
369
3924
5562
13
107
417
123
15657
3582
1185
1222
14
893
87
1408
13
15650
27
1295
133
57
705
2845
2282
417
14
15649
1537
1284
15650
61
646
149
32
1533
3059
3132
76
15646
15647
1185
9994
27
15658
3809
15659
15660
9925
7734
2282
13
151
3477
1193
15648
515
358
369
15654
1221
64
334
4820
87
5562
13
9922
122
3059
27
15661
369
2
24
15649
485
57
15648
27
15662
369
1129
13
3163
15656
5
2316
13877
5
369
3924
5562
13
107
417
123
15657
3582
1185
1222
14
893
87
1408
13
15650
27
143
926
15521
515
1193
2384
4031
13
24
15643
318
4602
91
24
7985
516
107
997
1478
27
1295
61
76
1413
3240
4729
5812
9976
449
24
7985
61
926
330
183
149
227
34
24
7985
13
107
9141
15663
91
24
15664
5
5203
15665
15666
15667
69
15668
71
27
3809
4586
15669
61
57
4505
1956
61
7176
515
14
1021
4820
44
1029
47
3319
365
24
2255
5
525
318
27
842
215
359
262
1687
13536
61
7152
322
23
7741
10595
14
821
175
1191
57
451
5
183
825
45
2021
846
1222
24
11856
4948
15670
4047
13
1790
1185
3127
15671
15655
23
15672
27
6386
330
515
24
1344
1308
45
3382
515
15655
369
15673
61
64
183
44
107
515
24
12787
358
369
1129
3163
369
1533
5562
13
1187
24
8491
1284
622
13877
27
15661
87
1129
13
3163
15656
5
2316
13877
5
369
3924
5562
13
107
417
123
15657
3582
1185
1222
14
893
87
1408
13
15650
2617
15674
15675
61
57
15676
733
941
61
330
262
1687
999
1017
87
34
4149
262
7734
2282
2831
611
1550
15648
1348
15654
542
64
24
4031
57
15677
4820
13
24
7741
718
107
4509
27
1687
3116
1399
1022
23
14922
61
24
2243
4031
13
122
3059
57
361
15654
15655
61
1222
8550
646
87
14
4031
61
87
821
15678
119
15679
8455
61
24
15668
61
330
183
99
253
1642
3103
5542
185
24
1344
5
183
1308
45
4082
515
24
1319
15680
6124
14945
515
15655
369
1169
27
251
1609
330
262
1687
15681
61
237
1344
1142
709
5760
4121
57
9922
1348
15648
369
15654
23
7741
27
1687
7939
7734
893
129
99
100
15654
15648
2831
1359
13
1550
542
64
15682
5
4081
13
122
15683
7150
1222
358
278
1193
15684
246
15661
87
334
15642
417
34
15656
5
2316
13877
246
3601
15654
123
15657
3582
1185
34
308
1408
13
15650
246
8920
289
34
14
451
3728
40
15521
2384
4031
87
1478
246
5756
61
1344
1142
15648
319
123
7741
288
5309


