1510
3553
4200
3688
30
1050
1765
12
1331
11
0
7871
6
0
236
2
1765
46
503
72
3991
49
376
45
0
1808
29
41
1301
5
3667
3
143
0
465
2705
2
15
5742
288
729
0
1882
12
42
560
2378
140
16768
12
446
1
272
37
889
90
0
485
826
7230
2
1336
3
47508
1
3688
22
16
8
24
659
228
350
653
3
14996
48
1683
20
5
288
17
199
5
683
4
17
199
400
1168
1
253
2
8
15
449
931
3
326
4409
1
2461
486
4
24
659
1571
3
143
5
425
4500
77
0
2600
593
2
8
4200
3688
53
122
1
508
127
47509
24029
7
484
51
30
1050
1765
12
1331
3688
46
1428
49
17
6290
5014
18
243
268
0
267
6
0
1043
236
1765
449
6290
5014
13
2671
3
29
14458
0
1882
6
3688
1
324
16
8
104
80
183
110
4200
46
934
3
136
1086
17
19
702
4
183
9
129
1
19
3959
17
246
7
64
353
6825
4
0
6453
21
30
207
7
0
589
328
2
8
378
918
1
4200
46
32
5
228
650
18180
3
136
1086
4
21
46
3932
5
541
2986
7
1281
6
2461
2879
28
98
3
0
267
6
0
236
2
318
3057
4
13315
46
1123
7
168
20
16546
2
8
3688
13
5517
3
143
19
2012
127
502
12
377
2
8815
47510
1
38
545
17
3688
20
2985
1
310
12
749
2618
483
4042
14
21
34
489
5
1656
28
59
324
21
34
1301
1210
1281
17
1765
2
3688
34
532
3
32
2447
3
1428
216
179
2985
174
9
2430
9
10386
27972
9
20
2300
283
1
45
0
15532
8
16855
745
531
3
5
24839
7
0
3553
18
1062
2
3183
283
43
61
1912
3
911
3688
1
38
30
40
8892
793
278
31
246
1
45
5014
1088
3
29
413
0
1035
11
19
6162
2
15
1882
46
32
1765
18
87
6
0
1833
1310
2
15
5742
288
29
1
967
1
786
4660
16698
4
47511
3979
1
4
11746
55
2871
789
3903
4
8726
47512
2
15
4398
9
83
3553
10
61
1440
17
3034
3
589
328
4297
2300
283
4
3183
283
3688
3945
11
1510
127
1765
20
857
2387
3032
99
7
190
7820
6462
30
74
157
3688
1886
9
0
944
3553
30
74
545
150
405
26
4200
3688
13
207
3
1428
1765
12
1331
11
0
936
6
0
236
26
15
1510
3553
10
61
91
20534
31
3183
4
2300
26
3688
30
41
1890
11
2985
150
390
405


