50262
87
10206
185
14
11096
6778
34
55635
1348
358
4699
13
16952
1462
751
27
119
1565
515
285
14735
58
334
46106
7180
76
1579
55636
1061
35
506
87
33
47
5
2329
101
582
3089
5
14
55637
10533
27
187
1520
183
6993
13
278
55635
5
622
28394
5636
33
185
16952
4800
1078
2431
27
13157
185
24
8565
57
39292
3327
91
1579
12140
61
50262
87
3915
14
17616
4699
1462
751
34
55635
5
622
26694
33544
61
1155
64
55638
5
55639
27
119
1565
1520
24
5636
825
2806
24
1271
40
515
24
23408
825
1094
6931
24
8992
1804
331
119
55640
32038
162
119
7088
3520
32465
331
27
47452
262
18262
58
128
23812
24
189
57
24
701
55641
61
1579
582
3089
377
24
29408
2216
28394
825
4699
1078
2431
64
398
57
331
119
55640
32038
162
119
7088
3520
32465
27
331
331
251
1842
57
55642
1430
278
799
13
24
4939
655
50262
99
100
445
24
16952
61
331
1520
55643
55644
61
14
2891
57
24
8940
3952
55644
1569
29920
61
502
5594
47
76
5371
3148
33903
13
4658
14
1265
57
50262
3569
27
50262
20475
11692
149
5557
34
494
484
183
7593
34
55645
2978
7605
55646
23
1920
558
27
27385
459
24
19713
185
494
57
27900
61
64
758
64
14
10834
57
18899
13
23695
23
13409
13
151
47
76
3060
3390
27
119
1565
330
183
149
2196
159
91
5138
6962
5
310
3862
1284
1579
9889
61
552
8860
288
244
55636
27
3116
19508
183
218
1579
7605
55646
61
50262
4872
49460
5589
11161
55647
64
1579
5171
27
842
55647
9641
4942
13
5498
14
6524
5495
76
1579
169
2704
11361
27
162
4824
61
215
459
2642
1061
34
20181
24
1565
37
7410
13
6096
2360
5159
5
4934
515
50262
516
7578
27
119
55648
1482
14
4956
185
50262
28394
5636
61
76
14739
4935
133
57
24
594
965
13409
362
4615
27
5818
8911
55636
1061
769
122
693
23
24
5355
27
26124
262
50262
20475
11692
7593
34
55649
23
558
61
8972
4789
55635
516
709
849
107
6586
162
12770
1579
3104
61
50262
6586
445
1579
13409
23
55650
13
1245
4656
27
2847
4396
14116
13409
349
9365
288
6586
13
16911
11159
61
502
4063
55651
27
46235
11159
61
502
4063
4355
2224
28394
5636
61
4113
47
42482
37
19262
61
502
3492
55652
29192
5
55653
27
55644
1569
29920
5
5371
4936
55635
5
622
50262
5636
34
2947
13448
5720
27
5371
3148
33903
61
7049
91
9330
5797
61
87
1969
34
12940
7896
13409
935
4935
542
34
14
16301
806
1579
24690
2581
1006
9
1449
33822
2972
37
13092
5
55654
37
27
55644
1569
29920
61
502
99
40402
935
6586
445
13409
349
5621
55655
5
54577
15711
61
663
988
55656
15188
29920
1031
44
1020
405
3302
9
11898
8636
87
23
2077
27
331
1447
87
1219
14
2685
8289
76
24
316
61
331
55644
330
27
331
1447
44
107
405
5839
34
542
13
719
609
27
331
119
30317
9
159
50262
20475
7554
99
14
420
1511
36363
10573
10533
1284
24
26835
1565
27
2906
57
24
3240
1061
288
4872
33
61
40
358
728
709
849
55636
27
50262
825
663
1094
16356
13
14815
515
8051
15635
61
1537
1284
6261
8123
13
14739
61
330
13969
55657
61
24
5359
57
50262
129
1195
1903
64
8789
10573
798
27
1031
825
8618
14558
1579
5498
61
5664
183
16356
13
7302
14739
5
2707
704
10100
14739
23
24
4744
22676
61
215
330
50262
149
503
644
13
5498
449
14
188
57
24
1566
37
21546
10100
14739
27
19243
262
1605
3089
57
24
55641
5577
330
358
369
3020
8636
14
331
9394
331
1185
55658
4203
57
24
965
29408
2216
5177
149
663
55659
61
2
2978
32801
2625
13
1413
9
32
621
23
9039
61
28932
61
6372
5
26129
27
119
8844
288
4534
2
11247
13
28932
932
61
24533
61
575
50262
149
1195
1893
5
373
105
405
5762
11485
27
162
24
454
647
358
8233
2
16952
61
24
5636
278
100
3431
14
2347
55660
64
758
27
1312
24
55638
61
24
1565
87
1094
2590
2350
44552
2053
57
1499
2131
13
748
542
14
45947
61
23120
2504
27
55657
15521
515
24
3787
288
13
2468
24
5636
61
45
13
164
3862
27
20915
34
24
5636
825
5449
24
1271
806
14
3306
57
890
55635
825
3958
2947
41738
27
8958
206
61
55657
6039
50262
22754
1579
5324
50347
27
396
2936
515
50262
5636
369
1969
34
166
17464
18324
262
24
55661
2216
61
24
29917
14333
5
24
12409
32075
27
842
215
330
1245
18324
9
1155
64
9394
9
44
107
1459
61
64
758
64
1245
55662
27
331
408
718
278
405
7420
76
515
5995
61
331
215
330
27
396
663
330
646
369
3096
7678
450
23357
24
1565
44
4213
89
61
1155
64
55663
9
2801
61
359
55664
61
2330
3589
5
2330
41823
27
1936
7605
12146
61
50262
105
330
515
1579
5760
3197
105
100
35869
61
637
24
1565
638
244
748
14
13046
185
24
3368
57
6348
13409
27
842
55657
87
2246
55635
825
278
5101
6439
2217
1579
4712
9
4204
27
397
34
24
15962
16956
9
562
61
55657
87
1165
13
21248
24
28394
2216
37
45478
55665
27
331
26350
9
360
1267
9
515
37
183
61
331
215
330
27
331
691
1018
244
35
12317
27
331
246
50262
20475
11692
7593
34
7605
23
558
256
7180
76
5835
246
55644
1569
29920
5
5371
4936
55635
5
622
50262
13409
34
2947
13448
5720
246
1657
1520
358
2290
284
76
55658
5
331
9394
331
55635


