14785
5
1034
905
16
6105
9760
397
65
179
4955
950
3598
2014
13
1418
1034
39
91
780
17
5
676
12565
6
743
2226
284
4934
628
2
6105
9760
10107
20213
628
6
284
762
119
346
23
3598
4113
449
7178
0
956
12
97
220
587
2
836
1294
33
91
348
63
459
25
175
231
187
3
6289
14
5
394
949
34
40
432
77
284
7265
1448
2
203
658
3398
628
43
91
29750
28
68
9760
47
102
1140
24243
1918
7
555
81
70
2
89
2286
81
484
133
119
21
10
170
91
4254
133
21
489
5
4954
20
0
4955
950
1
113
21
34
845
614
7
3285
4113
2
249
9760
1
2729
1
10
432
7
409
48
70
654
4403
107
41
29751
0
1348
2
52
10
118
909
56
21
10
572
81
215
1
45
158
123
0
3994
203
107
41
1750
19
754
20
0
4955
950
2
9014
73
118
98
32
310
39
21
1184
578
3
146
635
6
371
4
9985
3398
628
6
126
2
2241
9760
133
38
30
444
5
2318
346
7
1128
4
4113
11
956
6244
1
173
0
2437
4
5010
950
4
0
2782
950
6
6552
133
1155
16
35
24
659
41
5
40284
15
276
30
29752
5
1263
77
1493
4061
31
106
2289
394
694
603
6
284
4934
2178
2
4246
6638
1279
375
23771
22
16
35
249
44
2367
12
0
276
11
199
5
189
71
4
123
6769
0
725
14
21
13
5
1113
2100
9624
1
25
2472
400
1976
2
35
57
254
1251
645
1294
4
2753
10706
33
9492
29047
15
4955
1027
30
369
40
348
3
2235
0
3299
6
5
1443
1348
6
54
6
292
524
47
5642
12566
2
2640
5130
1
2496
771
6
0
580
259
1173
2227
1
10
432
12
3135
6
29753
628
6
1841
126
7
488
2
15
577
3462
3612
805
3
3498
62
4060
68
5130
34
40
477
62
0
5379
6
156
3029
1
50
10
1085
310
31
48
1387
2
68
5130
10
696
7
3
4440
824
23
2496
251
6
1173
7
411
1
4
10
553
7
3596
49
956
1173
12
7010
478
284
762
628
2
1100
6105
9760
47
147
107
41
6422
156
284
2647
1157
1
0
491
73
1750
21
2087
5
394
431
39
346
23
5
126
47
841
587
449
2
7499
9624
16
9760
614
23
5
8998
4113
449
15
7699
2014
614
11
10813
11
1759
1
50
2134
337
3140
4
12551
126
1
197
4831
4
2767
2
674
70
119
21
10
182
493
1
21
1305
5
604
12
19
461
946
6083
6002
9
83
126
3
32
1161
12
0
1066
2
283
6
3067
3476
372
306
14
9760
40285
743
2226
3398
628
6
126
1
6488
6
50
43
8434
23
0
148
2350
2
378
19
72
9759
13552
102
7
40286
1
407
160
1
106
115
29108
628
4
167
5684
2289
284
4
913
762
2
15
186
306
14
9760
47
984
34
2837
262
19
1348
2
52
1184
578
12
470
3
105
1577
6
371
37
3398
787
6
5
284
4
54
3610
6
9985
37
3398
1818
6
5
284
2
89
397
9760
1155
21
10
41
5
7280
2
9137
7
6127
5295
1
17
2070
7038
4
5
12025
29754
3355
2927
19
40287
10286
883
1
0
1912
6614
1
38
13
196
6
0
257
40288
1755
40289
1
1172
28
19
102
7
40290
1
407
160
2
52
1155
35
24
659
41
5
40291
1
90
20638
103
2
9760
13
12
2149
515
6
4156
20
6466
904
372
12
522
999
2
65
4955
950
479
22
9760
10
1410
7
409
4
3196
7
359
2
2577
60
33
41
648
3038
685
12
48
1954
2
26
6105
9760
902
1034
39
91
780
17
743
2226
284
4934
628
26
895
4955
950
3598
2014
10107
628
119
346
23
3598
4113
449
7178
956
12
97
220
587
26
203
115
628
91
29750
28
19
102
1140
24243
1918
81
70
26
89
21
489
4954
20
4955
950
119
21
10
91
4254


