258
23326
31175
4433
43888
618
8457
16776
37
4699
13
16442
2306
215
750
5535
120
262
331
628
1835
32
57
723
1094
331
9
5
1222
122
34830
582
4455
87
13
107
391
61
24
2003
2438
825
387
7695
2276
4381
23
1579
6095
27
5535
9
7453
6869
3435
174
33
25113
6856
99
3138
515
215
99
331
600
4306
5535
14
1842
331
23
14
2327
2328
10065
54
14264
2
24
4094
6844
27
143
24
8389
9
2033
1347
1129
6869
37
200
201
8069
230
3613
13
16442
2306
64
14
37664
4851
13
418
133
24
10335
94
24
128
104
5535
37
43889
82
27
2994
521
159
13
2995
25113
6856
748
54
1107
34
1775
6869
34
5535
43890
262
25113
6856
2977
14
3586
843
13
6869
128
104
14
2108
2328
185
202
19528
47
34
5535
3555
6856
3138
13
278
686
5535
14
1842
61
5
330
215
1999
24
128
331
26524
2994
5535
12830
11133
34
16687
6856
119
2003
383
185
202
515
358
105
2950
14
1389
23187
5495
34
24
6862
57
6856
9
5
104
14
18728
2327
2328
61
24
14152
3138
503
14
796
5605
44
1454
158
2
24
4094
4368
27
331
628
604
648
449
1775
6869
61
331
215
330
27
331
842
628
510
24
829
652
57
24
5605
502
650
2
5535
27
331
251
1292
57
77
1213
582
25990
5
15098
61
5
628
149
3573
449
361
401
16057
109
27
251
4523
912
1915
87
821
4539
5
628
1028
13
2837
183
23
14
168
5
16607
880
27
6856
44
107
2505
2065
791
6869
77
78
14013
2996
5
22869
22870
1462
36
9
5
215
53
54
512
4759
13
43891
3383
13
54
582
120
23
941
27
3026
262
25113
6856
14456
34
6869
35
36
5
87
3009
13
221
24
1454
13
5535
4617
262
6856
61
45
6816
23
4440
37
2118
2434
2438
61
87
8394
23
185
14
14865
13
16442
2306
331
628
278
600
4306
5535
14
1842
27
628
2995
14
1842
57
24
4441
201
5
183
87
14
2439
575
723
718
2245
24
26524
57
24
128
61
331
330
6856
61
129
99
100
3939
1413
607
91
4440
27
331
1307
610
2469
646
23
24
200
201
628
1999
16057
23
122
7224
5
1348
24
5605
650
628
648
183
149
24
2212
77
34
846
13
2502
34
23
327
27
331
6856
87
1622
13
12830
2211
5967
76
5535
237
632
13
38982
54
1389
19319
14865
27
2118
415
6279
3092
262
25113
6856
825
840
13
4350
24
22629
174
91
8138
3667
37
14264
104
16442
2306
246
14152
174
33
1520
215
604
648
702
1775
6869
246
842
215
510
24
829
13
996
64
5605
149
2
331
2212
331
5535
246
6856
1400
13
278
686
8457
16776
37
83
14
1842
23
24
139
246
396
18002
331
24
26524
57
24
128
331
104
2108
2328
23
3435
246
4565
33
87
1622
13
38982
1389
23187
1454
237
632


