65
155
331
283
1021
30
40
1582
39
1514
11
573
1741
63
27
64
18196
28
1455
20704
1
2244
161
2
12520
1021
24334
13569
1
1627
1
158
34
0
613
754
9
326
8519
17
27
63
129
36
171
1071
3
0
266
1
38
43
234
7
42
8673
1
301
3
0
1242
9
38
43
4028
697
4
851
2
96
719
78
88
14
44
43
27
8
40484
8
4
3578
88
3
1007
49
109
8
18185
8
4
7374
54
6
27
18196
4
8
2587
9
1581
8
19
260
2
20705
16
24334
13569
1
1627
1
10
1582
39
2244
115
36
40485
27
613
11
573
1741
258
13569
180
0
781
6
2516
365
8
2984
8
4
4044
3
666
27
3942
2
96
22
0
3160
10
8
4362
9
4270
8
4
0
613
34
1374
15
3599
24335
1932
510
7
534
151
20
3460
714
40486
7
0
9495
1
155
331
1
4511
19571
607
2
65
365
28
0
403
781
6
2516
4932
3886
6
5650
61
932
14
36
3834
54
693
12
0
3053
4
1698
64
605
12
42
40487
2
258
13569
131
36
10
2619
17
178
1455
20704
80
132
17
100
7770
951
2
15
936
6
0
1108
34
698
12
5
1368
919
2
96
10
682
499
85
201
14378
11
0
132
2
96
9013
0
2155
6
0
365
4
3025
3
8109
5
1564
3
666
27
3942
2
8
15
365
13
18197
2984
1
8
258
13569
1
38
61
926
23
37
2232
1
78
0
155
331
507
689
2
8
104
43
1359
63
2482
1
25
10
80
18198
2
57
10
37
80
9
132
1081
4
24
10
7
0
471
11
452
269
340
5
7770
951
2
8
271
13569
30
150
1182
27
573
17
234
6
0
266
9
609
0
613
882
498
2685
1741
8
57
10
61
4362
9
4270
1
1319
36
78
4511
19571
2
8
24
1728
10
141
1359
63
345
62
711
2
8
590
110
25
18
907
9
0
1242
1527
3
355
205
573
1741
2
135
78
27
3
6636
0
1676
130
1
5
11397
1
38
10
74
2582
27
992
2
8
15
1676
2407
10
79
5
6465
2407
4
24
202
228
13263
25
55
1
8
258
13569
78
4511
19571
2
8
52
10
128
4868
4
25
2088
121
2
52
498
5
396
6
3999
1515
2
24
181
24
79
34
3
355
49
2
8
15
1446
2407
107
74
147
55
1346
11
0
14820
2035
9
3011
2
8
52
170
992
4
170
2211
121
1
8
36
22
2
8
52
47
128
5252
1
45
41
228
122
11
121
2
8
26
24334
13569
10
3939
3044
7
0
9495
1
155
331
1
56
36
348
27
613
11
573
1741
26
15
613
192
78
6686
4
2244
4734
36
32
1582
26
96
30
150
1182
27
2482
17
234
266


