895
899
372
891
741
636
11662
53
137
51
366
0
774
738
14
637
8148
473
19087
12
75
18
1650
3
3205
4117
2482
16635
38
764
386
268
42
126
1412
0
6365
73
2986
42
7943
31
5
439
1
301
3
111
774
2
15
625
115
9440
4
5402
76
4082
792
6
1642
51211
472
0
222
2986
23
248
5
51212
79
31
10755
17
42
1079
2
895
899
372
891
741
636
11662
1
0
2654
6
0
9801
3110
50
5929
0
774
1
366
25
738
14
637
8148
473
19087
12
75
18
1650
3
3205
4117
2482
2
15
625
115
14
5
211
17
5
1895
7
27
2762
9
30785
1
38
669
90
0
878
6
27
126
4
30
2201
17
27
1079
268
44
1561
591
62
414
82
83
58
4082
140
72
21603
2
89
112
0
222
145
34
3219
28
0
244
6
27
284
1
27
2332
58
1791
5442
3
72
14253
5
70
2
741
11662
78
15
302
1143
16
8
15
419
9
103
12
0
1030
764
386
1
4
86
6394
4
1048
42
4627
11
0
208
2662
2
8
15
499
168
9
103
1
12
0
108
619
1
33
7929
499
4
499
1
2412
386
499
4
499
1
4
1265
0
34222
6
42
7147
69
594
7755
2
8
11662
13
98
4345
5
10819
11
1323
1995
3
3003
117
8550
1
1834
3
752
1626
17495
72
51213
5
70
2
847
33640
1
774
771
6
0
9801
3110
1
366
14
75
38
2201
386
34
5
2418
3495
2332
4
3278
67
9823
2
15
625
10
803
7
20997
17
1774
31129
1
5
3634
7
637
774
20
3544
422
1
50
8103
1196
28
34223
2758
1
5
255
625
14
2324
5553
4862
2
297
94
11
167
16635
38
764
386
268
42
126
1412
0
6365
73
2986
42
7943
31
5
439
1
301
3
111
774
5374
28
0
950
11
577
7737
1750
14
23
194
23
1579
134
153
6
111
296
7
0
235
1626
23394
33
51214
1292
3
79
713
134
153
12
2494
6299
2
9787
51215
1
782
1074
6
0
51216
2169
11
7587
27513
1
22
92
10
530
14
56
573
1737
1735
1
86
107
1316
7399
2
8
57
18
63
296
91
344
3
15167
12
457
199
23
22087
2
281
66
352
1031
5
4954
45
29
79
698
162
5
573
8550
1
66
46
41
29
0
337
1500
1
4
1658
1110
55
6
0
673
1
8
36
176
2
26
18062
2412
386
268
126
2534
6365
2986
2332
31
5
439
26
10724
31
9801
3110
115
25
498
222
1048
23
5
1895
26
5374
163
1579
980
6
111
296
7
0
235
1626
23394
33
669
26
33903
3
79
713
980
6
111
2049
4
13794
12
2494
6299
26
636
11662
366
637
8148
19087
12
5
4117
573


