144
2236
7481
1
8163
6235
6236
293
16
20348
138
1
316
488
526
291
287
16
24874
138
1
316
488
526
155
1276
7642
13
3
32
428
7
246
4
41
97
3011
654
515
6
97
72
24875
42349
12
0
2913
842
1
25
1172
209
2
15
595
31
7643
12683
1854
3
24876
7642
7
246
496
79
452
187
515
6
0
3074
12
1240
2939
1
50
76
517
97
4439
2905
4261
7
5
1607
264
2
5342
2148
29
7092
1335
63
0
1525
6
2939
12
42
1650
3
2383
17
0
160
4639
112
654
4108
184
2
7643
13
3
24876
0
111
7642
1276
7
246
515
6
0
3074
12
1240
2939
15
7642
1599
10
42350
31
7643
12683
1854
81
70
3
1126
0
42351
6279
25
10
1122
3
1380
31
846
7594
23
5
641
11
1931
5
72
23009
394
42352
120
0
954
1316
2106
2
7643
13
539
3
1380
197
384
4
713
134
153
6
97
6870
7
7642
48
535
1
17
5541
3863
0
656
3
32
907
49
3
72
24875
1642
2
7642
46
32
210
7
7642
12683
1854
24877
30
40
3783
20
16322
518
7
160
4
13
16559
7
246
4
970
1
0
3496
364
2
144
4615
7642
2444
24877
4
7643
12683
1854
24877
33
234
16559
7
654
2
15
5830
496
23
24539
43
763
127
35
42353
39
0
3756
9
2939
618
30748
0
3099
7
0
4470
3074
1111
2
65
20478
2704
11
0
1240
507
491
30
115
14
337
11
0
677
9
49
6
299
13
98
20
42354
134
153
543
217
38
161
44
46
1651
7
460
47
5460
2
387
13
5
128
10103
1083
28
2473
134
153
7
0
148
612
9941
8474
1
1091
55
31
42355
4
21107
7
409
4
488
2
5130
2693
292
17754
30
42356
0
1776
77
1240
2939
1
10877
5
3826
11
75
1171
6
0
1835
3
8
764
17
282
8
2
15
232
1709
827
3
3263
515
6
460
18
3074
10
2719
31
10036
1197
5651
23
36
4190
5
12246
7232
12
19
5159
20
81
166
18
393
9
9543
1481
2
17172
4233
3
6394
0
250
5328
3352
12
0
1538
18
685
1
45
3877
43
2319
3
547
55
14
17754
630
7
155
331
2
6502
5
565
12
5159
6
0
1538
1
5651
22
16
8
2670
1152
4517
4
12036
1
292
30
348
121
3
161
48
2
8
101
2328
12684
0
16560
28
95
83
8050
14
1197
18
816
495
12
0
3639
2
8
1197
496
28
20129
4
24
28
7269
1
86
14
18
2120
2
24
351
1274
2671
3
29
5
12246
11
91
0
237
1154
1
45
24
322
1
33
74
24
1197
218
24
181
25
18
5
400
152
3
267
0
132
2
8
3972
66
128
1
128
194
4
654
9
764
17
24878
2
2797
751
564
1322
2590
78
15673
28020
16
8
24
610
60
84
764
386
7
0
250
5328
1
23
254
292
17754
9
54
6
95
400
3241
8296
2
8
65
479
11
7642
2444
22
16
35
7643
12683
1854
6450
3
1380
7642
2444
2218
37
12453
3460
30749
53
21108
51
7
526
2
35
294
196
6
0
1087
11
3000
11
0
21108
1
7643
12683
1854
30
2550
5
111
1272
298
11
7642
180
7642
12683
1854
42357
2
35
15
111
298
20715
37
4439
298
50
648
2384
7642
2444
7
0
42358
6497
3989
4
109
48
4439
298
46
32
3783
7
160
20
7642
47
1248
853
2
35
42359
111
1771
23
196
6
5
10358
62
21108
1087
13
2104
1779
2
15
3370
6
0
111
298
46
2377
14
6
7642
2444
2
15
13189
6
0
18474
13
2239
3
10065
42360
7643
1155
14
7642
46
1065
5
1240
1276
114
14
13
113
25
13
13679
2
30750
46
165
3
0
8474
7
0
2478
3074
12
1240
2939
12
460
542
1
526
2
42361
29
40
763
44
225
11613
10803
5676
6
472
72
42362
9
70
112
37
1805
1240
956
4883
184
28
97
1016
6
0
796
2738
2
1986
1027
3
0
4437
3054
2396
397
22
92
58
32
5
35
30751
3
14809
28
0
4639
1
50
58
1117
24879
94
3
869
4
3315
2
334
3067
4956
81
149
1846
55
5
465
3
1016
0
257
4314
17
37
1805
654
1
10000
1240
3650
30752
31
2048
3
6876
3
154
42
1016
6
0
255
47
796
2738
9
1834
20
140
72
42363
2
7833
22
0
356
58
42364
0
708
279
4639
1
8532
654
47
2976
4
687
0
264
17
5
10684
1815
6963
9
50
58
5839
2276
49
964
11
3315
4
10803
5740
2
654
58
1428
0
5631
6
7727
1
42365
1
14643
1
2599
4
6752
23
54
6
0
1142
14
30
42366
12
2738
150
2649
2
1287
1
2599
13
170
1788
97
968
7
0
2738
4639
11
97
81
5313
2
101
4615
1
0
255
956
30
41
732
3
2615
97
3351
150
0
9984
6
916
1253
2740
7
42367
2
2241
1
68
2396
22
1805
3425
28
42368
2394
1276
2744
92
58
32
5
7419
35
30751
11
37
1805
654
7
0
279
4639
112
5
1016
6
0
796
2738
10
805
2
1166
135
29
1273
14
182
217
2896
92
58
32
5
5259
6
67
109
178
6398
860
7
14
5313
10059
1
8
21
78
42369
2
8
30753
5
2881
134
153
1812
162
28
2921
2458
3
10803
2458
58
32
37
1176
752
6
63
72
30754
12
37
955
10803
752
7
654
2
7891
6
261
457
33
1569
1
45
66
177
0
908
6
1316
3754
14
226
17
16399
182
37
2939
14762
2
8
238
6
0
425
42370
197
1511
4
5055
30
40
458
37
1805
654
58
32
419
103
2
15
1316
3968
2383
265
9
1240
5342
24439
133
48
215
366
5
3240
1651
58
1409
1729
4
825
7612
3
32
10800
3
5
111
1919
11
1626
1
5882
2647
4
5395
2
57
58
32
5
753
3465
11
0
1316
825
50
10839
1795
75
7
654
1
28442
72
42371
277
70
2
26
7643
3
24876
111
13680
1276
7
246
4
41
654
26
10883
496
2520
3789
1993
63
0
1525
6
2939
26
7643
2094
1276
46
1065
1240
480
0
1486
26
292
17754
1157
3826
20
12246
4876
16
8
654
558
764
17
282
8


