258
463
464
3968
261
262
18861
264
61
2010
534
1268
268
269
262
46232
264
61
1656
534
1268
1307
2655
12721
1061
1142
316
9435
5073
12712
46233
24
4374
57
15222
316
454
495
61
358
182
13595
646
149
709
10083
542
47
27
34269
5684
64
14
812
1762
34
54
14842
469
12485
61
19489
46234
158
23
24
700
3001
27
1585
24
533
9
751
9
2033
23817
278
14
582
82
76
14
40975
61
6311
540
129
377
358
728
20043
91
24
14215
331
603
27
521
159
34
522
599
87
14842
262
34269
5
12485
369
1094
2797
76
122
582
3034
5618
46235
599
87
14842
262
1134
19448
467
57
12485
5
34269
13465
185
14
3010
1762
5282
104
24
2655
13551
285
4133
119
1549
497
5538
833
33931
35
751
1348
334
19448
858
57
542
13465
655
5104
104
14
1714
13551
149
6638
1145
24
1146
27
331
1307
358
584
61
1347
185
3833
46236
61
358
369
600
19501
89
621
622
13
418
515
24
622
32
87
646
61
331
582
3034
5618
46235
750
37054
3801
9
22577
27
331
816
34269
87
445
29887
61
215
825
1876
1145
5
799
33
13
418
23
76
12485
13
221
4149
215
37
422
27
816
358
728
365
445
29887
61
358
817
821
1015
5
34269
1211
57
46237
12485
1145
27
331
187
37
11566
834
1005
122
2949
2236
87
27
331
46235
5
525
583
5364
46238
288
8903
13
9701
24
14215
2
14
8766
57
3358
23403
61
3477
542
82
185
4824
666
27
1477
24
3598
46239
278
4818
2
24
46240
61
32907
5
619
8572
13660
358
2515
655
2797
185
24
4374
61
46235
330
13923
34
14
39886
29948
718
107
886
27
12485
87
14842
23
54
174
5267
5
6039
503
17619
76
54
700
27
842
46235
330
24
12712
369
1166
13
444
1817
76
5
603
2074
227
76
24
485
18977
61
46241
27
1160
23
24
2544
262
119
3598
9435
15327
288
28224
61
2352
5
776
2
8572
13660
1348
358
288
1142
61
40
278
1094
4818
46242
262
1307
34269
5
12485
288
1142
20442
24
4374
57
15222
61
122
8898
2193
24
12712
44
244
107
10070
331
408
638
244
144
278
13
12658
14945
61
610
105
13
14842
12658
14945
61
331
46235
330
27
331
397
610
1359
13
10728
542
13
582
16138
61
34269
600
1329
33
13
24
511
57
26416
5
5049
9
5267
1762
27
331
119
12712
288
1399
47
34
29046
91
11384
42225
61
14
709
9
6457
2655
13551
515
31600
13
532
12317
3861
34
8322
2609
27
11384
42225
5171
33961
16610
330
24
13551
309
4606
57
13206
58
24
852
467
57
24
1549
26208
285
4133
27
842
926
330
46235
5
46238
8158
1030
24
2829
2250
27
331
691
288
537
34
14
1047
57
1549
13
9701
609
27
691
1018
1013
278
1193
272
5
2114
515
122
17778
369
122
272
27
691
2354
14
2236
1015
540
61
331
926
750
46243
4562
1840
27
1840
13
846
3555
5618
46235
330
926
5
525
583
105
709
6553
12485
5
34269
288
186
1348
358
3249
132
104
3765
542
251
592
844
1481
47
13
151
308
8998
185
34269
5
12485
37
12273
99
1533
1284
46244
2066
27
46235
330
12485
5
34269
278
3759
525
5
525
583
24
4108
57
2797
4140
27
579
330
24
1549
373
19067
1348
358
2371
27
331
408
696
4023
24
6439
57
36039
61
2
46245
1022
33
13
5448
122
451
61
331
926
330
27
331
727
2236
1018
244
2296
822
13
107
16057
27
251
1619
1065
61
405
1449
61
14
13039
3782
61
5
485
87
2236
704
723
2296
27
331
246
9435
5073
9
3490
12661
61
12485
5
34269
61
1142
46233
15222
35
751
246
34269
5684
64
14
812
1762
34
54
14842
469
12485
246
119
533
9
751
9
2033
37817
278
334
1225
2949
5
600
6096
5704
6849
246
119
12712
278
14
582
82
58
361
4911
34
104
334
2655
13551


