65
6349
38
1148
47368
8
3571
8
7
27
944
6252
30
1458
5
723
6
2337
9
3
2516
1027
509
3134
2
12574
9
6549
3415
1194
1
259
1
5
2774
20
7574
2122
6571
714
7
14779
1
2140
1
2205
11925
8
740
8
28
64
1294
7
27
26137
81
426
2
15
2279
2456
2774
131
36
10
86
8
8175
8
31
0
3043
15212
5332
14
36
404
3
154
27
2337
3
0
235
2
3415
1194
1
259
1
28
2140
1
395
3
2516
1027
509
3134
77
15212
5332
7
27
26137
788
36
395
3
68
3134
324
16
8
24
1190
14
66
33
128
1912
11
282
3
80
1751
136
1979
3677
4
256
6
6256
15212
2
8
24
354
14
212
1917
171
61
256
0
3463
15212
7
80
26137
7949
2
8
15
6349
22
36
2183
3
1487
99
28
68
3134
2
3415
1
28
14779
1
22
16
8
15
6252
18541
171
32
2170
37
1597
4
24
10
8175
2
24
34
3
2253
2
8
24
382
41
306
99
602
4
322
170
1136
9
68
3134
18
2112
45
24
84
610
3
124
5
1295
99
2
8
15
8
3571
8
43
7
5
3338
6
0
6252
12
1979
3677
9
4
34
11925
8
740
8
28
64
3677
2
2516
1027
509
3134
1
93
1
4
0
723
21
10
482
31
2140
6349
3415
1194
1
122
238
905
1039
16
8
281
92
13
41
511
11912
48
215
92
46
32
5
13845
8
4
8
294
21
10
0
782
6
0
13391
0
368
595
10
19
2
8
139
1241
5
479
11
0
781
11
2516
2833
0
1521
6
11925
7
0
6252
1581
2
52
22
16
8
15
11925
323
33
5
978
6
1533
2
135
73
32
157
3
2074
55
18793
14
1032
20
0
2230
62
0
267
6
5
905
1
45
44
33
41
2857
2
8
104
756
3
256
11925
1704
4
41
20
605
3
143
0
1594
67
109
541
142
113
75
46
29
42
220
8720
2
8
15
118
18793
14
392
32
3897
31
11925
33
217
7
0
1269
6
5
905
2
8
15
222
3677
9
3910
11925
7
0
3463
1877
9
34
532
7
37
421
196
6
0
6252
12
32929
2
3563
272
5
341
1652
140
0
264
175
0
222
6252
81
149
2
13482
7952
16
3415
1194
5186
0
5332
7
27
6252
17
47369
90
1975
3
68
3134
3415
18
145
5076
1194
1
775
1
5
704
18095
1
22
16
8
65
304
6
126
43
4696
7
0
9605
14
92
34
40
5
2358
4
14
25
10
74
122
2
8
3415
22
36
273
36
171
2253
3
6864
10
1497
4
115
14
25
10
509
3134
2
24
840
27
2253
0
723
4
60
8656
25
2
8
57
18
400
14
36
756
3
84
25
2
18005
1
24
3850
27
3
84
261
4213
6
457
9
3
938
49
3
0
75
38
33
2528
3
32
2170
37
1597
2
24
351
1937
374
27
2
8
15
956
18
7717
4
20995
3612
13
1413
3
1781
112
11270
33
49
3
9517
90
1652
154
88
1
45
5
479
1155
14
319
11925
7
1979
3677
10
8
5
978
6
1533
8
2
3415
18
1021
47370
47371
22
169
6
19
1652
2205
0
2358
56
44
21492
0
111
13173
1
15212
4
32929
1146
2
52
22
16
8
24
5814
95
251
103
56
24
34
306
14
3415
34
482
0
723
2
96
2694
809
622
511
31
0
3571
2
8
21174
11154
30
3036
12800
6565
53
4
3581
51
12
32930
3916
150
4231
21174
11154
1
0
3967
1415
2014
12
12800
1
131
14
119
1453
5
18966
69
0
64
3677
3415
1194
2852
63
58
185
88
4152
419
1
25
13
41
5202
7
1346
54
2
271
11154
1
1627
1
38
30
2367
7
0
2275
441
163
18
32931
19682
47372
12
32930
3916
150
4231
1
78
1112
0
18966
8
6677
23
5
47373
1
1408
282
3
1190
110
2984
515
4
1
7
169
1000
1
6045
47374
8
2
96
176
16
8
2413
6
261
64
3677
30
5
28773
11298
53
5
4449
6
1271
14
84
41
745
5
1046
905
4
50
3962
216
3
1046
0
273
16
8
281
92
13
41
511
11912
48
215
8
1
4
8
294
21
10
0
782
6
0
13391
8
234
252
67
597
90
0
905
13
1046
51
2
8
13262
5
18966
39
277
11298
7
261
1000
58
143
0
3677
4
42
876
4152
28862
1
17948
88
94
472
3
0
14807
6
1492
1703
2
8
360
1
7
261
1787
9946
1
0
18966
13
41
5202
4
13
67
5
978
6
876
85
23297
241
0
11590
46
1190
110
13
91
22
340
88
2
8
65
18966
7
0
821
242
1
967
1
73
586
0
1891
3971
16
8
281
92
13
41
511
11912
1
48
215
92
46
32
5
13845
51
2
2597
9
5124
271
11154
13
0
4505
9
1990
848
6
12800
18
12
9
1555
174
1
4
30
532
17
11771
173
0
194
9
1174
1318
31980
1
9765
31353
1
9765
19558
1
4135
47375
4
1043
1227
1
1322
47376
2
271
11154
1
38
3168
1964
13259
20
11000
2400
1
2597
1
90
3095
1036
20
17467
1
614
23
5
2145
1021
4
7
11733
90
159
3
147
11
0
2597
422
1583
2
96
30
1458
418
607
12
2145
11
0
2597
422
1583
1
4
630
7
2597
17
27
315
4
64
2193
2
26
3415
1194
1
28
2140
1
10
8
8175
8
31
64
8
740
8
11925
7
47377
26
2279
2456
2774
395
3
2516
1027
3
26138
59
11
0
5332
26
15
3677
43
7
5
3338
6
0
6252
12
1979
3677
26
12800
2014
21174
11154
131
11925
33
419
45
41
5202


