1401
9307
30
40
4334
23
10362
3
741
375
12873
23
299
18
235
4400
15
179
1493
451
782
7
2068
1401
9307
30
383
299
18
235
4400
39
91
4334
0
111
251
6
11126
2
68
9307
30
204
77
741
375
12873
23
8
3632
8
6
0
2523
5505
1395
9
4048
330
23
11126
2
15
179
2530
544
1
38
30
11
81
64
82
40
16248
11126
18
1852
4400
1500
1
46
154
12
0
754
116
1090
7
1756
34385
18
523
3094
23
8
14611
8
9
148
800
545
31
21863
21864
7
21784
2
68
9307
1
38
13
669
17
126
1
30
34
3522
14163
7
1201
4
0
3381
1121
4
10
0
1113
11126
544
7
2068
2
52
30
61
2645
5
908
6
8633
5865
7
160
1
173
973
0
1395
18
147
12
3178
3272
7
0
105
82
831
49
3
0
1542
2060
2
14123
6
26804
1
0
10814
3008
13
22
3
1659
1178
1
9935
4
34386
2
68
9307
18
5020
496
39
5
13583
894
11
299
18
2336
825
262
26259
116
31
11018
179
631
577
2540
3612
8087
6240
3747
2
68
3747
18
5248
4475
37
4724
942
6
0
5505
4
2540
3260
1
7
50
0
2299
6
11126
1
0
2540
1395
10401
4
5624
737
8841
532
386
7
270
11
0
87
71
2
68
3747
1511
354
0
1013
6
235
9
1493
1960
3254
37
762
6
3064
543
0
606
4
2336
825
7
0
255
4
631
2
89
0
1493
825
22
0
5248
116
142
2514
11
4854
2
297
94
11
167
68
9307
22
16
35
24
322
2671
4
6829
3
383
782
6
26804
4
667
54
6
0
237
2336
3256
7
0
172
2
35
1232
3576
481
147
14015
127
37
6964
6
2659
14
48
264
902
2
135
84
86
7
373
6395
17
234
10401
4
8841
17
1743
24
322
350
653
3
1011
9
2765
3426
2
35
24
58
109
3
503
2347
3
375
12873
11
19
6094
18
7352
3
0
264
4
1303
3
19
71
23
13811
35
52
696
282
69
5
111
3796
1
4
24
322
1571
3
1349
12
48
4
934
95
3681
11
5
1964
451
3
11547
68
9307
30
204
77
741
375
12873
23
8
3632
8
6
0
2523
5505
1395
9
330
7
0
776
523
3094
611
1
21784
1
23
8
14611
8
4
545
31
6161
21863
21864
68
9307
1104
77
375
12873
1
0
179
251
6
51601
1
137
323
53
528
51
17
1186
3014
1
0
251
6
10401
53
93
51
4
9795
51602
1
0
8841
771
53
122
51
375
12873
10
93
5772
56
21
10
4334
39
799
6
19
117
10
4334
9
173
19
227
51603
12873
53
93
51
4
263
51604
12873
741
375
22
16
35
24
351
2671
14
95
4180
4
427
13
317
77
28
121
2
35
52
30
545
5
2904
196
1328
121
7
34387
26804
4
6258
14
0
1395
13
7
0
237
686
1705
3
326
136
196
7
2788
0
264
18
606
4
136
51605
68
9307
30
40
37
2336
544
150
0
267
6
0
9089
1320
7
5213
1
39
3095
10814
4
1990
23
5
257
2530
544
2
26
68
9307
30
40
16248
11126
18
1852
4400
1500
11
81
64
82
26
15681
244
4
179
2530
544
10
299
18
235
4400
7
2068
26
52
3477
8
3632
8
6
0
2523
5505
4232
1
317
77
375
12873
26
26355
116
1090
31
1756
34385
23
8
14611
8
1
148
800
545
31
21863
21864


