144
10785
20409
293
16
39357
138
1
999
436
151
291
287
16
39358
138
1
999
436
151
39359
16
1417
1067
10
67
85
1165
77
0
1187
2940
4
34
204
2709
90
21
213
374
0
2902
81
436
65
700
38
285
19
105
280
7
5
2894
195
862
119
21
10
232
12
1447
4
679
30
40
856
11
697
82
2
1417
1067
1
896
1
10
0
118
6664
7
0
7201
39
21
342
742
4
16177
69
5
1267
119
2008
20
4693
1606
2
52
10
1548
0
620
1187
2940
56
19
20410
23896
2534
103
0
2140
2057
7
1554
7
0
390
269
6
436
793
81
70
2
318
427
523
23897
4
3345
523
23898
1
234
823
1
556
645
579
4
239
4573
20
0
548
2
65
439
1856
1
23899
108
3345
292
23898
1
896
1
10
204
3
286
17
2184
579
45
239
7
0
390
269
0
262
415
2
1067
1
6
39360
10841
1
1554
1
1184
578
3
105
1577
6
193
31
1116
624
1
105
1577
6
193
31
100
1648
4
54
3610
6
5121
1187
20
37
421
942
2
1287
21
10
856
59
11
697
82
31
1485
1392
3757
3597
20
1554
904
372
2
52
10
61
1438
28
624
11
259
82
2
15
186
306
21
34
6437
6
2709
7
19
571
39
0
7201
9
50
510
12
5
4161
538
7
3397
7889
2
29291
2244
2756
14
0
35
17948
23900
6
23899
195
10
4693
1606
20
0
71
25
312
0
1267
2
1067
10
856
59
11
697
82
31
1485
1392
3757
3597
20
1554
904
372
209
1
21
34
421
1184
578
3
105
1577
6
193
31
1116
624
1336
39
0
276
1
4643
8691
6100
1
28
336
2875
203
1
22
16
8
139
276
6041
0
2749
4449
6
1447
1
679
1
5121
1361
4
19321
624
1105
2
8
15
862
510
12
5
23766
538
7
3397
7889
4
23
168
23
91
1165
0
1187
2940
1
6437
6
2709
43
115
7
23899
571
2
8
52
34
1046
11445
11
19
220
715
23
168
23
0
3396
6
19
280
1
50
30
3691
7
0
29292
983
6
105
247
630
2
8
26
1417
1067
1
896
1
28
1554
10
0
118
6664
6
0
862
50
408
59
312
5
1267
20
4693
1606
26
318
427
523
23897
4
3345
523
23898
1
234
823
1
239
4573
119
216
3345
292
39361
1
896
1
239
192
7
286
26
4643
8691
6100
1
28
336
2875
203
16
8
52
34
1046
11445
11
19
220
715
23
168
23
0
3396
6
19
280
8


