258
2791
2792
261
262
2793
264
61
2584
1072
1268
268
269
262
2794
264
61
2584
1072
1268
396
37
2765
2168
24
512
1086
23
24
1146
9
2597
24
111
590
13
2795
2796
34
14
2797
27
2798
2799
2800
232
13
2795
360
2801
2802
14
632
64
24
2803
2804
37
2805
2806
2807
27
119
2808
9
2033
1001
104
24
186
1565
552
2809
2810
1129
13
107
183
331
149
2765
24
512
2803
23
24
1146
331
27
2811
1086
23
24
1146
262
2798
2799
2800
232
13
2795
360
2801
2802
14
632
64
24
2805
2806
2807
305
2796
2812
61
23
2813
61
2814
61
2799
87
23
2479
57
2815
2816
64
758
64
2817
2818
27
808
2799
330
262
331
2819
14
2820
222
57
1772
628
1835
2821
34
445
9
2822
5
2823
24
1545
2824
499
87
1501
27
331
408
663
1018
280
5
2825
2826
13
2827
5
2828
2820
27
331
251
2829
2830
57
2796
2831
2806
1285
5
2832
2833
76
2834
61
2835
2836
5
76
14
2829
1303
1411
1816
5
14
19
2837
27
331
1605
1086
262
2799
2800
87
324
2838
14
2839
57
2796
2840
2841
185
24
1086
262
2799
87
23
2479
57
2815
2816
64
758
64
2817
2818
816
2796
638
693
262
2798
2799
1094
1001
104
24
186
2818
1565
23
2814
119
2796
1963
1493
2842
2843
2844
57
2818
14
506
13
2845
2846
2535
24
1146
27
2847
1362
2810
87
1094
331
1031
2403
34
14
2796
331
27
2799
330
215
149
2848
13
1645
185
24
2849
57
2796
2850
2851
2852
2853
27
396
330
262
331
628
1835
1735
13
2854
47
24
2855
5
1645
185
2851
2852
2853
37
2856
2857
13
2858
2818
27
331
628
2859
64
14
2860
2861
23
2862
5
278
100
23
24
908
134
1145
1413
494
1094
27
331
628
1550
2863
23
2267
24
512
2864
57
2796
23
24
1617
2865
2866
23
2813
61
5
23
2867
2868
61
361
2869
5
2870
2818
5
1449
27
331
119
2796
1963
1493
2842
2843
2844
57
2818
14
506
13
2845
2846
2535
24
1146
2871
1086
262
119
2796
2872
23
2813
61
2814
61
575
24
1146
186
2803
87
53
246
2799
2800
99
100
417
24
1086
57
2796
37
2805
2806
2807
246
119
2808
9
2033
87
1094
23
2479
57
2815
2816
5
2817
2803


