54765
2968
331
66
5888
19705
35
632
149
38194
91
14
1392
26378
91
14
549
586
926
44
45
221
183
13
24
2222
652
54765
87
2060
27
119
2634
61
781
23
4301
61
2412
5
4305
26754
61
5
54766
76
11534
6635
61
1869
262
331
54767
628
825
45
107
644
13
799
13
851
5888
23228
61
652
707
2495
825
45
157
846
738
652
723
369
2060
45
3108
13
107
5147
830
9081
831
61
40
707
4620
157
846
709
830
9081
831
523
5888
3555
331
2281
54765
61
129
87
2787
9
3607
61
5
525
5234
549
61
14
8278
9
2033
129
87
4926
669
61
2934
38554
54768
8305
293
23
44490
61
2888
27
521
159
34
522
39398
1392
262
54765
2968
61
890
61
2
44490
61
2168
14
1392
2
14
549
206
57
525
5888
515
1869
23
398
262
331
54767
830
9081
831
628
825
45
107
644
13
799
13
851
5888
23228
61
652
707
2495
825
45
157
846
738
652
723
369
2060
27
331
35631
730
262
54765
61
719
185
24
2356
57
525
5888
23228
536
35122
54769
34646
5
14
13514
61
2011
24
709
9
3193
549
104
276
54765
37
571
61
12150
2968
61
750
24
924
32292
215
149
5246
5
1090
1348
215
1869
24
54770
2
54
1093
37
276
549
27
1687
187
3067
846
14
853
2549
61
183
10493
846
515
707
8278
9
2033
730
105
13
2528
76
237
61
5
628
2208
604
648
628
516
278
13
2528
76
54771
215
330
27
842
2968
61
129
663
99
14
443
1093
61
359
515
215
1308
244
4923
24
622
730
34
525
5880
8812
54772
27
1687
628
12336
703
64
448
2296
13
107
1533
832
5
10690
449
496
610
8164
612
45403
215
330
27
16534
262
54765
37
571
61
12150
2968
61
330
215
149
5246
5
1090
1348
215
1869
24
1392
61
40
215
1308
45
4923
1579
635
8764
119
2968
485
330
358
638
45
157
24
3257
315
26310
54765
37
23228
27
12150
2968
330
47
13
237
222
61
24
485
99
100
9978
76
38554
54768
8305
61
502
215
958
64
14
7301
9
5775
5
10144
1455
27
1882
13
24
2495
61
54765
99
53
3096
582
26195
647
54773
104
24
276
61
349
76
24
8278
9
2033
730
129
26378
24
3135
2634
27
331
830
628
831
604
648
1407
1030
237
516
27893
215
750
7142
145
27
246
54765
2968
61
890
61
2
44490
61
2168
24
2634
185
24
15601
57
525
66
5888
2222
246
40939
149
781
91
14
549
2
38554
54768
8305
293
23
44490


