65
12500
9
83
2408
30
239
39
91
27331
31
37
513
27263
7
27
220
102
2
2475
9
6
9
146
27332
19310
1
3699
1
556
1897
4
225
579
39
36
10
7950
31
0
55
9
6
9
742
790
1
6541
1
2251
31
5
4946
9
83
1154
38
13
521
3
32
27
3441
2
10549
115
0
6745
2859
6089
20
27
102
7
14835
1
2159
1
20
140
259
826
12
437
4
1933
27
3
422
855
6
970
113
36
192
239
2
297
94
11
167
2475
9
6
9
146
27332
19310
1
3699
1
53
137
51
239
39
36
10
27331
31
5
790
7
27
220
102
7434
22
92
34
40
5
790
576
20
0
260
8
11
82
8
4
126
43
473
214
508
7
0
1255
2
271
19310
18
315
4560
239
178
82
320
1
4
36
30
146
2316
9
49
126
2
18337
176
16
8
308
300
408
5
396
6
126
4
247
75
20
0
260
2
8
2614
43
180
3
0
102
7
14835
1780
39
259
826
12
437
3
607
14
5
12500
9
83
211
34
556
645
579
1094
22
16
8
96
10
5
541
3466
6
75
4
42
4371
2
96
1174
248
75
140
4
42
4371
253
2
8
10818
4
6400
29
40
2823
20
0
260
50
30
98
40
8543
103
31
106
2
5647
1429
7821
28
407
970
203
22
16
8
139
13
2287
358
1
50
24
183
46
1907
4
2088
0
487
643
2
271
19310
556
1897
4
225
579
39
36
10
7950
31
0
55
9
6
9
742
790
8
15
211
18
117
33
18536
1631
5557
4
33
91
2745
31
7633
2306
106
362
2
8
24
58
109
3
9629
487
1457
14
48
13
37
5454
358
4
5
8167
106
493
69
110
510
12
437
13
91
4215
2
8
24
58
61
109
3
2928
0
487
643
11
42
337
4
1011
9
1012
120
0
493
86
416
2
8
3531
6163
3917
22245
22
16
8
139
13
5
2789
1819
1
25
18
79
253
4035
3
13392
2
57
18
2789
2
8
65
4946
9
83
130
30
40
432
4
572
17
64
2178
182
0
10100
7047
2380
2
52
13
434
3
1032
90
5725
7
2159
209
2
57
13
2157
21
13
5
848
6
27
220
117
38
10
2229
17
19
790
2
65
4513
9
83
1154
38
10
61
432
7
2602
17
0
358
13
12
106
2149
5778
557
6483
2
101
488
81
70
1
231
9
132
9
83
442
57157
9
57158
57159
28
57160
1
29127
1
239
28
5
645
251
709
39
91
1156
31
5
790
2
852
3
798
1196
1
23
6
526
92
29
40
57161
7407
3
2037
7
970
28
790
1150
150
2767
2
3531
6163
3917
22245
22
16
8
139
13
5
2789
1819
1
25
18
79
253
4035
3
13392
2
57
18
2789
2
8
65
12500
9
83
2408
30
239
39
91
27331
31
5
790
20
5
102
7
2159
687
27
117
8
1631
5557
8
2577
60
33
41
648
3038
685
12
48
1954
2
26
27332
19310
1
3699
1
10
7950
3
193
31
37
513
27263
20
27
102
26
2475
9
6
9
146
556
2448
1897
4
225
579
120
0
343
26
10818
4
6400
29
40
93
363
0
102
7
14835
1
884
970
26
1914
1
928
1
521
3
32
5
3441
1
30
40
572
17
1637
1693
790
26
52
13
434
3
1032
90
5725
7
2159
209
26
65
4513
9
83
1154
61
432
13
12
106
2149
5778
557
6483


