144
523
9182
293
16
28405
138
1
870
409
526
291
287
16
26700
138
1
485
409
526
56430
16
15
2245
6
160
22
7402
362
34
1327
1688
2689
7
0
81
146
82
3880
779
3436
654
4403
47
1971
106
4628
23
35
26549
56431
397
2
15
2245
6
160
22
7402
362
43
5532
3
140
1688
2689
77
0
81
146
82
1
4
118
1582
42
2015
12
231
2646
2
68
779
10
543
418
1113
1323
998
38
10823
726
0
3994
203
262
0
9298
1566
3550
2
292
524
5472
11
5
3045
1295
28
117
4
1511
3
0
3550
14
9298
10
21003
285
31
5
106
33384
2
15
751
564
22
21
2183
75
58
2617
0
35
3450
7920
14625
4
4957
0
6118
204
31
9298
47
8491
8360
1
38
22
36
404
35
100
67
31928
2
68
524
61
2655
5
3539
3
143
1971
362
1802
1625
4
12008
3
585
42
1794
2
35
104
29
3
2617
7920
6740
7
48
264
1
60
29
3
2617
0
4370
6
5233
4
0
147
14
26331
27010
0
751
564
78
749
160
2
35
24
128
194
2617
975
9298
47
8491
11
324
44
188
3
6050
42
276
162
0
3393
699
85
12
0
1777
1
24
181
14
47
1584
18295
68
524
5634
92
10
170
125
5977
22225
7
0
255
45
22
1916
43
91
116
3
35
677
94
0
32438
2
52
22
16
35
104
33
12
5
2175
1
60
29
141
7258
80
261
744
2
221
13
170
5977
22225
1
92
13
170
4581
2
35
89
24
181
110
66
73
177
13
5943
6
80
4262
1
458
681
62
3161
1
29
40
450
3
677
94
261
9097
4
688
3
143
662
14
75
33
5343
11
0
5549
7
42
664
4
0
2650
7
42
251
699
85
0
3047
6
42
1223
62
42
6095
2
7415
16
292
524
180
11
1971
362
3
1802
1625
4
12008
12
2102
35
104
29
116
676
2651
77
0
82
45
92
13
300
67
3
18104
68
779
2303
19
11377
11
9298
47
117
1
45
20697
0
35
1926
56432
182
50
1971
106
4290
2
35
380
156
289
132
1505
2306
3224
7402
362
73
4
84
225
142
9
2048
6714
7
50
44
29
3
143
6271
32892
182
1926
56433
0
3162
22
2
2797
751
564
16
1322
2590
22
92
43
8
1294
3
32
348
8
63
129
5185
69
106
5713
33
7392
35
1232
106
43
5532
3
1971
10208
63
1688
278
7
0
81
146
82
1
4
118
12
231
2646
29
44
882
1582
42
2015
1
6419
106
2015
2
35
580
106
1012
3181
17
0
3726
6
3242
17
0
983
6
142
6
5
848
6
0
270
2
191
24
79
58
4092
14
112
66
233
20
129
136
106
4290
44
33
26549
11002
1
4
217
1817
9
200
3328
33
80
0
67
717
112
552
13
1474
1444
5
4447
56434
360
1
5
973
956
830
4507
3233
0
106
2445
3
0
1163
11
3838
10573
7
160
7
411
2
8862
3318
1
5
179
9082
3
292
524
1
22
42
2002
3
1450
2391
17
0
9298
117
1
11540
17
0
3999
1515
627
55
6
654
4403
7
0
4323
6
0
1003
1
116
75
154
3
0
1777
357
0
264
2
35
135
171
29
34
54
128
1113
544
1
38
10
1535
3
0
1583
4
0
270
1054
1
4
41
34
80
261
410
12420
2361
627
17290
21
22
2
35
135
171
29
698
1307
3
0
117
4
3900
17
0
117
2391
133
14
47
0
1084
6
551
14
309
0
7563
1
4
41
0
725
14
975
9298
34
40
56435
1322
2590
22
92
43
35
1294
3
32
56436
63
129
5185
69
106
5713
33
7392
2
15
2797
751
564
22
14
119
21
35
2790
56437
0
2365
2445
3
0
1820
7
125
5327
1
21
404
3
4092
14
0
276
34
40
1407
31
5
1540
2
52
22
16
35
139
13
5
1540
116
49
6
75
13088
4069
79
109
767
1162
38
30
40
180
49
11
1540
451
2
35
57
13
41
0
106
2901
23
891
4
56438
26
2245
6
160
22
7402
362
43
482
55
1688
278
26
4460
543
418
4956
3
4338
726
106
39
9298
3550
26
292
524
2655
4622
11
362
3
1802
1625
12
2102


