144
2778
2585
293
16
28136
138
1
406
359
190
291
287
16
28137
138
1
406
359
190
65
211
1898
27
566
3
193
17
5
12250
1537
20
19
37170
423
7
5
1263
77
5
3473
1
5
186
306
209
2
3468
4494
1
903
1
34
1458
12
461
79
269
90
4594
2000
1
823
1
14
8
552
13
159
3
124
5
1537
7
0
1897
109
8
2
19786
9
49
6
27
4220
2659
1
0
247
211
18
566
1258
27
5
1574
9
189
1537
4
4471
27
3
343
59
20
19
423
7
37171
1
655
5987
2
28138
16
2000
4494
1
823
1
10
1898
3
193
31
19
757
3468
4494
1
903
1
39
6633
27
5
1574
9
189
1537
4
4614
27
3
84
25
89
36
1180
162
17
27
1350
4
17456
59
494
7
0
2916
1
10697
904
372
10
78
2
1287
3468
4494
10
856
11
142
17
5
2494
877
6
79
406
82
39
2703
466
2
975
10073
1
4524
1
22
14
68
4494
8
219
69
0
2137
4
945
17
5
1537
4
498
25
3
27
1
8
123
22
1271
3
0
1593
6
8
165
12
123
8
2
68
10073
22
16
8
96
175
0
1537
4
1898
59
494
3
0
2916
2
8
15
1998
7475
68
4494
18
37172
4
21
865
3
0
898
4
21
37173
193
8
647
379
8
12
436
591
81
70
2
15
186
10
78
3468
4494
34
1773
105
82
7
5
247
3264
8
6364
11
216
1537
343
4
34
118
800
40
443
2
68
10073
22
14
7
746
3468
4494
1898
1744
28139
8
2701
278
3
0
251
1
1897
4
99
8
2
15
186
10
78
14
3468
10
3743
56
36
806
20
0
260
423
9
269
39
1975
12
461
8
5078
18
4408
3468
1980
8
2
68
10073
22
16
8
15
4399
6
0
423
10
5
205
54
2
15
1178
10
508
7
0
3170
1
75
3066
1
2691
5
1447
2
28140
16
15
548
113
3468
4494
17456
27
566
3
193
20
5
260
423
7
436
2
1287
36
10
856
11
142
20
37174
904
372
8
15
376
917
34
40
93
661
4
1996
43
627
4
159
1391
0
1152
2
8
89
56
36
806
20
0
423
1
3468
467
2048
1996
1
5520
16
8
24
351
159
3
5228
552
2997
2
8
249
3468
4
27
566
467
3933
77
5
3473
1
3468
1930
3
5228
59
4
22
16
8
4570
5
1537
1
124
5
1537
2
8
68
4494
219
69
0
2137
4
945
17
5
1574
9
189
12250
1537
50
34
37
398
9
4065
8587
4
1376
25
69
3468
18
9502
23
36
2367
2
68
4494
78
27
16
8
6613
12
123
1
84
25
1
8
96
123
1898
59
7
0
2916
7
8
5
1046
6688
1
8
0
186
306
2
294
1996
469
3
12251
27
1
3468
311
3340
0
1537
3
5228
27
566
2
96
10
306
3
161
16
8
24
610
21
8930
8
90
687
0
260
4
1360
3
27
2408
18
260
2
10549
1933
3
0
548
23
1996
469
3
6357
0
777
4152
2
89
21
738
100
911
6
142
4
21
10
192
4555
420
2
203
432
3468
1780
39
0
343
4
36
4800
20
362
16
8
52
8588
5618
25
8
2
3468
1878
1243
5672
27
566
4
1155
36
34
1107
1922
59
184
23
21
469
3
343
27
2
360
1
209
36
490
466
2
2325
2072
1
2788
1
22
25
10
5
8
3599
207
6
2896
8
14
531
3
3468
91
289
5
466
1998
3
256
31
27
583
2
52
22
68
4494
10
8
37
2305
6
19
220
8589
8
4
14
3468
58
41
29
1898
59
34
21
41
289
27
0
1998
2
68
2072
22
3468
18
421
2659
43
79
8
23066
8
4
36
107
41
228
6936
3
5228
767
14
166
268
36
10
1258
0
1537
2
52
78
0
186
3468
10
8
2525
8
77
27
566
18
193
4
14
36
34
477
59
7
232
5089
2
68
2072
22
3468
18
117
8
128
194
188
27
99
7
42
142
23
760
23
686
2
8
52
22
44
2428
68
4494
18
193
5
8
1819
8
4
188
3468
18
905
3
32
23
769
23
686
2
294
21
856
27
1
1485
1114
2601
22
21
2452
0
343
10
41
1531
9
37175
2
52
22
16
8
308
33
118
903
82
6
512
2
308
29
212
142
515
6
66
2
8
96
1362
27
17457
3
28141
7
488
1
45
10
2751
3
23
4494
120
0
186
4843
209
2
26
3468
4494
18
566
2000
1
823
1
1258
27
5
1574
9
189
1537
4
4471
27
3
5228
59
9
86
36
107
26
96
22
8
24
610
21
8930
8
39
2461
59
17
0
12250
1537
26
4494
1
903
1
13
856
11
142
17
5
2494
877
6
406
82
39
4709
578
3
466
26
96
34
79
1773
105
82
374
2511
11
28142
5672


