1704
12172
3990
54
83
37
577
12173
1686
577
58
12174
12175
12176
89
169
513
23
24
1839
12177
3271
256
14
16
9
2459
81
104
12178
6036
27
1172
481
37
12179
57
24
36
9
5
10172
1915
74
9
5209
24
2187
61
637
12176
825
2391
104
122
2534
511
23
24
12180
58
24
3018
12181
2334
14
103
33
138
91
8810
9361
27
4360
12182
14
12183
2214
58
6866
259
12184
149
1391
445
545
185
61
12172
149
6602
76
54
83
27
12174
204
13
169
23
24
3271
61
1191
185
131
61
12185
104
306
61
76
4781
1676
5869
12186
524
24
233
2237
34
12176
61
129
12187
13
122
55
252
23
890
3271
192
12176
262
12188
61
12189
61
9361
61
12190
61
12191
61
12186
61
6160
69
8355
6004
9192
71
61
12192
69
2153
6004
4028
71
61
294
69
12193
12194
71
61
12195
61
12196
27
12197
3627
10966
262
12198
61
12199
61
12200
61
12201
27
12202
262
9361
61
12195
61
12186
27
12174
262
2225
61
10683
61
12203
61
12204
61
12205
61
12206
69
12207
895
71
61
12184
61
5936
61
3494
69
12208
1298
71
61
481
61
12209
69
12210
5731
71
27
12197
3627
10966
262
12211
61
12212
61
12213
61
12214
27
12215
12216
262
12184
69
1298
71
12202
262
12184
9276
262
481
5785
12217
262
12218
12219
262
177
12220
69
6013
71
396
330
262
577
1031
149
64
692
334
868
3368
64
610
278
105
34
14
402
227
27
1134
87
14
886
513
13
799
40
610
1399
23
14
2236
12173
1686
27
577
727
2296
13
278
515
12221
13
81
192
5
8838
610
278
100
14
853
3243
5
45
2168
24
838
27
842
902
610
2516
47
13
122
238
1348
610
105
13
61
3957
758
5
2469
183
1145
27
577
119
2544
149
244
2928
104
607
40
237
3368
61
5
24
10029
5
4372
183
825
748
703
61
87
1465
610
718
1199
185
27
577
119
5551
61
6222
133
9
57
9
5630
61
1644
2859
24
12222
5
837
510
24
68
58
144
166
146
1348
10438
12192
510
3275
57
14
5593
12223
6823
91
1543
12195
27
119
6866
37
2876
2
24
937
57
24
351
149
12224
91
12174
113
3325
2225
76
2989
12196
37
161
12225
91
12226
10683
27
119
82
83
288
12227
24
73
12146
5
12195
12228
14
2876
144
18
58
14
12229
2647
57
9292
76
12230
4068
12196
27
4847
147
61
12174
12231
122
55
3317
1348
3918
12206
37
2330
12232
2876
149
12225
91
12233
12191
5
10683
2896
24
161
144
18
27
1172
481
12234
12235
13
1976
139
12176
113
12236
12188
5
9284
54
10172
1915
74
618
1526
146
61
24
6802
285
1015
156
64
9347
3494
12237
14
2801
9956
144
6279
27
12238
288
104
14
12239
23
14
12240
55
170
637
12196
12241
6279
58
768
405
1296
1584
23
24
6802
331
4447
351
144
484
24
12242
27
12243
146
58
24
12244
61
12176
105
24
82
128
445
122
5574
27
251
11229
1272
57
5112
2291
76
6791
294
12245
14
12246
1608
2
666
12247
515
24
12248
2225
638
758
13
8653
868
27
4847
147
61
24
5551
105
14
124
4376
34
14
4447
1802
159
58
12192
37
3302
3469
13
12230
24
12249
57
1075
12203
27
4338
334
4044
11536
56
13
24
169
170
91
12176
61
183
149
75
24
1876
57
2502
515
12174
510
24
68
185
5785
146
27
481
99
242
2431
3276
23
666
3271
192
34
12174
2916
237
36
10683
37
402
233
149
3358
5
2831
278
100
11401
76
40
9361
37
138
33
149
6123
4539
5
481
12250
23
13
8653
24
233
18
24
12251
12252
12188
27
618
24
2277
3856
61
12176
837
1805
33
1348
294
37
3302
149
12253
185
91
12195
40
12196
37
138
149
401
12254
13
1004
2225
27
305
24
622
1029
61
12188
4273
2
7801
5936
58
405
2508
223
91
3494
484
24
1271
136
1142
1547
13
444
54
2876
868
40
24
10459
113
4273
2330
159
13
54
700
27
12176
2977
853
23
24
230
1011
146
61
641
24
2544
650
33
13
562
23
60
227
27
10438
12192
1
334
6828
185
74
61
40
12176
12045
13
6813
122
10294
1876
12184
149
1391
445
34
14
169
2755
61
58
12255
159
12195
61
484
2225
4273
177
12193
37
6315
1608
5
8355
6004
144
4942
13
1456
24
233
23
104
24
420
5016
256
14
12256
12257
27
187
149
24
55
227
12176
105
12258
252
104
12178
6036
34
837
360
454
40
12174
144
449
3323
24
166
131
64
358
11388
122
2534
10294
1876
13
360
192
27
246
12174
2916
1876
133
16
9
2459
7597
104
12178
6036
246
1172
481
3285
10172
1915
74
13
1029
12176
37
10294
1876
246
259
12184
1391
445
23
12259
227
34
169
12260
3258
246
12174
278
2048
374
57
122
35
890
192


