258
4577
2905
5
8138
12953
251
29344
1411
316
698
23
14
3834
1561
19068
356
515
149
26013
18
24
4581
4123
13
107
73
156
27
2939
330
202
515
24
4608
99
11595
2
666
2769
6279
5
1851
2769
1005
13
4846
2769
6279
5
3190
2769
1005
27
5306
5192
369
185
348
27
13969
29345
763
1462
1116
13
24
1563
502
105
100
104
24
4051
57
24
29344
3592
27
396
750
119
29346
463
7244
515
215
5
54
715
369
26126
122
9030
27
521
159
34
522
1773
57
1123
262
251
29344
515
149
298
18
24
4581
23
24
29346
61
1561
2399
202
5
99
624
2
666
2769
6279
13
2744
2769
6279
27
2136
702
185
202
162
237
858
319
3192
1526
61
267
61
14
29344
87
719
1411
316
3861
61
119
29346
463
7244
341
24
3861
288
29347
1348
24
29344
61
502
149
253
101
7118
61
11595
1750
29348
23
24
1675
262
251
29344
11595
1750
61
2965
13
29349
316
3861
23
24
29346
61
1561
27
2136
702
18
24
4581
27
6899
24
4581
61
7118
5192
298
24
29344
58
8324
389
183
149
5726
5
1143
4948
27
305
515
227
61
14
20394
3952
105
100
1950
185
24
29344
34
449
166
3133
27
7681
7807
5306
25583
1702
22209
29350
330
1750
24
29344
11595
101
24
17366
57
365
698
27
11331
365
3861
369
370
29347
27
999
57
24
3089
87
23
9443
655
24
622
87
14
3902
2930
5
24
20686
288
4011
13
1454
133
1750
27
29351
288
289
13
24
82
1145
2779
1835
185
1750
5
5192
278
647
100
1950
1145
24
5969
13
29352
24
4608
27
305
32
222
185
1750
61
360
4409
29353
6535
24
4324
13
4350
24
4608
76
14
2721
5
4409
5995
5
4948
104
55
8158
3358
358
516
1728
24
4608
2
5726
27
5968
1145
24
5969
262
1769
5192
1949
822
57
1750
14333
24
4608
76
14
4409
5
2721
5995
28447
262
2281
3861
369
370
29347
27
999
57
24
29354
87
23
9443
655
24
622
87
14
3902
2930
331
119
1563
87
244
2050
13
738
10348
61
64
402
64
24
4608
1308
244
1454
822
139
575
183
87
700
1094
61
331
29355
29356
29357
750
7142
4983
27
331
727
718
604
639
34
4149
40
24
7118
2831
6297
183
159
5
2075
1728
183
2
22754
61
331
215
359
27
11199
23
24
356
6247
185
24
4374
1750
13
2995
64
5192
2285
13
4350
24
4608
5
1728
183
2
16858
89
24
4324
27
331
628
1019
183
37
3554
61
628
1018
27
628
1019
183
37
3554
27
842
237
87
119
29346
5
610
1550
4014
57
621
622
61
331
5663
3510
29358
750
29359
27
246
119
29344
3469
1411
316
698
185
1750
23
29346
61
1561
246
27377
1949
822
57
1750
5
2414
14333
23
24
4608
13
29352
183
246
842
185
202
24
4608
2399
5
99
1094
624
2
666
2769
6279
13
2744
2769
6279
246
951
32
99
100
385
2
24
19068
356
1521


