7285
48165
769
45363
40
149
174
76
80
48166
14907
35278
331
21757
25054
331
69
324
71
4338
2189
14
2569
363
2111
61
7285
48165
1622
13
107
36251
76
4372
27
842
525
118
104
2555
1413
670
7408
5
48167
2
14
2010
13
14
2146
3970
149
2270
705
227
926
433
1774
57
525
2316
23
24
25633
27
119
8474
9
2033
330
167
15899
24
1290
926
149
174
76
80
48166
14907
35278
331
21757
25054
331
27
579
330
926
6705
105
13
331
48168
23
331
525
48169
14907
61
1775
525
1634
1533
3146
57
525
1816
1284
1541
484
27
4338
361
3250
14
8938
4046
185
24
6670
652
525
1816
3152
34333
373
3134
525
13
107
24301
61
24
2002
2230
1802
13
14
1409
8505
23
31501
27
143
902
61
58
722
170
525
3121
4514
3068
23
14
166
9
2277
4046
61
665
48170
330
926
2256
64
3400
926
99
100
7882
27
579
330
262
331
628
3330
12326
707
14907
27
691
288
1030
2804
21757
25054
5
628
1949
704
707
227
3108
13
48168
542
89
513
13
1728
542
8424
2
707
12590
27
331
628
149
821
5244
10690
61
45
13
4943
24
33
8638
358
1515
27
331
842
926
149
11640
2
24
6670
735
2580
34
14
3121
8938
652
58
2189
1290
525
48171
29309
33
47
13
14
20275
18
24
1114
9816
9
104
502
222
14
1066
87
648
13
107
24301
27
665
48165
99
166
272
1519
1011
61
1371
5
3970
5
763
23
6593
61
330
262
331
628
149
185
24
735
2580
34
14
8938
34
316
5
14
170
494
58
628
769
1290
935
32
257
628
2168
14
1724
2496
846
628
516
278
13
799
445
183
652
57
707
48171
27
331
628
149
3316
652
237
149
45
14
23884
1190
5
652
628
1999
707
48171
149
503
144
18
652
57
704
24
13207
1290
628
149
6534
185
707
25569
27
331
579
149
7348
13
107
6534
104
306
48172
23
3121
4514
5
2241
183
525
48171
516
278
4719
89
24
4518
4623
27
842
64
525
568
5145
159
665
48170
1999
1103
13
32949
525
712
64
14
414
893
2241
35741
24
4372
452
515
17292
2
525
25569
27
521
159
34
522
579
330
262
331
628
1999
818
822
1533
4518
61
12924
5
2246
23
705
880
8815
13
707
2128
40
707
21757
17546
14907
288
2329
1690
652
646
149
455
628
44
1018
13
1292
542
27
331
951
1479
57
11351
23
24
2042
53
1193
2187
27
143
2239
61
2329
61
1407
1030
515
149
1138
343
13
24
9895
2146
5
1290
57
542
27
331
7478
5049
834
5913
926
149
525
448
623
525
4289
1409
4002
76
48173
27
579
330
262
331
628
1999
11256
2050
34
24
20917
652
13
846
237
149
45
23884
4002
61
237
149
3330
9683
27
331
11598
3806
525
450
5
4372
516
826
2
334
14814
5
8938
1269
27
579
8506
24
1389
38480
4046
23
891
1268
104
24
48173
7628
23
2425
27
1042
25569
149
3559
13
14
1533
27903
48174
8815
13
24
9580
57
170
57
525
3121
4514
27
665
48165
330
262
331
628
144
88
24
5282
13991
5
330
577
4155
577
27
628
44
244
1014
24
21757
25054
105
2113
423
27
628
149
18
24
5375
13
850
24
33
57
542
27
119
8474
9
2033
149
3250
14
3121
8938
4046
185
24
6670
652
525
1816
3152
34333
149
144
18
1114
9
24
9816
575
14
1066
87
3180
64
24301
9
58
2189
1290
842
902
61
58
722
170
525
3121
4514
3068
23
14
166
9
2277
4046
104
14
1409
8505
23
2425
61
665
48170
330
926
2256
64
3400
926
99
100
7882
331
119
8628
149
2219
5
2236
638
14
3541
1086
27
331
4338
24
8938
35
506
926
1520
926
1999
1511
33
8638
5
525
4372
48175
27
579
330
262
331
1007
1019
1581
14907
369
14
8142
40
358
718
107
14
26594
27
331
628
629
6602
13
850
24
33
57
542
27
12573
628
718
584
8274
27
331
16288
3322
61
8567
2
48173
19079
11606
330
61
331
14917
38823
369
32
57
24
594
562
3060
3808
610
5605
109
104
48173
27
331
119
5510
3308
57
342
850
14
835
5768
23
122
2820
57
562
5016
15428
27
331
408
4192
342
11248
57
834
822
3468
183
87
34
542
13
11351
5016
15428
9
2050
2239
61
2329
61
6426
11351
8214
369
405
57
24
4328
342
369
1094
644
13
1550
47
502
358
516
278
4000
76
484
27
331
408
696
719
14
694
506
185
506
5547
23
24
5816
57
2282
48176
449
3121
38823
9
1411
1268
5
267
61
2010
1299
1300
47
2
24
506
484
27
331
187
37
2508
13
4192
449
24
841
1426
183
37
105
185
237
8518
37
562
27
331
246
7285
48165
130
1413
670
7408
48167
2
14
2010
13
14
3970
246
842
1347
58
2189
363
2111
926
149
174
76
2146
48169
14907
246
8474
9
2033
330
358
24283
331
21757
25054
331
5
2270
525
4372
246
26414
14
8938
15428
185
24
6670
652
525
48171
2150
926
149
24301
246
4338
2050
13
14
1409
8505
23918
278
3068
170
525
3121
4514
246
4050
2230
330
926
1094
2256
331
2801
331
58
24
562
9
3060
4002


