10591
34300
99
405
5542
34
24
2572
8002
537
13
1029
122
2184
3232
57
6122
75
255
23
24
23155
2434
61
5
183
37
2236
1537
3334
262
144
4199
183
27
255
278
2048
533
57
24
35
890
23155
2497
5
24
3515
13
122
4228
61
1489
13
34300
61
87
455
40
722
7420
609
27
119
17412
9
552
3371
28757
13
316
2769
57
24
2411
149
24
2876
515
8243
24
2538
34
2465
28802
37
83
104
34301
35
751
9
330
515
8652
623
542
13
4361
1348
122
3295
2124
185
24
34302
102
27
10591
34300
34303
445
104
24
66
4608
123
24
23158
20472
15516
185
2272
34304
912
1414
34300
13
3584
14
34305
987
61
1185
1687
6525
57
34306
61
23
54
22799
2079
61
76
24
136
4455
54
7940
185
24
548
27
34300
598
1687
1003
55
34307
23
14708
13
54
7731
6927
17
119
17412
72
76
24
23155
2434
58
54
1036
511
23
255
37
17
331
187
912
1098
13
2951
185
24
3607
77
40
610
8158
13
144
34308
226
64
14
77
5
4199
24
824
61
331
330
34300
27
331
1307
24
5828
77
232
609
610
278
14
9141
692
34309
5
4199
621
622
912
1565
61
502
2531
703
2502
758
101
102
23
707
1772
27
331
34300
34303
183
47
104
24
23158
15516
23
20472
237
632
2456
13
5042
24
594
796
506
57
54
1915
76
14
124
17
23
32
57
24
5828
16747
37
1136
6518
32510
815
27
396
53
14
6921
56
61
2882
14
1413
9
101
9
34310
2535
57
9192
13
193
23
1937
513
61
166
2919
1778
3965
12610
3776
27
2105
2106
13
1869
14
2401
57
24
55
2535
842
34
494
61
34300
149
14
34311
19030
61
14
1646
136
9931
24
1146
76
709
11944
10283
13
54
3584
61
343
23
709
1478
398
13
334
7201
33
2536
27
999
6976
1347
9925
158
13
748
47
15500
34
692
27
25154
34
255
5
28802
215
590
709
3043
27
34300
37
55
17
650
104
1741
34312
316
494
495
5
215
87
1094
8780
24
28590
57
54
1915
104
24
636
57
2149
27
1031
8771
9
1866
28757
185
24
20481
4608
57
24
34313
22792
553
24
34305
2876
45
144
57
54
34314
17
18
34315
475
40
663
57
237
506
37
23155
2434
27
331
187
149
80
34
846
5
24
5828
77
27
1134
99
100
707
594
5052
36
2241
3259
61
331
215
330
27
34300
3697
24
2876
515
8243
24
23155
2434
9
14
28757
89
24
20481
23
54
112
75
34315
475
3507
23491
69
116
71
87
32
57
24
124
5251
185
24
2572
23155
2434
8002
331
5045
707
55
5828
16747
5139
61
24
7731
6927
23
558
61
149
2928
796
27
187
105
319
14
1842
57
1131
223
13
444
515
222
5
14
1842
57
2546
27
331
842
4485
57
768
372
30484
1183
13
17
61
34300
99
2276
1533
2211
32
13
614
27
331
1003
692
163
663
34316
76
846
722
2907
61
818
628
1019
515
1099
107
24
3515
13
707
4228
61
331
215
330
27
34304
912
99
807
14
582
4166
15500
2439
34317
246
10591
34300
10600
185
54
5
255
37
4228
104
24
23155
2434
246
17412
4430
24
2876
515
8243
17
34
2465
28802
37
77
246
34300
1520
255
369
2046
652
358
278
7420
246
2572
278
1481
47
14
8002
13
3911
122
1876
57
3291
6122


