144
1257
4101
293
16
29903
138
1
399
359
151
291
287
16
40534
138
1
399
359
151
1722
20720
38
29219
5286
69
1788
792
6
1642
11
24352
5743
6
1018
31
1191
88
44
58
32
157
11
0
2401
29
40
115
578
6
1866
2
1179
14831
1
966
1
1774
8155
1
384
1
4
2160
10590
1
966
1
78
4686
44
43
1406
4123
5743
140
299
9
173
125
50
58
32
1691
23
196
6
0
160
2401
7
190
9
50
58
1117
2947
676
4019
2
89
7
725
0
1018
16355
574
55
3
32
1346
838
9
2343
2441
1018
1
7
0
1823
17496
62
3997
3
32
2721
1329
3723
2
101
943
1
67
85
2226
5286
28
357
299
13242
17
72
19696
7
54
6
0
1192
8
18209
8
16356
3
1277
2
29904
16
1179
14831
1
93
1
4
1774
8155
1
122
1
157
2558
1701
4
207
49
376
1771
3
1256
55
0
8
18209
8
1866
11
178
82
2160
10590
909
430
498
430
0
2351
540
6563
10641
7
3912
3
0
29905
393
15
17996
157
2351
1701
4
376
1771
3
1256
55
0
4379
197
1557
4
468
1
1262
42
29906
4261
7
8276
23711
10
1406
2259
29907
2
8155
180
430
778
8951
4
158
207
49
5
376
298
8155
4
8951
11614
1
909
39
430
4
19
10783
9
17622
2
10590
909
430
39
29905
393
6563
10641
119
14831
498
430
0
17457
8
14832
8
2
15
4915
43
209
115
578
6
1866
262
5
64
215
644
20
6466
904
372
2
40535
2680
11013
1
384
1
421
490
3532
3
16357
5286
2
828
105
43
7763
7
1330
515
6
42
4156
12
437
2
1485
629
40536
22
16
8
308
73
1347
5
1641
905
7
4969
3
261
3916
2
8
2086
7
0
644
1
4176
1186
13575
78
0
1540
16
8
20721
43
8591
3
1160
0
5743
31
1713
232
9
906
1385
5371
1
4030
31
1690
9
1441
2
8
135
29908
49
0
2343
6
0
5743
6
1018
1
4
371
20397
14
1329
3723
10
91
3316
62
14
5
1211
9
4901
24353
13
3947
7
11011
0
1018
2
8
40537
43
116
14
0
9444
76
1380
0
1018
99
3
0
5097
298
2
8
101
725
1
0
1018
91
786
16355
1070
55
3
32
838
2343
2441
1018
62
29909
1
8773
69
2957
6
1929
5743
3
32
786
12
20
4644
40538
1764
2
8
6274
6
25
10
7
0
1264
3028
62
7
108
1061
113
0
5486
6
1329
3723
10
1631
3997
8
1
22
68
13575
2
8
580
5700
11
1329
3723
34
7
725
40
116
2
8
24354
7470
16
15
20720
4005
5286
0
1018
10
735
23
196
6
678
3
1349
0
1542
4096
4
1749
7
160
543
108
2984
2607
38
469
3
23352
42
2394
43
78
20322
1176
7888
735
3
32
682
3
22785
0
279
2
238
3261
7
29910
2057
1
40539
1
336
24355
1
1543
1
50
10
1082
28
1543
655
1153
11
72
6696
1
10
8773
69
14833
7023
5743
5343
20
79
72
29911
277
2
15
13164
3955
123
207
63
1406
277
3261
11
72
1688
5
1442
1
5988
2411
19944
3
5286
4
3596
49
5
29912
1045
5
8
13576
14834
8
3399
1234
2
15
4379
157
376
1771
173
18210
3741
40540
11614
1
18210
3741
1
8961
3741
1
4
18211
6551
4
3741
11614
1
80
6
50
43
1440
3
0
222
853
12
0
20722
898
6
37
853
1948
7
8276
23711
2
4920
10832
292
2200
4
19
227
8332
9
417
43
543
217
14774
69
0
2333
1
13472
5
943
6
72
40541
7
18210
3741
39
91
3025
9362
4019
7
505
11
2021
1018
2
15
1778
295
28
40542
9
12
9
2746
1
336
3970
1
43
87
2453
7
359
1557
31
8155
3782
23
778
8951
2
135
43
8591
3
196
17
67
85
72
40543
11
5743
7
18212
1
1543
1
20723
1
40544
1
7
6494
1
40545
7
8337
9582
1
4
40546
7
13057
2
40547
9
103
16
15
20720
786
7023
9
5743
6
1018
12
29910
2057
7
336
24355
1
1543
1
11
72
1688
277
56
44
43
5343
20
79
72
29911
15
295
34
489
4008
11
0
1018
45
214
100
505
31
484
1098
1
45
43
2033
3
1160
67
1018
7
40548
1
7
1543
2
8
135
43
3863
18210
3
154
3144
3
124
1329
3723
4
11
37
1683
3
1380
20
5
3088
56
0
1018
10
3360
49
31
5
7607
8
1
22
68
13575
2
144
359
746
1
0
40549
43
1073
10195
45
43
649
17
7735
77
0
3671
4
4009
3
9754
216
72
40550
7
0
336
24355
569
2
10590
1
23
6563
10641
1
123
78
0
295
125
6
42
1018
10
91
1082
49
31
37
513
9444
1
45
216
72
1795
10
735
3
8881
0
465
2
15
20720
29913
88
455
17
327
44
43
8
14708
4354
8
1
1514
11
2968
7888
6
279
3
1524
42
2394
945
5
3088
1
268
1117
44
805
3
503
156
67
4
43
78
0
279
76
41
32
945
2
8
271
2200
809
14
44
34
3
402
1788
62
14
44
58
1208
850
8
1
22
68
13575
2
8
135
34
40
3025
1316
6250
4
213
739
2
8
135
34
40
29913
455
4
8591
3
143
67
4
67
3351
2
8
40551
1866
30
383
2497
8980
7
612
82
2
16322
29914
1018
69
2397
5743
4
1380
25
3
5286
12
0
2536
14
494
25
13
720
11
1831
25
46
13577
7
2343
2
40552
46
256
232
9
906
1385
6978
31
1690
9
1441
1701
4
1758
28
3717
9
720
24356
4260
2
135
73
61
256
1944
1
737
1
1415
6
2803
62
1071
20
5
29915
62
2988
2
101
725
1
0
1018
13
473
7
1061
6
1492
2013
1
5877
1062
62
30
305
880
6
91
1115
12
4
0
75
374
261
1771
33
882
1505
9
20083
3621
2
15
5342
4232
4046
6418
18209
9699
29
86
416
752
255
5286
67
85
72
18213
2
1100
41
80
18209
9699
33
5
4379
1
25
13
473
41
116
536
3
5286
14
92
33
5067
12
0
1831
6
0
1018
62
14
25
13
4048
3543
2
135
1005
48
1741
12
129
3
1231
2979
16
9
19862
0
487
1096
113
0
1018
13
2656
4
1514
88
458
0
1018
445
388
32
443
11
1831
2
1217
114
0
447
5388
62
2765
0
2333
131
25
13
12364
0
1018
46
32
1691
254
41
6687
1409
25
46
32
2
9
281
66
29
369
8605
7
5
2333
4
33
1689
1
429
2093
279
3
0
839
4
2423
553
2
281
66
29
289
88
212
1276
1063
985
1
812
212
1276
40553
19862
0
29916
8613
24357
17
23
194
597
23
66
73
63
212
2394
4
0
298
553
1
173
42
965
985
4
35
839
3912
24358
53
40554
51
2
6992
16
15
5342
4232
4046
53
29916
51
15
4379
1117
29917
39
24359
31
106
1
5383
2503
1
4
0
5342
4232
4046
1
23
168
23
468
24360
7
0
491
12
302
2
40555
738
5743
6
1018
7
6072
1
16358
1
5138
1
40556
1
14835
1
20724
1
4
17186
1
43
157
7
0
4379
1
80
6
50
43
1346
1264
3028
1018
62
34
100
1329
3723
2
24361
6
0
4915
18
1170
310
5
1227
6
2558
10218
1
9156
182
16152
1
4
985
6
42
819
2
10590
18
102
1140
34
40
157
3
818
12
1042
11
8
18210
3741
14836
24362
8
23
0
2634
17463
12
0
1720
2
15
23572
6
0
1866
13
521
3
29
2198
0
264
4
13
648
12
0
389
2
10590
1
8155
1
4
14831
33
98
1418
9362
6404
374
2511
39
91
115
578
6
3532
3
16357
2
10590
1
14831
4
8155
1
80
6
14110
1
1543
1
34
1243
0
635
45
43
115
578
262
5
64
9
215
644
2
11013
1
6
40557
1
2312
1
421
490
3532
3
16357
2
26
10128
310
54
6
299
18
1192
388
8
18209
8
16356
26
1179
14831
1
966
1
1774
8155
1
384
4
2160
10590
1
966
1
115
578
26
23984
5743
3
5286
5988
676
4019
56
0
1018
10
1691
26
29918
55
3
32
838
9
2343
2441
1018
1
1823
17496
62
100
1329
3723
26
29904
1
28
14110
1
1543
1
78
3
1347
8
1641
8
3677
12
437


