65
697
9
70
9
83
567
17
5
843
3188
78
92
10
8
100
610
8
30
11388
5975
3
1017
651
11
0
200
71
9
79
7
71
11
634
2
4768
2393
1
28
4504
1
10
87
1463
17
37
3743
843
3188
7
488
190
1
56
21
10
79
231
82
83
2
334
3435
64
753
2101
1
13467
4
187
6
2949
1
4881
738
21
10
651
9
456
4
19
117
521
21
34
1017
0
1324
2
89
44
43
312
17
216
39434
7
600
48
70
1
56
44
43
78
19
651
34
945
2
3083
1047
0
5484
546
14
92
10
8
100
610
8
1
45
19
117
7418
88
3
722
520
2
10856
16
4768
2393
53
376
51
30
40
289
0
80
9
536
28
651
7
71
11
634
1
194
3
0
4053
6
19
145
13468
1
566
2196
53
93
51
4
4
3287
566
1483
10546
3
271
2393
8
11566
1
4768
489
520
4
10
317
2949
4321
20
102
2
1722
187
192
1
3
42
14687
4053
1
5
2438
30
310
4768
30
11388
8285
9
23
0
3188
1181
3
29
2575
2
52
13
98
350
653
3
1051
634
132
17
19
3287
566
1483
1
19
64
1446
2570
1
3230
1
485
1
4
2196
1
406
1
4
19
296
10748
4
4343
2
271
2393
1
2064
1
22
4768
30
79
1892
19
1455
726
6
2949
4
0
117
46
39435
0
3573
48
634
39
199
5
6591
70
2
8
104
43
2525
56
0
807
78
282
0
651
34
226
99
1
8
36
22
2
8
4768
34
40
536
11
77
64
82
4
60
76
41
354
25
2
57
13
199
5
4053
3
1487
0
3188
30
698
494
311
2
8
104
273
92
58
32
5
305
706
6
39436
262
0
2949
1
45
60
107
74
1347
0
3188
3
32
2790
698
2
8
836
60
73
228
2029
634
340
0
2973
6
1734
63
25
2
828
0
1049
33
159
3
32
1176
20423
48
70
2
8
4768
46
170
29
3
4136
64
557
5504
6
2949
20
1851
1495
7592
1
50
46
1911
7
359
1
45
807
29
1376
19
1551
4881
28
274
105
187
3
274
231
187
2
271
2393
30
61
7913
5
245
6
280
1
117
4
168
9
18001
14
840
1251
279
3
503
11
520
1
4
11
1556
12
4768
18
2080
874
1
199
23
5
3849
39437
2
96
4
27
315
43
1274
2525
56
4768
10
87
1463
17
5
843
3188
7
190
2
39438
361
16
4768
53
93
51
17
19
3287
1
1483
2
15
3573
30
79
1892
19
1455
726
6
2949
4
0
117
33
350
653
3
4819
48
634
334
1029
3432
11555
1
4
807
2899
55
1713
2472
1
21
10
1117
482
11
5
2438
2
318
296
43
2525
3
32
78
21
34
5
1303
1798
9
1073
3188
180
5
5519
441
20424
2
852
3
4920
1782
255
1
118
63
316
7
639
126
53
316
134
153
51
1463
17
20424
46
495
11
178
82
2
65
20424
13
37
3743
4
1798
9
1073
745
6
843
3188
2
9548
1073
9729
33
194
67
623
3
226
99
39
520
85
3023
1073
9729
2
15
12494
13
41
205
11
75
17
67
3743
5519
463
4
441
9729
2
2007
63
316
7
639
126
53
316
134
153
51
1463
17
20424
46
495
11
178
82
2
1398
2039
495
11
499
85
5
70
2
6992
16
4920
1782
255
997
0
1245
3324
1
4768
5825
64
753
2101
23
168
23
2949
4
13467
2
318
296
43
2671
3
1487
0
520
34
887
0
651
20
10165
2
16017
6
1551
4881
224
99
536
1
4
44
521
44
76
5912
5
29339
6
4053
2
360
1
216
23927
21
556
7
600
48
70
5197
2753
10706
1
4
557
1594
738
0
3188
34
945
2
2045
0
2949
4321
4
5
612
2438
1
4768
18
3935
7
16135
29340
1
570
8233
29341
1
729
0
3188
1527
3
29
2575
1
892
21
58
29
3
722
19
2949
268
0
733
13
1046
2
570
29341
22
16
8
139
13
228
400
546
11
4768
4
19
117
2
8
104
352
228
3873
14
0
3188
1181
3
29
2404
86
168
3
0
2949
520
1
4
119
41
55
6
0
10648
79
602
1
48
1295
3
2949
13
194
419
85
24
539
2
8
271
2393
176
16
8
24
76
41
2928
0
481
20
1851
1495
7592
511
2
135
33
80
228
205
17
4768
2
8
26
4768
2393
10
1463
17
5
843
3188
7
488
190
26
39439
64
753
2101
1
2949
4
13467
26
14688
738
21
10
536
1
45
7
600
526
0
651
945
26
3083
22
92
10
8
100
610
8
45
19
296
4178
520
26
836
5
2438
30
310
0
3188
1181
3
29
2575


