119
1666
129
15385
34273
34274
5
623
525
7180
7156
99
100
2876
982
91
24
11188
23
1904
27
259
48717
61
5667
61
149
1048
438
18737
61
575
215
1001
61
1348
14
6286
1805
54
1055
35
632
27
119
2108
99
799
64
14
1311
8804
13
34274
61
307
61
4190
3820
27
4404
262
259
48717
61
5667
61
69
174
71
15385
34273
34274
69
700
71
23
1073
5
22222
525
218
14
41054
27
396
99
100
2876
982
91
24
11188
23
1904
61
575
215
17562
47876
23
5
133
57
24
10948
5314
48717
5
34274
2011
104
48718
31219
23
5165
5166
23
1073
5
6547
15385
27
1882
13
5231
5068
104
24
227
61
215
623
34273
218
525
24311
2277
57
1857
41054
61
5
7176
515
7157
44
6457
525
1222
926
638
244
1728
27
331
628
750
525
262
577
816
723
980
445
24
48719
61
628
1018
244
1019
723
825
761
577
61
331
48717
750
24
3052
7956
23
1073
27
331
577
816
723
1018
244
1028
13
444
27836
34
8681
61
1018
183
34
851
2907
27
577
331
579
3438
3119
13
1728
496
926
912
2931
61
5
926
99
4073
525
562
23
2276
3001
27
579
1308
1013
444
10884
705
2356
5
6823
133
27
331
777
7316
2291
58
14
2347
454
40
358
12321
486
27
143
167
3031
13
1904
35
506
61
575
215
17562
47876
23
5
133
57
24
10948
5314
61
48717
149
330
13
278
2859
5049
34274
156
23
24
2157
57
267
61
24
463
3912
1341
27
48717
750
34273
13
444
27836
1185
2359
926
1825
1067
61
1489
13
334
4860
23
1073
123
525
41054
5534
14
3532
262
34274
16756
218
35381
61
502
935
9
4501
48717
7983
623
525
76
251
4855
1015
13
34273
750
24
463
3912
185
4386
262
331
579
87
5957
27
34273
648
215
149
14
5635
111
27
331
34274
61
129
99
316
760
24712
972
61
533
61
5
10918
6083
61
363
61
76
6989
9
583
177
48720
61
99
1521
13
1190
334
2805
2951
27
48717
37
1816
99
100
48721
13
24
48722
4715
5
215
149
8809
23
14
32913
483
237
632
23
5165
5166
27
742
469
12551
61
129
663
763
23
18905
61
750
24
3912
262
331
187
912
8332
1221
259
285
646
13
1812
13
7118
24
1566
27
331
396
149
3108
13
442
308
61
215
516
1502
377
515
24
1566
149
23
19522
27
331
246
259
48717
5
34273
34274
2011
104
48718
31219
23
1073
246
119
7241
9
2033
87
14
1666
23
18737
61
215
149
2876
982
35
632
91
11188
246
48723
34273
123
525
1857
41054
5
7176
525
13
1728
3181
246
2032
9
2033
7901
87
330
13
107
5957
91
54
897
61
4190
377


