65
3750
13
7
2184
641
39
91
529
7
5
15683
17770
56
19
145
10
12
5
3500
2709
8743
2
22469
11722
8403
30
40
432
11
284
6172
39
36
180
0
106
3
3928
88
14
0
442
567
10
2415
1211
12
437
166
2
15
8432
442
13
7
2184
641
4
0
145
13
12
1747
718
20
0
12655
655
1034
7
963
2
2086
2635
16
249
22469
8403
10
432
12
437
1
106
175
1330
6
27
17018
9
83
198
53
36
13
137
120
14
2635
748
51
4
0
3750
1
234
1049
8
244
13
2467
38
13
7
1034
15
27321
1847
22433
607
14
0
442
4
19
17018
9
83
566
29
40
204
69
1330
31
0
781
6
1759
4
8748
1
4
0
17018
9
83
30
40
210
69
12656
462
2
8403
1
2473
1
61
30
5
3087
9
83
263
38
10
529
7911
3
679
23
5
768
6
8403
18
642
256
120
27
2635
2
96
78
106
14
36
30
40
319
0
2172
13716
150
36
10
5
1278
2
2143
36
115
55
14
36
10
1326
7
57005
20
50
547
807
78
27
36
10
231
62
452
187
57006
36
4044
41
3
3091
3500
114
6
0
442
2
387
107
74
81
1
967
1
4
0
132
90
0
442
10
529
1
36
3713
69
0
21178
14079
6710
4
219
12
5
8743
2
15
442
10
529
7
0
17770
4
8403
157
27
3854
3
615
0
25017
6793
2
15531
16
22469
8403
53
137
51
118
1974
14
36
10
1326
7
359
56
807
78
27
36
10
231
62
452
187
455
1
4
36
469
41
3
84
679
120
0
2635
45
76
74
81
19217
718
16
8403
30
40
1284
7
5
12413
5802
4
10
432
11
284
6172
39
36
180
0
106
114
27
3750
10
2415
1211
15
442
18
244
13
8403
18
1133
4605
2467
38
13
648
7
1034
23
168
39
5
6425
11
1680
466
4
2357
1282
10
1209
11
59
11479
28
37
11770
358
7
2880
57007
655
1
2754
2
2467
1
2297
1
13
0
244
6
234
0
3750
4
0
17018
9
83
567
2
8
24
692
36
34
5
683
6
500
679
1
45
41
14
36
10
500
679
2
96
79
115
55
36
10
1326
1
8
2467
22
3
0
27321
1847
22433
12
426
2
52
4
8403
532
386
20
5
186
942
12
426
3
2805
110
171
32
617
63
42
126
119
44
33
7
1034
2
7218
27
437
1348
4
0
186
942
1
0
6002
9
83
10
7
35739
1330
4
0
3750
1053
7
2184
641
20
0
57008
57009
57010
855
7
35740
2
8141
2511
16
8403
10
432
437
53
93
51
4
27
1133
1
0
3750
18
244
1
4605
2467
53
122
51
10
369
7
1034
11
1680
466
4
2357
1282
635
28
56
44
960
7
2754
836
0
296
29
289
77
5
874
6
1701
6
2188
38
76
718
0
126
45
35739
46
32
831
3170
2822
12
0
2423
90
6633
77
462
2
15
2981
6
8403
18
3087
9
83
263
28
216
573
13
3591
2
8
1213
733
60
929
159
3
764
386
2
581
1242
33
323
2
96
47
41
5
849
447
2
96
79
213
5
863
4
1
386
1
60
1994
666
25
1
8
2467
78
0
27321
1847
22433
2
2467
78
0
1581
14
44
29
1670
55
5
540
11
0
57011
14
44
58
41
3717
57012
4
33
450
3
124
7
1698
17
0
286
86
14
0
540
76
32
176
3
0
567
18
878
6983
2
57013
1157
16
8403
30
5
263
38
13
98
17949
9
83
53
137
386
7
746
51
38
10
529
7911
3
679
114
8403
10574
3500
120
0
2635
4687
6172
635
29
40
1997
127
8403
609
25
13
3591
110
1
112
711
1
36
46
225
4761
0
686
642
2389
4
256
2
2467
22
14
21
273
14
4324
11
19
421
642
2389
766
34
13389
4
107
41
7801
14
21
10
1949
0
537
31
687
2754
2
52
327
14
21
107
41
183
63
0
1680
466
4
2357
1282
635
4
30
369
1204
7154
2829
86
14
21
46
225
0
635
7
2754
2
26
22469
8403
1
2473
1
107
74
183
36
10
1326
268
359
4
10574
3500
0
166
90
36
498
878
12
437
26
31441
878
3
5
8432
198
7
0
17770
6
5
15683
4
180
106
114
21
309
2415
1211
26
15
567
13
98
7
2184
641
20
5
35740
286
4
8403
13
12
1747
718
26
15
442
18
244
13
27
1133
38
13
7
1034
12
1680
466
635


