251
1605
1606
932
27221
2421
129
4430
5
1745
14
50167
9
2033
627
22141
24
4324
185
24
3959
1202
15472
33
23
5657
99
1094
100
2940
23
7717
13
24
1757
27
53917
53918
61
5555
61
149
319
89
2946
1372
741
185
15070
57
13024
13
11351
343
4014
1348
2540
14
174
1456
2
1202
53919
6423
2334
1202
6554
1604
185
24
2356
57
5657
890
61
1348
215
41466
159
2251
13202
61
2779
61
5
2352
54
20711
9
2033
571
61
2617
1075
13202
27
53918
3249
2168
445
76
14
21099
34
10834
13
20967
13
14
19204
5
642
6671
24
2390
1719
334
1757
27
3850
34
2251
262
1605
1606
932
16726
53917
53918
61
5555
61
99
100
2940
76
13024
13
11351
343
4014
61
502
404
23
24
897
57
50167
9
2033
2251
13202
23
5657
18445
262
119
627
37
219
5
1816
288
1876
18
91
24
918
5
1580
12564
185
24
2421
37
83
61
655
54
571
61
2617
1075
13202
69
700
71
4508
14
7917
60
305
24
227
61
7703
7681
10824
12226
39187
5778
515
215
44
45
2479
24
16726
76
12969
9986
652
57
14
3802
515
10595
316
3833
23791
13
3193
2958
5689
61
1341
925
1840
27
53918
503
105
32
34178
34
10834
13
20967
27
305
24
227
57
24
1719
61
24
16726
105
100
1914
185
334
18353
34035
8511
34
2707
190
454
27
119
501
3327
334
5369
23
1605
1606
5
7199
6897
5214
9489
23149
13
10905
24
17521
33424
3777
9
14
53920
13909
552
74
87
13
1399
334
1029
13
14752
12629
91
2867
331
6297
9909
27
331
816
560
57
10834
13
11351
343
4014
61
53918
44
855
47
13
2431
1267
23
3254
5
14
3486
57
2947
40986
27
396
663
3362
13
1248
54
2421
37
8511
27
13623
445
1166
262
53918
149
3249
8533
34
10834
13
20967
13
14
19204
61
5
24
5657
890
1719
149
6671
334
1757
162
3803
262
305
24
227
57
24
1719
61
24
16726
105
100
1914
185
334
18353
34035
8511
34
2707
190
454
1947
54
7707
61
53918
149
407
185
54
2534
53921
27
742
1462
2959
1987
87
534
916
27
17290
53922
61
2251
37
2255
61
149
45
9978
76
24
2479
75
24
111
129
1745
525
688
27
1687
396
149
1013
2059
61
215
144
638
1013
1728
27
396
1805
316
308
5
14
318
1077
27
1031
912
45
14
14752
3803
27
1031
912
14
53923
926
750
1605
1606
463
1840
27
119
1757
640
1348
2251
5
54
571
288
2467
82
2
4545
185
5657
890
104
449
53924
27
53917
53918
1802
174
2
53919
6423
2334
1202
6554
1604
61
2642
365
64
358
8705
24
6128
27
2251
37
219
5
1816
288
1876
18
91
24
918
5
1580
12564
185
24
2421
37
83
27
742
571
61
8519
1075
13202
61
14
19602
53925
552
8518
2580
3492
791
6897
15050
12130
61
4508
14
366
7917
60
27
1307
7272
91
642
61
53918
330
215
638
45
850
24
627
5
54
2495
1348
215
1802
174
185
14
4305
3189
27
8311
262
2251
37
2255
61
17290
53922
61
324
76
525
583
185
24
257
57
122
688
37
7962
333
23
5657
61
623
8653
218
14
582
3802
515
12286
16702
5113
57
122
8511
1222
358
6457
1185
21179
14
19204
331
36440
628
944
14
20343
61
331
53918
750
642
61
1489
13
14
2958
8555
8533
91
1605
1606
463
1840
27
331
628
604
1850
2938
27
628
26676
13
24
174
5
2182
707
1536
27
1307
628
2168
133
57
24
1536
61
1463
330
13
846
61
577
727
144
1745
14
5090
27
577
331
1936
334
12473
7962
333
34
2251
731
91
919
57
485
273
61
486
5
758
9
21626
61
24
53926
50167
9
2033
149
15511
34
54
1440
57
8649
61
9979
5
54
603
34
24
1605
1606
51348
61
53927
1341
104
24
227
27
162
24
5355
57
24
755
61
17290
53922
623
8653
218
14
6226
901
58
525
688
61
5473
13
43304
16702
5113
331
34035
22357
8997
1222
358
6457
1185
21179
14
19204
64
14
3340
57
10834
13
20967
27
119
932
5717
3765
2251
37
17027
61
4572
91
53928
1523
50118
61
23
11055
246
2251
13202
61
2779
61
5
54
571
61
2617
1075
13202
61
288
4430
91
14
27221
655
22141
24
4324
185
3959
1202
15472
5657
890
246
119
318
1077
58
54
1816
5
219
288
1876
18
91
24
27221
37
12564
61
655
54
571
4508
14
7917
60
246
28307
2421
53917
53918
149
3249
8533
34
10834
13
20967
13
14
19204


