5065
26776
26777
26778
99
807
334
15627
9
2277
4233
13
1728
24
885
57
14
582
767
23
502
215
26779
26780
185
54
26781
16200
18774
27
119
6997
767
91
4880
26782
26783
87
1893
185
5021
5068
76
24
791
23797
61
129
123
54
15508
17032
17145
24
26784
57
54
1566
27
162
183
61
808
26778
6934
1400
589
18774
44
331
7124
6314
14
6514
5
26785
8023
331
655
586
515
104
1779
19053
61
331
926
26786
1145
818
822
628
105
13
4727
3204
525
13
5885
2151
609
27
331
2036
5065
10037
26777
26778
5
54
169
715
26787
26788
9
26778
61
324
23
558
27
119
8764
57
24
767
808
26778
87
3108
13
1433
1520
589
26788
9
26778
87
104
24
474
57
54
8965
76
24
791
23797
119
26789
9
2033
663
4373
791
5774
3954
26790
26791
9
129
149
25323
23
17254
24
26792
7346
502
2707
2291
47
76
158
361
1391
13
3254
23
13444
9
14
331
26793
331
61
5
213
26794
61
129
285
185
13
1510
5359
57
6258
101
18774
484
361
441
13
26795
18
4927
26796
61
14
331
26797
331
5
14
331
17261
27
331
808
26778
61
129
99
26798
2
1857
562
23
3291
494
647
776
14
1021
980
61
99
15682
10662
13
1724
334
411
4111
104
24
5580
37
7357
943
13
5158
24
767
4039
262
331
23822
262
24
26778
26799
27
331
396
906
133
76
808
26783
61
54
791
26800
61
58
24
1047
1732
1533
1284
15453
4615
57
10425
5068
23
1897
5
10714
61
24
506
54
715
26801
1745
2151
58
776
2
14
1311
1472
13
3189
27
162
744
14
2959
750
808
26783
215
1393
4699
24
12555
13
808
26778
61
40
24
4880
149
644
13
11661
6540
542
18
641
215
149
644
13
221
1751
26799
57
24
9509
27
187
87
45
1969
1720
24
885
57
24
767
61
1481
13
107
7539
104
24
18356
3519
10512
185
202
61
87
1347
1106
27
842
24016
278
253
100
784
91
2108
4122
26802
26803
27
331
119
730
331
262
808
26778
6934
1400
589
18774
44
331
7124
6314
14
6514
5
26785
8023
331
655
586
515
104
1779
19053
61
331
926
26786
1145
818
822
628
105
13
4727
3204
525
13
5885
2151
609
331
397
758
64
14864
589
18774
9
24
3829
215
2447
6754
13
64
331
24
730
331
9
808
26778
663
9619
75
26804
24
511
57
326
6258
37
5832
3079
4709
61
502
4137
445
75
24
26108
6418
23
8907
23
14
3232
57
12086
502
497
1969
64
24
331
26805
23005
27
331
331
187
516
107
286
13
10481
515
24
9173
26806
99
3195
3191
18
26807
5
4073
24
1146
61
331
808
26778
330
23
14708
13
24
12086
27
6117
61
215
330
24
980
57
24
4515
149
24
3340
57
24
8119
5040
37
26808
5864
27
331
26809
285
218
24
14413
5
105
13
26810
515
54
2544
149
47
61
5
515
215
44
45
21328
47
24
6418
61
331
215
330
27
331
26809
37
5455
87
515
215
289
227
185
26811
61
17773
75
54
825
61
40
6787
17211
215
1636
183
445
27
5132
7464
27
5132
25270
27
331
8856
515
628
1835
5557
13
1019
57
822
2359
23
5967
57
1189
5455
27
331
808
26783
1400
515
215
149
3931
64
808
26778
37
26800
5
1599
13
4699
24
12555
58
1068
133
76
54
582
715
61
26787
26778
9
26788
27
12053
377
808
26778
61
149
6725
515
54
4098
562
149
18
58
24
13444
26792
9
4289
11851
61
5
1805
133
104
18774
5
819
23
17481
104
54
10882
515
215
149
709
849
4995
185
24
1146
1679
27
246
26777
26778
149
5065
10037
1411
13093
5
9269
246
1605
767
87
1893
185
15453
4615
57
5068
76
24
26776
23
10714
246
842
24
4951
87
101
8965
58
26778
10787
24
12555
4634
246
8880
149
750
13
620
542
18
61
40
55
215
53
5715
26799


