144
507
491
1215
293
16
28537
138
1
406
522
190
291
287
16
49502
138
1
608
522
190
14785
3542
16
26497
4893
1
28
2300
1
38
30
40
603
6
1412
14352
31
27
487
1096
39
687
4346
6
1482
31
5
841
2248
249
26497
4893
1376
103
105
4346
6
2562
20
37
33341
841
13866
1276
1
36
10
1734
118
6
605
2
89
0
3044
1983
47
1236
6
10661
30
214
27
603
6
1412
9
14352
31
0
487
1096
2
101
5
5267
9
24862
723
271
4893
1
3123
1
30
40
1122
3
2047
5
8543
772
182
8170
62
225
1348
2
271
4893
1
5
145
6
64
1
22
16
35
24
516
141
1060
4
24
516
141
1616
2
24
659
86
2088
1
2481
1
4153
1
4
5131
2
24
29
202
617
711
821
90
2
24
659
5
706
6
5
33711
9
33711
64
9
2944
228
2
35
281
552
34
78
121
24
34
116
5
2358
24
58
29
4845
49
95
10441
4
17911
25
49
1308
2
35
387
47
0
1084
6
117
60
33
4
14
47
459
48
30
312
282
86
49503
271
4893
865
6989
6
2300
1096
39
36
2853
27
244
47
260
2
52
4764
28
5832
47
4
30
622
69
5
102
3
1580
726
9
0
9
5468
462
2
7618
85
4487
184
19
83
1482
1
36
756
3
4285
88
3
27
487
841
1224
2
89
23
36
10
2269
0
487
6092
12
5
1677
919
1
36
1148
0
1096
9
389
13866
528
374
0
1058
2
15
13866
329
10
369
10566
17
4346
114
0
15956
43
412
1
86
36
93
27
105
4346
208
3
54
6
0
841
2562
9569
2
657
10097
49
0
329
6
5121
4346
262
5
2337
28
6092
1
1096
694
1459
68
4893
47
5387
1
50
3640
6190
1210
2829
17
27
985
12
2
271
4893
176
16
35
281
24
1494
330
110
10
159
3
1342
24
58
29
210
88
7
0
2248
20
102
1
45
24
109
3
355
3
841
2
35
221
10
5
425
6623
6
4346
92
86
24
79
93
95
105
2
35
1437
24
213
48
2789
723
28
0
1096
6445
24
76
32
432
112
24
107
41
49504
271
4893
22
36
30
100
1533
45
3
2047
0
772
20
0
267
6
0
215
2
3531
811
29
0
785
3
1332
3847
182
8170
120
8543
3785
2
281
0
1096
254
41
325
7
271
4893
47
3622
262
0
772
1
36
76
32
1258
5
3812
9
1235
1226
11
1412
9
14352
2
49505
528
16
271
4893
489
5
8
2789
723
8
28
0
1096
39
2244
7532
661
0
4346
36
93
4
115
4990
17
27
1210
985
96
13
0
776
11386
6
5
5727
9
10181
2156
31
0
1096
14
408
5
145
5686
39
36
805
3
503
5
1226
56
27
263
1376
5
1442
6
17208
4222
7
2300
403
528
2
15
276
10
192
2256
55
31
5
891
2
271
4893
47
1279
1
681
47
5118
11814
1
22
48
776
276
10
35
1046
49506
2
35
139
3305
10
1413
3
1649
12765
1412
9
49507
38
773
5
396
6
1038
133
41
75
109
271
49508
21
22
2
35
221
30
40
5
396
6
270
279
9590
12
48
493
369
2
10433
1378
171
19068
45
1474
25
49509
8
30417
22017
8
16
5118
11814
1
271
4893
18
487
1279
1
38
30
4044
3
185
27
17
27
620
1111
127
0
487
1096
68
11814
1
5
6296
1
176
16
35
24
29
5143
11
5
7508
3
32
1517
20
27
772
4
1
112
25
496
3
186
1
24
46
32
2788
27
1308
2
35
24
19719
25
46
752
0
1096
72
7730
3
13517
48
276
4
0
148
36
76
2692
124
13
37
5263
10379
1
86
25
47
1274
49510
65
479
11
0
11804
5891
22
25
10
35
49511
20
0
520
6
271
4893
1
1453
16
8
271
4893
10
450
3
84
0
122
551
31
1075
0
1482
3
841
699
85
3938
88
184
1
86
0
1096
47
2445
10
1274
77
0
235
2
35
49512
1325
7
2300
171
8245
12
2246
0
825
11
50
1457
503
7419
3508
7
1096
1626
1
699
85
1051
26498
3412
8715
552
109
271
4893
2
8
975
8124
1
6
0
1096
1
22
25
58
6050
0
276
2
35
15
1096
30
489
5
2337
4
37
493
13
3119
2
5223
25
13
1046
60
33
1129
3
49513
21
22
2
271
4893
176
14
27
3937
34
41
12495
27
28
13866
133
45
28
98
12
36
58
118
32
500
25
20
102
2
26
26497
4893
34
40
10097
55
27
244
18
102
90
21
219
69
462
26
7618
85
481
19
83
1482
7
0
2248
36
756
3
4285
88
26
3531
1279
5118
11814
992
0
14236
8
22017
8
26
68
11814
1
5
6296
1
30
1301
3
3932
27
112
25
1110
3
186


