258
2006
10755
261
262
18372
264
61
16
266
1268
268
269
262
18373
264
61
16
266
1268
14895
2831
1790
1775
272
101
360
18374
23
918
57
24
3484
61
24
18028
57
18375
5
16416
293
7176
902
27
18376
18377
61
13893
61
129
807
24
1726
1046
23
24
18378
484
1950
104
11846
61
87
3573
449
1687
24
18379
1479
34
272
2
1920
296
190
18380
18381
27
119
5735
2079
3753
61
129
2515
14
1086
185
16416
293
58
4084
449
834
24
13229
543
2286
1976
44
107
18382
61
330
926
149
8563
91
902
912
1687
14643
61
18383
18384
27
18013
262
18376
18377
69
324
169
174
104
14
941
18385
4767
4463
23
5528
71
61
1094
1519
13893
61
87
3573
449
331
24
18379
1479
34
272
2
1920
296
190
18380
190
331
1687
816
628
105
14
318
101
360
104
82
156
61
628
516
1013
1028
13
996
158
23
918
57
24
7249
1481
18374
1222
628
44
3633
442
10575
665
18377
750
24
463
1460
27
579
330
1478
272
2831
45
107
1687
18386
18387
61
5612
262
1687
628
278
100
13
698
575
515
711
5
628
1835
920
61
652
628
1019
2344
628
2357
45
4149
723
2354
1667
1407
18388
665
18377
3138
24
18389
57
272
912
3484
6841
123
24
257
99
404
23
14
331
2488
189
57
24
1440
57
18390
5
2568
847
1013
2391
2237
13
14
3193
358
718
444
704
24
227
27
579
638
9261
24
10427
18391
3232
185
18392
40
750
24
463
1460
515
24
2190
18393
185
3484
16768
1687
1194
18394
18395
5
278
1687
709
1189
3533
27
6570
2033
1267
262
18396
2995
178
10385
1869
14
679
185
3484
6632
18375
23
2507
27
119
1805
3193
61
1817
76
16416
293
61
149
5347
91
18376
18377
16461
9
11090
262
665
18377
638
9261
24
10427
18391
3232
69
324
71
185
18392
40
750
24
463
1460
515
24
2190
18393
185
3484
16768
331
1194
18394
5442
331
5
278
331
709
1189
679
331
18397
262
119
18398
10868
57
18399
18400
369
18401
965
76
272
665
18377
61
129
330
926
2515
334
2975
23
2496
4900
13
272
655
1950
64
14
6209
61
87
5794
515
6632
18402
709
849
1019
449
24
821
635
129
369
1667
3484
27
331
816
628
105
14
318
101
360
104
82
156
61
628
516
1013
1028
13
996
158
23
918
57
24
7249
1481
18374
331
18376
18377
119
15125
359
515
926
99
600
100
334
1687
18403
5
604
2045
1687
4413
9
2423
18404
502
926
503
686
1687
133
57
7508
61
45
18405
27
579
330
24
3855
105
1846
14
80
1292
647
24
1687
2033
8923
61
18406
1708
13
272
912
18407
27
665
18377
912
583
6607
61
129
149
14
791
18408
57
1726
1819
7637
61
1077
23
13056
27
579
87
370
2540
14
739
3502
796
57
24
2163
5
18409
3232
34
24
1726
27
246
18376
18377
61
13893
61
5347
18375
5
16416
293
1046
23
24
18378
246
331
18410
331
104
698
575
1478
272
331
18386
2995
331
18393


