258
463
464
3968
261
262
15424
264
61
1656
3094
1268
268
269
262
15424
264
61
1656
3094
1268
1605
1606
948
278
5901
133
946
15425
15426
8226
58
5006
8895
330
358
638
244
1028
542
15427
122
4374
27
305
306
890
8226
34
24
4563
614
7565
278
100
3068
647
358
288
3879
185
9627
7314
61
349
32
3875
922
24
1202
13528
3564
9
15428
57
4242
7512
3022
259
15429
27
1882
13
119
1605
1606
3801
61
405
8226
288
15430
2
4374
58
1106
4664
5
11202
15431
40
819
4700
14
3334
2956
1724
34
11457
5792
13
221
24
15432
1771
27
15433
614
262
1605
1606
948
278
5901
133
946
15425
15426
8226
58
5006
8895
330
358
638
244
1028
542
15427
122
4374
15434
922
13108
15435
37
15436
15437
23
5535
7653
3469
185
24
622
83
57
24
4324
655
14
924
922
14
8644
326
15438
515
87
82
13
15439
8233
58
15440
27
1295
61
4324
15441
5
356
3085
23
622
3465
57
24
1032
278
4942
13
15442
1155
15443
27
331
628
696
100
3316
13
850
15425
8226
4534
23
15444
12114
61
331
5700
15445
15446
750
119
3801
27
331
727
516
1019
69
24
1032
71
516
1028
13
1790
1347
24
2504
515
5557
4176
516
107
279
2292
1284
15447
15448
27
331
13969
5663
262
15449
278
100
4534
1185
3068
922
24
1202
13528
3564
9
15428
57
4242
7512
3022
259
15429
61
324
174
61
5
922
24
15450
37
57
15436
61
575
225
13108
15435
61
700
61
5173
5546
15446
87
3108
13
444
24
932
13
3051
14
924
185
13528
37
15451
9693
61
5
99
7593
334
15452
76
15453
1326
5
15454
11546
13
24
3789
57
15455
27
842
183
553
183
513
27
2318
61
15456
104
13371
6423
5
1863
278
15457
360
1449
15458
515
1129
13
2083
646
40
7814
44
244
12950
948
13
15459
515
15460
924
27
331
691
7206
703
61
14070
61
331
6423
15461
9209
3608
104
24
7675
3850
2095
10918
15462
750
119
3801
27
331
187
1130
1030
14
1842
57
24
3292
5006
308
23
15463
2168
542
4534
61
40
24
15464
4324
15441
105
709
4578
27
331
15465
262
15466
15467
7833
15468
1564
24
5535
8844
57
15436
61
324
1882
13
119
3801
61
24
1032
99
15469
747
13
3051
14
924
922
7833
37
15433
15470
185
24
15471
326
15472
167
2768
308
4455
14
10979
3091
24
1620
37
15473
516
6457
445
3104
34
24
3103
2077
27
10824
3534
15474
1400
215
37
623
13
1337
166
15426
8226
61
76
24
1032
15475
13
54
9707
655
185
54
880
13
394
2959
2593
27
331
628
718
14651
723
1492
244
850
14
15425
1620
23
918
57
6897
3746
912
2321
1563
331
1348
24
3777
15476
7328
57
15477
6423
61
15474
750
119
3801
27
331
3585
24
1271
69
11121
71
2831
278
100
417
13
704
622
2930
3089
23
24
1032
27
331
15478
262
842
356
3085
5
8895
23
622
2788
278
4942
13
444
24
1032
13
15479
185
24
15432
331
13896
396
7345
24
3789
57
15455
13
1454
14
15480
924
2
24
6886
15481
104
326
15482
6423
5
2362
1604
61
575
14
166
9
8700
82
15483
34
2947
15484
5720
27
119
15485
23
24
15486
1829
149
6934
1129
34
11103
481
15487
1045
331
119
15488
57
6422
6423
331
14544
10589
15489
27
1843
15490
57
15491
288
4534
2
922
24
7833
15468
9
1564
15436
15437
23
5535
58
15492
9025
24
1032
61
334
15436
8567
750
119
3801
27
119
1565
330
358
4534
24
924
1853
24
4324
652
57
451
9976
343
13
24
15493
432
61
1204
225
13108
15435
6705
5173
15494
5546
23
24
1071
37
15495
5
334
5234
2230
330
24
15456
516
278
2168
23
24
880
27
119
3789
638
244
6420
13
119
3801
34
2951
27
246
305
306
890
15426
8226
278
100
4534
1185
3068
647
24
4563
614
7565
807
185
9627
7314
246
2906
278
100
15430
58
1106
4664
5
819
58
15431
2
8895
40
837
704
278
100
23
11457
7703
2788
246
15434
288
3068
2
922
24
1202
13528
3564
9
15428
575
15496
7512
37
259
15429
763
5
2
13108
15435
37
15436
8844
23
5535
246
842
24
1032
99
747
13
15479
185
13896
23
1511
758
9
445
2788


