2455
3474
30
180
11
1220
3
0
798
3
32
2588
3
257
2281
1
480
67
85
54
7
259
433
481
627
28
3522
2
15
4279
1077
366
8
0
577
1430
1395
13
323
11
257
2281
8
23
21
7213
72
19102
76
32
444
12
7223
112
299
93
0
846
1809
2
52
61
2763
0
12050
1607
2281
576
7
0
255
171
32
1438
28
317
196
7
156
3074
12
19738
4396
17
9142
2
4279
1077
2455
3474
366
8
0
577
1430
1395
13
323
11
257
2281
8
1
2298
0
3580
6
75
109
19
1036
227
20947
91
9929
57
6866
0
3580
6
19
1036
227
20947
91
1243
0
1651
4
7361
28
319
0
798
2
68
3474
1
38
30
21582
37
1648
9
3202
797
11
0
798
7
0
424
1
10
311
680
3
5451
4279
13
98
1654
3
5
433
451
14
10
456
20
0
547
6
3686
2
89
21
22
0
451
10
2055
114
6
0
8
1825
1048
8
7
0
264
18
1390
2
52
180
11
2190
3
3500
94
12
433
6919
4
22
75
3095
11
701
8178
171
32
16630
28
8040
2727
3
1789
0
798
18
15008
12
22200
910
2
68
3474
2290
5
1666
6
4609
81
436
56
21
1273
4769
17
3786
171
41
32
867
3
2667
299
2
52
22
21
404
3
742
0
35
33452
6
2937
69
299
4
1273
48
171
675
0
701
641
6
55758
2
89
21
219
194
557
1
4
1273
118
257
2281
171
32
867
3
256
0
798
1
480
1607
8652
1788
1626
7
0
255
4
792
346
7
0
433
451
784
2
5374
28
0
1430
4
4544
5023
6552
2169
53
35447
51
1
163
14
406
134
153
6
75
346
7
0
798
4
643
433
825
33
41
257
2
3244
5049
8274
481
0
1313
13
591
134
153
1
4
11
807
25
13
896
134
153
2
15
257
2451
1755
30
763
14
51
3
13986
14
340
1356
9
257
481
1
8
169
798
825
58
2830
3
987
2560
462
3
42
728
8
2
89
68
3474
1273
44
171
32
1438
28
319
0
433
451
784
2
52
78
749
238
18
1186
19528
163
16
8
24
128
194
154
0
1106
14
25
13
5
577
1430
1395
1
4
3
661
5703
49
9
458
25
18
3
3786
520
1
458
25
18
3
9225
825
62
2958
25
13
9
3
0
936
6
0
172
1
254
74
143
1378
2
8
57
13
4924
282
20
568
72
314
1261
5
70
1
0
577
1430
1395
13
323
11
257
2281
2
52
176
16
8
104
188
0
798
3
32
419
389
1
60
188
25
3
32
67
7284
2
104
181
25
18
12298
14
1269
2385
30
2316
31
2509
134
153
1
60
181
0
725
14
433
6919
13
4924
72
12664
5
70
13
821
4
0
725
14
54
7
178
111
2771
91
204
12
29
3
226
28
2265
131
3
282
8
716
18
143
662
92
33
100
8040
2727
11
75
38
33
317
701
4858
8
2
8
104
188
5
577
1430
1395
14
13
456
20
0
547
6
3686
4
3202
162
22730
2
8
89
0
54
551
5078
55759
161
13
0
1164
60
29
37
798
2106
122
98
13
114
6
5
1825
1048
7
0
1390
7
48
264
2
8
5374
28
0
1430
4
4544
5023
6552
2169
53
35447
51
1
163
14
406
134
153
6
75
346
7
0
798
4
643
433
825
33
41
257
52
734
4279
58
4603
37
1176
72
463
1261
5
70
11
0
798
8
3202
55
6
0
725
14
60
46
41
32
1788
1899
6670
2727
23
464
6
0
846
1809
8
2
360
1
0
1427
4603
6
37
7
9
55
3074
90
0
267
6
6387
817
25
76
32
418
82
90
299
76
517
0
2278
2
4279
30
61
40
2133
31
685
116
31
423
2491
1744
9520
14
0
798
13
5
8
3998
6
279
8
2
8102
1172
28
468
6
68
9520
2461
0
433
451
20
1490
7
0
631
2
1336
20
0
1920
1576
3110
1059
7
1134
21
22
16
8
249
24
10
1676
5
10360
10
37
55760
245
2
836
56
24
233
20
136
796
26730
1
4
212
796
26730
1
882
25
13
37
2364
245
2
8
65
245
24
76
74
686
3773
56
24
10
1676
13
98
0
990
6
279
14
13
8240
31
95
264
1
4
760
67
85
14
31
212
264
1
3
108
1142
1
1788
11
25999
12658
5561
2
191
6
733
20
0
664
6
48
1
0
55761
16243
6
55762
13
0
577
1430
1395
2
8
68
3474
1
137
1
30
1667
5
2216
6
14743
4145
1
173
0
30442
6
37
7516
3
0
3454
4
0
423
2491
7825
0
798
5
8
3998
6
279
8
292
524
30
3025
3
17436
299
47
6670
1
25991
3064
99
28
9142
4
30671
94
12
3396
762
1
90
15475
37
7
9
55
1651
31
6387
2
4279
1077
2455
3474
22
21
58
32
2874
3
99
5
1427
394
39
0
1464
1
45
404
0
3074
1
477
760
17
118
10768
47
867
3
154
196
2
52
22
16
35
24
58
161
24
188
5
3074
1
24
188
25
98
2
24
188
5
3074
17
205
1694
133
18879
0
1051
6946
11
234
2549
33
0
222
2
8
191
24
188
5
6493
14
7
48
3074
0
118
75
14
73
1651
33
257
2281
114
20
0
638
66
183
92
33
441
341
62
86
2278
2281
576
7
299
38
24
84
41
181
171
32
867
3
1651
7
14
55763
378
0
3161
6235
10813
7408
7
0
222
70
21
22
16
8
139
12658
394
55764
279
109
66
516
74
3773
2
135
29
309
500
274
25999
2333
182
0
2508
558
15
1192
3998
6
279
6
733
7
0
250
5328
13
0
798
1
0
577
1430
1395
2
8
68
3474
22
68
9520
8
116
217
685
23
5
3161
4
21
10
128
2184
6
1297
6
1628
6
1642
91
9590
162
1269
2385
8
2
52
219
12
3
7395
63
4279
3509
226
182
343
28
3139
2
8
2143
311
60
29
5
1495
11615
618
91
2185
12
513
1281
113
25
18
80
17155
2
8
57
18
25307
9481
91
30183
197
681
4
7165
4
98
6
733
991
4279
2
8
681
26779
3565
55765
22
16
8
15122
2455
3474
5044
48
62
68
9520
73
41
764
7
737
2
2455
3474
73
41
11439
3469
261
685
4
758
14
19
423
2050
11
0
798
456
20
0
547
6
256
2
8
15
130
2956
31
2455
3474
3
742
4518
18
787
30
1292
0
798
3
5086
18
4418
16243
2
139
13
4518
18
541
8529
12
0
798
2
8
1287
681
13
20820
5
914
12
2455
3474
4
19
423
18
1470
2016
12
0
594
6
0
798
2
135
758
3
3469
0
451
60
34247
1
45
44
188
3
18687
97
15970
2
8
4518
73
100
879
1101
3
7786
75
2
135
33
5
423
6
1427
75
1
1427
279
4
44
188
3
5810
0
1476
1427
3509
1
50
58
29
2894
1830
12
346
75
2
8
26
2455
3474
55766
16
8
577
1430
1395
13
323
11
257
2281
8
26
29674
109
3786
462
4
9225
825
171
41
32
8
1151
49
8
26
10820
998
163
406
980
6
80
433
910
33
41
257
2281
26
896
980
6
807
4
591
980
6
25015
226
28
3522
1
1196
332
26
3474
131
72
19102
444
12
2278
6670
76
32
157
12
798
26
7008
39
167
738
4279
2491
1441
798
5
8
3998
6
279
8
26
1744
9520
61
1292
798
3
4418
1089
7
468
1703


