251
24300
24301
13107
129
12550
54
5284
101
24
1290
57
54
37558
37559
1816
99
100
561
34
533
494
27
37560
37561
3203
13
6457
24
775
57
54
5284
9
32
14
8178
9
2033
730
9
1222
358
638
244
278
3219
76
158
61
14
2959
23
7023
61
465
61
944
27
251
8672
1142
24
3144
9
2033
3253
57
145
6987
57
7466
61
166
6987
57
2540
4664
13
6457
5
316
6987
57
1439
9194
61
37562
1341
27
119
2916
943
23
5618
69
324
71
944
37560
37561
3203
13
6457
24
775
57
54
5284
9
32
14
8178
9
2033
730
9
1222
358
638
244
278
3219
76
158
119
2959
944
834
215
13479
54
5284
515
215
149
334
5396
7152
23511
129
2193
575
791
8787
8870
3965
8732
8733
8734
1910
218
54
2958
18538
27
37561
10401
32
593
89
54
23396
91
2496
525
515
3208
926
2011
158
34
3219
215
516
1153
54
21231
13102
18538
13
5973
525
159
27
396
510
525
13
14
4319
23
7023
37
7074
7075
575
215
11360
525
13
14
5282
34
374
4615
655
215
7438
525
27
119
635
730
105
100
735
34
525
2179
104
14
924
23
891
1972
1348
37561
61
129
289
3383
5734
61
4322
525
5
2977
525
7156
23
2647
34
3743
9231
27
119
593
61
129
105
624
7185
21174
57
37561
61
3806
13
2597
158
156
405
1267
147
61
37562
1341
27
396
105
3203
13
532
525
485
5
6457
542
1222
926
750
642
61
5
156
18015
525
57
54
2383
13
24
21231
13102
27
119
2959
944
834
215
13479
54
5284
515
215
149
334
5396
7152
23511
129
2193
575
8732
8733
8734
1910
218
54
2958
18538
37561
2011
54
169
593
61
129
149
1656
61
23
3094
555
27
4338
926
11640
14
1439
1086
5605
104
32
57
54
7121
4484
61
215
2977
525
14
1086
1950
34
54
30644
1565
27
569
6701
952
57
24
6542
1086
61
24
593
4727
1802
159
11407
13
2371
76
37561
61
349
334
5605
57
2947
2778
5720
27
37561
147
750
54
593
515
215
105
45
1545
13
2371
76
525
61
40
149
2815
525
13
850
1222
926
149
14
13198
6718
34
24
1086
104
24
1565
27
4338
24
593
2494
37563
76
735
13
56
525
582
1086
61
37561
61
129
285
91
24
3584
22651
61
2859
13
1510
9440
27
396
750
525
215
149
334
5396
7115
37564
5
3203
13
6457
525
6922
485
655
2540
525
2995
27
396
663
750
24
593
515
54
1588
149
537
34
14
3219
33210
5
105
54
1009
185
525
2179
27
396
441
24
893
13
278
35383
3219
185
14
3760
57
576
5
13
221
316
3219
6465
27
119
6558
330
515
655
37561
149
11088
8365
646
149
25489
2235
2933
23
2867
24
2722
57
10940
9683
13
20254
54
5284
27
396
309
14
2639
9
13124
1272
57
533
494
5
149
7918
185
24
3219
6999
331
34039
34
562
27
246
37560
37561
3203
13
6457
24
775
57
54
5284
246
943
23
465
37565
215
750
542
215
215
149
14
7152
23511
246
37561
10401
32
89
54
23396
91
2496
525
215
1825
5973
525
159
246
251
8672
1142
24
3144
9
2033
3253
57
145
6987
57
7466


