144
789
6892
293
16
34395
138
1
414
417
151
291
287
16
34395
138
1
414
417
151
249
7803
1214
309
14069
49
4
508
11635
120
0
390
269
1
19
296
2183
25
10
5
6191
21
58
2114
55
6
2
5461
14
107
141
1342
2
15
105
9
70
9
83
47
14766
326
4824
4054
64
269
62
67
492
86
16795
14
19
1060
9
8897
296
12211
3
11227
684
2
334
317
2014
1741
44
6646
19
1528
6
5190
4
80
5616
3330
86
19
11419
58
141
32
34396
56
21
4873
49
2
7803
1214
1
463
1
26808
49
86
194
7
0
166
14
19
8778
296
1
12160
53
137
51
4
1560
1
175
59
3
177
1060
10776
15
4808
19
145
12160
1214
1
2064
1
489
120
612
35
1060
51628
4824
107
1665
0
3573
47
2592
9
1225
12
0
64
5821
5
149
39
4154
1531
9
164
2
2475
9
6
9
64
271
1214
4
27
315
1560
1
2118
1
5
1140
13718
1
43
20
42
35
51629
51630
39
8592
64
82
6
1060
12091
50
309
56
7803
10
54
2
96
22
16
35
52
46
9505
21
47
508
17
19
280
2
52
1828
0
222
540
23
19
280
20
164
1
4
2750
121
1704
14
21
47
40
1166
7
5
611
1319
17
19
280
2
35
57
4388
109
5
2182
1
45
60
858
204
59
3
5
1060
4431
113
44
7161
19
6861
4
22
21
13
2539
8298
56
21
47
508
2
35
24
448
25
1060
1995
114
21
13
228
248
5
400
71
2
52
13
141
1120
9
2215
1
7
725
112
66
165
7
1
21
254
141
188
3
32
6994
7
19
23701
7803
1110
3
1266
20
691
826
277
166
4
202
30
5
863
51631
103
2
52
73
764
8298
11
49
3
146
269
5
166
9
892
25
13
1614
64
62
105
9
4
13
13792
20
691
322
7712
6
110
510
20
166
2
135
43
3036
3
1684
711
5616
28
19
471
23
25
76
19956
19
11419
56
21
26808
49
7
0
166
294
5
768
19
296
124
63
178
269
1060
4
9360
19
54
9
70
9
83
566
2382
13
7
5
1443
471
4
6207
3
1060
162
0
3368
2
35
7803
30
5
128
13333
11419
2
52
73
32
2286
5081
1
86
194
86
14
24
882
219
726
208
917
3
3148
56
136
111
2355
622
30280
22
271
1214
1
28
3779
2
15
1060
16611
3036
88
3
1684
711
17
3047
14
206
2596
19
1072
2
35
104
858
204
94
19
6961
1
204
55
19
5190
1
14
1822
6
551
2
318
1528
13
4459
5
22014
1264
3047
369
86
60
29
141
34
3
51632
135
61
98
289
7803
37
1176
1152
3150
6
5298
199
23
18885
1
8041
7691
4
21429
50
185
1013
0
843
47
1060
9
21608
4023
51633
2
318
296
43
61
78
3
210
59
3
1266
20
691
826
4
2115
59
49
20
691
322
7712
6
129
194
6
0
166
21
5550
8298
89
480
261
6978
0
1111
1575
2
191
0
7626
677
28
164
601
0
35
51634
197
275
4
463
322
3
454
311
274
166
2
35
57
47
7253
16795
114
1560
4
24
33
2694
41
497
194
51635
22
271
1214
2
35
191
114
21
47
40
49
80
166
1
7803
13
473
717
120
0
132
1
21
47
19803
62
931
3
165
3
1060
1
86
25
47
40
228
4614
1853
17
8045
15
296
610
0
1081
46
1665
56
7803
2150
164
412
9
71
2
135
43
61
78
3
355
59
5298
9
199
23
18885
4
21429
9
90
1266
114
261
3850
0
843
3
1013
1060
8028
34397
4978
1
11752
6
15
1759
18
16184
15000
1
22
16
35
104
154
5
13724
2156
3
126
17
1060
744
109
7803
47
1
156
701
744
60
9628
88
3
1638
2
35
51636
13
5202
1
296
29
3
7815
0
5022
60
355
88
11
0
6514
3
147
2
35
104
1005
11690
1741
1
6609
2170
4214
1266
278
4
1531
9
24885
2409
3
3045
126
94
2
35
104
61
6609
317
1556
55
6
7226
50
46
2596
5
284
18
1120
56
44
2115
49
2
35
101
0
3257
1879
6
1000
1
296
177
7150
2
104
382
4190
998
50
161
7589
134
153
6
126
29
3698
2
35
15
108
485
134
153
445
32
296
38
29
74
9700
110
60
382
4734
1
62
5
284
17
5
701
20084
26
7803
1214
26808
49
4
2925
11635
11
67
85
64
269
5
166
26
318
296
1
12160
4
1560
1214
1
175
59
3
177
1060
10776
26
15551
3
154
5616
3330
28
19
471
86
11419
13
74
34396
26
3193
78
3
210
59
3
1266
4
124
59
49
20
0
222
71
274
132
26
4840
626
109
18885
90
1266
3
3850
1013
6
1060
4023


