22651
30877
3818
361
3557
868
91
24
1423
215
309
2
2461
128
185
334
12473
4699
13
11089
185
2414
27
119
5492
5396
4634
13
54
791
2439
13
1550
398
23
14
1435
112
2469
1411
5971
6816
91
2000
43420
3534
25100
5
8154
37
2534
10591
43421
27
30877
5
6856
6857
365
309
14
6266
24845
1348
358
53
122
169
9
170
9186
27
30877
3577
361
5246
91
24
352
61
3458
58
120
105
795
12905
1348
215
174
24
2439
34
5535
34
14
935
1611
1264
1389
37360
23
555
27
22651
30877
38016
2461
128
58
3477
398
23
14
1435
2544
104
11089
30877
5
2276
1905
2000
3018
32155
6857
288
417
14
6266
24845
1348
358
650
185
2105
2106
13
1869
24
1751
112
2401
2
11089
119
186
331
22651
30877
2461
37
346
363
331
14149
149
24857
91
24
35258
5
14
1610
4534
30877
330
5653
262
331
187
149
144
821
12473
27
331
628
638
244
639
834
13
4005
652
628
149
45
3915
542
13
11909
24
4215
502
628
373
2422
27
331
628
2422
24
2508
192
610
105
109
23
24
200
191
5
3108
13
81
24
191
5
2278
34
25120
27
119
5492
5396
3577
215
825
331
604
9500
331
956
54
3584
14006
91
2461
128
156
30877
5
6857
22107
122
77
50
3534
25100
58
215
242
2
24
2697
2461
110
139
5
1501
10962
34
14
858
609
58
24
1751
9
227
231
331
628
278
237
4215
23
707
219
5
183
149
818
752
34
846
27
331
10856
166
5
14
170
494
4073
707
6922
562
5
628
2422
705
752
987
646
149
600
515
4215
2
24
35258
27
331
419
13
4192
515
625
156
87
1465
628
825
604
9500
27
25311
22839
22888
22889
69
174
71
6638
14
467
76
30877
5
259
10958
58
24
2544
25100
61
129
87
1775
34
24
15243
104
24
1029
57
24
36
61
242
365
54
83
37
3276
76
6770
331
15980
5120
2461
128
369
1245
415
5
34
846
902
183
87
32
57
372
1022
723
718
503
725
449
27
331
187
87
144
2219
13
107
644
13
107
109
5
628
144
1028
13
4457
10792
34
24
1423
27
331
16085
16086
4032
24
79
484
22888
22889
5714
24
68
34
43421
37
25358
23
24
55
170
27
43422
50
61
25100
61
129
3629
34
15243
83
18905
11716
104
24
1029
57
24
36
61
30519
24
2544
1636
1191
91
15044
14
31473
2
24
4447
2697
27
246
22651
30877
4634
13
11089
34
14
1435
112
1411
5971
6816
91
3534
25100
5
10591
43421
246
2461
128
65
5492
5396
5
32155
6857
14
6266
24845
246
25347
1636
15
9
15
58
25100
37
4447
31473
33248
55
9
170
3276
2
16085
16086
5
22888
22889


