590
0
1011
9
2654
6
5033
22
3
32
907
67
85
272
5
1261
1642
1
0
72
24042
260
21
1082
7
746
10
41
159
3
677
0
1276
45
25
10
19
2182
102
2
360
1
494
14724
10265
1
2233
1
29508
0
8
29509
6
1737
8
6
19
111
17561
9
876
3394
1
25
760
492
536
0
8
14725
8
690
10
7
199
5
849
349
21
34
3
5962
25
94
4
454
311
2
8141
97
15845
3668
4
17562
14462
0
260
12
54
6
299
18
148
19810
747
12310
7
2283
1
34
199
645
11670
14
116
25
14726
11
996
29510
1
0
6611
22
2
7903
16
139
13
0
260
20
0
528
6
0
899
372
1263
90
25
10
2459
94
31
5033
2654
14724
10265
10572
16
15
7098
1
22
3
32
907
72
3229
736
1
30
150
309
11671
0
102
45
10266
0
179
1563
162
0
3393
4
342
397
5548
16
15
690
53
11369
51
4414
1418
0
18061
20508
7
37
24043
1056
45
760
39
48
604
10
204
25
10
5217
65
67
612
787
332
113
0
260
157
3
938
15
1912
24044
4
19
227
34
622
92
114
25
13
5
1988
18
4487
28
0
1090
20508
12
0
2043
18061
2
318
2802
10
199
14
0
13499
175
0
1033
1563
5034
16240
4
2255
14727
3
186
1
45
21
30
732
3
7799
5
235
891
14
21
10
5
583
6
24045
690
8617
2
68
1610
2393
9
2889
22
68
10265
47
276
34
41
592
5988
28
0
454
4
2756
14
4616
258
14727
3708
258
16240
34
40
1591
6
156
1710
3284
11670
2
52
22
0
530
3164
8
10267
8
3
0
6448
14
258
14727
4
258
16240
34
803
42
8
2182
102
8
9
50
5236
6103
2016
77
18061
14356
28
29511
7754
1617
9
4
107
6936
3
1380
56
44
13098
12
5
1715
9
533
1234
2
11438
16
12442
24044
14724
10265
4
19
227
5678
1082
0
102
12
0
2283
1742
28
5034
16240
53
137
122
397
51
4
27
1079
45
0
186
115
7
42
3622
39775
16
14724
10265
4
29512
29513
224
49
17
0
961
6
5033
7
1838
4
647
802
82
25
10
786
11
201
39776
6810
1838
16
39777
14724
10265
4
29512
29513
226
49
17
0
4353
6
5033
2
14715
1838
16
5033
13
881
7
15610
45
0
87
1373
10
5284
3
161
0
568
2
14066
1376
4
1836
1737
10
14728
2
22580
1557
16
9602
12392
5033
11
201
39778
9
64
82
6810
1570
16
5033
2139
167
1441
2
14715
746
16
5033
4984
8306
45
254
74
143
511
279
2
9602
30
511
4
2744
25
931
3
1005
5033
12
5
2553
270
2370
2
39779
746
16
9602
13225
1078
6
2450
134
153
6
5033
3
5
304
6
12379
29514
4
6681
2097
18062
2
417
411
16
4653
12392
5033
11
201
24046
15
9180
295
9
38
4022
5
2100
6395
7
954
4
34
40
386
11
316
82
9
22
3582
0
276
34
93
88
8
4255
4
4732
8
19889
2
8
15
530
860
10267
1
7
95
1106
1
3
0
6448
14
44
1115
25
23
42
2182
102
23
44
29
300
16167
8
1
0
891
78
88
397
2
101
1470
1661
29515
9
876
1
258
14727
4
258
16240
1082
0
690
7
1686
11
72
29516
1
192
20509
0
4439
260
92
4
533
110
44
2183
58
32
0
1822
6
17561
2013
3560
6
2275
441
2422
1424
39780
2
15
295
1
28
0
1460
329
1
78
0
186
14
1
480
42
3432
3452
3
495
7
0
260
1
44
43
680
3
1380
3
0
39781
114
6
2544
935
0
10803
4
4016
17
5
339
2512
2
39782
7098
10265
840
1349
0
5033
1599
69
37
478
1462
2
101
417
411
0
1066
391
451
10
1082
31
4653
11
140
201
24046
1
97
1192
9
388
1357
465
1
4
10265
13
521
3
29
213
20
568
201
16241
6
25
2
1354
0
102
9
1263
186
276
68
10265
47
6296
1
1318
2382
3597
1
34
78
0
186
21
521
21
10
2021
5
8
111
2108
260
8
1
1115
3
5
232
2104
2
8
2242
1
494
0
1078
10
1046
4
19834
309
1489
49
1061
3
14729
110
171
29
40
2111
926
1
25
492
3069
14
0
3284
6
0
690
10
5
15933
1
8
21
22
2
10753
16
5033
1011
9
2654
14724
10265
13
22
3
32
907
72
16242
1
194
6
50
10
5560
56
0
478
391
451
10
786
3
4653
11
201
24046
9916
311
16
10265
10
680
3
934
7
0
19834
3
19
17561
9
3394
7
18061
1
2283
114
21
366
25
10
14730
13500
16
15
1912
24044
1082
25
12
0
29511
747
1617
50
13
5
978
6
2252
28
0
1090
18061
20508
4455
11670
34
40
15581
374
8512
14
498
8
0
29509
6
1737
8
45
50
6769
744
50
498
100
1533
45
3
18063
4
454
311
2
1169
118
10
0
260
41
1123
11
996
29510
1
21
366
1
45
25
10
61
1116
7
125
7420
4
34
3
32
2459
94
2
360
1
27656
0
39783
327
127
258
16240
4
258
14727
1
0
891
22
44
43
9613
11672
6
0
6314
4
55
6
3284
147
4
34
41
5005
23
3078
690
8617
2
26
14724
10265
1082
0
17561
102
7
2283
7
746
26
15
72
3229
736
7098
115
0
690
34
3
32
10258
26
52
6966
0
9180
295
38
786
25
45
30
342
0
899
372
758
26
1485
3503
0
223
76
41
29
330
0
690
10
23654


