3702
29
189
52731
459
0
3614
6
5
52732
12
1352
7
37
2274
11874
13
3367
17
598
3520
726
4164
2
836
1909
29
310
14
0
7647
6
0
3614
175
242
39
0
130
10
9983
31
10235
1669
22263
52733
52734
2
57
13
273
14
8
2638
4358
8
10
24190
7
554
3
1860
19206
1
5107
4
10320
1
521
3
32
601
31
52735
13317
7
0
390
5115
1669
2
65
52736
3614
53
958
51
4359
7
37
2274
10398
30
598
9782
3990
28
26756
114
3614
4358
10
4190
4
157
3
1860
19206
1
5107
4
3331
7
0
390
5115
1669
1
327
1638
15
3614
11043
3
54
6
3984
35
13891
6
26944
38
43
5117
12
522
591
1
26945
339
0
704
6
19207
7
34707
1
1465
2
135
43
9983
56
44
805
3
355
49
42
1925
3335
1
9740
364
2
15
7403
1180
5
52737
5870
1
113
80
266
77
0
512
6
713
43
285
4
0
223
4
126
1346
2153
62
786
69
18868
2
15
3614
53
93
51
11043
3
54
6
3984
35
13891
6
26944
38
43
5117
12
591
522
26945
4
30
398
4164
4
398
8939
26946
2
144
3095
0
34708
1705
6
0
9782
3990
1
1638
52738
14
4358
10
4190
17
5
26947
4
9636
9982
706
53
6923
958
122
51
864
18620
5083
34709
1
38
960
20
0
1070
6
0
6719
1669
1
395
14
176
3
381
1
12846
3614
73
1860
19206
1
3331
1
5107
4
35
108
2095
6
0
26948
2
35
15
3614
6
5
447
38
239
6
1867
4
4899
193
13
419
85
14
6
5
130
38
239
6
5
189
2095
62
38
34
40
204
28
5
10824
16
0
23276
30
477
472
80
6
19
5784
1
50
7
0
5719
44
29
40
14586
1
1346
31
2095
62
31
0
34710
21
395
7
7
19
672
1
34711
34712
2
15
13891
1
761
3611
33
4359
20
0
10398
6
19207
1
43
26949
31
5903
3391
12
406
417
151
4
33
98
0
7915
13714
6
0
403
2
89
1
54
6
0
21993
10
207
2206
28
0
936
114
25
1890
9636
4164
14
34
40
4086
11206
69
25
2
15
1164
11
0
7647
34
52739
1471
11
82
2
34713
34714
1
3634
6
683
6
3720
4
52740
20
0
422
6
15878
1
1465
1
2734
0
4164
33
5
1551
726
1705
2
20799
272
6
88
33
5
34715
1705
4
0
936
33
8939
26946
1
301
3
0
3307
6
52741
2
1953
34714
22
16
35
15
3520
34708
1705
6
0
28958
26946
3300
3
52742
0
256
6
5
1787
1950
6
26947
1
17
2335
9
10543
3892
8587
62
9636
706
241
5
4235
6
48
1950
76
41
2254
2638
34716
1
45
118
2638
52743
65
26947
62
52744
13
5
8494
6292
157
49
3
9982
5
52745
1587
69
0
3614
7
554
3
9373
0
3152
11
701
1425
2
15
9983
13891
1
761
3611
33
4359
20
0
10398
6
19207
53
137
51
1
43
26949
31
5903
3391
12
406
417
151
4
33
98
0
7915
13714
6
0
704
16514
4358
10
157
7
0
5115
1669
3
1860
19206
1
3331
1
5107
4
35
108
2095
6
0
26948
2
65
9277
3367
8
26738
8
13
958
11730
4613
24190
28
0
21993
6
13714
62
13891
38
239
1867
1603
10
273
3
32
37
2560
520
11
5
2911
6
1105
2
52746
52747
1
61
28
0
422
6
15878
1
22
14
0
13250
10
2956
114
0
251
10
0
148
650
196
6
0
265
4
11567
10212
1244
2238
3456
158
39
193
2
864
18620
5083
34709
1
38
960
20
0
1070
6
0
6719
1669
1
395
14
56
176
3
381
1
12846
3614
73
1860
19206
1
3331
1
5107
4
35
108
2095
6
0
26948
2
35
15
3614
6
5
447
38
239
6
1867
4
4899
193
13
419
85
14
6
5
130
38
239
6
5
189
2095
62
38
34
40
204
28
5
10824
16
0
23276
30
477
472
80
6
19
5784
1
50
7
0
5719
44
29
40
14586
1
1346
31
2095
62
31
0
34710
301
3
19
672
1
34711
34712
2
52748
43
623
157
3
3586
0
4358
90
0
3611
43
5143
7
0
1906
8754
7
52749
1
892
100
9
54
1624
459
0
1787
3614
10
17691
55
2
15
3614
13
0
118
530
3
337
5877
1863
14
0
34458
13250
10
157
7
3720
2
15
3614
11043
3
54
6
3984
35
13891
6
26944
38
43
5117
12
522
591
1
26945
339
0
704
6
19207
7
34707
1
1465
2
15
11874
1
113
42
1053
33
4359
1
13
3367
12
48
2613
15
13891
43
26949
31
5903
3391
12
406
417
151
4
33
98
0
7915
13714
6
0
403
1
761
11874
13
137
748
26
16514
11043
3
5
130
38
10
9983
31
10235
1669
22263
16532
26
57
1250
598
9782
4164
4
13
12
1352
7
19207
10398
1
1465
26
2636
20
0
422
6
15878
22
0
3990
43
803
56
8
14302
8
2638
4358
10
4190
31
7647
390
7
0
5115
1669
26
52750
10
273
3
1860
10320
1
5107
4
108
8
843
9192
8
26
16514
13
0
118
530
14
501
26756
43
157
11
48
3447


