9309
32189
99
3818
215
87
3098
13
14
1454
868
2
2461
5
44
4458
24953
23
1713
57
1551
2526
27
119
4440
5396
99
503
1039
374
607
34
16089
16090
331
83
237
36
76
54
6646
2528
104
24
25359
2439
2214
23
4735
27
119
3144
9
2033
2707
1899
24953
23
24
2157
61
14
1454
502
516
29479
158
76
791
2461
225
11934
34062
23
9320
24736
9309
32189
69
174
71
61
129
99
4719
159
24
30977
3023
104
2461
61
44
4458
24953
23
9320
251
331
3601
183
1243
515
9309
44
996
2461
23
5657
778
1833
61
14122
27
9309
2066
11934
34062
14
1842
27
4338
704
61
24
316
639
621
622
758
2
1348
24
17705
149
16788
2461
61
331
9309
331
3516
32156
34063
750
34064
27
4347
503
53
316
4441
201
10486
237
531
9309
99
3283
215
87
3098
13
14
1454
868
76
3373
2505
227
101
16090
27
331
628
1393
1019
449
1775
64
646
87
709
1547
34
846
104
2461
61
331
9309
750
1819
6842
27
331
628
629
45
4485
13
2938
104
24
987
652
628
629
101
6524
61
40
628
1835
537
1145
61
417
628
1835
45
2505
27
9309
61
361
6807
91
3534
25100
61
87
3098
13
14
1454
868
2
11089
13
1354
1551
2526
331
1447
149
6849
76
24953
35
2157
61
40
24
5546
638
244
5498
14
17404
5495
27
119
4918
104
24953
149
45
34065
34
421
40
167
515
61
628
639
34066
34067
99
600
105
14
1842
57
14444
23
846
27
331
628
1028
13
2502
40
104
24
1271
227
61
628
2296
13
107
8518
27
628
2296
13
532
14
5579
61
107
183
104
2461
1185
405
622
2439
27
162
24
139
646
288
9632
13012
846
13
34068
3435
61
40
646
149
455
2261
61
331
9309
359
27
9309
99
4719
159
24
30977
3023
1778
50
3534
25100
61
6196
2449
5
2454
10669
23
24
2461
10596
237
36
61
167
122
6297
56
27
119
3144
9
2033
61
23
24
4444
999
2434
75
29061
61
99
100
185
24
34069
57
24
55
77
246
119
4440
5396
99
503
53
374
5210
237
36
246
9309
32189
87
3098
13
14
1454
23
5657
76
24953
1919
246
119
6866
44
5009
47
76
791
2461
225
34066
34062


