258
32301
9975
261
262
32302
264
61
890
534
1268
268
269
262
32303
264
61
890
534
1268
4360
3096
57
8138
3605
10233
912
128
361
5957
104
54
32304
2
19063
16651
13584
185
2414
61
183
1130
54
485
1099
1423
24
1029
57
54
29229
6218
27
119
32305
3022
61
552
402
4522
4068
4502
32306
65
7764
13
122
169
318
19225
32307
23
1372
61
99
8192
515
8932
1729
32305
76
54
19063
32308
99
2150
215
99
100
401
435
13
2949
76
54
582
688
27
378
13
22041
4122
8138
330
361
14077
2
54
485
149
1687
24
13949
27816
449
3477
398
23
24
3593
7810
2482
27
8138
3605
9
10233
99
7452
445
34
24
2244
57
7099
4122
22041
4360
54
3291
2371
5849
8138
1046
709
1862
57
25140
64
215
32309
19868
89
24
548
61
171
445
24
838
57
24
29229
4239
32308
396
330
262
1687
1307
628
444
47
104
741
1835
61
628
444
13
850
707
853
627
5
707
582
3059
34
14
853
655
61
40
515
912
449
183
2236
27
628
2245
2236
3253
449
45
361
646
76
707
485
61
628
7056
183
27
2344
32310
738
13
223
1094
2346
87
704
628
1541
4192
2
707
853
627
104
24
987
27
331
1687
628
278
1013
2236
22218
76
707
3059
1521
27
1003
12305
4502
99
144
100
1225
1221
926
912
2236
1083
24
32311
27
187
912
334
9894
227
23
1193
426
912
562
3477
185
2276
318
5
926
912
2931
183
704
185
525
2534
104
24
9553
12901
24
35
2347
454
1040
8138
61
129
763
23
2425
61
330
515
215
99
100
539
13
444
360
4615
2371
14
2356
262
1687
187
912
1751
185
27
628
2357
23
223
830
104
32305
831
104
4884
1835
705
296
5
1671
628
638
1013
2837
1729
641
4547
27
1331
628
285
1594
13
24
4239
12779
34
32312
5
8769
641
32313
27
143
935
628
4633
82
61
4023
707
6278
5
149
33
104
32305
156
104
4884
1835
27
1031
912
707
2360
3354
13
2272
104
24
9553
8138
3605
10233
5
32314
6196
288
4752
2
19063
185
2414
2356
256
14
4239
445
76
11828
1369
5
32315
32316
8138
5
32314
37
32317
149
45
1487
13
1813
542
119
540
61
129
278
100
609
34
363
494
61
663
278
14
316
9
506
9
2033
688
19264
32307
61
129
105
100
256
54
571
37
2541
76
2975
27
8138
330
262
1687
396
912
1644
3431
14
2549
14906
76
183
27
396
7254
707
32318
18
5
18
185
54
2343
912
2956
5
935
13013
24
9288
3383
61
183
912
23753
3555
6144
24
1751
4860
76
8138
23
22041
4122
61
787
13
4658
202
15627
534
331
143
215
2403
846
8138
3605
10233
1094
61
215
1492
1013
1724
846
21143
27
396
912
1030
61
2344
8138
3605
10233
3555
8138
3605
32319
143
628
2357
1030
61
2344
951
61
723
847
1013
1724
846
515
61
628
2357
851
32320
119
12822
9
2033
3022
5
54
4068
32314
6196
4137
2414
2356
912
4239
9
445
34
24
169
632
23
14
3125
58
7810
24
14773
13
32321
32322
912
32323
61
40
769
133
13
11828
1369
5
54
4068
32315
32316
27
1295
61
24
11033
7810
99
3885
590
445
1348
183
726
13
32324
32325
27
119
26743
3022
12286
445
34
24
32326
19042
54
4860
23
22041
61
19472
54
26100
2927
23
2330
32327
4250
5
23261
20746
27
143
167
54
3291
2371
5849
8138
1046
709
1862
57
25140
64
215
32309
19868
89
24
548
27
742
692
1577
278
23
1217
1515
1382
3553
416
12149
11058
13
1759
158
64
24
19806
416
57
24
32305
28085
27
12149
149
970
11420
64
586
262
1687
17618
215
726
133
57
24
4507
61
628
2357
646
2372
61
144
1550
24
20625
445
3555
4816
1550
24
20625
32328
143
8138
1610
87
1013
19608
91
1155
32329
61
4140
586
262
1687
628
603
12149
818
183
4063
846
2245
821
61
821
108
27
816
628
149
1541
13
1456
7099
12149
516
107
707
32330
6144
24
1751
4860
76
8138
23
22041
4122
61
787
13
4658
202
15627
534
27
246
32305
1040
99
316
635
760
61
349
316
9
751
9
2033
19225
32307
246
32331
185
360
4615
2371
14
2356
647
19063
16651
13584
2859
246
16391
4752
2
24
3484
2429
3193
185
2414
246
32332
185
24
2244
57
7099
4122
37
5657
8702


