999
57
4980
37
3700
41684
61
3955
41685
61
99
53
5201
156
9
45
144
34
54
2526
9788
40
663
54
25325
41686
515
99
2515
158
334
8462
57
34243
128
27
41687
19790
14495
61
24
791
41688
13045
2637
61
149
7272
58
24
41689
2424
9
2842
189
13
465
104
9752
6288
23
941
5
11250
54
758
9
1689
613
41690
41289
4255
27
742
6133
3368
76
24
32552
61
515
4186
609
110
2
704
18
24
1146
23
24
6248
11734
112
61
99
1399
24
27154
185
4389
13
1415
24
15033
33
82
2
54
3291
1454
13
24
39178
39179
1202
877
14681
23
4343
37
908
191
27
3955
41685
1213
25325
4860
58
2505
75
54
2033
77
9
24
41688
9
76
24
32552
77
9
502
4186
609
110
2
704
18
24
1146
119
19790
14495
6307
218
54
1812
64
183
87
41691
185
24
3389
58
24
112
41685
331
20881
3368
99
7199
2403
34
24
15033
13
107
28267
33
13
465
119
14495
638
45
41692
1348
361
7272
91
14
1611
4857
61
7142
9734
1341
27
331
187
149
33
5
11182
183
149
47
5
159
183
149
9860
4275
5
4985
183
149
144
41693
9860
3635
4980
4985
61
331
215
2859
445
586
13
1759
24
112
27
331
628
149
185
11727
41694
32
2356
5
237
1017
99
799
47
27
187
37
334
13135
5603
61
183
99
709
2685
14169
5
87
24
2146
57
14
1563
18977
27
628
144
648
262
577
1134
87
846
27
628
2296
13
107
14
14513
577
61
331
215
750
1840
41695
331
628
7427
646
5
132
104
158
185
24
3484
2329
1145
2931
54
1017
61
5
628
144
285
61
577
628
1028
496
215
99
577
27
331
331
999
57
24
4900
502
1921
846
87
515
183
87
4805
515
14
15766
14513
1745
14
5786
14026
23
14
32
9
185
9
32
2051
61
331
215
750
11759
4562
27
331
2186
640
149
515
215
39845
24
41696
445
24
124
41697
61
2050
24
2033
32
9
316
27
119
124
41697
2287
1145
24
3182
5
906
18
27
119
15766
14513
2168
47
61
16522
3383
61
5
144
41698
445
27
1312
846
61
515
149
9756
27
577
119
4857
935
1414
24
14495
13
4174
218
54
1812
123
24
41699
655
183
149
41691
185
24
3389
27
331
32922
183
149
41700
3555
15334
9
709
748
183
109
3555
331
215
330
76
2508
2025
27
143
64
215
686
3383
1681
18
24
1804
5
9284
24
1812
185
24
41701
215
2168
1347
1533
3432
27
331
9940
723
4108
3555
579
912
4032
47
5
215
912
18
3555
29466
57
15088
101
24
7043
3555
331
119
14495
149
1414
1222
215
149
2050
13
4458
54
791
41289
77
78
58
24
112
27
331
408
706
738
13
405
1150
57
18243
610
4997
278
14
2347
41702
5
129
5120
496
718
2191
2
646
4985
331
24
5241
22344
1286
24
4857
13
56
6484
27
187
149
7530
133
515
41703
37
571
149
23
24
1651
13
2995
24
2544
27
331
6569
41704
215
144
2168
109
23
227
1221
610
285
133
35
2356
5
1850
158
5
215
912
18
24
5375
4985
61
331
215
330
27
331
396
799
159
109
902
5
215
837
105
14
853
756
23
54
5267
502
9860
1506
14
1842
13
846
61
818
4985
1961
628
4997
4199
183
76
158
27
331
119
23
9
163
2265
506
2033
2114
13
1454
13
4343
23
744
58
54
571
149
4001
76
18655
3976
9
215
87
14
414
2495
76
99
533
272
9
316
57
6505
1470
2
41705
41706
119
23
9
163
2265
506
2033
2114
13
221
24
124
1454
13
4343
23
744
58
54
571
61
2006
41685
61
149
4001
76
18655
3976
61
64
24
4280
191
87
1969
34
9558
2529
3212
28538
5291
319
47
91
110
41707
24
1029
57
122
2047
27
41708
119
490
5250
57
24
10098
23
558
61
2006
61
129
497
14
414
2495
360
494
495
61
99
533
272
9
316
57
6505
1470
2
41705
41706
27
41703
37
2107
20881
3368
99
7199
32552
220
259
41709
13
1724
185
465
13
1018
1690
358
718
13
444
24
3024
136
33
23
227
34
1462
506
912
2118
2434
61
7142
9734
1341
27
41710
330
1222
215
149
6092
41711
69
41688
41712
71
215
516
107
3108
13
444
41685
331
82
64
1165
64
628
44
331
129
215
958
64
14
331
796
9914
331
27
331
396
144
5120
834
13
25112
133
14
1812
5
628
648
496
215
638
3367
902
149
1225
61
331
41709
330
27
1295
61
41711
330
24
829
149
47
13
41685
61
129
105
4494
14
316
506
6524
76
24
1202
877
14681
61
1720
215
4534
33
10112
2520
23
3023
13
107
12005
13
1168
465
23
24
2118
2434
1462
506
27
119
19790
14495
87
663
1969
34
54
25325
41686
502
99
2515
158
334
8462
57
34243
128
246
3955
41685
65
25325
5016
9
112
4860
246
41687
19790
14495
61
215
2325
23
54
3405
41289
41686
246
2036
41688
15033
737
13
4458
41289
110
34
14
2795
246
41685
149
2505
76
32552
75
54
2033
77
246
41689
2424
9
2842
189
13
465
104
9752
6288
23
941


