258
15401
12189
6311
7561
13984
23381
330
185
3354
2356
515
215
87
331
45
4149
331
1222
6337
4014
449
103
308
64
822
64
6352
1018
27
331
816
723
2236
4911
723
1825
4174
449
24
3071
358
278
61
331
23381
750
14
1060
57
21210
104
24
1605
1606
4463
185
3354
4896
27
331
816
723
2236
4911
830
449
103
308
331
831
723
1825
4174
449
24
3071
358
278
61
331
2036
6363
13984
23381
750
14
1060
57
21210
104
24
1605
1606
4463
185
3354
4896
119
1605
1606
19050
87
14
18900
5567
14223
91
3420
6641
61
14
1605
1606
2903
512
9
4935
8764
5
18017
104
24
23382
23
1747
9042
27
23381
149
104
24
836
13
2645
54
582
767
61
4401
14754
9853
61
502
149
407
515
257
27
162
24
767
23381
6020
133
3071
5860
331
1950
6795
61
331
334
1190
215
23383
185
3354
2356
27
1936
24
23384
5
251
15091
57
23381
37
10056
61
24
558
4783
6718
149
1414
1720
1185
45
215
1436
24
23385
23386
23387
14787
61
14
18226
8063
34
2330
9
6919
6795
27
119
23388
1520
183
23389
1533
1284
2947
4593
5720
13
2154
5720
308
23
1268
101
237
19024
27
6337
1502
6513
334
12034
57
24
23390
13
14
6577
18226
5547
652
183
1410
24
8894
445
57
5834
13
3896
122
1061
1533
5
2999
183
185
24
4929
13
748
103
308
1533
57
122
1131
9
2490
3225
33
27
187
99
100
11595
91
705
5359
647
4464
21220
61
5
2276
12034
57
24
6591
8840
87
3866
23
6216
37
970
407
6248
3558
27
331
119
2490
6919
6591
8840
87
14
692
6553
27
1447
369
1022
610
2296
13
1018
13
13566
223
61
331
23381
330
27
331
408
2296
13
4174
449
223
27
408
2296
13
4174
449
24
685
57
223
27
331
396
330
215
3745
16725
24
880
24
4929
37
10871
10094
223
652
358
5408
14
23391
13
223
61
3400
27
331
9365
1607
308
2245
12561
23
12721
778
187
37
652
723
1248
3225
24
1533
3225
723
221
61
331
215
330
27
331
5329
846
3204
723
2276
1017
515
723
1248
27
727
1248
24
7410
13
6994
27
331
23381
935
23392
13
3934
834
24
12721
3777
23
23393
1001
61
1489
13
14
1779
21230
215
2011
646
1348
215
149
7025
34
5359
27
162
23393
61
215
330
61
14
414
2255
129
99
316
272
5
6911
2947
8911
14
506
23394
34
2947
23395
14
506
23
12721
9818
27
816
926
232
477
61
926
516
1248
183
704
61
23381
330
27
331
408
23396
308
23
1169
3749
61
331
23381
330
61
9656
13
24
4744
4929
27
331
187
37
45
652
414
23397
1018
244
278
3749
9
57
2510
3096
57
542
1018
9
3096
57
542
1644
278
23398
3749
61
502
369
1088
1169
61
45
144
34
24
2255
40
34
24
272
61
5
4929
1308
515
27
331
1031
37
1348
215
807
89
54
239
334
239
185
24
6320
4139
27
331
408
830
6337
831
1018
244
4174
449
237
652
1221
758
61
308
1095
846
61
577
3672
6337
4014
64
822
449
24
103
64
6352
1018
778
577
628
629
45
4149
610
1018
27
628
629
45
4149
610
1018
27
331
331
143
24
106
628
629
45
4149
610
1018
87
652
628
1018
244
4192
703
11248
449
183
821
1502
27
143
1222
723
2236
4911
723
1825
4174
449
24
3071
358
278
27
331
1385
22329
6401
23399
5
558
6320
5124
4783
23400
2465
2039
5
6320
7561
11751
23401
57
1561
278
3504
122
2002
57
24
23390
1185
2381
10094
362
24
35
2347
454
27
23401
1347
53
24
11876
57
14
582
61
2381
3777
1221
32
2241
4779
185
23402
23403
1221
24
21979
222
57
14
4396
8439
6270
505
237
506
27
246
2036
6311
7561
13984
23381
149
23
1605
1606
185
3354
13
2645
54
582
767
246
305
14
4463
57
21210
61
23381
149
1414
34
54
2030
185
24
23385
23386
23387
14787
246
119
23390
87
14
18226
8063
1502
12418
91
6337
18
14
6577
18226
8325
246
397
398
57
54
352
13
24
5218
61
23381
330
215
37
331
45
4149
331
1222
24
6446
23404
449
103
308
64
822
64
6352
1018
246
816
358
638
61
215
330
61
358
516
107
11248
449
452
515
1476
103
308
1533
1502


