7346
6326
1407
0
4372
6
0
2128
283
1827
533
316
82
320
5
2002
114
0
3989
10
170
1433
39
0
4052
14
285
14781
75
2
6326
61
3745
430
23
5
8
636
14782
9
1950
11636
8
4
158
1273
19
2668
174
171
1580
201
9759
28
0
394
1
301
37
14783
6
1960
3605
31
0
1025
5559
18
667
1635
2
15
1834
54
341
3198
6
1581
1960
28
1774
866
98
4574
14601
1630
8754
9
4112
3759
20
0
12557
1801
11
513
5993
20
0
422
6
1602
2
15
20621
1
50
10
2719
3
0
164
113
0
1635
489
19
15441
1895
7
105
20622
150
4831
1
118
492
1937
8642
632
81
70
2
297
94
11
167
7346
6326
53
122
51
13
7425
28
0
11692
655
19818
7
2128
31
1790
2759
7
3648
65
783
204
12
555
918
1
3648
1
332
1038
3
0
7454
16249
24221
3731
6500
39
0
1393
2498
3724
910
722
8966
162
0
8267
39
0
2749
4372
7
2128
283
7
555
3648
29721
5516
0
4962
20
0
533
39
0
6470
4401
1393
2498
6730
103
0
3989
18
1171
243
15
14783
1358
5
8502
365
28
5
20623
10076
1
38
395
14
6326
34
404
3
10993
154
55
8
0
24221
6500
12
555
835
1
3648
2
1100
0
4052
285
14781
1
173
835
126
1
0
10076
2756
14
8
101
6326
18
1516
1
21
521
14
21
34
2539
13547
49
114
21
93
0
533
170
1433
8
2
6326
10
5117
31
3286
7
2581
20
512
2064
2
3142
9
24222
2467
6557
10
1025
9418
4
1311
3
142
7
582
2
1544
23
21
2027
603
6
24223
110
268
0
10045
485
1150
10
1407
0
9432
1236
6
3272
12
631
5084
1
6326
532
3
32
2930
31
3088
4
273
19
6539
171
32
3359
3
8
201
9759
53
39
2727
1
4331
51
2
8
8
281
24
351
7333
7074
1530
5109
1
24
188
3
143
125
279
2
1169
11
121
1
45
3
688
3
143
49
11
110
95
117
30
40
210
29722
1
23
168
23
3
6442
55
125
10993
5741
8
3
95
620
174
2
1
8
21
395
7
54
2623
3
19
2668
174
1041
7
0
14783
2
101
216
1
21
40214
5
3734
23571
5
260
4
395
16
8
139
13
0
1790
307
558
29723
55
212
223
4
126
2
104
183
66
352
7
92
4
60
183
66
29
24224
4
5
4557
6
0
9956
307
8
15
1333
61
1358
5
4557
6
5
933
6444
1045
485
4637
24225
4
54
3647
1
17
37
18149
7484
3
27
4
0
2623
16
8
581
1533
1
1168
29724
2
8
6326
10
1459
23
5
1400
7
0
4372
6
0
533
1
1311
3
193
4
5117
7
2581
2451
10140
389
28
0
4052
569
39
91
78
216
2498
34
40
115
12
555
835
1
3648
139
13
54
6
77
2034
3759
6
1635
1239
2848
1960
14
43
3605
31
1635
1774
866
563
2128
283
106
195
6975
17
1084
1271
4
5
501
513
2220
4414
339
0
4052
329
8197
29725
1
1074
771
6
0
2897
1
22
866
10
74
2203
1547
0
2793
20
37
2128
6364
8
114
0
3603
43
86
3793
8
4
19
1993
0
1333
76
32
10283
23
8
472
5
8486
8
3
0
1025
5559
2
29725
22
16
8
57
18
40
5
717
1333
3
1313
55
129
3
716
75
183
60
29
25
720
11
774
2
8
308
84
74
188
3
3568
25
2
387
18
41
0
122
1415
2
308
84
74
188
3
29150
25
340
627
357
23
91
7834
12066
2
8
57
18
472
109
6212
1484
2
308
382
213
5
1030
8918
6
75
38
33
12088
86
3891
3
48
2
8
24226
0
14073
3800
28
6326
1
0
2668
276
5684
675
607
6
5185
1
546
2361
1
947
1
8412
4
644
17107
2
101
2581
1
866
933
5
672
4541
6326
4
6557
76
41
29
40
1054
7
1444
55
0
4372
1
6326
1243
156
3729
6
216
29726
1
62
3076
6
37
10056
38
492
330
7
0
276
23
375
29727
580
2
314
2
89
0
20623
10076
1
2609
40215
1
395
92
43
8
13416
6
14489
8
7
6326
18
10208
1785
3
1294
63
605
553
2
6326
1646
5
87
9
447
1063
6
0
4372
120
64
230
6
3785
17
866
7
460
3648
2
563
5783
211
992
55
3
280
23
36
13548
11
520
262
0
1393
2498
7
40216
7
3648
563
530
783
1045
2128
283
5559
6326
28
0
12557
1801
11
513
5993
65
2280
211
2384
5
284
262
0
4052
14
285
14781
75
1
173
835
126
1
4
900
67
3731
10914
1
13090
4
29728
4
1790
2759
2018
0
1038
3
0
7454
24221
533
52
3066
6
9949
0
18150
7
5
7101
1393
2645
17
5498
40217
1
2807
25
20
0
533
1
3938
0
1185
374
0
1135
1
123
1360
184
4
450
41
3
233
22714
1
158
39
0
4052
312
2
52
78
866
14
21
107
74
29
0
3412
3
2489
5
8
7695
868
8
4
10
4005
21
8
76
29
6411
184
2493
28
48
4
921
12
112
24
34
4836
3
165
2
8
8
24
1571
14
0
237
152
58
32
3
722
12
23
0
636
14782
1950
11636
969
6
0
375
1109
1950
9190
1
14
66
76
29729
2842
64
7
54
1
8
6326
22
2
101
0
20623
772
1
6326
22
56
21
10
1200
77
31
37
2128
10092
20624
1780
39
0
4372
11
41
11598
5
5826
4874
12
19
195
1
21
34
8
418
4150
3
922
0
20624
1
967
1
107
41
114
21
10
5
349
949
4
41
5
1827
949
2
8
3323
63
1490
973
49
3
0
4372
1
6326
22
8
684
34
3
32
204
8
39
0
3127
11710
6
0
833
2015
1275
1
45
22
21
10
74
1569
20
14
71
1939
110
1084
6
684
58
32
2890
2
101
108
3800
1
21
61
860
3
0
4370
6
0
15869
40218
5870
339
40219
23
37
2603
2
15
533
7
7409
2128
283
4671
7
5
4613
4199
23
25
13
10258
31
13083
7
417
3648
2467
6557
214
687
5
3731
372
6500
7
417
3648
2
52
13
1990
5
142
905
11
19
754
65
1106
28
0
24227
9151
0
2128
283
577
6227
569
28
417
6
2581
53
1630
783
51
15
5615
3
0
2128
283
577
6227
13
137
20
16306
7
2128
283
7
555
6
1668
15
5684
29
2701
7456
3
559
6003
4
6326
18
1378
14
866
10
253
40220
17
3258
4
438
10510
2
6326
2852
3
866
7
3648
14
21
10
18151
86
169
1402
4
1387
3785
1
8
24
322
4153
66
33
1621
7911
3
0
10993
559
11495
2
8
866
2404
16
8
281
66
188
3
402
0
559
12
212
243
1
44
392
32
6370
2
8
101
54
2623
3
866
3367
8
17838
1
8
6326
78
59
112
767
388
2453
59
8
3
10993
12269
8
12
66
3
10993
4487
8
95
276
1
4672
40221
7
121
2
8
8
24
322
5
28943
1
4
24
183
136
394
1
8
21
176
2
8
40222
9
1350
1
29730
1
62
40223
9
13
5
2104
2
9070
62
3781
73
2603
80
45
0
148
40224
2
8
101
0
772
17
866
10273
0
4372
4
19
1348
1
21
3225
129
552
20
0
1034
1559
1402
6003
6
0
4372
493
78
59
21
10284
5
29731
783
6
5
1400
91
2779
2
1437
5
186
1300
11
19
1348
11
1444
5
10876
1158
4
1537
120
0
1902
429
1
21
2205
1735
106
2409
140
0
8300
113
21
10
477
2
334
19
2921
10
207
20
201
2992
1
5
211
7
37
12558
2941
78
59
16
8
135
181
66
352
0
5559
2
8
8
191
24
22
1
10993
580
152
2
8
191
123
323
13
113
25
3477
5
16307
1
1774
1
8
6326
78
866
2
26
5064
275
341
3198
6
1960
3605
31
5559
18
667
1635
26
135
1750
6326
3745
430
23
5
8
636
14782
9
1950
11636
8
26
3193
273
19
2668
174
171
1580
201
9759
28
0
394
26
3648
343
285
14781
4
10
9432
2630
343
12
631
5084
20
71
26
6326
10
5117
31
4447
3286
7
2581
20
0
512
6
2064
26
3142
9
24222
2467
6557
1025
9418
4
213
5
142
905


