258
27387
27388
261
262
54386
264
61
265
266
1268
268
269
262
54387
264
61
16
563
1268
251
5784
1074
76
24
4744
3789
57
4809
129
149
10744
23
4440
149
1142
13123
23
14
4319
1547
23
7517
6787
13999
35
632
61
642
3283
2272
27
5618
54388
61
13449
61
105
100
1951
218
24
1747
3607
1566
5
149
743
91
274
57
24
4319
61
502
87
3875
23
24
14018
11202
27
119
7517
642
9986
8199
278
901
14152
6989
9
27960
27914
54389
54390
35799
61
3845
61
64
24
3017
3476
23
24
596
27
1707
377
215
149
1062
185
1140
548
522
5773
525
4319
27
521
159
34
522
5618
54391
61
14
7299
9
2033
4744
11644
5
4809
3789
6524
1074
149
35
719
2050
89
14
4319
23
7517
6787
13999
185
266
1011
806
926
149
1142
13123
91
4319
274
54388
5
14
14152
6989
9
27960
2325
76
24
19887
34262
4319
20513
484
2050
47
13
14
1547
806
24
111
1400
515
704
54391
1545
13
1018
149
25265
14
9806
5
2995
3484
7517
642
9986
8199
278
901
14152
6989
9
27960
27914
54389
54390
35799
61
3845
61
64
24
3017
3476
23
24
596
806
1140
1767
1046
158
1775
24
4319
2574
35799
61
129
1903
533
494
23
5672
34
334
2943
2479
61
8479
24
596
2479
5
330
515
215
174
24
3607
39715
2574
5
2257
23
525
1547
185
266
1011
27
1687
162
24
4319
61
704
926
1545
13
1018
149
25265
14
9806
5
2995
54392
215
330
61
1489
13
14152
3830
119
26956
18712
27
1687
1447
149
709
3219
5
1348
628
174
61
926
149
821
822
12702
119
316
105
301
2011
104
14
19347
613
61
105
3561
61
5
285
13
24
19887
34262
4319
27
1170
1767
1046
24
7442
54393
1867
1778
35799
89
24
4319
15495
27
187
4123
515
35799
638
594
57
24
11248
76
24
4319
37
25233
61
104
32
222
8780
34
54
26620
5
6540
24
111
1793
3839
27
54394
54395
61
24
219
57
24
1032
912
9986
8199
61
750
6219
262
1687
408
3476
515
215
1745
525
652
926
747
13
278
3219
76
1691
54395
330
35799
174
24
4319
1511
1284
334
2277
58
5773
5
13357
13
18524
15794
27
35799
149
6555
2272
1348
64
215
149
1905
13
7517
27
119
316
3881
89
24
40820
2233
185
237
4324
23
7517
806
14
4319
2230
147
1142
525
1816
23
32
57
24
18784
119
4809
3789
2230
149
5101
438
24
14018
11950
23
7517
6787
13999
61
324
61
5
105
6993
13
3613
1413
622
13896
23
4440
187
87
7724
1348
54388
2084
23
4440
61
40
54395
330
24
893
149
2235
13
3613
104
306
1413
622
9687
484
1905
13
24
4744
185
563
916
27
579
149
8225
5
105
709
272
27
119
2327
2964
57
24
4744
4874
23
7517
330
54388
149
14
6524
1074
57
24
4809
3789
27
23088
1096
4975
18536
61
24
4895
638
45
5736
525
6584
1185
622
1366
61
3400
14152
341
1779
515
926
1910
5
3366
23
4772
61
6312
251
4809
3789
2805
750
2952
23
14
376
262
1687
408
288
10655
8563
13
1451
57
24
897
57
3789
57
4809
4871
5618
54388
27
1687
408
8431
612
8616
8617
13
525
486
5
1689
5303
27
8861
2
24
4744
4874
23
7517
6787
13999
369
8115
704
6350
20457
54396
5612
515
125
4948
288
3791
952
57
665
54388
912
596
27
246
4744
3789
57
4809
6524
2230
5618
54391
61
13449
61
105
100
1951
1145
4440
246
54397
13
4319
23
14018
11202
185
266
1011
76
14152
6989
9
27960
246
2233
274
1142
525
13123
515
257
246
27914
54389
54390
35799
61
3845
61
901
3476
23
596


