318
6214
58
74
716
59
1349
5
611
3609
2
788
778
2637
13
39877
7
5
152
14
118
0
3794
6
2466
76
9
31
533
0
1404
9187
3399
1831
7
0
329
2
15
1979
6
9187
3399
1
3202
4
1093
31
0
1847
8576
771
1
58
987
1170
3
29565
838
9
2332
869
2
191
92
18
128
305
19
1341
2700
7740
1457
73
84
63
25
2
4947
4948
3875
1343
12456
3651
16
778
2637
30
3120
678
3
1349
37
9187
3399
1979
12
0
3261
6
1018
7
2637
2818
1
2700
7740
1
50
19
6214
33
1571
3
517
10005
2637
1376
678
11
5
39878
11614
3609
1979
12
2637
2818
2057
7
190
2
29566
3358
28
6214
1
5
479
22
44
107
41
188
3
32
214
23
37
8
6113
7170
8
2
89
25
1181
0
2105
9
901
771
13
1571
3
84
385
17
0
29455
7014
6
1018
12
19
39879
13424
1617
7
14523
655
1
665
2
15
1234
1
5881
11
1329
12
506
1
58
9746
3281
7014
4
752
140
201
1887
736
2
1217
5
333
7117
28
19
220
39880
13424
1
0
643
58
17675
6
64
39881
2
238
58
3844
4045
64
9
1528
4
105
9
1528
1170
11
838
9
2332
869
2
15
108
58
32
11
6507
16
5
146
9
804
533
17
16255
54
9
1528
62
64
9
1528
8314
2
2499
2637
19933
3
2485
0
1234
430
1
19
2395
161
21
30
0
122
3
4690
38
630
92
2
360
1
19
5507
5451
0
1234
13
41
5
745
6
18085
2
8
52
22
240
60
382
213
511
19993
323
2
939
60
252
13
125
2574
11
1551
346
75
240
1
8
19
1564
2028
39882
78
2882
2
39883
16
139
10
5
20263
6
0
611
3609
14
2637
1502
3
1349
12
0
1617
45
10
19538
29567
16
15
39884
643
58
32
1115
7
48
29568
1167
6
665
11
838
9
2332
869
14523
655
39885
1257
39886
78
0
652
16
8
778
2637
22
1
240
112
24
659
41
159
3
84
110
24
404
3
84
92
1
110
73
24
84
14
58
32
228
9747
3
48
643
218
240
8
57
13
41
0
87
71
2637
30
20534
4609
2
101
484
526
1
1457
6
2572
1997
5
3082
127
2637
8
678
3
1349
5
2897
455
0
4502
6
2097
4058
2
15
276
10
5
753
3465
3
0
2637
3327
6
39887
7194
1
5
8486
19
1333
6
1467
4
2138
10184
1
39
4814
77
5
39888
569
865
162
17
1119
2783
2
26
10672
4530
2637
8
678
3
1349
5
611
3609
7
190
26
836
21
678
3
18086
5
3399
1979
12
1018
103
2637
2818
2057
26
15
643
58
987
3399
3
29565
838
9
2332
869
26
861
676
337
28
838
9
2332
643
1
19
6214
46
32
504
9
6537
3
1948
0
3539


