24996
3762
75
5214
5212
650
33
13
12316
24
5216
625
156
185
3354
1348
14
6042
25861
5538
833
10184
16098
47
23
54
855
27
143
22910
33245
61
3983
61
24
3991
593
57
24
5216
37
12337
3743
4325
61
6498
2952
23
334
898
4860
61
331
628
1018
45
532
7466
13015
61
40
628
1018
45
27743
819
34
122
11120
27
5214
5212
37
5244
8560
4182
33246
149
14
5309
26075
34
3096
13
1018
818
27
331
5212
717
334
6323
185
1002
185
3354
1680
574
128
13
5408
33247
2590
14
2019
57
876
57
158
27
119
5216
37
6758
149
709
3259
34
128
13
5016
2835
31566
7043
1030
24
331
523
3354
3555
331
5127
23
54
1617
15166
61
40
2053
128
5071
185
14
3232
57
7466
3762
515
278
100
33248
104
158
27
521
159
34
522
22296
525
679
262
22910
33245
750
2952
834
5212
331
7438
5
5270
525
331
655
926
149
144
14
2889
33249
2033
7466
3762
75
5214
5212
650
33
13
12316
24
5216
625
156
185
3354
1348
14
6042
25861
5538
833
10184
16098
47
23
54
855
119
5216
37
6758
149
709
3259
34
128
13
5016
2835
31566
7043
1030
24
331
523
3354
3555
331
5127
23
54
1617
15166
61
40
2053
128
5071
33250
3762
7593
75
158
5212
717
334
6323
185
1002
185
3354
1680
4690
128
13
5408
33247
2590
14
2019
57
876
57
158
9335
5
791
3442
22910
33245
61
650
2237
5
6638
525
679
76
2952
23
24
2248
57
5269
33251
33252
331
33253
2394
5212
14
13107
27
331
628
149
5270
5
7438
91
515
111
61
331
22910
3283
27
724
926
750
57
525
1381
13
24
33247
27
331
119
5212
33254
9
33255
149
14
1774
13
850
61
331
926
750
2952
27
331
628
629
8564
515
24
1147
23291
369
1094
3886
311
13
61
5
369
3477
2351
61
24
9427
5
4878
449
5214
5212
5
54
18840
33256
27
331
24996
87
455
13
9139
449
61
40
1002
99
100
1129
64
14
8603
34
13960
57
24
498
23295
5
99
100
1129
64
334
26075
34
308
13
8431
122
28320
76
24
13107
27
331
22910
330
515
637
5214
5212
105
45
100
11372
61
24
1857
1381
33257
158
149
3466
27
331
1295
61
215
1094
1393
33258
24
26780
5
22070
515
650
13
6823
64
14
3340
57
54
6323
13
24
1857
13
8431
122
11149
449
158
2590
1002
64
334
26075
27
331
187
2831
107
821
3466
13
158
1094
515
308
33259
29341
61
5
14
1581
3308
105
13
444
122
20070
57
445
122
2316
61
1347
1222
183
2150
6484
104
54
33260
61
24542
5
33261
27
331
1947
24
12840
5212
37
1617
15166
149
32918
5
24
33254
24581
149
3068
2
24
1783
27
119
5009
1094
33262
308
13
5212
37
29555
27
1295
24
33247
278
100
6078
14072
185
622
7107
5
5538
9065
27
119
33263
9
2033
33264
9
5
24801
9
2548
1040
5
5216
61
129
99
100
477
34
1851
494
5
99
360
272
61
99
100
5121
9615
57
3219
2943
34
1533
1284
166
4757
27
1882
13
784
341
61
1411
24
7050
5
1920
15386
61
64
3096
64
145
2282
650
2237
10937
5212
57
3743
2943
27
162
10645
61
24
22475
5269
61
1040
5
17167
2950
14
5729
76
14
893
129
3138
515
5212
5270
5
5217
525
104
54
82
23
14
15222
7989
61
1341
119
33265
27
22910
33245
61
129
99
750
33266
57
5212
37
2367
185
525
23
24
139
21639
3022
262
22910
3283
834
926
149
12443
91
5212
64
14
2889
119
33263
9
2033
33264
9
5
24801
9
2548
1040
5
5216
61
129
99
100
477
34
1851
494
5
99
360
272
61
99
100
5121
9615
57
3219
2943
34
1533
1284
166
4757
3627
402
58
61
5212
37
1617
15166
149
32918
5
24
33254
24581
149
3068
2
24
1783
5
24
5009
1094
33262
308
13
5212
37
29555
5212
61
512
1969
34
54
511
64
2617
33267
31804
23
24
119
5212
5620
61
99
1204
604
100
2940
76
7466
23
14
2959
57
3802
5212
61
512
1969
34
54
511
64
2617
33267
31804
23
24
119
5212
5620
61
99
1204
604
100
2940
76
7466
23
2959
27
2226
751
61
1650
9
47
5216
5
791
1750
7263
3641
18837
33251
33252
22989
14
8600
17442
449
5212
61
2394
158
14
331
13107
331
5
14
33268
26429
123
14
761
3368
27
331
5214
5212
99
24
12139
33269
2033
2060
111
1857
24813
515
628
7056
61
331
33252
4557
2
24
1679
104
24
33270
17978
23
5212
37
6584
57
15222
27
33252
330
262
331
331
331
33271
851
7382
47
61
2060
308
27
628
149
185
3484
23
24
331
20353
27
628
718
4174
159
13
723
652
628
105
14
2046
18790
27
331
27242
61
40
723
7438
2282
61
5214
5212
27
419
61
4186
723
159
14
540
28928
27
331
1882
13
784
341
61
1411
24
7050
5
1920
15386
61
64
3096
64
145
2282
799
2237
10937
5212
57
3743
2943
162
10645
61
24
22475
5269
61
1040
5
17167
2950
14
5729
76
14
893
129
3138
515
5212
5270
5
5217
525
104
54
82
23
14
15222
7989
162
525
4860
76
2952
61
22910
638
45
6314
33
27
331
396
87
14
9350
27
396
650
104
846
1030
14
9350
27
1003
840
87
515
819
129
278
813
3743
4325
825
45
107
10899
89
5235
91
24
186
61
5006
5
1590
27
816
628
718
442
32
593
61
935
628
696
456
707
1086
27
331
33245
149
144
14
2889
104
24
227
926
2011
5212
61
5
387
24
1040
149
1048
525
13
2597
158
1145
24
1566
5
933
525
47
23
24
33272
10495
27
3716
4073
1204
1348
32
2356
926
689
133
58
14
929
57
928
5
19162
47
23642
23
24
2885
536
5212
37
669
653
9
654
27
33245
87
9550
515
926
105
100
5270
91
5212
27
143
926
5224
7438
91
158
401
27
4338
515
525
7316
76
5212
4073
61
5
91
1526
215
105
1391
525
185
525
880
58
14
230
2356
23
14561
932
575
926
1400
215
978
13
7466
525
27
162
10645
61
5212
15003
14
5832
11350
76
15329
33273
61
70
61
14
791
33274
1956
1074
129
3138
5212
5270
5
5669
5217
525
23
54
15222
11447
23
4399
27
187
149
104
515
801
515
145
2282
650
2237
13
10675
358
401
288
5270
5
5669
10850
91
5212
27
5212
99
45
7976
185
1193
57
24
3762
647
358
278
33275
27
23508
571
262
5212
87
512
15511
34
2505
8519
33276
31804
185
119
5212
5620
23
24
3766
246
12274
717
6323
185
1002
185
3354
4690
128
13
5408
33247
2590
14
2019
57
876
57
158
246
33277
26403
58
24
5231
7466
3762
75
158
246
3627
402
58
61
5212
37
1617
15166
149
32918
5
24
33254
24581
149
3068
2
24
1783
246
33245
6498
2952
926
87
8564
515
308
369
3477
2351
331
24
4878
449
5214
5212
331
246
397
3096
64
145
2282
278
3138
5212
5669
5217
542
23
24
139
61
40
215
99
604
100
2940
76
7466


