251
4094
3829
99
100
4095
4096
104
520
57
3206
2282
1348
215
2831
278
100
4097
185
14
4098
4099
27
4100
3377
4101
61
791
3989
57
24
4102
4103
57
4104
61
149
4105
4106
18
14
4107
9
2505
4108
123
14
4109
4110
4111
185
3354
27
119
4112
9
2033
149
4113
91
4114
4115
4116
2
24
125
4117
4118
4119
3830
27
4120
4121
262
4100
3377
4101
149
433
537
104
14
3206
893
23
14
4122
215
4123
13
107
4124
810
334
2805
4125
123
14
4109
4110
4111
396
4123
13
107
4126
47
54
1442
57
24
4122
4127
61
502
1502
4128
4129
9
4130
1540
61
76
2805
4131
27
119
467
149
4132
13
1002
5
387
285
4133
61
76
3096
4134
24
3829
34
4135
655
4136
1857
3225
27
877
9
4137
4101
61
1204
61
99
2469
159
24
315
27
119
4138
4139
57
4104
3965
3138
215
149
4140
4141
218
24
4142
13
532
14
4143
4144
449
24
4145
57
791
4146
3435
1806
3989
4100
4147
27
331
4148
3602
4144
23
4127
449
4147
61
628
629
4149
358
433
846
4150
183
61
331
215
4151
387
58
215
1770
4152
185
24
4153
9
4154
1783
27
331
628
1414
34
4127
23
24
4111
13
1869
24
2401
185
4147
5
577
4155
577
61
24
467
87
4156
2108
61
331
215
359
27
246
4104
3829
719
537
104
3206
2282
123
4099
246
4100
3377
4101
4157
47
24
4122
23
2805
4131
246
4158
123
14
4109
4110
4111
185
3354


