144
2686
14570
1920
1652
20
37
3289
12011
164
29
40
78
44
392
1665
42
11137
39
2036
42
16581
18
8
21628
6170
8
2
6718
20
11898
11781
714
7
10054
2222
1
160
1
43
482
102
11
42
7626
2769
17
5
15526
103
31
14154
1322
5645
1
38
395
7
19
19
2559
3
296
14
125
1652
34
8
342
1364
8
56
25
224
3
91
11241
2
15
126
20
0
747
164
1
2725
23
5
757
164
3
11898
8859
9
11781
113
15163
1392
4
847
43
1652
1
43
207
0
1377
6
4194
42
11137
39
68
5645
1148
64
613
91
5904
2
45625
42
11137
16
1920
1652
20
3289
11898
11781
714
29
40
78
44
392
1665
42
11137
39
2036
42
16581
18
8
21628
6170
8
8
24
3624
125
1399
1245
1138
28
5
295
6
2845
2286
11241
4
25797
1049
48
149
1
8
21
34
1458
7
409
2
8
57
10
41
6313
20
5
1021
62
216
567
7
0
164
1
45
6313
991
42
700
4
9221
1
6486
2
8
24
228
10
204
45626
31
0
152
14
261
1049
1002
4
42
1521
6
2617
991
37
2470
2
8
68
5645
22
0
358
34
3309
59
3
207
49
0
21628
6170
20
0
72
45627
5
70
164
1
1191
296
44
34
19
412
337
56
25
224
3
32222
42
126
112
44
43
5904
3
117
464
2
101
19
776
723
3
296
1
68
5645
22
14
19
5704
34
3698
2503
6
11137
4
5682
7
0
164
1
4
14
234
2849
4
481
34
40
3403
17
0
45628
25232
31
1652
1
38
33
808
197
146
4
398
2
45629
16
15
126
20
0
747
164
1
2725
23
5
757
164
3
11898
8859
9
11781
113
15163
1392
4
847
43
1652
1
43
207
0
1377
6
4194
42
11137
39
68
5645
1148
64
613
91
5904
89
21
22
14
0
1049
34
41
1937
649
0
12071
6
0
1377
1
4
3278
25
58
722
69
0
535
877
2
8
15
45630
6862
14
60
3624
421
7
0
164
70
30
45631
7834
1
8
21
395
2
8
15591
1
60
33
6603
77
3
208
877
2
8
24
2708
3242
0
877
12
5
838
547
45
24
322
662
66
46
2990
14
48
13
37
650
329
14
60
73
41
1107
5262
69
62
54
7
50
60
171
32
253
12302
17
136
4830
2
8
101
488
1
2516
2491
509
3134
366
0
1067
866
3334
164
7
336
160
1
113
148
126
33
696
49
17
944
23
5
1607
2145
2010
5
419
1864
85
11898
2
101
5
1703
3
0
160
2476
6
25798
1
68
3134
22
0
530
332
35
2026
156
5963
45632
14
944
349
1864
13
1536
3
163
5
35
3525
4
1710
45633
2
52
22
349
979
76
383
0
237
7
0
172
31
14071
69
0
9948
6
0
1805
3968
1
1262
14
11898
164
7
1787
206
369
29
40
16284
31
1137
349
979
3044
194
18087
1652
2
25799
16
68
5645
22
14
0
1049
34
41
1937
649
0
12071
6
0
1377
1
4
3278
25
58
722
69
0
535
877
25800
16
101
488
1
2516
2491
509
3134
366
0
1067
866
3334
164
7
336
160
1
113
148
126
33
696
49
17
944
23
5
1607
2145
2010
5
419
1864
85
11898
52
22
16
35
221
33
349
3334
979
274
706
23
9693
1
23
7720
1
23
4409
1
23
0
25271
6
747
12011
979
2
35
2838
1
11
1597
1
1067
866
3334
7
336
160
133
5
164
17
5
1879
6
126
5517
11
456
164
4029
120
0
81
231
82
1
5
1879
627
28
1170
113
944
13
41
42
87
2145
133
50
13
79
23
205
1
112
41
419
1
85
0
1531
9
23479
160
12011
9
11898
164
9
79
5
2777
62
86
184
2
35
1553
0
1486
60
352
371
1
25
47
1621
2514
11
349
979
3
525
0
1005
28
747
979
2
35
2242
6
45634
0
4226
2891
197
349
4
747
1
23
0
1043
681
3021
1032
3
188
1
60
171
677
25
17813
13168
3
68
3134
18
685
7
19
2559
1
68
5645
22
16
8
24
29
100
3729
6
0
164
44
2751
3
45
24
322
2671
14
25
13
500
86
168
4
13
8266
2
8
15
2516
1027
473
750
169
24962
685
4
1
20
0
128
568
1
25
1512
75
4696
1864
2
1392
4
847
234
1327
0
1531
9
12011
164
7
10054
2222
7
0
4917
90
317
49
1877
20
32223
714
7
6328
4
192
19922
2
1523
179
11898
1531
9
12011
1652
675
4440
6759
6746
1302
45635
1
14973
1302
4020
10941
4
1770
4617
3848
2
26
6718
20
11898
11781
714
7
10054
2222
207
5
8
21628
6170
8
26
14381
224
49
17
5704
39
1265
64
1652
91
5904
26
1759
18
1245
1138
6313
20
42
9221
4
700
26
5365
1322
5645
22
2503
34
3698
45
1377
58
722
26
7991
126
34
8
342
1364
8
56
25
224
3
91
11241
26
11781
13
5
757
164
3
1531
9
12011
1
113
1392
4
847
3168


