258
5618
10669
17284
28049
28050
10233
99
4534
24
2889
61
1094
2195
61
89
525
82
167
361
185
24
3219
6999
331
5676
251
5802
433
722
334
3205
76
525
8178
9
2033
302
87
1094
2797
76
158
23
525
8344
82
61
316
454
58
361
7918
185
24
3219
6969
5676
27
28049
28050
10233
61
2154
61
769
525
1086
5
525
568
58
361
743
170
9
3206
23
14
28051
76
2889
6952
1369
27
579
3279
430
14
5672
6578
5
87
1094
1950
1778
14
3268
23
28052
27
842
926
99
4534
24
627
926
149
433
76
89
525
1563
61
13
24
10957
57
54
448
129
369
2386
13
158
13
799
82
27
6952
61
1094
2195
61
174
54
5880
14105
35
632
58
14
3125
76
54
2255
18
13024
13
11226
54
1547
27
396
87
1094
2797
76
54
791
5802
5
358
2349
215
1099
45
4699
27
119
2889
912
2255
61
28053
1369
61
330
262
1687
408
105
14
2360
485
3125
449
54
1547
361
28054
5
215
144
174
27
396
4553
28049
13
799
5
2854
158
47
27
1687
408
1018
1013
639
496
926
87
58
5
496
87
23
525
1027
27
1687
628
1019
24
1016
485
369
373
23
1025
27
727
3307
851
318
13
276
5
723
5928
542
13
13
107
5309
27
331
579
87
14
3219
5675
9
926
99
10850
525
6439
5
525
134
13
1354
24
3236
57
14
318
5
13
1018
237
27
1687
10967
215
149
1371
1348
237
640
61
926
2831
278
423
13
28055
119
635
5802
912
3205
149
5292
1348
358
288
433
609
23
525
1536
256
14
276
4239
35
534
27
119
1047
288
170
9
3206
1348
642
6021
185
24
3036
5
926
3252
3253
13
3743
4184
76
14
1066
101
2195
655
926
149
23
14
134
57
3236
5
54
5802
27
28050
10233
430
361
561
104
24
2959
501
23
1078
40
149
1599
13
1862
24
3219
6969
5676
34
190
454
5
417
14
190
9
751
356
26448
3023
27
579
769
525
1086
104
290
20288
912
733
23
28052
5
10070
2
525
583
57
316
494
61
28056
10233
61
663
14
5802
5
24
688
57
791
28057
4053
34
6785
3849
10233
27
842
144
146
58
1037
23
24
3217
61
6952
912
571
61
5364
1369
61
3283
24
18822
5802
23787
54
688
27
119
1047
278
12321
23
1015
6849
5
926
99
28058
24
3370
76
16210
4544
1117
192
5
4980
882
27
28059
808
1369
61
9757
61
330
262
1687
579
912
144
3745
7004
158
646
91
12940
158
1022
27
1687
579
99
2168
525
28060
89
158
104
24
987
27
579
144
847
1013
157
27074
10233
105
3219
76
24
393
58
926
2977
13
748
2243
442
13
104
290
20288
37
733
61
28052
6952
912
485
2349
358
825
1510
14
540
61
637
215
99
7149
13
54
448
515
358
369
144
486
27
119
1047
369
370
2797
609
23
28050
10233
912
1563
23
334
3421
351
57
28052
61
502
926
6638
76
525
583
484
215
2287
133
27
589
1369
61
14
2255
57
190
61
330
926
5
525
583
105
7738
24
5802
61
129
358
2193
2
5880
28061
61
13
1029
24
7316
256
24
801
27
579
330
262
1687
408
1414
525
13
612
14105
13
4174
13
525
5
610
648
183
149
504
652
926
330
926
149
108
13
996
158
2574
5
183
149
6952
912
3532
27
1687
408
1094
639
926
285
5
4553
158
6329
5653
27
579
638
1013
1018
496
610
1414
525
5
926
149
28062
27
187
87
3466
926
3119
1533
133
57
24
7316
1284
6952
40
215
99
709
3317
13
2597
14
730
54
2534
636
655
215
87
2797
28063
6117
57
9823
445
2
6952
61
589
28050
10233
87
330
13
278
6978
158
76
3210
867
5
2956
2403
27
579
2494
1015
13
6952
58
605
24
28064
2514
2243
14416
13
442
158
76
54
4729
27
28050
10233
37
568
13
583
28056
2291
58
24
3205
149
3283
5
24
393
87
1094
2797
23
122
791
8344
82
23
28052
1936
122
3515
3205
61
926
510
158
13
14
4319
23
2450
34
14
3705
2158
5
731
5546
76
54
3899
486
27
742
448
105
709
5697
5
6952
750
542
215
149
2505
4980
27
119
55
358
2193
149
1348
24
642
1802
47
104
122
1116
35
506
27
777
688
61
1094
14
28065
5
28066
393
104
28052
733
61
99
417
709
14396
215
825
4699
82
5
54
448
377
215
99
1510
4663
2
486
54
2534
636
27
589
28050
10233
61
129
87
3981
28067
11405
58
2496
28052
2917
943
926
105
100
28068
91
334
508
111
104
24
636
57
145
61
149
45
104
82
1671
27
119
3034
57
24
28069
3268
61
575
926
1094
1001
61
330
926
105
100
417
64
822
227
445
64
926
4995
256
24
4786
311
18
525
7316
5
105
423
13
23205
27
951
32
149
787
34
2951
104
24
1563
926
1734
76
6952
27
119
485
57
6952
1369
278
330
358
278
1687
709
28070
496
13
1018
1462
61
5
278
747
13
3613
158
104
28050
10233
912
82
27
589
1369
330
926
391
24
2889
105
100
22735
91
54
5802
61
5612
262
1687
396
87
14
3899
627
5
496
3899
627
516
45
278
456
496
215
638
778
1687
408
369
373
23
1025
18
1690
515
99
640
27
1687
1003
688
912
712
87
104
6427
5
610
2245
515
926
99
2168
868
76
183
27
628
144
840
515
215
726
5964
246
28049
28050
10233
149
433
76
393
6952
1369
61
935
1371
246
1369
4534
89
28050
10233
37
791
8344
82
316
454
58
926
149
7918
185
3219
6999
331
5676
246
742
448
377
28050
10233
99
525
331
28060
89
158
331
5
331
1492
244
157
738
331


