258
2039
2873
261
262
53197
264
61
2213
5657
267
268
269
262
56165
264
61
145
5657
267
25565
17925
278
100
56166
17751
64
358
37728
1853
5748
9042
237
4581
1221
5
32
2358
1844
433
405
57
24
56167
185
548
27
3966
56168
61
57
56169
24011
61
510
522
57
334
6922
18644
57
14
29233
7317
11395
123
24
8600
3714
27
396
149
11248
449
834
10947
24
3714
149
655
3477
24
522
23
24
2321
438
10124
1348
24
1071
650
159
89
54
33
2898
27
6228
6229
6230
2994
1958
6266
262
119
15463
144
484
361
3557
18
119
17925
278
12288
56170
61
5901
7473
133
57
24
1675
5
6021
133
6439
13
2707
6471
308
61
1489
13
56171
27
251
111
5
14
893
61
288
1745
1750
23
3833
1536
18786
61
5
14
5526
57
819
288
2352
64
17923
56172
47
13
5731
2313
1299
2277
61
1489
13
365
56171
5
3972
27
10856
31052
4627
4968
5933
123
316
3291
56173
61
3972
2936
27
119
5786
61
307
61
1663
445
24
437
23
14
14271
34817
27
119
893
61
1851
61
1077
2
947
7623
1348
926
149
1805
91
14
1068
1496
17862
27
27376
3555
262
251
6552
56174
650
2
922
5
24
1071
2859
5094
18
2281
17754
262
5340
24
1071
104
4051
285
159
61
183
663
510
133
24
1071
185
24
3389
37
420
700
951
947
262
25154
709
32
149
810
24
11395
17754
61
5
709
32
922
542
149
2352
56175
262
119
17754
288
3559
13
14
5215
57
35412
23
1511
1284
14
67
119
594
1760
348
650
11121
57
808
56168
27
396
8801
15926
655
3477
24
522
5
7856
449
24
1169
3714
27
1331
61
64
1222
185
43323
61
14
55609
1274
650
2
23
918
57
158
5
14
1016
18644
57
24
15438
149
17612
3557
159
27
187
149
373
101
20193
61
5
709
947
404
2
24
11410
61
40
24
1071
149
174
23
14
2804
26978
23
808
56169
912
20798
27
119
11410
510
133
1413
14231
61
1489
13
56171
27
40261
935
49490
218
24
73
174
91
24
4527
1071
5
3793
334
998
16842
5
16841
89
808
56168
37
20798
515
164
30704
159
13
837
17261
27
119
1590
3714
20045
218
24
351
185
24
33
57
14
6481
918
515
87
749
2535
316
57
24
23968
56176
13
24
7485
170
57
24
2572
27
246
251
2488
57
1413
29233
14231
288
319
133
23
24
11410
246
119
1071
149
101
20193
1348
183
149
3557
18
91
17923
64
175
64
5731
2313
1299
2277
246
5748
9042
149
11298
91
17925
365
1750
5
2414


