11956
523
945
3
0
5253
53258
1
508
0
87
272
6
5
20657
229
127
0
13754
8455
8910
14
0
11167
219
12
3
313
23271
2
523
10262
19
87
303
99
7
5
11167
15548
1
8098
49
11
5
189
9
908
105
53259
3
661
0
1435
11
5253
2
15
146
9
71
26998
668
406
7
0
87
272
1
123
1436
28
0
3828
21227
19
5346
4
99
119
0
11167
219
12
3
1017
0
2229
174
28
8455
8910
2
3407
16
5253
11167
8
11956
523
11658
5
5819
873
28
13754
8455
8910
18
2224
53260
1
430
5
179
34853
523
30
40
3831
37
8
26999
8
99
7
0
389
9
49
3
0
236
1
1572
55
1779
437
4
350
3
1605
23000
32628
19
99
744
2
15
11167
738
44
34
67
17294
7
42
26289
1
159
999
9
598
127
13754
17
11956
55
6
0
229
2
155
331
1143
4931
12
0
229
1273
609
476
43
596
42
393
10
99
1
0
23246
6
11956
7612
5253
499
85
5253
735
59
34
207
7
2
2242
1
5253
1550
476
1527
67
2831
14
166
3
718
0
5253
53261
2056
103
5
226
9
28
9
374
1023
127
0
53262
7
5770
2
15
737
9
229
1120
12
523
175
5
3714
1070
1
23
80
560
404
3
1071
63
10
19
883
1
50
8089
11956
30
41
945
2
8
34854
18
19170
53263
4
5214
109
0
23565
1
8
22
2130
53264
13723
1
14400
947
6
523
7
0
103
9
236
17
5
9556
251
6
883
2
53265
16
523
18
2913
175
5
2501
12
560
1
113
875
180
55
129
0
146
9
71
26998
18
18293
30
40
53266
99
800
3
1202
19
19170
11465
16234
16
560
875
180
55
523
1
38
34
303
5
53267
3078
113
25
592
109
19
883
34
945
53268
16
871
875
4587
63
11956
18
19170
119
605
116
5436
9979
11
523
3
1085
355
49
0
7351
4
165
10707
53269
16
523
1104
5
303
77
53270
53271
6
13754
8455
8910
23
0
11167
219
12
3
26304
110
13
1407
3
32
1201
18
235
174
18280
55
16
523
3978
28
0
3828
7
0
87
1636
1
192
1572
55
0
200
272
17
972
12
19
99
4
5346
23682
38
34
6259
28
1498
3
177
129
168
13754
11758
49
127
513
3630
1
23607
0
800
945
34853
1
10345
59
63
508
182
19
111
1286
2
8
308
3513
183
0
111
1286
67
85
24
84
1
8
523
22
2
8
24
382
118
40
17
59
11
5
295
347
2
8
15
166
10
61
8338
11
11167
251
1286
292
27000
1
38
10
508
127
0
174
21
34
10939
11
231
5171
99
7
0
53272
2
8
20949
48
13
5
706
6
37
1966
229
11
121
1
8
22
27000
2
8
24
351
508
127
0
174
28
50
24
224
4
0
242
28
53273
24
224
2
5306
92
18
125
3999
4647
92
2
8
523
98
30
268
377
3
936
49
90
18449
19
179
3073
18961
7
5
20657
229
14
18
91
477
7
3887
1363
6952
23
196
6
0
4381
18
5773
2060
695
2
5253
2925
42
236
5617
20
102
127
0
155
331
34855
436
384
2
26
15
146
9
71
26998
668
406
7
0
87
272
6
37
2988
229
127
13754
8455
8910
1
123
13129
19
8
26999
8
99
7
0
200
272
26
334
0
229
1
560
875
4578
12
34854
18
53274
19170
4
23108
523
3
8
355
25
49
4
165
10707
8
26
15
229
10
27001
11
11167
251
1286
292
27000
1
38
444
231
82
6738
8455
8910
90
627
3
5253
26
5253
53275
8455
8910
34856
9
1711
4
225
0
3073
18961
208
377
7
3887
1363
6952


