258
1683
32253
1486
308
1014
18050
87
14
43776
61
2330
14549
3600
61
40
582
1319
5719
183
44
1644
107
1021
34
723
27
251
1344
99
3283
515
308
129
6705
1406
18050
44
107
104
334
2384
4031
57
474
4751
27
119
1141
61
2
44712
1956
61
438
1605
1606
61
1142
515
986
14
1842
57
18050
718
1399
308
23
7749
57
4827
13
1169
4748
57
40264
27
251
1344
99
3283
515
308
129
6705
1406
18050
44
107
104
334
2384
4031
57
474
4751
691
377
24
2587
14658
56353
502
718
384
474
4751
61
3071
76
8491
5
15926
1156
5342
5
33149
29225
3368
27
119
1141
61
129
784
122
1342
23
24
6424
57
20893
1322
61
663
2936
515
56353
718
56354
24
841
4790
57
56355
26648
30870
27
56356
26648
30870
4030
44697
4748
5
4224
24
4031
57
405
23938
61
474
4751
61
4089
102
61
13077
5
3124
7764
27
119
1232
7272
1533
1284
12029
308
449
122
11738
57
18050
5
622
2587
1430
27
119
2587
14658
56353
502
718
384
474
4751
61
3071
76
8491
5
15926
1156
5342
5
33149
29225
3368
691
663
19486
24
40264
4748
23
18050
13335
2
1853
24
4744
691
1142
515
13197
1299
1300
57
308
24863
334
3940
57
360
2587
1434
1299
751
27
119
908
890
1299
1300
57
2587
56357
27251
24
2118
4810
15783
912
11641
5309
1191
57
56353
11738
27
13342
22679
61
1155
64
24
14561
56358
61
288
1142
13
1495
24
498
4748
57
40264
27
56359
61
18056
61
4579
5
56360
704
278
4224
4748
57
56353
27
56361
718
6823
2
14
7734
893
13
525
15643
318
1302
24
6670
4246
515
3037
9
13
9
107
9816
122
5764
57
2587
515
369
175
23
40264
27
119
6670
4246
515
7734
893
1018
45
1406
1193
2748
61
56362
1185
56363
27
187
663
1520
515
358
2831
9816
24
1479
57
22679
358
278
13
316
23324
61
1185
1413
8275
9
1647
32421
61
14
632
27
119
106
34
237
87
515
22679
14658
175
4748
57
40264
502
718
1187
14
3059
37
4048
15926
1156
27
246
119
40264
23
2587
718
384
3071
76
15926
1156
5342
246
187
718
663
56354
24
841
4790
57
56355
26648
30870
246
56356
26648
30870
4030
44697
4748
5
4224
24
4031
57
405
23938
61
474
4751
61
4089
102
61
13077
5
3124
7764
246
119
498
4748
57
40264
369
23
22679
61
2748
61
56362
5
56363
246
1447
369
4224
4748
23
4579
61
18056
61
2701
5
56360


