144
5641
6924
293
16
34137
138
1
870
555
151
291
287
16
34137
138
1
870
555
151
65
2204
289
3
5
130
38
10
780
624
19
195
119
450
3
325
19
152
319
0
5677
2613
12
19
1132
391
30
40
7248
12
1423
2
2160
15285
10
1200
77
31
665
18
6700
10938
4
289
5
2204
11
624
17
54
619
119
1272
0
391
7
0
108
3
7857
20
10563
12
97
2613
2578
2
52
5472
127
0
2204
1
45
0
3389
10
7248
31
2711
20
5
665
50988
186
2
50989
16
65
130
289
5
2204
11
1272
19
1132
391
7
54
619
3
256
97
2613
4373
119
624
7
665
30
34
19
3389
7248
12
1423
2
53
7515
787
51
9150
1846
14
319
0
5677
62
2613
4373
12
5
1132
391
119
624
13
5
1076
7097
12
0
222
755
23
2093
5
1656
827
119
624
2
15285
10
5095
11
8
1076
7097
3338
34138
1
34139
53
5
51
1
624
5
4264
937
119
319
5
6086
391
8
1
12
409
483
31
665
6700
10938
3846
1306
2567
1
301
3
186
1960
2
378
19
1423
1
306
12
555
896
1
234
15285
4
3846
2567
3827
14
21
10
5654
350
20
5
2613
12
5
391
477
7
19
619
119
624
2
15
10992
8603
6
0
276
43
33850
1
45
15285
2763
14
0
18541
6
0
11250
10
41
2457
3
1202
319
5
6086
391
3
233
20
5
2613
2
52
5241
6867
34
2457
3
2940
0
4040
3
8
50990
8
62
8
5624
4
1359
8
12
5
1132
2
9150
9129
2
15
665
19137
15285
2899
3346
16
8
139
276
4728
282
3
2805
458
319
5
6086
391
10681
11
97
2613
4040
4373
119
624
15524
15898
12167
3338
34138
2
8
104
1126
14
25
254
2
8
8
15
5984
6
3619
13
26370
8
16
15
1656
6
0
2899
1258
94
31
0
50991
8229
6
13760
11331
372
50
7248
0
3389
6
15285
26712
0
1146
6
5361
2145
3
0
723
6
0
537
1
0
186
2756
14
8
0
3334
6113
2779
3
32
3881
13
0
8946
0
700
902
56
319
19
62
27
844
3
4290
0
391
2
8
387
8946
58
32
1517
458
0
6086
4091
10
91
157
23
5
4091
1
5
5677
21650
1
5
5468
62
5
1149
11
2093
4
1931
1656
1515
4
2421
2
8
15
2899
176
16
8
139
11250
558
13
6011
1093
3
1695
5
700
28
319
5
6086
4091
119
624
2962
0
1149
13
91
157
7
5
844
456
4416
2
8
15
5361
2145
6
0
11250
4
97
16646
683
337
14
6448
2
8
26
2160
15285
5472
127
0
21382
31
665
6700
10938
26
52
366
0
537
10
118
2457
3
3659
3
391
8519
26
9150
14143
1
2899
14
0
1149
13
170
5
8
8946
8


