144
10533
27568
65
1128
839
28
2310
30
658
3112
30
0
46370
955
2427
2602
357
0
631
2
191
11
217
38
84
74
188
3
1604
5
189
71
11
42
1066
3
8668
44
171
1605
1076
3
7369
330
11
97
3023
1066
1361
6
118
32557
2
5473
13081
607
14
21504
32558
933
5
8
349
6
0
1066
8
365
17415
31
46371
46372
3
163
0
1361
31
349
2
9548
62
3023
218
16
139
2613
332
0
5458
955
1066
2602
1361
134
349
17
1264
91
5458
4
925
91
25941
3112
224
7
87
242
17
5
7275
1361
6
18893
32559
134
200
53
21720
51
2
101
200
242
1
25486
4
2310
2915
31
248
37
955
7275
1361
6
18893
21720
2
1134
1
4950
1
1134
1
14820
2035
1
4
155
2283
224
7
439
242
17
406
9
608
46373
2
4058
1
3956
1
4
5961
43
543
0
232
5631
4
33
125
6
0
235
851
1585
17
0
5458
1066
2602
2
7148
1
5648
1
7305
1
336
3112
1
4
17175
1005
1631
3023
1066
1
45
41
743
23
3023
23
7369
2
46374
16
139
12059
332
79
129
169
46375
134
200
33
9067
7
277
349
4
3112
13
0
5458
15
1857
272
16
7369
34
0
25941
1066
2602
1
743
272
23
3023
23
3112
26
21504
32558
933
5
8
660
6
0
2945
7497
8
63
2602
3158
7
0
631
26
3112
13
5458
17
18893
32559
134
200
53
21720
51
26
101
200
242
1
25486
4
2310
2915
31
248
37
955
7275
1361
6
18893
21720
26
7369
10
115
3
29
0
25941
3158
17
118
32557


