251
1611
9877
99
100
19716
13
897
91
14
95
2576
104
14
7477
19717
23
3527
27
11203
19718
5802
19719
19720
61
12420
61
285
445
2574
185
2922
13
1550
1275
57
14
19721
1221
5
604
4634
27
1882
13
14
7446
19722
61
24
3009
19723
149
7487
91
14
12664
2576
502
6021
158
13
24
1675
76
1579
2579
61
935
19724
185
158
27
19725
4114
19719
19720
61
9192
61
69
174
71
149
3477
520
57
24
2609
23
14
11035
3542
3063
1348
215
149
19716
13
897
91
334
2576
119
4644
5802
61
9192
61
4508
4238
947
5
1077
484
215
2950
310
311
2
14
5087
19153
262
808
19720
149
14
12758
1820
5
3009
4114
129
1689
13
198
396
149
1142
10492
2352
64
24
2576
19726
1317
27
543
709
5087
1501
104
24
125
320
61
215
1077
387
58
27
251
549
23
327
330
35
2356
515
24
16992
4114
149
1131
57
956
61
818
1099
45
278
944
24
2655
2735
27
1707
23
3527
288
2821
834
24
755
640
61
76
405
341
15838
808
19720
2831
45
278
100
23
24
2697
575
215
1077
27
119
9877
61
57
19727
23
14841
61
105
1510
14
1551
6972
13
3527
23
3291
494
61
5
1542
6133
1275
57
12469
61
349
3224
57
2675
104
2502
61
5
1015
9
39
57
7445
5
12742
27
742
2107
2158
13
24
15771
9
9303
1770
144
18
14
632
495
27
396
149
818
1129
13
2050
13
24
1566
515
1348
215
1142
704
10495
5489
47
215
149
644
13
817
76
14
549
2053
61
5
76
24
442
57
14
7446
812
1221
901
503
64
19728
7758
1221
737
14
3613
13
24
19729
5314
57
24
19730
3052
3274
23
24
11035
1779
57
19731
19732
27
119
2083
14658
5021
7446
5
3492
14
11632
19733
3063
27
187
663
99
14
346
57
2788
575
8411
369
45
6581
13
1550
122
10719
27
10885
262
19734
19735
95
23
19729
3052
3274
61
575
341
377
4323
978
13
13667
24
111
484
215
149
19716
19736
262
14104
718
738
185
19737
23
19729
3052
3274
61
324
61
13
850
24
18935
12469
23
24
11035
3542
1779
57
19731
19732
19738
808
7758
330
1671
262
1687
4338
3561
185
2272
61
19739
69
808
19720
71
285
133
185
2922
34
12758
1667
438
14
8267
502
87
14
18787
4608
57
95
2675
27
1687
1307
215
638
45
4699
91
19740
61
610
857
54
1777
5
944
24
1226
57
14
19741
69
2576
71
19742
19743
251
7446
19722
129
1652
91
32
3584
61
19744
61
5892
24
5614
515
808
19720
638
45
3043
24
1509
5786
2576
641
183
149
401
545
27
396
330
262
1687
187
19745
158
76
1579
2579
5
935
19716
158
185
24
19746
119
7446
19722
359
515
24
755
392
1469
12247
2
14
1783
575
14
893
149
1745
91
2675
23
427
27
119
4644
19718
5802
1689
13
198
5
149
14
3009
4114
396
105
100
140
14
8419
812
23
3527
6505
215
8409
76
1587
14
506
1348
24
2390
2576
239
640
19747
262
808
19720
37
469
958
54
7396
64
331
11527
806
331
586
215
516
221
19748
34
24
1016
57
54
11924
2439
77
1348
358
105
2542
808
19720
37
469
15200
61
330
2241
14
3259
61
19719
37
2511
603
149
11924
5
215
105
100
2933
23
54
125
11924
2439
34
494
808
19720
149
319
2
24
348
12979
2
54
947
40
646
288
709
4047
104
24
125
320
13
3163
158
27
396
149
5008
13
14
310
116
23
19749
61
1533
1284
3970
2313
868
61
40
1077
185
24
880
27
808
7758
359
262
1687
396
2193
54
880
704
1145
109
27
396
149
832
57
24
95
2675
5
663
24
622
10059
515
19750
23
24
19751
27
1134
87
19752
2226
2356
808
19720
912
469
15200
61
8370
61
330
262
1687
162
24
35
360
494
19753
278
1510
54
16031
27
396
99
100
133
646
1587
14
506
27
1687
742
812
5
549
1142
158
185
24
1675
27
396
1077
2931
1465
215
19754
808
19720
912
18283
8621
19720
61
3983
61
330
262
1687
2686
3017
6858
87
3108
13
444
24
1816
33
5964
19755
808
19720
105
100
219
57
19718
104
19756
293
23
19727
27
119
111
149
19716
13
897
91
24
2576
23
19729
3052
3274
61
1253
23
471
61
527
7784
57
19757
246
19719
19720
61
9192
61
2
19727
61
14841
61
1077
104
24
19729
3052
3274
61
23
24
1779
57
19731
19732
61
3527
246
251
7446
19722
330
215
638
244
850
334
2576
502
6021
158
18
76
1579
2579
935
19716
158
185
24
1675
246
251
812
330
808
19720
149
14
19758
9
8523
12758
4114
129
2193
24
2083
5
1579
2609
758


