258
464
8428
329
2226
8998
104
18730
6611
185
18731
534
555
305
306
12414
308
278
100
1745
23
1296
18732
14203
185
18733
23
1904
27
119
316
17848
61
12443
104
18734
18735
61
392
123
14
3615
1969
64
18736
61
5
288
24
55
4396
18732
2367
34
14
754
27
162
24
1533
6480
57
24
316
61
14
8955
17921
4430
23
24
6666
57
14
1651
922
14
9157
23
24
4368
18737
27
18738
9
169
262
1007
4956
13
442
372
433
23
24
5265
7404
58
24
7663
17845
104
14
18739
7728
23
18737
61
1904
18740
262
12402
4925
18741
1853
24
1675
58
24
1590
9767
285
445
237
296
119
1060
105
6247
104
24
18742
18743
7728
13
9469
24
205
6189
897
57
24
18744
11257
912
5956
27
119
17921
18745
54
8796
438
32
57
24
7240
13
24
7728
61
3319
2310
61
349
316
2282
5
1413
272
27
5401
1284
18746
308
288
14205
27
187
149
24
7061
239
647
14
8955
17921
1745
4846
308
438
24
3542
18747
23
24
1032
23
2336
27
305
7581
24
1271
227
61
15901
2313
868
23
24
7485
1032
57
18748
9
9090
9
18749
61
1413
308
288
1745
1348
14
7663
17726
13
14
18750
17845
64
14
9242
57
18751
4633
159
14
437
27
16880
262
7512
18752
58
14
8955
17921
18745
122
1188
810
14
2453
18753
15591
23
18737
1671
61
3319
12414
308
18509
262
14289
43
4376
64
358
442
13
1454
24
8967
57
5284
27
871
5
272
288
94
372
1745
23
24
5265
951
1060
99
3138
4887
34
24
2367
61
502
278
100
7460
91
24
11188
27
18754
18755
185
9888
3085
1893
23
8760
575
18756
2367
185
5845
18751
369
1474
27
251
111
3091
13
107
2
18757
9
13755
9
18758
61
14
8760
9
1893
9888
1060
515
99
658
133
2367
75
18751
61
289
833
14548
13
3820
4887
34
24
18737
17840
40
54
3820
99
45
100
383
27
1797
18759
18760
61
129
87
23
2479
57
24
18742
18743
7728
61
330
262
1687
187
149
14
821
1590
5265
27
187
149
133
57
1123
27
9939
149
1008
61
10491
27
187
87
14
18761
8395
262
251
111
524
14
14205
627
139
24
8967
57
372
1745
23
24
5265
17865
262
251
111
4157
23
4089
87
88
133
57
24
33
57
334
332
23
18737
6633
150
262
1707
355
1650
8974
104
24
348
57
24
239
23
24
1904
4368
27
18739
5724
369
6832
24
18762
3615
5
24
9157
149
2453
18763
262
251
642
798
9288
13
1728
334
14289
893
64
926
216
13
532
525
1689
5303
58
24
5265
9908
262
1707
12549
2320
445
24
7663
1783
23
18737
27
1447
149
663
14
169
5265
23
18748
9
9090
9
18749
61
502
1745
1413
308
2692
24
5284
24
1816
57
14
893
61
18764
14
982
318
23
621
12249
61
149
18765
1817
14
12686
437
6634
76
11232
5
18766
7479
61
655
9508
76
4089
9
12873
2881
18767
34
442
27
18768
5670
2367
185
5845
18734
5724
61
129
221
47
449
1011
1299
1300
57
24
1566
912
1114
5720
308
61
369
1296
23
1904
27
119
1566
912
1736
57
16249
459
24
11188
5
1687
18769
34
24
17848
27
3989
18770
18771
330
24
18737
239
149
9885
27
396
330
183
149
1687
24
55
227
515
185
1155
334
752
4797
257
23
1904
9219
57
515
2183
1992
87
3477
513
27
18772
262
1178
14289
111
87
5922
91
2670
922
14
320
58
24
8955
17921
4430
237
296
18773
262
251
111
76
14
219
60
58
24
9767
285
445
27
119
17921
18745
54
1188
64
308
2516
2164
13
444
89
24
7728
5991
262
251
111
524
334
2352
593
2
24
7663
5265
104
14
7728
185
24
1670
23
18737
8126
262
14289
3989
18770
18771
3362
76
5396
2734
6916
5
4781
349
13767
13504
61
6738
6744
5
16200
18774
104
14
2328
185
24
712
57
54
1566
23
18775
61
6258
246
18776
104
316
9880
163
7061
414
239
23
18737
23
166
494
246
871
5
272
94
5284
23
18737
2033
2321
58
8955
17921
18777
1188
104
1670
9
83
9157
246
18778
7663
18745
23
7485
1032
57
18748
9
9090
9
18749
6329
5653
246
18779
726
14
257
58
5396
2328
185
712
57
1904
184
23
18775


