1856
57
6207
278
21053
133
75
24
4744
5619
329
58
334
643
2057
515
24
8757
9113
1949
334
3940
57
144
666
146
185
1986
34
621
57
1579
355
23
1268
61
14
4918
6460
289
331
3117
331
368
23
622
3802
13625
5459
1949
47
13
32
9
5887
57
122
185
9
24
9
1086
227
23
1986
123
24
1271
506
27
162
3240
494
24
5619
329
105
1391
796
9050
218
64
3096
64
533
1986
8214
27
842
1411
558
5
1268
61
183
2977
144
32
27
331
408
704
369
23
5495
24
4748
369
21054
2330
61
331
330
19642
4524
61
32
57
24
6460
129
12586
484
24
1385
20290
5
8058
20291
7165
27
1856
57
24
5619
329
4696
4905
11684
69
12893
9
8670
71
2006
21055
61
19642
4524
61
3322
21056
5
20288
21057
750
273
57
6207
24
8757
9113
87
23
21058
5
847
244
676
1579
9050
17263
20288
20289
61
24
21059
37
10823
3608
61
87
17036
91
24
21060
1385
13
151
54
1086
1186
1347
64
6460
3596
334
21061
13
17018
24
5619
329
21062
330
24
5619
329
87
23
2296
57
1533
922
6094
61
655
3989
6215
6216
87
21063
515
215
3119
10823
3608
20288
21064
20289
13
151
24
1086
4456
27
20289
87
24
5578
8165
61
76
14
5183
515
3492
1793
494
104
24
17621
57
24
9113
37
4783
1159
8199
641
54
19068
23
555
27
396
149
7360
13
4350
14
15924
104
24
908
57
24
9113
37
3332
1348
6250
20278
7031
35
506
61
256
14
3232
57
2184
1140
21065
27
21066
1341
515
24
643
8346
76
10904
13
1358
582
9896
13
8510
24
1986
165
1221
6970
582
21067
355
5
9924
582
796
9050
27
999
21068
330
372
582
21069
2290
107
144
14
331
159
2078
331
185
14
1236
6455
21070
27
40
6337
185
24
7165
3259
1533
2074
825
700
24
8808
27
119
5619
329
253
17641
21071
308
5
6207
99
18
9
5445
183
123
24
35
316
494
61
8115
1533
3225
1284
183
1414
34
27
119
681
21072
4744
5619
329
4696
4905
11684
55
2011
58
14
10413
961
1789
13
6246
24
1705
1385
5
334
2884
13316
2896
2919
104
24
4783
11447
1221
76
9050
2050
1413
1267
484
358
13595
14
7924
105
2043
334
18672
3036
27
21062
330
24
5619
329
2831
6495
1563
5
13845
704
582
5360
27
1134
632
24
169
9
23
9
15442
21073
331
21074
331
9361
8052
13
14
1086
23
24
17337
1170
9622
8199
27
331
951
11010
87
2829
61
331
330
2006
21055
61
32
57
24
21075
27
331
187
37
45
14
21076
13
19007
646
369
3071
27
21077
542
5
1454
2237
27
331
21078
57
15184
5
21079
9050
278
21080
23
24
2510
57
24
643
61
1489
13
372
129
12586
185
2272
27
842
6352
288
6725
5
6337
288
21081
61
21066
1341
27
21082
778
999
6320
12241
9050
34
312
449
122
693
61
10956
13
9407
21083
57
24
5619
329
1030
372
23
24
582
1045
331
21084
331
34
17255
331
1134
87
45
144
1193
11010
61
331
330
1605
1606
6344
6353
21085
21086
27
331
1134
87
4744
5619
329
27
187
1129
13
107
32
57
24
594
1097
5459
23
612
4929
27
331
6366
21087
262
5619
329
5855
13539
21073
331
21074
331
9361
7031
237
632
61
503
13
6822
47
23
14
9643
16781
13
14
1086
76
17337
1170
9622
331
628
629
4149
358
728
704
4369
308
61
331
2888
6353
259
16590
21088
23
61
331
40
358
278
13
9941
358
369
821
539
13
278
122
693
27
331
143
9050
23
3804
3802
13625
369
663
590
1533
1284
122
4913
23
125
642
5602
61
215
330
61
129
331
369
133
646
2278
24
1189
2102
61
24
8651
61
257
9
13
9
257
2102
515
421
3119
1694
27
331
331
1307
628
4192
449
2330
15184
23
24
5619
329
61
358
6349
13
107
3147
61
331
215
21089
27
9039
6320
6353
19264
8622
330
183
149
1131
13
3429
14
2330
9
15184
5619
329
61
417
24
9113
37
6822
5387
395
27
331
7424
1508
4310
45
2995
24
3493
778
331
215
1414
27
331
10856
308
369
2236
3432
449
3360
5619
329
9050
27
331
6401
7614
10071
21090
57
4662
5
21091
6752
21092
21093
57
4777
330
358
369
3020
14
4734
13
21094
159
24
9113
37
12289
91
3477
868
1579
4851
57
4996
21095
61
32
57
1579
21096
14063
15759
27
251
10413
9
961
76
14
9096
6514
1789
13
444
810
24
1705
1385
35
506
61
4800
14
21097
57
16273
515
11
13
24
17826
57
24
9113
37
55
5784
8789
61
6250
20278
246
21098
4767
8461
24
9113
37
3368
58
14
10413
9
961
1789
13
444
89
24
1705
1385
5
14
13316
2876
133
14
3036
246
162
558
5
1268
24
5619
329
2977
144
32
1986
415
34
796
9050
61
159
2
533
1195
246
5298
3804
3802
13625
355
3531
64
822
64
32
9
5887
57
122
185
9
24
9
1086
227
23
1986
246
6337
23
6207
12241
24
9113
34
1400
57
2330
15184
262
331
691
278
13
9941
358
369
821
539
13
278
122
693
27
331


