4984
970
33644
14
5244
9
1914
9095
515
183
1400
44
1805
24
9668
362
24
1462
754
27
143
1094
61
24
5065
3952
99
3068
24
31316
2
1579
8126
27969
33645
11140
13
1367
1347
1533
4128
61
349
834
24
9095
37
331
12973
13304
331
825
8914
24
437
206
27
162
6659
13
13004
5690
5
33646
515
151
24
9095
185
2073
61
24
1576
663
4128
33647
6400
5
1347
14
26047
2600
1123
27
521
159
34
522
119
5065
3952
99
319
24
2244
445
57
1579
8126
27969
33645
11140
69
324
71
13
1367
1533
4128
61
349
834
24
9095
37
331
12973
13304
331
21618
24
437
206
27
162
6659
13
13004
5690
5
33646
515
151
24
9095
185
2073
61
24
1576
663
4128
33647
6400
5
1347
14
26047
2600
1123
119
11140
9095
149
10341
1399
218
1579
33567
185
14
5065
33648
23
1078
61
123
14
801
658
133
23
918
57
18899
2
9095
9
14614
33649
27
1936
24
801
61
24
9095
149
4157
23
14
31316
61
5
33650
1255
33651
149
719
33652
33653
76
334
13252
1778
24
11517
57
24
33654
7402
7702
1576
27
33655
23
8483
9
33656
33657
10571
61
24
4984
11140
87
11131
76
33658
21025
5
3456
515
21618
24
437
8416
5416
206
27
119
1156
9114
13429
354
1145
183
13
817
23
24
1271
10415
61
5
151
104
24
33659
1890
1481
91
24
2421
27
187
663
4063
12410
1153
57
4128
253
1142
23
6646
5159
1540
61
91
9065
185
9
4767
14661
76
8070
33660
61
32696
1123
5
10415
9
10015
1124
27
5340
24
1156
87
16937
185
61
24
2421
37
7208
718
1510
334
2964
3062
1185
33661
13
14
331
557
134
331
61
33649
330
9
6120
1924
1573
13
1608
34
849
1284
6646
8651
1950
13343
34
33662
27
1295
61
13
13007
1185
1292
10415
61
24
2421
1393
1550
14305
1123
27
1134
31316
99
1094
100
3068
27
618
24
918
57
24
9095
87
14
3232
57
33663
61
502
33664
24
918
33665
5
14345
1348
24
1595
87
2859
27
1307
24
10123
16628
1860
61
183
14175
1382
5113
13
24
1217
24
9095
87
1914
1981
61
5
1508
10123
1456
2412
1348
14
3078
2421
87
33
23
1123
27
7105
57
24
8126
27969
33645
663
1367
14
8281
8323
9631
76
14
33647
2421
37
7208
61
26047
1117
3848
5
331
15106
331
5
14
18926
9
133
1584
27
119
2421
912
7208
718
663
107
1802
91
9757
15287
61
13
221
183
1533
16057
185
402
19321
61
5
24
26047
718
107
3068
5
1129
13
2995
11703
61
34
5127
61
1348
24
9095
87
23
9642
24912
27
119
9095
87
663
11131
76
3456
14661
5
548
9677
515
2531
24
9642
1914
1156
61
289
12973
13304
61
6474
24
437
206
27
119
9677
87
2381
13
834
334
33666
185
334
1148
1001
61
5
23
24
8126
27969
33645
61
24
13004
548
21618
24
437
16757
896
69
1469
1012
71
206
806
9757
15287
33667
5
2154
15287
21027
27
3779
5690
718
2382
414
5
316
9
10415
9668
61
15929
349
3031
5
23241
12748
61
9249
5
1533
27
119
548
87
9631
13
24
16824
5584
1778
24
2271
27
8126
27969
33645
663
4063
12410
1153
57
4128
253
1142
23
6646
5159
1540
61
91
9065
185
9
4767
14661
76
8070
33660
61
32696
1123
5
10415
9
10015
1124
27
397
24
1576
37
3584
5719
61
24
6758
87
13
4204
14
33668
4203
91
33645
27
618
24
918
57
24
9095
87
14
3232
57
33663
61
502
33664
24
918
33665
5
14345
76
669
10123
1348
24
1595
87
2859
27
1307
24
10123
369
2412
69
324
700
71
61
14
3078
2421
87
23
1123
7105
57
24
8126
27969
33645
663
1367
14
8281
8323
9631
76
14
33647
2421
37
7208
61
26047
1117
3848
5
331
15106
331
5
14
18926
9
133
1584
27
119
2421
37
7208
718
107
24913
5
1802
91
9757
15287
61
13
221
183
1533
16057
185
402
19321
69
324
71
119
1576
87
373
14
11140
61
5
87
373
3981
2826
61
40
183
99
100
1163
13
198
104
5933
57
47
13
895
1746
9831
17584
69
1851
2288
71
27
119
1146
37
2511
33669
87
2246
1579
9677
718
22100
11856
5
1106
33442
9
1347
1222
24
4638
57
18226
5
3870
21664
185
5605
6592
5562
10948
76
27956
5835
23
24
402
1876
27
1947
24
2826
23
1078
61
33649
33670
8789
33671
23488
330
262
331
4102
1914
825
21011
437
27956
10789
5
5408
4396
9818
61
331
330
331
408
3631
13
107
24
346
32
13427
23
237
4939
57
24
712
502
610
1014
825
5605
8294
14722
5
6896
3027
27
331
331
1134
9095
825
45
144
5449
14
11140
61
331
23488
330
27
1134
395
1615
14
16057
61
18926
9
133
1584
23
24
8323
57
24
8126
27969
33645
11140
27
397
24
1576
37
3584
5719
61
4984
9
17964
37
6758
87
13
4204
14
33668
4203
18
24
1462
754
119
5065
3952
15387
14
33672
4203
57
24
8126
27969
33645
11140
23
1078
27
187
149
5008
185
14
5065
33648
61
5
149
14
4396
1431
23
334
24572
4474
13
2533
5244
9
1914
1573
162
6659
13
5383
37
5244
9
1914
354
61
11874
37
33673
61
14
9576
57
29980
61
87
663
1950
185
331
33674
331
9677
515
9993
1793
29353
13
198
23
3847
9242
76
14
11174
3078
2421
23
24
68
1576
27
4102
1914
33675
855
24
468
2524
57
4463
451
9976
655
27342
6345
515
1757
26297
718
373
107
3375
27
842
24
3027
21574
1099
5605
1590
28538
13
22100
542
27
33649
330
1579
9095
5285
373
10595
3078
33676
655
33677
24
2421
13
5056
33
9
2964
24104
1155
64
3791
23370
5
15239
61
1185
2235
712
33678
27
25463
5
2421
4320
621
3229
34
2154
1299
1300
57
6646
10573
3862
34
14
10911
24684
3952
61
1489
13
14
1344
91
3424
37
33679
61
14
4929
9113
515
13429
24
5918
27
331
5340
723
2581
1951
3819
61
2488
2421
3862
204
13
14
1751
188
61
24
2511
8303
61
331
14
33679
2805
330
27
1936
24
801
61
33650
1255
33651
149
33652
33653
76
334
13252
1778
24
11517
57
54
33654
7402
7702
1576
2015
2241
10663
24
5113
61
215
359
61
331
122
614
57
2488
3958
825
980
1222
646
369
622
15780
21574
9
1222
723
1153
14
853
1511
2421
34
14
417
7096
61
818
13
4081
27
331
119
31918
1573
663
1813
3870
91
1914
1533
16314
61
1489
13
33649
27
2015
625
1106
5
24145
15929
369
8315
61
1204
61
5244
9
1914
29353
1099
855
321
15732
9
45
306
2
5835
515
33680
4238
21339
23
3096
2846
27
331
408
516
278
9976
61
331
330
17259
2968
61
14
10789
2805
104
33681
61
3440
37
2511
11361
27
331
408
2296
13
6096
24
821
175
9764
515
610
696
2168
61
331
215
330
27
331
2186
37
24
222
361
646
1222
723
728
45
3886
1193
311
5
723
728
45
33682
23
1426
778
331
7100
87
663
5562
23
3424
61
575
24
4929
35
506
33683
334
14509
9095
6591
58
17753
12086
3793
29336
13
14
5158
27
17047
10924
825
107
331
997
4012
449
24
5453
185
693
61
4320
5
437
451
331
1222
4556
369
53
13
10728
5244
9
1914
29353
61
24
6846
9
1893
33684
11361
33685
1393
13189
1193
33686
13
4082
515
14
2421
87
22489
1348
24
9095
87
185
25812
9
1666
61
331
1609
30875
33687
27
331
1031
37
45
496
711
23
1884
61
34
692
106
27
331
6914
183
1001
262
119
9095
718
8914
24
437
206
34
1573
5
20896
542
61
13142
646
369
709
22046
27
119
2421
37
7208
718
1510
334
2964
3062
1185
33661
13
14
331
557
134
331
61
33649
330
9
6120
1924
1573
13
1608
34
849
1284
6646
8651
1950
13343
34
33662
27
251
26047
87
1129
13
1123
24
1156
61
5
5113
718
663
850
22715
5
1366
449
24
9095
246
4984
9
17964
33644
1579
8126
27969
33645
123
2826
23
1078
246
251
3232
57
33663
33664
24
918
33665
5
14345
246
1307
24
10123
16628
1860
61
24
9095
87
1914
1981
23
9642
24912
246
4401
10123
1020
14
2421
87
23
1123
61
5
669
10123
1020
24
1595
87
185
246
7105
663
1367
14
8281
8323
9631
76
14
33647
2421
37
7208
246
119
2421
37
7208
718
107
24913
9
5
646
87
663
14
18926
9
133
1584
246
27969
87
11131
76
3456
14661
5
548
9677
515
2531
24
9642
1914
1156
61
289
12973
13304
61
6474
24
437
206


