258
10591
14254
261
262
14255
264
61
2010
3094
558
268
269
262
1525
264
61
2010
3094
558
251
1611
9905
99
1077
23
14
14256
1757
123
1986
23
12514
58
6934
361
3300
868
1348
54
4631
9563
27
12501
642
330
24
2976
9
2033
111
149
32
57
14
1060
57
1611
8090
14257
1893
23
6258
129
285
185
24
2158
27
691
1014
533
308
1481
445
185
24
14258
2
14259
23
14260
61
2603
12514
61
1671
27
14261
868
262
251
1611
9905
99
1077
23
14
14256
1757
123
1986
23
12514
69
1363
858
57
14262
14256
23
12514
71
187
87
1722
13
278
14263
6329
58
14264
1817
24
14265
1700
438
14266
27
1758
330
24
111
61
129
99
45
100
901
40
149
76
15
14267
4050
8848
61
769
54
14268
185
24
4631
58
183
9563
5
215
5
54
1960
978
13
9571
183
27
842
24
1229
6646
149
1341
13
107
401
168
5
215
149
3300
14269
61
1489
13
24
12501
2903
27
14270
262
12501
642
330
24
2976
9
2033
1611
111
105
799
76
622
14257
2
6258
13
1550
398
23
24
14256
104
14259
69
324
71
23
14260
61
2603
12514
8247
369
1622
13
2391
104
1720
24
14258
2158
2831
278
423
206
343
13
24
14271
14272
515
99
4719
23
12514
23
3291
1267
27
251
1609
34
24
1736
57
1737
902
383
24
111
37
897
27
396
750
2952
262
331
187
87
76
14273
515
24
1736
57
1737
718
1740
24
897
57
14
3269
9905
2
15
14267
4050
8848
69
15
14274
71
1671
27
331
119
7773
57
24
9905
912
897
369
361
7920
91
24
12501
642
5
610
369
14275
542
76
24
223
27
331
119
1609
330
24
2158
149
8050
64
334
331
14276
1986
331
4184
61
502
87
4952
13
704
2884
5602
9896
27
119
14277
1741
87
1253
2838
14
8974
57
514
2
24
8049
4050
8848
61
57
502
926
87
14278
9
23
9
1702
61
23
237
394
467
119
12501
2903
1341
515
24
111
149
4818
2
24
1229
40
4556
13
4558
158
4942
27
742
4631
149
24
35
57
166
515
1481
445
5
149
6934
331
1805
91
14
80
4391
6329
484
183
1802
18
331
27
1882
13
24
1611
8090
1490
61
7838
2
15
14274
278
23
3291
494
100
14279
13
2846
349
14280
61
14281
61
5789
5790
61
14176
5
24
14282
14283
27
162
5657
237
506
61
1042
1741
14284
14277
7836
61
119
14277
1741
61
8739
9896
2
15
14274
76
531
2492
256
122
4699
2
14
331
1982
331
8419
23
1904
27
14277
7836
61
129
87
24
14278
9
23
9
1702
57
24
1741
14267
1935
61
8739
2492
13
15
14274
123
14
483
104
14277
1741
14285
23
7485
6258
27
1936
122
8419
61
1411
563
5
4824
555
61
7838
288
14279
1853
24
14234
14286
8464
23
2002
57
6258
9
1893
10102
14287
14288
27
691
4952
10789
5
1828
5604
5
3366
76
24
14289
3052
8090
13
9402
542
13
1550
18
1140
34
24
1566
27
246
119
2976
9
2033
111
61
129
99
45
100
901
61
149
185
2884
412
331
331
14276
1986
331
11351
246
12501
642
2335
1720
24
2158
2831
278
423
206
256
1267
57
14271
14272


