2044
1967
30
310
21
58
29
179
338
250
174
9
2430
5024
3081
99
20
1355
2231
2
1967
13
196
6
3411
2632
18
8
4991
3290
8
455
17
0
2211
6
4586
2168
1
6529
2345
4
5024
3081
4
175
196
7
5
3411
18445
12
461
2
3323
31
54
1843
16
8
281
66
76
934
156
561
28
0
4991
174
3
338
250
1
50
561
58
25
32
218
8
1
1967
2605
16
8
29654
5024
307
8
1343
297
94
3
177
1967
4
3081
1032
7
64
3353
5415
7199
5548
1833
16
2044
1967
30
310
21
58
934
5024
3081
99
3
338
250
1914
17
0
5344
16
250
10039
1967
175
196
7
5
18445
17
476
12
506
1241
1479
2693
16
3081
53
93
51
668
12674
731
7
24695
2414
120
19
231
5171
20
1355
2231
1847
7
0
4991
16
1967
175
196
7
5
461
18445
12
5159
6
3411
15
1541
15909
10039
17335
67
4830
12
19
179
1355
2231
174
9
2430
56
348
38
21
2965
13
0
237
561
7
0
172
8
2
8
5024
3081
4
1131
2331
2126
5
373
200
1
8
22
1967
2
3514
1305
5
2059
17
5
1227
6
172
9
1108
1657
120
19
259
82
20
1355
2231
1
1967
61
327
3081
4
636
13631
33
0
237
335
21
30
545
1328
2
360
1
0
4968
9
83
10
1129
3
1443
0
64
4
22
16
8
15
237
561
24
382
388
545
17
13
197
64
9
3081
4
636
13631
2
42170
2672
0
229
4
1317
0
873
140
45
7
1281
6
901
593
9
5024
3081
2
8
6187
54
16
1967
327
3081
13
0
237
561
7
0
172
17
502
2331
2126
5
373
200
30642
5110
16
1967
53
122
51
131
1127
9
250
8534
636
13631
53
93
51
2672
0
229
56
508
1643
1
248
668
19
2616
1016
6
3353
731
150
18446
1095
0
548
11
1765
808
79
598
1
1967
10
348
50
6
19
4296
10
19
1545
4
22
16
8
15
9346
127
1914
283
1
4
42171
0
616
127
3486
2
8
861
338
250
14977
49
1567
1144
1696
23
0
288
18
111
814
1
1967
1861
21
13
8730
458
21
46
388
165
69
2385
494
19
508
230
33
77
2
3323
458
62
41
21
76
177
430
12
0
7865
1
0
4968
9
83
5506
16
8
17503
24
84
74
183
1
24
76
32
5
449
20
125
547
2
57
58
11314
12
2896
7
95
142
4
110
9059
6
95
142
24
10
20
17
95
117
4
50
288
25
58
32
2
8
2766
132
3056
16
1967
310
19
9346
2061
127
1914
283
13
0
1545
616
21
30
668
26
338
250
854
2044
1967
30
734
21
981
109
5024
3081
3
505
3
0
288
26
15
246
653
10
348
50
561
21
981
109
250
3
911
7
5
18445
12
461
26
3081
545
11
250
11
231
82
90
687
11
1270
1233
11
72
24814
7
746
26
1967
61
310
14
21
2965
2331
2126
13
0
200
237
561
7
0
172


