299
18
179
235
1052
106
544
38
10
7
766
6
0
1012
14
531
3
0
193
6
2910
3832
4182
1253
1363
12888
30
40
2510
5
13327
31
0
927
209
2
6111
5209
1
38
3196
654
4403
3
154
49
5
431
7
0
2437
950
81
70
1
489
0
2615
120
37
26990
1481
20
4080
1199
7
160
2
15
6463
9
83
1766
27
3994
203
5452
23
36
4190
0
2615
28
0
11833
1
38
1766
5
53174
3763
1007
2
297
94
11
167
6111
5209
1
38
10
7
766
6
0
16414
1012
14
531
3
0
193
6
2910
3832
4182
1253
1363
12888
1
489
0
2615
120
37
26990
1481
20
4080
1199
7
160
15
179
1983
106
5995
3534
94
28
0
794
7
405
81
70
1
39
1280
82
6
451
1
4
175
49
5
12461
431
17
0
956
18
2437
950
2
527
4748
224
79
187
39
36
10
622
28
5
1185
3178
9
2936
754
20
0
3994
203
2
15
2302
6463
9
83
10
7
766
6
2561
2101
1
173
3178
9
3272
1
197
600
411
4
535
526
2
360
1
654
4403
782
741
4062
11085
9
7638
622
27
3
2561
830
4
2101
11
0
81
333
187
6
27
673
133
9978
27
6
3178
9
2936
10062
2
258
5209
10
4334
1983
5995
20
0
794
7
746
9
896
82
39
2827
0
3224
203
7
6078
2
96
10
7
766
6
0
1012
50
531
3
68
1363
12888
91
303
452
278
7
0
251
7
1557
39
91
6238
11
5
1747
5559
2
96
498
530
20
37
1355
3318
644
4
0
1566
7
151
1
627
373
3
2113
23
36
562
0
8
4303
9122
4
8
2789
8
1819
2
96
1243
14
36
498
37
554
14
68
1363
12888
392
32
1141
28
497
12
3
5
1001
20
15064
8
20
80
964
8
4
61
1243
16212
0
7402
1662
3
256
4447
794
3
429
59
2
258
5209
1
38
3196
654
4403
3
154
49
5
12461
754
7
0
2437
950
81
70
1
1766
27
3224
203
5452
23
36
489
27
2615
28
0
927
2
258
5209
1
3123
1
10
10494
299
18
235
106
544
674
70
1
258
5209
22
16
8
24
87
1050
0
3224
7
6078
4
29
1174
95
71
23
5
106
544
7
160
2
8
57
30
40
5
2214
8865
3
147
7
199
37
3217
2747
4
17
199
14080
75
2
24
474
128
1726
3
29
617
86
2
24
46
1947
66
80
2
8
9915
27
4748
1
741
4062
562
27
23
5
8
2748
1077
8
4
5
8
754
797
11
223
357
0
451
2
8
3244
605
38
489
7556
120
209
18
26990
1481
10
3753
34839
4
8970
13103
38
29
2185
11
67
85
5
1636
6
5
1669
11
2031
11
0
819
6
0
15315
2885
2
15
584
43
2510
53175
28
0
927
11
42
825
3
0
32811
15315
869
2
258
34839
18
198
523
1
542
1
4
271
13103
18
2193
2529
1
835
1
4
1432
1
414
1
43
543
0
14893
502
476
38
43
285
7
299
18
1476
3515
2885
2
15
584
33
234
3055
553
7
0
15315
1769
3437
1854
53
53176
4
29
40
0
624
794
7
0
5869
620
1111
127
0
257
9377
50
408
0
6784
193
13733
7
0
1033
15315
29104
91
26145
4
5
111
942
1122
2
6111
5209
10
0
106
5352
7
0
742
471
120
0
1012
50
531
3
0
193
6
4182
1253
1363
12888
2
258
5209
498
0
554
3
8
429
8
68
1363
12888
20
15064
4981
3292
39
25
10
2888
14
21
10
54
6
146
266
38
34
469
3
2498
0
160
10662
0
132
90
2
15
4398
9
83
19049
10
303
420
12
600
903
1
1557
1
39
1064
9
2936
106
8774
59
11
5559
8468
23408
2
258
5209
1
38
10
192
8697
3
0
2496
1983
5995
1
78
19
1566
14
0
2910
3832
10
0
583
6
5
695
6
8
6384
8
23110
2
96
13454
99
2113
23
78
0
942
7
954
14
36
273
63
19
193
274
132
2
6111
5209
53
93
51
10
0
106
5352
7
0
742
471
120
0
1012
50
531
3
0
193
6
4182
1253
1363
12888
53
122
51
2
15
2910
3832
10
303
31
1064
9
2936
106
7
600
1
1557
249
348
110
219
821
1
258
5209
22
25
10
5
695
6
8
6384
8
23110
2
96
22
16
8
281
66
1821
121
458
3567
107
711
821
62
21063
7
0
1012
1
24
84
74
181
44
107
2
8
2614
1180
68
1363
12888
56
21
93
19
1589
7
53177
2222
1
407
160
9
1734
21
76
32
1400
8468
23408
1
38
960
7
0
222
1948
9
45
43
41
344
3
16174
2917
59
2
52
10
303
452
278
7
0
251
23
21
7505
5
1001
20
15064
652
39
258
5209
498
0
554
3
8
429
8
59
23
21
2794
0
4981
2
1354
19
1566
1
36
1243
1075
37
554
14
68
1363
12888
392
32
1141
28
497
12
5
1001
8
20
80
964
8
62
16212
0
7402
1662
3
256
4447
794
3
429
59
2
8
24
58
252
3
32
1584
5247
14
48
447
2141
5
10761
18700
1350
90
24
58
554
5
2184
303
1
8
36
22
2
8
24
10
1514
11
110
66
445
448
5
13223
1377
28
0
7402
362
2
8
15
1566
31
1540
192
115
0
3224
203
578
6
433
4
715
8565
77
97
16414
1012
45
100
544
1667
1020
635
2
26
895
257
106
544
6111
5209
1
3123
1
30
40
2510
5
13327
26
32706
17
3224
203
11
1280
82
4
7
766
6
2561
2101
26
96
3196
0
794
81
70
4
175
49
5
12461
754
20
2437
950
26
26011
2615
28
0
927
20
4080
1199
1481
209


