258
463
464
3968
261
262
9035
264
61
1507
563
267
268
269
262
23664
264
61
608
563
267
4744
3738
5449
6303
24
2580
57
24
1146
37
20473
57
24
594
23665
16310
57
5138
4747
61
1489
13
24
970
407
267
2118
23666
23667
27
3729
1956
23
7803
882
24
2903
12049
3790
23666
23667
61
76
12487
12051
57
23116
3477
24
346
316
2697
27
18004
1956
23
2097
149
11956
188
23
24
1146
61
1489
13
24
20473
27
2871
262
3729
23
24
2572
87
11956
498
23
24
197
61
1893
185
19572
57
23668
5853
23
2845
2846
9476
262
12487
12051
57
23116
510
24
346
316
2697
185
24
2903
12049
3790
20473
162
704
61
3607
3738
510
3837
57
24
908
1469
8798
27
119
20473
369
1893
185
19572
57
23668
5853
23
2845
2846
27
162
5781
61
24
23136
57
4744
3738
369
20072
14418
9
34
5127
61
1605
1606
1956
99
1764
13
23669
647
555
61
1348
183
149
11956
23
24
20667
13
4846
23670
27
17784
1956
663
99
719
334
5768
23
24
20473
647
555
61
5994
2
23671
13
6800
23
267
27
251
1478
346
57
4744
3738
278
100
185
24
15763
61
1204
61
502
99
3096
1857
3738
3573
27
331
3520
24
1478
346
57
4744
16310
1068
159
24
2580
61
594
369
2
24
1857
5918
5
278
4508
17154
15883
27
119
10062
1956
57
2097
912
908
1319
16310
278
23672
4508
5
622
124
3584
1779
3738
369
2189
122
5396
9754
61
401
61
331
8937
57
2903
12049
3790
20473
3507
23673
750
23674
27
331
1134
87
14
5336
61
64
183
44
68
13
14
23675
23676
61
76
8896
5396
23677
3986
13
4458
24
16310
27
23678
5839
34
1362
23679
516
68
13
321
15763
27
331
2871
890
262
12529
1956
23
1605
6414
11956
23680
185
24
2903
12049
3790
20473
162
11822
61
3440
37
1687
877
23681
3738
369
13068
159
24
1362
191
57
24
594
10062
2999
13
1344
27
4505
99
857
14992
5
4445
23
2555
133
57
14
908
1469
197
502
6095
3738
1489
13
122
7120
1145
24
1146
27
2425
61
203
61
5979
133
57
24
908
1851
27
119
20473
3211
14
23682
1948
1411
14
1687
10603
23683
57
3738
23
941
61
5735
5
8890
5
24
557
57
1428
23684
27
569
621
19323
14
513
13
5887
5
7482
13823
61
8890
5
5735
6096
122
134
23
24
1362
8757
27
941
9
1893
16310
349
15676
733
61
24
941
293
57
21581
61
1956
733
941
5
8720
912
663
5056
14999
61
5131
2987
1185
14418
122
20473
27
842
622
124
3584
1611
3738
9
349
24
1687
471
23681
16310
3375
23
4396
23685
9687
9
278
319
14
1805
5
24
1428
912
23686
94
24
908
1469
99
23687
647
24
197
149
55
784
23
555
27
3520
24
20473
57
1611
3738
61
23673
330
262
1687
119
1428
99
769
166
124
9
3584
3738
2
24
2580
57
24
1146
912
1469
594
10062
16310
647
24
20473
288
55
784
23
555
27
331
162
558
61
24
1956
57
4445
18169
24
20473
61
23
1268
24
1956
57
14992
857
10186
61
5
237
506
24
1956
57
4505
23688
133
27
1773
262
162
1268
61
24
1956
57
14992
69
702
71
18169
24
197
61
502
6095
3738
1893
185
122
7120
1843
189
262
143
24
506
484
61
24
1956
57
4445
69
324
71
149
130
2
24
1362
20473
23689
262
119
20473
3211
14
23682
1948
1411
14
331
10603
23690
331
57
3738
23
941
61
5735
5
8890
5
24
557
57
1428
23684
27
12978
61
8890
1956
61
502
553
23
24
1362
8757
6633
9
1048
262
5735
1956
69
174
71
5
15676
733
69
700
71
278
663
9762
1185
2474
122
20473
1687
10967
834
752
1362
7120
87
23
14022
908
5396
2429
61
23691
5
8940
61
237
87
384
34
4814
27
119
1428
99
405
57
24
1146
912
2511
3733
13409
262
610
1393
2648
22587
5735
61
8890
5
24
1956
57
2097
61
23692
1306
334
8757
1060
57
190
1687
2109
9
23693
27
5756
61
890
1428
3738
2457
23
24
2118
23666
23667
908
1469
61
1542
91
24
2903
12049
3790
4122
9
47
2
363
35
506
1295
61
1579
171
99
17478
647
555
1348
183
105
2213
10924
27
23694
6004
61
5781
6209
57
24
1956
733
5040
61
330
262
1687
119
1428
5923
13
861
702
1579
1290
185
24
1362
1679
61
40
64
622
2846
23695
23
122
3738
5
1454
47
1362
191
5143
61
610
4031
361
23696
27
1687
5298
2846
6985
24
14780
57
122
3738
5
1222
610
1018
45
112
122
8940
610
825
3398
13
6096
612
23697
246
4744
3738
1550
47
3837
57
24
1469
908
15603
246
23698
23
8890
61
12487
2490
24
346
316
2697
185
24
2580
246
11974
1030
1605
1606
1956
5
17784
369
21608
1927
1675
185
622
8757
1376
246
119
20473
369
1893
185
19572
57
23668
5853
23
2845
2846


