6785
37
7768
40887
40888
369
5860
14
3675
7180
820
2
327
6785
912
7768
40887
40888
369
5860
14
3675
7180
820
2
327
27
17195
6918
3283
91
14742
5
1799
2057
24
7721
912
18342
40889
40890
2545
40891
133
9
6586
1579
582
10021
40889
40890
91
316
13
32
123
24
739
1272
27
2281
2844
278
100
185
1560
34
1389
4983
9
5
24
6133
3368
57
24
2545
1265
87
361
10692
64
14
1687
40892
34
24
195
3855
527
57
24
8404
27
40893
1014
14
5726
1687
2545
40894
9
64
24
32519
9402
13
9298
34
9299
9
44
278
623
11391
3197
27
14765
912
2545
40891
87
53
91
290
6649
912
40895
61
23
40896
61
20219
61
502
149
1481
47
23
10645
5
87
370
24
503
21925
23
327
9
3400
1793
819
369
1094
361
10087
27
4586
40897
61
11737
3608
57
24
2545
40891
1657
7354
61
502
3890
290
6649
912
40895
61
330
215
149
1687
33295
104
24
3197
6918
27
1687
408
288
1013
3915
13
40898
10021
40887
27
187
912
14
821
4369
40899
215
330
27
1687
408
1493
14
4623
57
1245
40887
1276
61
2
24
2836
13
24
1533
40900
40901
27
119
32
610
638
34
14765
87
14
16211
414
40902
76
14
2549
57
25265
61
502
87
1166
13
2795
27
1687
3779
1211
57
3197
3193
308
369
1013
144
12940
612
40887
64
14
40903
13
850
496
2545
40887
3390
1030
40
1393
107
2467
33
34
169
2844
9
1302
183
912
100
758
9
40904
808
40897
61
14
8405
484
7306
47
54
21925
61
1520
24
3104
87
503
1687
40905
4982
76
405
57
24
10021
40888
9
24490
144
316
5159
5
316
2964
274
27
842
215
330
24
3855
87
14
1687
5726
40906
27
17195
6918
3283
91
14742
5
1799
2057
24
7721
37
18342
40889
40890
2545
40891
133
9
6586
1579
582
10021
40889
40890
91
316
13
32
123
24
739
1272
1687
408
288
24
55
2545
21925
34
1469
494
40
14
169
87
144
3431
2050
4349
61
5
1413
1533
369
361
40907
808
40897
330
27
396
359
515
24
10021
9299
9821
1099
278
15196
405
40887
991
527
57
24
8404
13
1812
54
5324
2053
27
1683
10233
61
4420
30485
34
14765
61
330
262
1687
408
369
704
449
29519
5
582
40908
806
334
1708
502
87
53
1243
91
24
4372
610
278
23
612
1864
13
107
40909
246
14742
5
1799
18342
40889
40890
2545
40891
133
9
6586
10021
2844
246
24124
57
2545
1265
10692
64
1687
40892
34
3855
527
57
8404
246
40893
1014
5100
5008
64
32519
9402
13
9298
34
9299


