144
29856
29857
293
16
29858
138
1
316
534
151
291
287
16
24313
138
1
316
534
151
982
2189
2399
445
233
109
44
29
40
803
319
6813
62
23633
615
28
1581
45
44
33
882
116
28
0
20111
6
420
832
2
20562
12583
14817
7216
16345
4
9217
28
2664
3109
7
4767
23483
14
33
2845
157
3
2378
8335
2
52
123
29859
0
501
4565
4
1874
184
0
6973
268
21
30
4190
1297
6
22880
3611
2
20562
12583
14817
7216
4767
16345
4
9217
28
2664
3109
14
33
2845
157
3
2378
8335
2499
6
0
11729
2069
6
0
147
25
73
473
154
49
3
5
215
3
4737
24314
0
501
832
2
15
1338
602
7486
2399
33
123
116
31
29860
277
1929
9348
386
268
44
20694
5
17787
8775
2
12583
30
803
2957
6
2399
173
5
20695
1
3669
24315
1
24316
1
4
24317
2
52
123
29859
0
501
4565
4
5550
5
215
2425
184
0
6973
268
21
30
4190
1297
6
29861
3611
12583
30
803
2957
6
2399
173
5
20695
1
3669
24315
1
24316
1
4
24317
15
1338
14306
1
4921
7
588
4
599
1
233
109
44
76
29
40
803
28
6813
62
1581
52
4746
0
11729
2638
9208
20
20696
11
5
2588
894
6
71
90
1949
88
49
4
24318
88
7
0
640
2
12583
1
2537
28
7485
7
2237
22
16
8
15
3611
33
28
541
9217
4
16345
14
33
786
4767
7
2664
3109
23
2378
2
8
24
322
3146
2999
1
67
85
4943
75
1
4
24
322
41
205
17
4685
2138
23
168
2
238
6
14817
18
2399
137
7
5
1492
9041
1
113
13
829
11729
9638
127
0
2006
1267
65
5696
13
116
28
140
639
9217
3611
4
1704
25
1104
67
85
5
215
3
24314
54
40458
14817
22
14
21
202
40459
62
40460
0
2638
45
118
1828
97
1492
1705
3
1014
19
14306
8
788
24
29
3603
6
14437
3952
4895
420
1334
20
87
2
89
23
24
1015
88
418
278
1
24
492
3
474
5
40461
17
4767
9217
2
8
249
95
961
13
3812
1
24
454
3
24314
2
1437
0
3284
196
13
309
1085
2
8
581
147
2150
28
317
3611
55
2
249
371
5
5696
1
24
300
256
140
639
9217
3611
4
1704
25
1104
77
5
215
11
118
40462
2
14817
1828
5
10025
3
1014
48
40463
787
6
5
5696
127
5
588
3170
52
1828
118
541
2586
1
1223
1
3611
4
10015
86
14
0
6021
505
3
2069
39
44
29
40
157
49
15
24319
6
14817
18
147
13
20697
31
24320
0
599
5696
17
5
3736
5350
9419
8
24
473
934
49
0
787
6
5
5696
28
0
2638
18
1705
1
24
202
40464
4
16346
3611
1
24
79
256
0
1492
9887
6
0
2638
2
8
24
118
256
541
3611
1
2586
1223
1
4
10015
2
2499
11
80
3364
46
32
344
3
505
3
0
3883
2
11730
2399
33
1200
2206
4
210
7
0
640
39
1163
2
8
24
143
2399
31
1972
1713
29862
6
3611
4
24
29
116
485
7377
6
5696
109
20695
1
3669
24315
1
24316
1
4
24317
2
240
26
12583
14817
7216
16345
4
9217
28
2664
3109
7
4767
23483
26
1437
1874
184
0
6973
268
21
30
4190
1297
6
22880
3611
26
15
2399
33
123
116
31
29860
277
1929
9348
386
26
11730
2399
33
1200
2206
4
210
7
0
640
39
1163


