144
4478
3137
293
16
30139
138
1
259
436
190
291
287
16
30140
138
1
485
436
190
563
6031
4376
13
182
152
69
6252
7791
2520
327
125
2420
33
6158
65
9
755
4
11997
19677
7
0
2787
62
390
7
0
415
90
5
412
132
20
147
2
24497
4256
18279
734
25
10
5340
5
753
1622
6
0
1737
6
7791
2520
1976
14
792
6
1652
33
91
2510
0
821
7185
2
65
16423
2543
31
251
2420
81
215
3340
0
13212
12
35
3431
30141
744
173
35
41000
14884
4
2952
11480
7
1339
2
18280
1594
16
24497
4256
18279
734
25
10
5340
5
753
1622
6
0
1737
6
7791
2520
1976
14
792
6
1652
33
91
2510
0
821
7185
53
1630
604
51
15
4724
3029
133
434
3
365
7
3115
208
70
133
46
9373
110
13
35
205
1
849
4
41001
63
7791
1
110
2822
33
7
242
3
1524
5332
33
1670
49
4
458
979
33
1931
2343
11
279
2
1315
85
13269
11997
4
65
9
755
2829
33
3367
274
535
7
231
347
2
852
3
5
365
81
215
31
0
28125
4
28126
7408
1
5970
4516
747
979
1
7791
13
17817
31
35
16424
4
3838
41002
2
57
22
0
35
41003
1130
416
8624
85
48
70
47
744
17
11997
944
1
50
29
3570
1297
6
2181
4
5
620
1377
77
632
1486
3
5519
10319
2
1336
20
5
1059
4127
31
1816
24498
1
50
1565
0
41004
1103
1
18279
782
30142
12615
22
16
35
104
252
3
3297
3
110
60
929
78
63
0
1737
6
6252
41005
17531
16
2072
24499
1
6
0
577
1755
6
5365
14622
1
22
92
33
2361
6
75
38
84
7791
8
94
0
2787
77
5
9899
17
0
486
525
12
7
0
3170
8
53
1630
604
51
41006
271
12615
1
20841
6090
1
6
41007
20842
4232
50
926
17
6252
8154
1
22
16
35
939
63
0
337
11
2420
7
0
4210
38
60
29
478
20
178
24500
274
415
12
136
2909
4
44
226
4350
27914
20
30143
311
7
0
1152
120
14
128
17971
885
7791
886
41008
8
308
124
0
2361
63
0
75
38
84
25
94
0
2787
77
5
9899
17
0
486
525
12
7
0
3170
8
2072
24499
1
1454
2491
6
0
577
1755
6
5365
14622
2072
24499
1
1454
2491
6
0
577
1755
6
5365
14622
1
22
0
3029
34
35
676
30144
3
1918
2
35
308
124
0
2361
63
0
75
38
84
25
94
0
2787
77
5
9899
17
0
486
525
12
7
0
41009
21
176
2
2567
2889
1
1427
1468
6
0
2177
2516
10925
3260
1
22
16
35
939
24
610
496
55
6
0
18279
1622
13
5
419
3236
6
0
9874
553
4
0
2383
103
14
1026
3
154
242
3
143
25
12236
26
24497
4256
18279
13
5340
753
1622
6
1737
6
7791
26
30145
31
251
2420
115
1157
199
23
2952
11480
7
1339
26
19345
3
9373
110
2822
33
7
242
3
1524
5332
33
1670
49
26
1315
85
13269
11997
4
65
9
755
2829
33
3367
274
535


