3487
2863
13
41
79
235
6
48
236
18
589
328
1435
10627
2
15
6522
1
248
98
545
10174
278
7
0
944
235
795
1
30
416
4
184
0
5273
379
134
616
14545
7
589
328
683
2
2863
3949
0
2634
12
955
494
274
14546
379
1
608
379
9665
85
671
2693
7827
2003
2
52
13
7855
7
0
3007
745
6
19
673
1
17
591
731
369
48
877
1
4
12063
5
1548
7
338
283
18
441
9
275
313
20
1952
12
506
166
2
3487
2863
668
1165
11
338
283
127
1952
12
506
166
2863
30
5
616
274
14546
379
7
0
589
328
1
9665
85
156
108
561
861
23
169
731
23
593
48
236
1
2863
13
12
733
3
1017
5024
3081
18
585
53
7
5
23597
236
51
6
1280
731
7
0
1098
9
14179
236
2
15
412
1639
1
958
1839
1
10627
854
18
1484
38
29
545
77
639
593
7
0
235
795
1
17
2863
724
515
6
0
3472
39
5
1669
6
2414
2
101
38475
379
21
30
4994
731
1
515
6
2003
4
316
379
9665
85
179
338
250
312
130
23598
1144
23599
2
2863
10749
102
338
283
18
87
616
3
20157
20
0
1749
6
7173
7
42
441
9
275
313
7827
2003
668
14547
731
7
23600
593
120
19
64
20158
20
671
2331
2126
1
38
93
502
7
0
535
1
668
5971
731
7
6828
2414
12407
3209
545
79
54
229
67
85
2863
1
45
743
5902
499
379
20
338
250
2
318
2473
731
1
3804
23
5
3939
1
3485
59
1455
7
0
874
17
5
616
274
38476
379
2
6023
12
0
874
13
1748
1144
6728
53
38477
51
1
17800
17801
53
38478
51
4
2331
2126
53
38479
51
2863
30
668
1627
134
153
6
338
283
47
731
7
0
589
328
48
236
1
4
30
2391
413
697
860
11
0
288
162
19
10199
17
731
4
13355
2
191
17
0
6522
12
514
1
4288
4866
890
283
33
99
12
993
9
901
745
2
1748
1144
6728
30
668
5
616
4710
274
28842
379
7
0
589
328
23598
1144
23599
13
439
12
0
874
1
2824
5
616
274
38480
379
7
0
235
795
17800
17801
1
41
300
87
9
1533
854
20
338
283
1
30
5
1660
379
134
616
14545
1094
3770
5718
1
12407
3209
1
30
2473
731
7
15635
593
11
338
250
52
22
39
506
1152
18
313
20
0
1749
6
7173
16
8
24
181
60
33
2582
3
0
4079
60
34
81
236
2
24
181
112
60
722
508
48
152
6
733
60
46
666
11
0
993
1
45
24
181
105
62
146
108
1662
46
61
32
92
2
8
885
2863
886
13
37
650
561
45
25
13
41
79
3487
2863
9
60
326
7
5
152
14
25
13
128
5500
11
59
3
2277
45
25
13
650
11
59
41
79
3
181
63
1435
45
3
326
11
0
174
2
8
221
33
5
396
6
205
9510
45
24
22
90
0
81
229
14
24
322
662
21
13
54
6
0
237
178
335
7
0
172
114
21
13
41
79
1435
1
21
13
508
128
168
2
8
2863
13
12
733
3
1017
5024
3081
18
23597
585
6
1280
731
7
5
589
328
236
26
3487
2863
8032
0
589
328
379
9
134
9
616
1639
26
318
64
731
20
1952
210
59
12
591
11
0
236
86
416
26
2863
18
585
3485
59
515
6
7827
2003
4
23598
1144
23599
26
15
2211
6
12407
3209
1
1748
1144
6728
4
17800
17801
143
0
5043
9666
6
0
12059
26
861
591
7
591
1
2863
13
12
733
3
1017
5024
3081
18
23597
585
6
1280
731
7
5
589
328
236


