251
2889
99
2982
4002
58
361
9314
14903
91
14
1382
393
23
334
315
57
276
4694
27
119
10020
1411
6083
38944
5
14
8205
6934
5145
133
185
207
123
3561
217
23
24
14948
1348
24
634
288
2505
44596
27
251
5802
5145
47
24
7180
104
44597
8036
293
23
44598
61
8580
40
183
149
7724
834
402
24
9535
105
423
185
34
27
8082
262
6083
38944
61
3970
61
4995
4002
58
215
149
9314
14903
91
14
1382
393
104
54
175
276
23
44598
61
8580
119
393
149
11298
14903
5
4508
2043
14245
61
1404
20039
5
1243
23000
947
61
1489
13
44599
9
3484
27
119
15238
9
2033
105
14
19340
14608
23
54
25577
20847
1671
27
396
149
330
13
107
23
14
331
613
331
4382
91
320
274
27
119
239
104
44597
8036
293
149
331
14
7056
9831
42774
315
331
1489
13
24
3780
642
2401
27
1882
13
276
4948
61
646
105
100
6417
5
21137
1411
24
316
403
5
334
2647
57
32792
484
24
239
510
513
27
1477
24
318
37
2255
105
1521
13
4081
4864
61
926
717
14
467
57
525
10492
2352
688
185
592
27
1882
13
1840
185
608
61
926
7976
262
331
1134
640
104
44597
5
278
709
6553
575
24
9119
288
104
27
331
38987
262
6083
38944
149
7487
91
14
8205
123
14
2544
57
22044
233
5
105
13
107
31674
23
8580
7230
37853
61
24
5678
57
44598
7807
17293
663
750
24
125
924
262
331
5638
87
1533
752
1284
24
451
57
612
403
27
331
119
276
149
39454
76
14
642
643
75
24
5234
393
9
129
44
855
2942
11158
1517
27
779
549
3918
44600
105
8050
14
6612
1608
34
6083
185
592
13
442
76
310
3819
27
808
44600
598
185
592
262
331
628
1545
308
13
850
24
1426
57
4694
23
1376
5
722
14
1093
23
8623
175
183
2236
1805
82
27
331
13904
513
262
6083
38944
149
6934
9314
14903
91
14
1382
393
104
54
6666
276
484
14
5802
5145
183
47
246
6083
38944
4995
4002
34
20847
40767
23
8580


