144
1257
5193
293
16
29481
138
1
259
409
151
291
287
16
34147
138
1
259
409
151
9810
16
1114
6796
1
3787
1
137
17
19
1079
6283
1109
1
327
21
10
6419
28
0
336
970
1495
855
20
314
322
12
155
12295
1022
4
93
3
1097
0
928
724
102
65
16762
9
83
286
1888
38
10
1029
17
4110
4016
10
78
21
58
29
3
1097
928
724
102
39
91
6419
7
0
1269
6
0
166
2
1114
6796
10
1933
3
336
970
1495
855
7
15973
336
970
39
21
10
312
31
5
1123
6
21443
14719
4
34148
6
4599
2
52
10
1463
17
5
2916
3577
39
1594
4
78
21
76
165
102
20
314
322
2
15
244
9
6
9
105
34
806
20
286
340
19
7627
4
348
481
11
185
17
3079
102
4697
14
21
960
928
724
184
7
19138
4
34
100
54
3
3586
59
2
89
21
327
14
21
10
1031
100
185
4
10
78
3
517
0
286
11
91
3743
31
5
1941
2
3514
1477
140
406
724
455
2059
2070
3816
480
1299
7650
1
68
6796
10
1670
49
31
5
2269
106
195
4
806
102
20
18521
12
155
2279
18
1022
2
52
22
16
8
57
10
10761
9
0
148
4303
166
6
95
142
2
8
24
34
2070
2562
12
1
24
10
1299
148
7650
4
24
34
3
1097
12
51016
3816
12
54
6
0
148
1116
5821
6
0
70
2
8
10230
33
2528
3
32
4745
1877
45
0
1941
482
121
13597
3059
95
118
152
102
10
3
1097
2
8
68
6796
1
38
444
5
149
3617
7
1266
1
30
150
116
5
3416
2337
3
0
286
2
52
34
383
7650
119
20
102
12
155
2279
18
5324
4
10
4827
31
5
10470
20
102
38
175
59
3
51017
20
0
51018
1266
798
286
2
52
10
192
78
21
10
867
3
165
102
262
37
4036
1
2194
9
6327
4
5
777
1146
2
68
6796
22
16
8
135
78
121
24
34
5
2916
3577
4
443
121
17
5
733
6
989
8669
2
34149
16
1114
6796
1
137
1
34
40
490
3
286
1029
4110
4016
4
1477
406
6
0
928
724
455
2059
2070
3816
102
3
19138
7
0
390
269
6
0
415
3903
1097
16
68
6796
630
7
0
1381
6
19138
928
724
28
0
336
970
1495
855
8
249
24
1159
14
24
960
928
724
184
4
34
100
152
3
124
102
1
0
3831
757
78
121
3
1097
2
8
249
24
22
24
76
74
354
110
10
2621
1
24
10
603
6
91
3743
2
8
24
10
128
4588
1
45
24
107
74
1251
95
1836
62
10101
2
24
10
41
3743
1
45
44
22
24
34
3
517
2
8
221
43
51019
92
38
408
95
19504
45
22
44
43
41
867
3
1221
728
102
2
52
176
16
8
1544
112
24
34
279
24
58
41
29
40
344
3
124
5
4014
20
14
71
12
155
2279
18
5324
2
8
24
58
29
40
596
3
1060
7
5
3104
268
26111
56
24
76
29
5143
5
2800
102
2
8
89
24
10
6265
958
0
917
9
0
3471
6
0
1941
13
385
24
46
202
3172
2
8
57
10
24379
4
100
152
3
1860
5
130
6
95
512
38
34
79
40
1463
17
5
2916
3577
2
8
4217
16
68
6796
10
1933
3
0
336
970
1495
855
7
15973
33207
103
16
68
6796
1117
116
25
102
3
0
1381
6
19138
20
140
18521
1
146
9
4
9
5
9
272
269
39
21
10
6419
28
286
1
248
40
1670
49
31
106
68
6796
1
761
1079
6283
10
1129
3
1804
59
49
23
36
254
41
1221
1
1477
851
724
90
5
2269
106
195
1141
59
4
78
59
25
10
1116
3
32
1360
455
0
538
2
52
22
16
8
15
362
2033
121
41
3
1097
156
557
114
25
10
253
1116
1
45
24
34
100
1533
2
8
24
10
5731
17904
12
3
51020
18914
23
24
10260
455
0
51021
7
0
225
6
8752
1902
2
8
24
10
5435
1
5896
1
24
809
51022
4
24
342
95
14248
67
85
494
2
8
52
1477
5
557
64
724
90
5
200
106
195
1141
59
4
1031
59
5
2800
102
2
68
6796
13
98
2263
317
620
684
127
0
286
1262
14
25
732
7
97
2102
6
462
2
65
479
11
0
25837
51023
1430
3370
50
1565
0
286
22
16
8
104
4853
3
1487
63
0
1081
68
6796
115
430
7
12
155
2279
18
1022
2
8
15
1430
3370
30
98
489
5
3416
2337
4
1
23
0
493
13
3119
1
60
73
41
1183
557
20
48
71
2
8
104
981
109
3
9629
0
270
14
92
33
5
908
6
7704
3079
9699
648
7
242
1
62
91
23798
1
11
728
38
3962
4106
17
1356
9
1296
12395
2
8
25799
1220
3
3079
13
5
1185
4177
2
8
26
68
6796
34
40
1933
3
286
1029
4110
4016
26
52
1477
406
724
28
0
336
970
1495
855
7
15973
26
52
10
1117
1670
49
31
106
4
1376
99
3
19138


