257
28983
1259
7
1434
4
1507
46
29
42
10218
3638
11
20
568
64
82
3
1695
88
2582
3
20260
2936
7
0
255
1
292
524
734
12
470
1152
2
4440
824
22
0
678
58
355
299
0
9688
1064
9
9689
3064
7
0
1940
172
363
0
631
1
4
58
1524
3382
43
118
716
99
7
3
0
255
35
12
136
38804
2
360
1
44
46
242
3650
12
3815
733
17
2711
4
996
1102
2395
2
191
44
759
20261
7256
199
23
3400
4
1089
1
50
76
325
784
248
3
465
17
257
8140
5733
2265
2
292
524
18
678
58
177
28984
3757
53
38805
1
200
28
122
51
29
19
3401
3638
11
64
82
39
21
2198
3
1434
3
666
11
1419
660
15
751
564
47
2593
224
23
21
8553
5
10758
6
111
2190
3
3178
0
1350
2141
31
5850
17152
7
5
1703
3
0
962
5982
7
10219
2
52
13
63
3
17864
12
2243
17
172
1325
20
0
10882
4592
7
440
12
7010
86
9
180
1607
3382
2
15
2190
61
675
678
3
28985
4439
3064
3
28986
0
10218
6
3371
273
3
32
1329
3
1024
3
1434
2
135
46
61
32
3062
3
28987
11
0
87
71
3
3740
0
1350
2141
31
2791
28983
2
191
8983
46
32
763
14
44
76
32
4875
62
29
42
28988
3
4290
7
0
255
20262
2962
44
1011
9
4290
1937
17
0
606
825
3
2917
4
1695
1438
3847
28
7152
2202
102
2
89
25
13
0
8511
6
35
4081
23715
38806
14
46
2136
0
148
2302
2
380
0
3169
6
1206
1027
5675
417
1
620
2829
46
32
1773
3
5
1400
47
81
9
330
1918
7
0
255
4
44
46
32
1284
1006
12
708
35
100
9
23716
4260
2
5345
4479
14
3218
5
1400
3
1103
5
953
3
0
255
76
325
97
1367
574
99
2
191
156
1438
2423
38
3505
3
10215
99
69
299
58
4434
37
2011
1444
5
178
9
70
1034
877
2
292
524
116
0
2593
7
440
1
113
21
30
649
0
264
18
2847
1449
1961
3898
15
554
76
61
32
3062
8728
112
44
33
170
4126
5
1350
39
64
82
2
12031
38
5451
12
2582
3
299
46
32
9690
3
84
86
340
5
3401
133
45
118
182
4214
106
4795
2
4305
46
32
482
3
13413
88
102
1
113
44
76
225
3542
62
2712
2
2607
38
6876
261
1281
46
32
3664
38807
2265
340
5
3401
133
1131
7
5
86
9
180
12433
264
1
199
23
3400
62
1089
2
4440
824
81
166
22
6531
2243
43
3098
17
261
1142
63
129
261
2423
171
123
32
3900
17
2
15
951
13
1093
3
124
726
708
2294
14
1695
0
255
9978
0
17865
6
257
8178
4
20263
88
20264
1
50
34
40
68
524
47
2553
951
2
57
46
32
1041
7
5
111
28989
23253
1598
1
50
46
32
933
48
215
4
1933
162
3075
31
0
267
6
409
2
65
479
22
14
3037
1495
2224
2200
34
1204
103
0
2190
23
91
4933
17
708
537
2
89
44
759
91
780
49
7
5
620
28990
2
895
3037
1495
6683
28991
30
763
14
6045
10218
28
257
2281
2265
13
35
623
3
32
5
1356
9
38808
2
15
211
3273
0
35
38809
7
5
5716
3272
276
30
366
0
270
181
36
10
2853
114
6
27
829
2
28992
20265
1
918
1
2919
27
7525
39
36
633
947
478
6
0
3961
6381
36
58
32
816
3
27
644
2
15
1596
693
158
6975
0
4070
4720
12
27
3538
17
9530
2
96
10
1117
8666
6
450
3
14605
72
20266
7
27
4721
3
5
9689
4032
2
28992
20265
53
122
51
1
3273
0
8
38810
8
1
1002
11
0
87
71
150
36
10
8666
6
13217
72
20266
7
1357
3
5
9689
4032
1
45
27
427
13309
2880
9
28993
53
93
51
10
856
2241
1
23
401
20265
1002
55
11
0
87
71
150
27
15879
1
27
427
13309
2880
9
28993
10
856
11
64
82
4
146
187
11
9148
3
3079
1357
3
27
7132
9
83
315
28984
3757
1
5
1229
7788
1259
17
6631
2
57
13
0
87
3542
7
299
6
2815
3272
7
1434
2
401
20265
1
5
1229
1
2852
6
28994
520
7
0
559
4
22
36
30
489
762
28
0
1229
643
4
2659
6
707
1282
12
637
4972
2127
11
0
152
36
2065
120
27
644
2
35
65
396
6
75
181
14
24
659
0
20267
38
213
184
17
25
1
14
0
1540
118
716
121
103
114
6
95
38811
36
78
2275
441
689
2
35
24
10
2528
3
32
5
9689
1
45
92
24
10
2065
7
12418
4
5303
23717
2
1398
75
76
141
3317
48
2
35
24
10
497
2610
28
0
1229
643
1
28
75
228
6405
31
0
152
24
1007
1
2093
121
1515
14
24
171
1202
11281
26
292
524
18
951
46
9125
299
18
1064
9
9689
3064
26
23718
46
118
505
3
0
255
8
12
136
1281
8
1
4440
824
131
26
10883
206
2802
7256
38
76
267
49
17
5733
257
8140
26
22850
1329
12
159
3
1434
46
61
29
10218
1145
26
22904
46
32
3062
3
675
28987
3
3740
2791
1350


