144
2775
20319
293
16
30015
138
1
793
488
526
291
287
16
25156
138
1
793
488
526
14388
18586
9
98
92
18
37
478
8358
6
0
2749
1289
7311
113
223
9
4
158
266
9
6291
42
10125
2
13646
16629
1
0
111
4229
312
2417
75
2824
628
6
42
11712
969
6
11849
3016
2
57
10
309
31
2338
1543
1
1314
1
38
10
86
8059
17
0
8743
1289
229
14
36
881
0
5954
8
25157
3
4920
8
9
4
16629
10
529
2
563
478
8358
6
0
1289
229
18586
9
113
223
6291
42
10125
9
30
698
4229
13646
16629
1
0
111
4229
312
2417
75
2824
628
6
42
11712
969
6
11849
3016
2
135
123
4285
3
0
25157
3
4920
841
618
6659
31171
31172
28
3592
30
61
1050
0
618
7344
85
823
269
7
1
16629
30
369
941
743
72
3510
11
841
7618
85
11849
1116
11610
6
1187
1
36
10340
103
27
235
4
633
5
783
6
27
3254
4721
12
461
1
6083
605
3
84
0
222
2
527
5863
760
219
4229
1
17
1297
6
875
2824
1989
6
42
220
42
11712
90
25158
552
1162
3
84
0
222
2
15
461
13
1440
3
5
18587
946
113
86
416
67
85
72
25159
30
40
3605
3
13272
4920
5023
7
823
269
2
15
1649
13
72
2669
2338
1
5
3831
693
28
43275
1
3592
1
30
214
27
961
2114
4
43276
1297
6
43277
357
0
172
1
173
797
31171
4563
31172
2
258
1543
22
16
8
57
13
5
2214
841
4
60
1608
3
32
497
337
28
23
416
23
155
2624
1
0
1585
4
407
1019
2
8
57
13
41
118
223
497
553
1
45
125
266
29
204
49
0
1377
253
2
57
10
309
31
2338
1543
1
1314
1
38
10
86
8059
17
0
8743
1289
36
881
0
5954
8
25157
3
4920
8
9
4
16629
10
529
258
1543
22
6
27
5704
16
8
57
18
5
152
3
1251
1357
4
429
48
31173
229
8
258
1543
633
5
783
6
27
3254
4721
12
461
1
6083
605
3
84
0
222
1
90
9123
3
841
258
1543
18
5863
760
219
4229
1
17
1297
6
875
43278
1154
4
1052
9
2824
1989
6
42
220
42
8
11712
8
90
25158
552
1162
3
84
0
222
1544
4371
33
74
16630
28
16629
1
23
48
604
332
871
6
0
995
553
34
40
128
6893
1
45
29
226
12
1103
4
617
25
5109
2
8
57
18
5
152
3
1251
1357
4
429
48
31173
229
2
8
15
961
13
3
154
5
604
6
212
11712
53
62
5
4277
77
5
2554
9
1767
51
1
737
25
12
461
4
13654
105
605
62
67
4
123
4285
2
2086
48
149
1
0
179
1421
4143
561
22
3
29
309
0
2749
18586
7311
50
30
366
105
630
7
299
22
8
25
30
698
253
416
8
2
15
111
4229
312
2417
75
2824
628
6
42
11712
969
6
1289
15
461
946
13
1440
3
5
18587
946
113
86
416
67
85
72
25159
30
40
3605
3
13272
4920
5023
2
15
1649
13
72
2669
258
1543
22
16
8
57
13
41
118
223
497
553
1
45
125
266
29
204
49
0
1377
253
8
3902
31174
1
896
1
13
273
3
29
18414
1956
0
229
113
335
611
784
11849
3016
4
2824
0
1938
478
1
7780
605
3
22927
88
2
15
17634
3361
1222
6
430
8
43279
8
3941
3
461
4
78
19
280
3
84
0
222
2
52
633
16
8
24
13654
80
6
66
761
1716
25
18
41
2
16235
634
8
2
5170
230
6
0
737
31
0
179
160
2368
4
18588
561
1
0
229
10
91
1886
5974
12
461
4
560
2
15
961
13
3
154
5
604
6
212
11712
53
62
5
4277
77
5
2554
9
1767
51
1
737
25
12
461
4
13654
105
605
62
67
4
123
4285
3798
29
22
25
13
1107
14924
14
68
31174
633
5
1289
167
23
0
229
2264
175
103
2
52
107
41
4318
8
18586
8
7
19
737
9
4
108
75
140
0
172
758
44
43
508
25
1391
81
70
2
15
229
10
87
5974
12
560
7
411
4
92
43
31175
43280
6
25
1391
151
2
930
4285
16
43281
560
43282
26
155
4229
312
2417
75
2824
628
6
42
11712
969
6
1289
26
30855
31
2338
1543
1
43283
10
8059
31
0
1504
18586
26
31176
783
6
27
4721
12
461
1
6083
605
3
84
0
222
26
334
2824
5
783
1
4344
4285
279
3
5
2322
651
841
26
57
13
2183
0
7311
46
1251
72
2669
11
841


