144
5641
6924
293
16
31019
138
1
275
488
526
291
287
16
31020
138
1
314
488
526
924
106
362
43
900
4
146
75
432
56
1282
1047
55
197
944
3239
328
42925
4
3178
9
14138
209
2
42926
4
21205
43
11230
4
20
568
54
3091
2498
10
207
103
23
0
1064
9
1419
304
12040
162
0
528
6
6072
1
6328
1
113
21206
43
1136
2
2614
43
680
3
15774
7563
5842
4
716
1532
5819
7
37
1921
3
20383
0
1282
1
50
3691
7
146
75
91
477
11
270
554
2178
2
297
94
11
167
824
1259
16
42927
677
55
23
944
3239
328
1511
226
225
5
9430
6
10955
28
1064
31021
7
6072
119
0
1064
9
1419
304
4127
5
2626
7
0
6328
704
421
209
238
106
544
556
2642
579
4
216
34
37
709
3
19
2334
2
15
14178
18
6125
162
6072
10
7
2626
127
678
11
37
80
9
995
1229
3335
164
7
0
403
4
5
1229
643
528
7
25053
2
57
10
649
31
3178
9
5577
531
31
0
6072
31022
1809
1153
4
0
6709
9
42928
4333
1
38
9497
0
14178
6
27705
25054
2
15
6125
9905
69
1282
23
14178
1511
2794
6072
18
899
824
1
113
1004
1259
1047
55
17
234
106
4
21206
2
2625
4676
14
49
3
3229
75
175
1247
7
0
9775
5577
1
50
43
42929
31
362
28
357
5845
2818
203
1
2283
10372
4
0
257
6038
203
2
28105
16
2625
4676
14
49
3
3229
75
175
1247
7
0
9775
5577
209
12337
16
14178
1511
4576
2679
4
1865
7490
4
6841
11023
120
42
4966
1
50
10
7
2626
127
5
111
1229
164
4
37
1419
643
528
50
33
1502
11
0
329
65
106
479
22
16
8
15
64
9775
5577
477
7
6072
1317
103
340
753
358
11
5845
2818
203
4
6072
12363
1153
2
8
57
13
1834
14
197
2034
3
3229
75
175
196
7
234
5577
1
54
31
0
944
3239
328
4
5
3178
4966
2
8
65
245
6
362
28
357
5845
2818
203
1
2283
10372
4
257
6038
203
43
4165
120
0
5577
23
196
6
5
1531
9
1502
16268
4
16451
8791
1012
2
8
65
501
990
6
3404
107
677
55
7
0
704
528
2
360
362
923
3900
17
0
2689
4
5241
742
6
0
1081
2
2017
75
43
432
11
1713
270
554
2178
2
8
924
362
43
900
120
0
4966
241
54
3525
2642
579
4
0
108
37
709
3
19
2334
2
8
580
42930
307
2363
9
7365
21206
1981
17
106
23
44
688
3
17734
0
14178
18
6125
94
6072
18
899
824
1
113
4221
4
21205
43
11230
4
20
568
54
3091
2498
716
103
120
0
19973
5647
2258
30662
1
487
106
5352
11
6072
1
22
16
8
24
322
3873
14
261
5577
29
1317
103
340
753
358
2
8
42931
10
887
3
5
2494
4
60
33
5488
11
0
337
60
489
28
487
3629
2
8
221
43
5
5796
6
4061
116
77
0
733
6
0
132
1
3804
11
270
3404
2
360
1
0
3257
1879
6
217
317
196
43
168
13163
2
8
15
5577
34
18536
601
5
400
465
6
1976
5325
125
6
136
3629
4
24
58
109
3
2928
88
11
42
10181
1
1011
9
1012
4
9414
2
8
16602
2778
2490
1
1077
6
6072
12363
1153
1
22
16
8
57
10
5
4327
14
125
7635
809
0
252
3
2565
3
1282
45
0
106
3900
17
25
9733
4
14505
2
8
6410
60
73
124
99
3
1260
7
6072
98
261
1562
29
93
136
704
2
8
26
10586
7904
23
14178
1511
12040
69
6072
18
899
824
26
135
43
4723
31
21206
4
0
6072
31022
1809
1153
26
203
43
680
3
15774
7563
5842
4
716
1532
5819
3
7960
742


