144
2817
13451
293
16
17312
138
1
598
484
190
291
287
16
46041
138
1
598
484
190
65
18868
9
3796
537
14
3218
11
5801
7
7314
3
32
10340
17
5
1590
16717
8
697
18869
13
3
32
21542
12
0
1615
2
15
5729
264
18
2031
8955
30
22
0
8
16381
8
21253
3389
46
32
1145
28
0
32403
5144
2
15
3389
3218
11
5801
3
32
10340
17
5
1590
16717
8
697
18869
9
50
5834
6
697
16572
25492
9
62
5
16544
116
28
0
6279
6
5
32404
1267
2
8
46042
8
16
15
546
14
0
16800
6
5801
17
5
1590
16717
8
697
18869
53
137
51
13
3
32
1438
7
7314
30
40
4957
31
996
1102
4251
18796
7
0
179
257
9368
1141
10609
0
3389
7
1686
1
45
3650
188
3
177
0
537
21542
3971
2
7314
18
1610
564
975
12176
22
16800
10
5
8
16381
8
46043
14
15524
0
264
18
708
21518
4
13
7509
0
394
28
46044
0
11074
15740
127
4522
2
8
46045
8
16
7314
18
1610
564
975
12176
22
25
10
71
3
124
0
537
8
103
136
2228
494
4
11
80
8
8
15
71
30
226
3
46046
48
1081
31
497
261
14351
9
3796
2294
103
136
2228
494
4
11
80
1
8
68
12176
22
7
5
565
2
15
356
3
25211
0
10114
537
30
369
40
3589
31
0
8754
7
7314
1
113
20183
18868
10
1303
4589
2
15
2593
10
4957
31
996
1102
4251
38
1106
16800
23
5
13286
32405
7
5
1793
8874
2931
31
0
25883
6
13648
2
3917
46047
1
21167
6
25884
11
1610
1
22
16
8
104
84
74
228
177
14
885
0
16800
537
886
30
156
196
7
0
2156
6
1853
17
830
7
5
1964
7492
2
8
89
92
33
100
13827
6
830
9
21591
25884
38
474
14
811
171
41
1791
0
83
25885
45
969
16541
88
1
3933
14
5220
38
5080
6489
62
1867
3621
38
1797
2910
75
171
1580
5
10114
3
4713
88
5
7770
2
8
15
1476
3621
252
989
14368
62
1162
44
893
84
1871
77
4
77
1
8
22
789
15005
1
5
244
6
105
28
9066
2
8
5986
2710
49
13
41
300
511
2
8
15
81
447
3
2648
0
3389
7
7314
10
46048
10997
1
38
10
1311
3
146
82
7
582
4
231
9273
7
3127
11
5672
19
145
9
7
9
537
2
10997
10
32406
0
132
90
91
443
28
582
7
4469
4
192
2852
3
0
11074
2860
3663
3260
1
50
1846
7
1686
14
0
745
6
21253
3389
10
8158
1
46049
4
16381
4
7176
19
1102
2
14789
3393
123
1141
10609
16800
2
26
895
257
9368
18
32403
5144
3218
11
10146
3
32
32406
319
5
1590
16717
8
697
18869
62
5
32404
1267
4090
26
7314
18
1610
564
22
25
10
71
3
1684
0
8
16381
8
21253
3389
28
0
1615
18
11250
2228
11
205


