258
2454
35744
119
33824
843
185
24
1116
1918
262
18236
9
41794
38344
1928
27
9997
61
13039
90
31052
133
104
1298
15287
29378
69
70
15287
41795
71
76
895
1299
1300
41796
61
64
4003
5
1589
220
4415
41797
8821
421
13
7959
1220
5
2289
185
122
1779
9
57
9
24
9
8148
41798
61
1129
91
1744
11960
912
24507
6844
23
122
1986
27
23744
13
327
912
796
2118
2434
41796
4517
61
122
3515
8044
23
834
13
4361
76
24
3943
57
24
8444
7477
1348
358
855
6783
185
1750
2356
27
41799
262
327
37
11076
11077
7252
24
7251
2
54
219
23
24
3943
5
41796
57
34259
41800
262
8154
37
2454
35744
69
700
71
13335
24
34259
9
1030
367
23
24
4517
13561
13
237
2575
1547
810
327
37
4156
1986
116
104
290
6649
37
3274
61
1785
14931
16447
87
23
2479
57
24
512
9
3539
1060
57
30608
1541
13
278
174
1508
35801
27
1786
16036
61
1704
25100
5
24
557
57
24
41801
111
2438
288
13857
41802
23
646
34
1413
1267
47
13
24
56
57
35
632
13
3994
24
5704
15908
515
44
221
24
2187
1411
7514
5
5304
23
4440
27
1447
87
144
1487
1547
13
2250
190
15432
61
14
24581
5
24
35488
4995
13
1481
24
5511
5
41796
4748
13
5615
6526
496
358
718
5928
23
122
55
2544
57
24
2118
2434
27
1687
258
24
227
24
327
634
105
1636
1950
61
24
929
149
3769
26686
47
5
308
922
44
1013
850
23
218
24
41803
330
334
14456
41797
27
1687
628
1019
237
4517
99
100
14
2529
442
23
2522
34
24
2118
2434
27
119
1533
723
718
107
5292
13
24
1455
515
723
369
2050
13
19102
104
61
24
29769
3711
262
119
327
2438
676
23
34259
206
57
122
2118
2434
3301
76
6783
237
4896
41804
262
327
1785
14931
16447
69
700
71
1577
185
64
3277
22880
5585
34
24
112
4040
6976
6092
41805
61
129
3890
14
941
26990
310
116
57
13481
61
22308
262
331
327
278
8769
23
360
13896
1853
1413
2846
34
24
2118
2434
27
842
183
37
503
24
4563
7994
23
24
4983
5780
69
41795
71
34599
515
825
278
417
24
110
24
1816
1025
57
14
4515
57
3943
27
331
3116
1812
5
32852
24
9818
61
41797
237
632
1399
14
6666
9
1519
5
22732
41806
846
9
218
707
33567
104
24
41796
4517
237
632
61
9233
91
14
6124
791
7150
4523
61
791
16118
5
7744
57
5790
4523
3325
41807
27
41808
13
25797
367
810
24
4517
61
41797
1599
703
2334
24
15432
5
13
56
41809
104
3190
1504
1299
1300
41796
1221
41810
8550
61
40
373
546
24
895
1299
1300
515
327
718
5928
23
34259
1348
24
2544
8149
445
104
608
5977
125
227
27
4338
10179
7404
61
24
55
31661
57
7251
3469
185
707
855
27
4338
166
146
61
707
474
5830
149
36137
5138
5
646
149
14
55
9894
22864
13
41811
104
24
9654
2839
57
1229
628
149
3748
64
14
2639
9
9914
13
1550
23
34
451
1107
27
397
1483
497
14
2711
61
334
21081
41797
503
2384
24
5511
5
41796
61
10813
20945
24
125
586
23
34259
262
331
408
2342
2168
316
2487
109
1221
2157
5
18428
331
27
41812
262
119
1963
3170
3301
1411
327
5
6783
1410
513
104
24
10879
33853
34250
41813
262
327
37
5262
8219
1410
185
21732
123
1986
23
34259
206
57
24
6783
112
119
1426
149
1030
2329
23
14
18715
27
628
149
9943
41807
149
12858
1347
1533
1284
846
61
3400
13
107
613
215
149
10392
14
1842
1220
401
27
119
1131
223
515
16447
37
43
1399
23
484
22141
119
14561
825
3896
445
1489
13
41797
61
552
1565
41814
87
1893
1186
104
290
6649
37
3274
27
1687
628
1019
183
912
5309
13
377
237
87
24
512
9
3539
327
77
1541
13
738
13
14
11944
652
1546
283
23
1981
99
10087
19673
1347
18
24
35
1413
494
61
331
215
330
27
1687
951
2111
99
100
174
28175
818
24
25107
369
23
24
512
1243
4382
27
408
2342
8581
367
23
34259
652
76
1193
8162
723
2296
13
3531
227
1343
24
5704
9707
818
723
718
1481
1986
41815
9
41816
61
15842
61
6772
5
1455
27
331
143
3885
23
34259
61
1455
87
2050
13
107
3604
27
1687
10990
183
1410
374
13
890
1267
13
35406
13
1193
1150
57
14509
3787
818
24
223
358
278
456
109
87
1219
2050
13
826
24
77
5
24
310
41817
20565
61
14
27725
9
12858
41807
105
405
16500
2108
34
327
128
64
215
14045
445
24
4563
262
331
1031
149
886
9
628
149
244
32
57
24
512
104
16118
104
4462
5
41818
2826
61
40
1786
16036
149
821
692
27
41819
262
327
825
278
13
2528
76
24
415
57
15329
34977
69
116
71
23
24
18708
367
14747
5
6618
262
6783
37
16085
16086
17851
54
7634
28143
123
1986
23
34259
331
5692
41820
149
2765
24
512
61
405
57
24
2734
25107
61
40
16036
149
3486
27
396
149
14
2250
14088
27
331
119
1191
57
8041
23
327
912
2235
484
358
174
290
6649
912
3274
34
122
230
13039
9
47
192
23
9577
87
10531
27
413
6348
136
99
100
5169
5
417
122
2534
7251
499
27
187
2531
9055
834
822
25480
61
5
6526
496
1211
61
621
57
542
825
107
417
123
24
6783
2544
27
41797
2206
262
1687
9939
99
14
3833
7251
499
5
1245
41821
1303
27
3877
183
87
752
13
1303
24
1229
5764
13
24
1479
57
1229
723
2354
2189
218
12858
61
24
594
752
1017
87
24
41822
515
610
1248
64
398
57
515
7251
27
1687
408
2296
15706
1022
1030
41823
41824
61
41825
61
41826
61
358
704
2502
14
398
23
834
24
9803
5689
27
2819
14
29225
222
57
1772
61
14
9405
222
57
1772
61
625
372
14739
24020
61
183
718
19673
1426
851
41827
119
5781
5542
34
110
87
13
38776
853
5
1502
61
1145
41828
705
1011
146
27
9676
822
23
32
738
5
723
4997
444
36271
27
13100
13
1890
262
327
37
110
369
3539
34
24
367
58
2590
24
41796
4517
27677
262
327
369
319
185
14
13039
47
4111
23
34259
64
358
41829
2786
76
367
26990
825
1119
166
9
67
1229
1327
625
13737
738
702
2842
15287
40
1245
110
825
444
1245
5564
61
9384
185
834
758
358
6651
41823
41824
5
622
41822
23
24
1816
27
119
41798
99
24
3065
13
9055
834
168
24
700
83
57
621
136
912
1816
87
4982
13
24
174
5
496
5150
2243
223
27
41830
13
24
4517
5
622
39502
2042
1240
61
14
1389
6912
1238
38632
104
290
6649
912
65
2243
442
13
1193
110
129
2291
24
36
76
3396
29269
5
19035
27
41831
61
41797
3748
846
13
1728
41832
58
1011
3828
9
36141
146
23
24
41796
4517
27
999
16546
24
327
110
1789
14
849
6191
1284
515
1222
358
2354
1622
13
15956
15329
34977
34
1298
146
185
1750
27
246
327
1129
24
41796
4517
13
5615
367
57
34259
246
119
4517
99
1779
9
57
9
24
9
8148
41798
61
1129
91
1744
11960
37
31039
246
777
2118
2434
1963
3170
3301
75
6783
8149
445
1961
246
26590
91
310
14804
64
41833
24
331
4515
57
3943
331
23
4440
246
10896
369
9925
13
38776
41834
705
41835
23
3943
5
41796


