258
972
23034
261
262
23569
264
61
2265
534
558
268
269
262
7827
264
61
2265
534
558
51743
525
20668
3582
61
334
12815
5
26327
363
9
506
9
2033
730
99
623
13
4568
2707
14
5769
57
14
5720
13813
818
515
2842
622
272
718
278
122
9146
799
602
27
2015
3400
853
51744
9197
87
3981
29229
21617
5
19602
14490
34
525
30018
8491
11580
61
926
44
244
1728
2372
834
539
926
149
13
107
2050
13
6846
218
24
5591
9
251
9
41488
4571
27
22529
13
442
622
272
278
122
35
9146
12427
61
24
51745
61
4777
5663
2114
13
4722
525
2534
2211
20600
61
331
723
2290
278
14
1021
257
902
40
646
37
600
14
11536
3022
13
2391
2237
13
8262
61
496
37
851
11536
3022
778
331
521
10112
34
10113
4355
51744
9197
1921
14
1435
1608
13
278
11546
1391
13
26431
37
818
515
358
516
15197
3225
13
24
5591
9
251
9
41488
4571
35378
503
35
751
61
51744
87
537
2237
13
14
725
3613
13
6846
387
9
40
2372
57
819
5
45
2151
61
926
1545
13
157
64
3096
272
64
1243
824
24
1271
692
17248
64
525
27
1042
2255
750
525
449
26431
37
331
12268
331
531
61
23
502
24
7720
2804
51746
32
7302
13
24
5591
9
251
9
41488
4571
34
705
620
781
1392
183
18789
13
4761
27
51747
1172
51748
61
14
485
549
5
1435
2230
61
14
5538
833
531
149
8109
185
592
515
4722
104
334
10531
5830
1145
24
13360
5
2339
218
51744
37
74
13
444
5430
11546
1391
13
26431
37
27
119
1392
37
650
2
64
420
868
64
8091
8092
9
704
7520
104
14
796
4051
1481
47
91
51748
23
51749
27
51744
76
525
2255
51750
5
571
2006
9
24
8491
11580
926
87
776
2
1755
525
13
1248
405
4513
1123
23
525
855
51744
9197
2325
104
14
20585
23
4777
13
3934
1607
926
1545
13
442
4568
24
3225
34
1435
119
363
9
506
9
2033
129
3529
2151
64
331
837
493
331
825
198
13
6846
23
24
5932
5
17522
525
725
691
5714
515
346
362
24
55
493
1267
5
144
484
739
7314
61
14
16607
51751
11546
105
100
1391
91
272
1921
13
1014
23
5250
739
27
162
6659
13
24
438
2947
6912
515
358
825
1094
15197
13
24
2936
272
37
1435
61
26431
37
825
107
605
334
5185
2947
12970
23
17383
57
51744
27
119
108
9
738
9
539
51752
5887
19992
149
4001
76
525
1296
5
9440
3976
166
1267
484
46038
40
24
3991
730
1770
525
2219
1435
20987
58
2496
525
448
61
2006
5
51750
9197
515
926
1308
244
1030
13
331
444
331
2241
605
1465
33
27
51744
37
531
404
23
1487
17154
13
3896
34
2842
1533
15195
13
107
12427
13
2351
3233
272
27
119
19599
730
4934
525
18310
6557
104
26431
37
51753
10459
2095
20585
185
24
23671
57
534
5
3793
617
13
24
1651
76
525
39588
6270
27
119
11546
2084
91
24
8986
13
24
4051
23
51749
4777
502
149
1481
47
13
2528
76
24
27523
58
51744
37
531
149
1399
2334
24
13360
7478
704
24
1392
37
288
2453
2334
14
9095
5
319
13
26431
37
51753
10459
2095
20585
331
11552
4761
61
628
629
51744
61
24
32
76
24
11580
27
5591
251
41488
99
2236
14942
846
61
331
330
51744
64
926
42306
14
14612
27
331
628
1028
13
377
32
1533
1017
61
331
926
359
123
525
6270
27
331
1134
87
707
20600
5
628
1019
723
2831
1153
183
401
27
727
2290
278
14
1021
257
902
61
40
646
37
600
14
11536
3022
13
2391
2237
13
8262
27
331
15334
810
496
37
851
11536
3022
27
6569
723
27
108
15558
27
331
119
5548
57
24
272
99
1921
5
623
51744
218
525
38770
322
5
11
13
405
716
11546
13
4761
76
739
15195
27
331
11552
4761
61
628
278
1690
628
2296
61
144
1425
14733
3976
34
739
61
331
87
32
1392
515
51748
1520
926
99
309
27
32347
262
1134
1392
5315
34
4761
37297
13
532
14
14733
34
3976
34
704
24
4703
308
5
34
7079
13
1728
2628
16
26846
5
13
1728
11248
449
542
1134
1392
1400
13
45
1095
34
822
34
739
2
4761
9
40
183
373
2168
26431
37
13
15197
2947
16
13
1435
13
442
4703
272
14899
51750
149
14942
401
91
24
41716
57
24
272
27
331
4816
24
51754
5
24
1205
57
1508
272
4084
1465
159
61
331
330
51755
149
45
449
4761
14758
51756
61
183
149
449
16885
122
5150
5
122
8358
5
122
15195
27
331
25343
2176
183
87
515
723
3320
183
37
144
10080
5
10454
5
496
718
610
1018
13
107
1211
13
622
308
27
331
119
485
840
515
24
322
515
51744
87
3880
825
43382
5
22045
24
51757
61
502
87
24
2146
57
14
51758
27
999
2356
970
61
51744
37
571
2006
510
24
485
133
13
4658
14
27970
57
51759
502
358
6535
47
23
24
16765
4392
922
5
609
358
2339
542
76
14
34707
18138
5
1653
27
331
51744
912
11580
87
29206
185
405
57
525
12365
9803
61
502
4063
183
1098
34
525
13
1994
3401
40
926
373
10123
47
24
1547
3451
926
1652
61
331
51748
330
13
24
4772
3801
27
119
485
840
13
198
13
6846
23
24
5932
5
1348
358
1018
358
840
13
278
944
2
405
57
24
775
515
358
278
623
850
122
9146
799
602
27
246
51744
9197
1921
2707
6912
620
781
11546
13
107
1391
13
4761
34
26431
37
331
12268
331
531
9
34
502
24
7720
2804
6470
13
15197
2947
16
34
421
246
35378
166
1267
484
46038
76
30018
8491
3976
853
51744
638
244
1019
183
149
613
34
525
13
444
525
9146
13
738
13
6846
2241
605
33


