258
1704
50732
61
17592
7790
12921
119
30181
4709
87
13
5461
24
2865
9825
91
1579
273
515
358
825
1018
122
7508
13
8259
61
1579
4781
330
1671
27
691
7355
13
102
2
36164
55161
5
2977
634
5
7079
2
33835
775
24
3317
13
221
14
796
2639
9
4797
9830
1348
358
1862
47
64
55162
27
842
582
10650
825
1359
13
221
24
4797
9825
3208
358
1095
34
24
33835
4203
27
521
159
34
522
18456
262
119
1617
9825
61
781
91
7714
3512
9
11736
61
174
61
23
40535
61
825
107
17551
91
582
10650
119
829
3724
14
29240
1411
24
55162
5
24
55163
61
129
505
237
506
130
704
9403
13
8259
5
5513
2
24
10060
7079
369
1414
13
221
1348
358
4458
27
187
149
6796
91
482
4781
61
129
3990
24
55162
34
1687
55164
24
685
57
19193
17558
119
30181
3532
13
151
8259
23
1579
3017
10025
9830
3522
454
57
10020
18
1720
24
1566
912
316
2511
3345
14857
2831
1359
13
514
5513
64
32
57
122
6114
33020
27
19738
4781
330
23
3094
515
122
6048
912
6326
5100
515
7079
129
1862
47
2831
9825
13
1687
603
707
55165
149
1687
55166
449
10029
5
1687
36163
405
7079
5
12931
2
1913
19237
6117
582
55163
1094
9830
1687
13
107
602
13
55167
5
1687
13
8819
707
27098
27
842
30181
948
330
1671
515
256
14
46916
20917
1687
24
12729
30181
55168
553
23
513
5
37664
553
5896
2101
64
14
4709
515
31018
14444
5
5513
64
14
12729
3551
57
1579
46024
55169
262
119
11842
57
8890
7275
664
2
14
125
30181
23
555
27
119
14708
13
24
1044
23
24
9825
825
107
17551
64
758
27
119
829
3724
47
14
582
3551
57
2482
34
10650
1411
24
316
5353
27
1477
24
55163
5449
334
704
9
5784
1060
61
55162
278
4312
7079
64
273
647
24
7050
5
1094
278
1533
1284
55170
7079
94
55171
273
27
119
30181
55168
61
502
4692
2
24
10081
57
24
4709
23
55172
61
10595
515
582
273
17814
262
1687
618
707
514
61
628
9825
515
628
825
1018
707
512
61
13
1018
707
7508
13
8259
5
13
24
1044
61
13
442
622
308
5
13
151
24
30181
55173
5141
1575
34
24
1153
57
5724
61
55174
5
42357
278
100
787
647
12063
61
637
704
278
3866
14
4797
14708
27
1447
369
663
1575
34
2734
273
502
1119
542
13
9830
7508
1687
13
24
1566
23
502
628
1835
1094
55175
1537
1284
13
24
1044
27
119
582
31826
34
5370
1520
262
1687
618
707
514
628
9825
515
628
825
1018
707
512
13
20217
612
30181
1638
61
13
1018
707
7508
13
24
1044
61
13
442
622
308
5
13
151
24
30181
55173
30181
1702
7203
1786
55176
330
1671
262
1687
1984
1579
55177
2079
24
4709
99
5910
13
21847
5
902
10677
334
752
1431
23
515
8999
27
331
187
663
14704
24
16275
13
1510
3438
31076
5
27950
13
704
18883
57
5529
515
183
10452
27
1687
408
369
14
1638
9
1893
4709
5
4194
14444
5
13702
553
14
3604
3551
57
24
55178
34918
27
1031
825
45
46294
55179
2
24
3017
55180
6796
24
1454
27
119
6112
5295
2465
13768
61
5249
57
327
294
57
55181
5
3156
61
330
262
1687
397
24
3291
4156
30495
15387
61
610
5449
14
21812
5580
575
24
3308
57
775
532
5744
5
1302
23
4797
10029
27
7100
262
10958
6031
57
24
3052
18773
8930
330
215
12418
24
19738
37
1708
24244
1687
162
21682
308
57
704
27998
5
2185
13
55182
122
13702
55178
99
15387
515
183
87
365
1243
61
5
628
516
3335
42393
61
13
55182
24
685
57
19193
562
5
45
13
15671
1302
13
34592
5244
9
55183
10958
6031
57
24
3052
18773
8930
6796
24
829
40
330
262
1687
408
1019
24
55184
352
13
237
1190
149
53795
1591
27
691
1459
14
36164
34280
34
421
27
331
1134
1708
55185
635
308
57
722
13
221
14
829
449
496
358
1014
104
14
227
23
122
763
1348
5293
358
278
1013
55186
246
187
149
2114
13
6651
24
2865
34280
58
14
493
9
751
20917
246
55162
13531
331
13
1018
707
7508
13
8259
331
61
64
758
64
24
1044
246
842
14
582
33835
4203
76
709
4797
9726
825
107
1459


