258
3955
40509
261
262
26973
264
61
916
1078
558
268
269
262
48890
264
61
916
1078
558
119
692
1017
449
361
14
1804
6558
104
14458
87
723
444
13
850
24
2175
61
47
1015
5
2211
27
842
183
718
278
1579
48891
820
64
237
1804
6558
743
58
3431
1805
23
24
700
5267
76
14
233
1903
104
29731
2288
144
64
926
149
2394
183
133
27
119
315
392
185
3354
123
14
5887
9
2535
112
1411
3424
37
6006
9
11945
11946
5
48892
4591
2
24
4744
521
159
34
522
251
1590
8819
91
48892
4591
6256
1795
14
1804
6558
64
54
6733
6006
9
11945
11946
7254
119
45185
6558
18691
24
233
87
133
820
64
183
5147
1795
525
855
123
24
5887
9
2535
112
104
14458
11969
24
7749
61
926
216
13
4005
820
820
40
926
87
45
1165
1487
5
183
3697
525
700
5267
22615
11946
17379
13
24
2352
6558
123
24
43
37
29482
112
185
257
374
104
14458
4338
22641
15319
4591
22989
14
3924
44555
8819
61
32
11924
25319
19970
262
331
9940
61
48893
515
37
709
818
692
27
579
2168
1805
23
24
5267
27
1031
46356
61
4155
27
331
397
926
149
7879
868
91
334
48894
61
215
359
262
331
579
87
361
40394
13
24
4480
5
825
23
704
32281
278
13
107
6807
27
331
48895
185
525
19966
61
215
330
262
331
579
149
933
525
620
47
646
61
753
13
221
24
1724
820
926
373
53
24
1724
27
251
1189
19934
23
24
5267
646
27
331
119
1804
6558
61
552
5744
99
45
100
3283
69
23
7004
76
14458
1398
71
61
149
20354
91
24
1651
1348
926
149
7879
868
91
334
48894
58
361
1805
91
24
29731
2288
233
11946
32724
13
24
11281
57
24
103
1804
6558
256
24
315
251
1609
330
515
655
183
87
14458
1398
13
221
1969
24
5251
57
3062
48896
61
24
5251
57
1804
7606
369
45
53
1857
27
119
2544
1981
1802
133
13
107
14
1189
501
57
24
48897
48898
185
943
951
15
27
3627
503
638
24
110
738
23
61
133
61
23
61
133
64
358
510
13551
2
24
48899
30721
18
43451
61
40
621
663
4995
13
219
445
13
24
10895
1547
104
3833
5851
34
310
48900
27
119
112
1411
48892
4591
69
174
71
5
11946
61
502
105
2859
104
916
5977
185
3354
61
638
45
2837
641
48901
1671
61
1348
14
25510
6870
2
24
22615
61
54
10102
57
24
5136
61
13682
14
916
9
608
61
741
9
608
61
608
9
916
61
608
9
916
5887
9
2535
17
48895
185
525
19966
61
14
11924
25319
330
262
331
579
149
933
525
620
47
646
61
753
13
221
24
1724
820
926
373
53
24
1724
27
251
1189
19934
23
24
5267
646
331
119
22615
3567
14
20485
2876
123
24
112
119
112
61
502
105
2859
104
916
5977
185
3354
61
638
45
2837
641
48901
1671
61
1348
14
25510
6870
2
24
22615
61
54
10102
57
24
5136
61
13682
14
916
9
608
61
741
9
608
61
608
9
916
61
608
9
916
5887
9
2535
17
27
21821
15319
11946
825
902
2502
20497
20498
23
334
1761
13
5615
35
506
912
1876
13
24
35
1413
27
1307
2502
5912
104
29024
1671
61
4591
149
1330
91
14
1481
13
603
27
842
11946
61
2154
61
149
24
32
13
826
2
24
7626
11661
61
1083
8819
5
2058
23
24
1462
2544
27
3672
723
639
24
5744
57
24
2352
1804
6558
778
816
818
61
1425
6849
703
104
48902
251
233
627
2531
4591
58
215
46785
123
24
2544
11946
25491
34
118
64
215
72
54
81
18
4591
246
29954
6558
105
100
2394
133
1348
926
2168
4430
23
24
5267
91
48892
4591
37
8819


