144
292
29184
293
16
29185
138
1
406
359
151
291
287
16
29186
138
1
406
359
151
3063
485
82
44
4268
0
5048
3189
42
102
69
54
6
299
47
148
1338
4641
2
14647
194
6
0
147
784
1
292
4
9708
10086
444
72
4274
2415
0
64
9
14648
3261
69
5
14557
14558
412
6
3047
1
17
10172
5696
4648
4
3763
9
7365
39152
2
89
81
70
68
10086
1
4468
1
10
1463
17
5738
843
651
2
57
1413
0
295
34
3
517
42
7488
6719
9
1669
381
16139
1
12
0
23822
6308
339
29187
1
970
1
3
356
69
5
16140
2
1823
5960
16
292
4
9708
29
40
1122
3
505
0
1255
3
5284
23281
9
62
225
1788
72
2992
3
29
25
39153
31
0
1617
1563
9
39
292
10
1463
17
5738
843
651
2679
264
1255
16
9708
4
292
10086
444
0
81
485
82
2415
0
29188
69
42
23823
1255
1890
12
5
16141
8197
438
163
4
7
7585
14399
15857
16
9708
131
9709
29
226
28
724
140
3
23824
42
1255
50
30
158
40
12
0
39154
6
0
2279
163
191
397
42
3560
1255
10
91
1200
49
1
2179
31
2179
1
39
0
295
47
179
20361
78
88
25
34
3
165
133
62
44
58
225
5
72
2992
1655
3
29
25
7809
49
4
1372
17
23825
2
15
1617
47
1563
161
0
1255
58
32
35
253
29189
11
111
10239
3
3205
2
15
295
1
38
29
398
126
1
392
98
505
0
1255
20
6251
9
2740
2628
23826
11224
3
5284
23281
2
2241
271
10086
1
713
1
22
16
35
57
47
5484
3
2056
0
1255
49
4
177
80
136
504
147
165
3
739
2
292
13
253
1312
3
183
110
13
159
12
1
86
14
13
5
8489
2
35
15
1255
30
40
136
142
47
147
4
24
183
25
47
289
75
5
396
6
6373
77
0
82
2
7464
194
218
836
0
295
29
78
0
1255
13
86
3388
25
58
32
8
253
194
8
11
111
10239
3
3205
25
7
97
1043
5218
8
20362
8
16
292
4
9708
22
25
10
8
5484
8
14
80
42
504
147
8
10
11
739
8
15
260
16
15
577
7020
10011
3775
23826
11224
23
8
5
6251
2740
2628
381
16139
53
41
346
51
7
23827
39155
8
27576
49
16
89
0
1255
10
369
91
1200
49
397
39
9708
3578
27
1264
9
16142
280
3
185
784
3
3852
4
23828
90
0
20363
356
7
35
292
13
627
991
0
267
1
4
3
1580
48
1959
28
136
20361
10
5
1907
50
60
107
141
252
122
17647
271
10086
30
20364
1264
9
16142
280
3
2212
10097
0
1255
1
50
30
40
1890
12
1402
1
7
14399
4
10
5
12464
7
169
4634
2
15
295
61
157
3
661
25
3
0
270
3
1251
279
11
841
2
2551
33
6505
23828
1
119
39156
28
2140
4205
29
204
125
6
0
20365
3852
2
271
10086
22
16
35
281
24
34
0
71
24
58
84
25
1308
1
45
95
315
13
86
1312
24
516
141
517
59
2
35
57
47
11544
44
33
450
3
766
121
133
25
47
128
39157
1529
1234
16
3626
13
0
1255
91
1115
7
0
87
82
6
0
1234
4918
13187
16
139
13
129
0
1255
592
39
0
87
70
6
0
1234
9548
2651
16
139
13
129
0
1255
592
105
82
69
0
1234
96
22
36
4
27
315
34
300
34
5
205
573
17
0
16043
6
0
23822
6308
1
4
14
44
34
4009
0
295
3
1014
0
1255
2
68
10086
1
5
587
1832
1
10
1463
17
5
843
3188
81
534
2
3083
22
21
76
495
11
178
82
45
19
641
13360
20
0
267
6
81
70
2
271
10086
1
38
13
98
4912
12
2081
1
22
16
35
57
47
504
11
80
6
282
2
101
169
1678
0
1255
13
0
568
6
95
10899
122
17647
523
7841
1
3967
1018
3774
11
0
23822
6308
1
22
16
35
104
29
469
3
32
23
14035
23
60
73
4
3
355
271
10086
67
71
45
60
29
3
124
25
885
0
102
886
1309
11
216
39158
52
729
25
58
752
4710
72
2992
3
536
0
1255
4
210
23825
94
2
249
271
10086
30
1145
110
36
73
1
48
46
32
1715
9
39159
2
15
390
230
16
15
807
22
292
76
495
11
178
82
45
19
641
492
645
20
0
267
6
81
70
4
0
295
76
100
879
495
7
0
6719
1669
1988
9
1115
16139
2266
16
15
29190
13112
90
0
4641
334
16
15
29190
13112
39
54
70
6
20366
2266
16
15
1368
90
0
4641
43
39160
3381
16
65
70
69
0
1234
2
15
1255
58
170
154
5
557
851
82
3
1046
378
0
267
16
135
758
0
1617
1563
4009
0
295
3
1014
0
1255
4
33
1937
1591
6
292
18
641
26
9708
4
292
10086
444
485
82
2415
29188
69
1255
2013
26
89
19
2095
817
44
392
517
23826
11224
7
29187
1
970
26
6308
1563
98
161
1255
46
32
8
253
194
8
3
3205
31
111
10239
26
9708
131
16
8
57
18
40
136
142
18
147
4
289
5
396
6
6373
3
75
8


