258
1172
28525
5
887
31857
261
262
28836
264
61
1011
4824
1268
268
269
262
28836
264
61
1011
4824
1268
999
57
3440
912
594
3355
642
355
5145
6095
1671
13
4886
515
2102
6918
718
45
107
10577
27
16548
39579
330
355
104
705
1191
369
1687
39580
39581
5737
652
57
24
80
102
13
164
2102
27
119
11528
8789
330
334
1687
39582
76
2706
642
3368
18
1533
1284
14
754
99
174
14
5455
57
30011
11419
27
5848
262
1707
5856
16918
2007
330
2102
6918
718
45
107
11455
185
396
149
3843
91
622
3355
1960
129
330
1245
5602
369
1687
39583
23
834
358
4197
24
1777
57
10443
174
91
1121
27
691
330
3096
10938
2
7466
13
18750
12161
5
2958
1187
369
39584
101
9
1341
61
8838
652
5284
4793
4372
23
642
27
2318
622
1006
9
4185
4664
1155
64
318
3786
5
4325
61
64
758
64
3207
7549
5
3251
369
174
445
2805
6918
27
378
104
14
4463
57
642
13188
61
808
39579
330
4748
57
3860
7464
5
7466
516
25419
1222
24
1687
21621
39585
57
2102
149
3283
27
1687
39586
61
628
1019
61
610
369
373
933
102
185
355
13
1018
704
358
718
13
38605
5
5408
2102
39587
215
330
27
1687
119
4878
87
1222
610
2236
1545
13
444
13
444
24
134
23
2102
610
516
850
14
2529
5547
23
3860
7464
27
1687
187
87
1720
610
278
24
13581
13
1431
868
2
2102
38823
5
24
14920
76
2102
6918
5
1454
13
14
1189
1455
575
610
1018
8023
1264
27
1687
187
87
6034
496
87
750
13
846
91
3096
5602
373
87
515
1690
308
1018
1690
358
718
13
221
4149
2102
87
45
2050
47
27
1687
119
10637
87
2276
1206
13
32815
27
1134
87
29107
1515
91
496
610
278
456
18
24
139
754
27
1687
628
1018
1013
1019
358
1018
183
652
358
369
28539
14102
61
358
369
2931
183
652
24
102
87
185
13
4030
38883
808
39579
912
18003
39588
1105
11672
14
15281
1411
24
8058
5
24
498
6095
57
642
27
691
650
4741
341
515
405
5602
369
14129
14
204
23
5760
2102
34
24
55
227
23
3096
494
27
119
5161
1520
183
99
3068
704
642
8661
13
3051
471
12549
5
5428
642
13
107
1687
414
9
15978
2102
39589
27
842
5602
369
373
19486
91
122
3368
185
3604
10437
5
13188
330
237
12772
14
16625
102
13
1264
64
2347
10938
64
1243
27
869
237
632
14
3269
11380
798
3327
14
14069
1348
215
750
14
3907
7165
515
10938
369
28529
23
14
1687
28530
57
28531
27
39590
262
15139
1960
57
808
39579
330
5602
288
37581
1348
183
650
13
39591
24
1777
57
10443
174
91
1121
69
394
467
71
3846
288
750
2805
5737
369
9182
28528
91
355
15049
13
3193
358
369
2540
24
4374
7765
27
305
1671
912
4463
57
24
3111
57
1702
1707
368
69
38881
71
61
1707
5856
16918
2007
149
750
2102
6918
4140
718
45
107
11455
3858
27
909
804
39592
61
129
6256
11254
2425
1707
61
330
24
1608
13
748
17553
798
1533
26078
99
11
13
1245
39593
57
834
10938
369
19322
27
396
330
262
1687
408
704
639
61
11612
61
515
1231
2102
87
33011
39594
652
646
369
818
3096
25014
23
183
27
1687
187
87
45
449
1687
39595
6918
61
1348
723
2391
104
24
1533
12412
2745
57
2102
646
87
14
1581
1698
57
33854
449
1720
358
369
10938
1185
12835
842
808
2007
4673
12905
61
2496
8789
16267
515
34093
2102
6918
8293
14
1687
12884
471
39596
5
87
1687
1594
9
39597
39598
27
396
330
515
6678
1018
1013
1812
5
81
6713
91
1687
25502
24
39599
5
515
215
87
1687
5246
5
39600
91
24
1400
27
10038
1222
2102
6918
369
12511
61
808
2007
10479
262
1687
162
594
597
358
369
27
408
825
107
537
821
11847
104
496
610
278
39601
119
642
8455
61
17807
39602
57
31712
61
87
11855
14
3728
57
834
704
5602
1264
2102
27
187
87
1622
13
2684
17753
4949
23
1720
4143
2284
2831
107
21536
64
14
2102
61
5
1222
818
61
496
3258
510
513
27
16268
1702
8707
3918
39603
61
129
87
24
4156
68
185
2102
6918
61
3818
3368
8661
278
5347
1687
39604
39605
27
842
215
330
23
3096
597
355
1018
45
1264
10437
23
24
1687
1857
38059
61
34
5127
18
14
14948
8965
1185
1348
14
318
39606
2
82
27
5298
1107
34
103
1185
13218
1239
44
1687
4793
57
39607
61
223
102
5
7150
26078
61
215
359
27
808
39603
330
262
1687
4885
17321
24
642
333
76
24
6758
57
1239
2102
39608
246
16548
39579
330
5737
369
25680
343
13
102
13
164
2102
246
11528
1702
8707
330
646
87
334
331
14920
331
76
3368
246
18699
10938
369
101
1341
652
5284
4793
4372
23
24
642


