15
172
18
118
8
669
8
9180
15136
33
3863
42
87
284
2
4778
1
4295
4
5108
1
28
2310
1
43
1050
386
7
5
984
9
876
1481
81
522
4
33
3863
5
263
7
600
2
4295
1
918
1
13
1326
39
3435
20597
520
319
37
4980
16401
4856
1
4
0
4915
1117
951
3
29
105
126
9
54
11
277
6
88
2
297
94
11
167
4778
1
384
1
4295
1
918
1
4
5108
1920
1
2125
1
53
2812
9
4258
51
28
2310
1
4057
1
33
0
172
18
87
669
9180
15136
4
33
3863
5
442
263
7
600
15
951
20
0
638
13
14
4295
46
1980
80
0
126
9
2692
319
27
5402
8
3711
4
3605
16401
9
45
44
33
661
3
108
2879
1
199
23
7982
2
5108
1
2125
1
131
16
8
15
610
13
3
29
105
1242
10259
2
104
300
3129
14
0
126
171
202
25613
0
296
2
8
4778
1
4295
4
5108
1920
669
7
5
1481
7
522
151
1
56
277
6
42
13794
1477
88
94
0
6811
2
828
105
223
1766
599
897
11485
4
8119
12234
2
15
86
9
180
8
25614
8
614
17
5
2561
117
1564
38
4787
49
0
9156
4
6951
0
1481
86
14
80
105
6
88
43
31912
4
4335
3
277
108
2
657
5108
4
4295
33
5066
669
1
4778
13
25615
3
234
86
0
15136
33
23
5485
669
3
277
108
23
5066
686
2
15
8
669
8
9180
15136
12
42
897
132
7
522
151
4778
1
384
1
131
16
8
294
416
23
60
183
1
92
33
74
156
108
105
223
38
33
669
109
282
2
8
57
10
99
7
746
14
5108
87
649
4778
162
37
478
1829
569
2
6496
44936
11017
4
14923
1
5108
34
40
669
1165
90
3
223
4
234
3675
34
116
27
7909
14
31913
2482
43
74
11
27
2
1643
3061
11017
1
4778
34
330
14
36
10
31914
150
232
164
2
96
3052
16
8
24
34
300
4632
995
9
38
892
44
34
18196
62
21426
9
43
61
867
3
1277
121
2
8
24
202
273
14
194
63
25
4
24
34
202
228
8
226
55
8
23
25616
3
95
280
4
117
2
930
121
1
25
10
79
129
24
10
2
8
5108
4
4778
4632
11
398
187
90
1076
7
386
2
924
82
192
1
44
4782
5
260
386
2
3514
234
1824
31914
2482
90
1
4778
4
5108
592
11
5
439
211
3
1428
88
2
334
5
333
732
44937
1
4778
4
5108
803
37
25617
295
18
1709
2
5815
1
44
489
5
827
28
4295
2
2266
935
4778
4
5108
1
4295
34
40
7
64
189
9
877
2482
17
266
2
527
87
573
6076
851
82
4
36
34
40
3501
3
27
200
1133
2
3061
4919
1
4295
131
16
8
581
200
1133
4
24
34
40
386
11
418
82
45
5
333
187
90
136
897
1
21
180
0
1030
551
103
340
6666
2
378
87
1
24
10
5979
45
98
1
24
351
5488
11
110
21
107
2
8
15
1030
677
9
49
680
121
3
228
181
63
38
24
10
4
24
1738
14
24
34
41
40
3354
3
1308
2
380
6209
1
24
1738
14
24
34
74
40
596
7
95
1033
31913
2482
4
24
658
14
24
10
25616
2
8
24
207
49
37
25617
1709
11
1308
4
467
1829
37
9087
211
17
0
596
8165
6
27
315
2
135
43
5
4055
295
45
60
1182
0
573
39
24
34
3
356
184
2
8
7266
39
14
12198
677
9
49
1
24
224
357
4778
18
4
4295
18
25617
1709
4
408
44
43
350
11
5
439
848
3
1428
42
8
3051
4788
1854
8
2
8
15
8
25614
8
33
1117
1371
3
29
105
2785
1
54
11
277
8
227
8
4778
1
5108
4
4295
219
11
1740
20
5
1411
10847
11
42
87
1277
4
1006
3438
277
108
2
4778
131
16
8
221
10
37
6271
5191
17
4295
45
24
181
60
80
228
18036
56
60
17120
9252
386
12
136
1455
1277
2
24
107
74
183
110
361
10
268
0
105
6
282
15701
109
14
2
8
5108
2139
16
8
861
4778
4
4295
1
457
1085
116
1378
2
57
10
23
112
0
17680
10
1085
1046
17
80
105
2058
2
8
5170
5
333
187
1
4295
622
7
17
4778
4
5108
2
924
82
192
1
44
756
3
124
669
39
4295
3627
0
961
3
88
2
4295
131
16
8
24
34
300
404
3
124
669
4
24
4276
4778
4
5108
14746
95
3914
307
24
34
5
128
1848
14777
4
984
34
300
40
37
650
7518
6
4173
11
121
2
104
404
3
2029
136
361
7
5
897
109
815
1162
2
8
15
15136
5451
42
573
13
109
14
6
156
1260
295
16
248
3237
17
54
216
1
1559
438
39
147
4
3108
5
1266
386
2
4790
669
3
67
85
54
447
13
41
648
620
2
657
5108
4
4295
33
669
1
4778
13
25615
3
234
1
86
0
15136
33
23
5485
669
3
277
108
23
5066
686
2
4778
131
16
8
15
118
2089
13
14
5266
13
5
396
67
717
11
282
85
605
2
221
33
105
75
86
136
573
1104
2795
25618
9
850
60
84
1110
12
0
5985
307
8
15442
5266
13
10149
1
4280
15852
33
5
396
2514
17
105
75
307
308
73
44938
103
12
212
25355
4
216
447
73
1804
88
49
2
8
5108
2139
16
8
2413
6
282
30
136
220
12022
15852
4
5865
9
24
109
3
181
6
282
5
4227
2892
2
101
136
573
1
24
351
0
1848
20964
2
24
147
5
44939
889
149
4
143
0
1879
6
0
117
18
2332
2
8
4778
254
0
5288
4
4295
254
0
8169
2
4461
1
4295
61
2134
121
17
95
883
4
143
9
49
90
24
165
3
147
2
8
15
15136
444
418
1277
5821
1329
42
2182
897
9
371
17485
4
1677
11
5303
1848
1
599
11485
2
5108
131
16
8
14334
136
897
10
14276
2
57
175
5
396
67
23151
114
92
43
105
10243
553
2
4295
1
5108
4
4778
34
3
147
17
0
44940
6
0
349
3
124
669
3
277
108
2
294
91
669
3
67
85
54
447
13
41
648
620
1
44
34
3
13028
44941
1
5066
21522
1960
4
620
984
2
65
117
1564
4787
49
9156
9
7
1281
6
4442
1
21523
4
620
1102
3
126
9
3
21127
88
80
386
23
194
23
44
76
340
37
3482
105
152
984
2
657
5108
4
4295
33
5066
669
1
4778
1
416
93
1
13
25615
3
234
5108
3052
16
8
1217
114
60
33
74
0
44942
28680
1
24
107
74
188
3
41
124
669
2
104
352
128
1848
75
4
14
1378
10
6459
7
136
897
2
8
249
4778
1
4295
4
5108
1477
94
0
6811
1
277
6
42
13794
498
88
184
2
139
638
10
1225
8338
11
4295
23
27
244
34
845
31915
27
434
3
19
30196
6
27
25616
9
2341
2
4295
3052
16
8
581
244
34
1141
1359
3
121
11
5
894
6
71
39
24
224
55
41
118
23
1813
1
45
23
61
1829
64
223
2
8
89
1780
90
0
897
1
0
14403
467
44943
4
21
1301
3
1097
121
9
19
4063
263
9
94
0
6811
2
57
10
2214
2
8
334
324
42
6812
4
16380
12234
1
0
995
34
5
3016
4621
2
15
4915
107
42
87
2053
3
4295
18
1545
361
4798
1
8
24
893
9404
144
308
8
31
15
44944
8
2
57
10
118
105
187
39
42
1338
897
132
14
4295
865
1326
1
39
3435
20597
520
319
5
16401
4856
2
135
610
3
12771
319
0
222
4585
17
80
6
42
594
15137
2
4778
1
4295
4
5108
1045
103
42
897
12234
4295
131
16
8
15
105
6
282
29
300
404
1242
2
4778
1
5108
4
24
33
1654
3
277
108
4
60
404
3
2114
136
117
2
8
104
756
14
24
58
32
0
54
3
1256
0
2785
114
24
322
67
85
596
3
383
5
412
9
71
1618
2
249
136
263
3682
7
600
1
24
893
32
0
54
1972
0
25619
4
500
0
11601
307
8
15
4915
61
951
12
31916
42
126
3
1695
88
497
7917
31
9614
11
248
37
21524
117
2
4778
9
38
10
888
12735
20
164
9
3052
16
8
21525
164
18
1905
511
11
5
1260
4497
4
24
84
74
188
95
284
3
32
1670
12
114
44
352
941
7087
2
24
516
74
2309
0
961
6
1547
88
7
0
31917
109
14
2
8
5108
2139
16
8
10589
31916
1
24
181
60
73
61
8645
136
1242
3
29
0
222
2591
14
4778
1
4295
4
24
29
2
8
15
105
6
282
29
40
3865
511
3
938
2715
4
165
127
110
2124
992
1260
2
24
610
136
284
46
474
456
3
84
0
222
551
112
44
2080
2
8
4778
1
4295
4
5108
33
18011
3
277
108
4
161
44
84
74
951
12
1453
767
1162
3
42
25614
2
135
610
3
163
0
172
14
44945
13
37
5497
1533
6
361
2
5108
131
16
8
4778
1
4295
4
24
206
41
32
0
16392
45
60
33
3520
1260
2
104
33
1107
75
450
3
495
0
142
14
60
474
13
237
11
282
4
60
3777
0
1102
17438
3
605
2
8
26
4778
1
4295
4
5108
80
28
2310
1
669
81
522
26
4295
1
918
1
34
20597
319
16401
4856
4
13
3863
263
7
600


