293
16
31308
138
1
384
522
190
291
287
16
31309
138
1
384
522
190
4659
9269
10
6426
4
477
127
27
46
4
123
2153
120
1867
7976
345
593
1502
31
5
130
36
34
574
3
11
185
1076
99
102
3
27
296
1
2527
932
12
506
2
2625
161
0
4486
9
83
227
6
5
321
5275
1
761
1841
1
12292
265
10
115
7
37
6636
7
555
7
1119
2004
1
665
1
10
37
8
15034
14604
8
7
0
29177
4522
1654
31
1567
3488
1
7979
15073
4
2304
3556
3974
3657
80
6
1743
43
7
5
5110
9
12728
345
2987
2
372
1960
25225
12
506
1750
14
106
3352
17127
1
345
5190
1
5232
4
18621
1
5
3247
5283
8
21307
19336
1
8
16561
4450
1
5
7022
18622
4
108
7976
9766
28
0
260
0
105
3847
1305
2
5482
115
9269
18
777
4
883
12
418
6
0
1556
2
43549
16
4659
9269
1
903
1
202
404
3
10179
7
0
3599
345
593
14
36
10
5142
3
90
27
466
1
2527
161
43550
2341
16
3386
161
1567
4273
3488
531
5
7976
345
2987
4
10
3456
7
508
55
1867
345
19969
17
19
64
4611
18470
16
3386
161
7979
15073
53
93
51
4
2304
3556
3974
53
122
51
43
196
6
5
7976
345
2987
4
840
3
4522
4
466
9269
7521
559
1863
29
1273
271
9269
445
29
5106
40
553
7
0
7976
43551
6
3488
1
15073
4
3974
2
360
1
2527
98
161
36
10
9715
69
497
69
5
195
17
3488
37
123
4665
1
0
1119
2004
1809
9
6780
607
2
8
10094
12
95
550
1
702
4
493
1
24
354
14
3488
1
15073
4
3974
43
553
7
707
5060
50
1041
7976
1
4522
1
4
5110
1
9624
4
12728
754
508
1
8
186
1960
161
2
1722
230
90
27
466
1
271
9269
34
1997
11
1924
28
321
5275
7286
7272
7295
9269
1
38
10
5532
3
2068
2
15
295
622
28
42
5212
7
2920
4993
3
1119
2004
56
7272
9269
10
11825
20
1137
5237
17289
2
3386
161
36
34
3349
49
27
5864
10
10
3000
3
356
55
6
349
56
3488
1
2233
1
224
3
27
917
12
555
608
4
348
27
3
165
12
5
1740
6632
17
59
1
0
1809
9
6780
364
2
31310
16
4659
9269
1
122
1
1997
11
1924
28
315
7295
1
93
1
105
230
90
27
3764
12427
16
7295
1
122
1
945
28
2068
39
942
63
0
3764
6
19
227
1
93
8364
16
4659
9269
960
7
43552
1
665
1
41
416
28
5237
17289
631
5275
1955
16653
25225
1960
2628
2701
7976
3330
3352
23
530
28
0
260
6
1567
3488
1
7979
15073
4
2304
3556
3974
2
65
8939
874
2324
16
1
96
34
649
3488
1
38
13
5
5275
6150
25226
1
845
56
36
4263
27
427
3
19
260
3
1804
49
385
36
34
1082
478
2
9269
574
94
3488
18
1005
2
360
1
192
7
0
132
1
36
482
59
5
1656
827
1514
112
36
692
767
38
76
185
27
356
2
8
2695
17
121
2997
1288
66
1994
29
178
3513
92
7
0
415
1
8
21
2605
2
96
1301
2
3488
219
3
27
1844
4
1670
27
49
3657
5988
59
5
166
55
17
27
4
15073
12
5
1740
6632
2
96
202
116
25
3
0
6632
2
1217
608
379
69
0
195
2260
1
36
482
5
427
5
2468
1656
827
16
8
7817
2
8
3386
161
3488
123
574
103
27
391
2
2625
354
9269
10
204
3
3488
18
260
1
113
21
15563
15073
4
3974
3
10179
7
7976
4522
2
2045
0
4522
1
36
10
6079
3
193
4
27
1841
265
2862
7
5
6636
1
113
36
10
115
146
230
192
2
16237
1
3488
34
11669
12
37
478
7976
304
14
222
132
9269
2575
14
21
10
21
10
1329
3
29
5
7976
1932
14
872
2
203
3352
5
1227
6
7976
1984
28
3488
18
260
120
5
818
2
15
1041
16
25227
5232
17
11424
12
25
1
4
661
7168
6
43553
7236
2
24996
1239
22770
571
7
2038
2103
1
64
29023
1
5
7022
1158
1
5
18622
4
418
15499
6
4450
2
26
4659
9269
1
903
1
10
115
1841
4
11326
7
5
6636
7
555
26
96
34
3349
49
10
1329
3
356
99
3
4993
79
90
36
10
2153
26
1567
3488
13
603
6
18623
27
69
19
195
123
4426
1
4249
4
18023
27
26
527
777
10
115
12
31311
3330
3352
28
3488
18
102


