0
1
2
3
4
5
6
7
8
9
10
11
12
13
14
15
9
16
17
18
19
20
21
22
23
24
25
26
27
28
9
29
30
31
32
33
34
35
36
37
38
9
39
40
41
42
37
43
44
45
46
47
14
48
49
27
22
50
51
52
53
54
55
56
57
24
36
58
59
2
60
61
40
24
62
53
14
63
56
64
4
65
12
14
66
9
67
68
27
3
4
69
70
71
72
54
73
74
75
21
22
76
54
12
77
9
78
6
7
8
9
10
72
58
79
23
14
80
81
34
24
82
83
23
84
85
86
87
88
89
24
90
91
4
5
92
93
23
94
24
95
96
97
98
99
100
101
102
58
14
103
56
104
12
40
105
106
13
107
108
109
12
37
110
61
11
91
111
9
57
9
24
9
112
5
113
114
115
69
116
71
61
117
34
118
58
17
119
12
120
121
122
110
123
14
124
17
75
122
125
20
119
118
57
24
12
120
126
76
127
34
22
128
129
130
131
52
132
133
57
134
5
24
135
136
137
14
138
139
140
113
141
142
27
143
144
145
146
147
24
22
148
149
150
13
151
133
152
9
153
154
61
40
54
155
156
157
158
159
64
8
9
10
160
23
24
161
27
162
9
163
30
164
24
165
166
146
147
40
167
14
168
169
170
171
22
44
45
172
14
173
27
6
7
8
9
10
69
174
71
175
176
177
9
178
179
58
180
12
37
68
119
181
28
9
29
30
182
53
183
15
9
16
40
12
184
185
34
14
186
81
187
37
14
188
189
23
190
191
192
34
22
61
129
193
194
23
24
195
196
197
5
198
13
199
23
24
200
201
185
202
27
12
203
204
13
205
206
57
207
37
200
201
208
76
209
27
210
211
87
212
91
213
214
64
215
216
13
217
218
34
22
22
219
220
41
42
216
13
221
14
222
13
54
110
40
54
223
149
224
12
225
97
98
105
14
226
227
5
228
229
104
24
230
231
23
84
152
153
154
232
13
24
233
206
57
24
234
57
235
236
23
237
238
64
12
239
240
241
242
75
243
23
24
200
201
40
44
244
245
14
22
81
109
246
135
247
4
5
8
9
10
248
26
17
34
12
246
28
9
29
30
249
23
250
34
22
246
251
188
252
23
190
191
192
34
41
42
37
43
253
246
12
204
13
205
206
57
14
200
201
208
76
209
185
207
246
22
198
13
254
23
255
24
256
257


