331
1833
183
87
1189
331
262
9038
4586
1705
61
324
61
99
719
22152
2
810
5810
628
278
144
4634
2
14
3515
3613
13
22153
1221
625
24
2704
213
2321
23
5810
61
40
709
849
27
724
61
22153
3362
1298
1299
1300
6208
61
17133
91
24
13321
57
24
22154
6292
4809
8035
1060
1094
23
1123
27
119
3308
57
24
2321
912
6471
308
278
7682
61
7003
515
61
1030
622
9255
23
237
6605
61
358
825
107
22155
27
119
14224
61
23
14
321
4975
57
14696
61
278
3375
122
7919
7043
23
24
8322
22156
27
1003
3613
61
101
24
22157
57
24
13321
61
149
3505
1221
40
515
87
455
13
24
8035
57
24
103
22158
174
1778
27
1877
628
285
13
290
6649
912
15547
482
23
3949
23
535
1221
24
503
15547
482
23
24
1032
1221
628
278
719
10439
3554
1022
27
1427
57
707
19190
278
100
1745
1185
13676
23
24
494
57
7464
27
842
628
278
604
1846
1407
185
24
4638
61
1185
502
99
5310
846
2471
818
22159
64
185
237
3613
13
24
7328
57
5810
27
162
24
1317
1032
57
22160
61
628
1142
3096
57
372
9255
129
105
7682
27
2906
18438
5809
369
2453
89
24
3950
4368
61
22161
14
582
213
7989
27
628
2325
13
32
893
129
105
7639
24
22162
23
22153
27
579
105
14
22163
174
620
27
1307
6235
7838
44
45
3051
525
5046
526
11915
61
358
105
4140
7441
445
525
4681
27
579
22164
64
926
750
846
27
119
5809
369
1094
15276
61
2044
57
122
3861
5
13368
27
213
698
288
22165
76
24
1392
1687
22166
34
22167
5
417
13
5712
775
27
628
2011
22168
61
129
1129
13
107
24
19671
57
707
482
23
3949
61
5
1694
13
817
16732
9
22169
64
215
750
846
24
4145
57
54
7649
688
61
1519
360
27
119
627
149
7475
23
170
23
918
57
22168
912
1009
123
334
6235
239
27
22170
262
22171
9255
9
552
2489
13
24
1810
369
5424
9
278
100
22172
2
122
3861
5
3203
76
897
1222
358
1018
45
9189
119
485
105
4534
7328
13
22153
1348
22168
61
129
149
14
10150
416
57
707
482
61
4644
27
628
22173
54
6825
272
646
23
22160
27
119
489
853
627
105
100
901
4586
61
58
846
27
628
20571
1094
705
227
628
1019
57
158
27
1007
377
13
846
262
1687
3601
183
2236
64
3554
64
237
778
5130
1508
22152
107
22174
628
3204
542
262
1687
1833
27
187
87
64
1189
5
3554
64
13390
22153
99
1510
14
513
57
8035
27
2847
308
288
2876
5
405
1221
253
982
1221
288
1687
22175
61
14
230
22070
5
334
5369
75
24
6348
61
5
24
14444
358
105
747
13
15729
27
628
1835
2404
13
377
515
628
278
719
24
520
4334
185
1508
4142
61
5
1835
15388
27
1585
22160
4789
183
401
825
980
13
24
22176
61
64
358
14558
496
358
3820
87
14
582
17181
27
143
2241
22160
646
87
709
840
34
24
9255
27
691
369
2329
133
57
2999
13
738
27
2186
87
2298
23
7485
5810
87
837
22177
27
14466
57
707
5843
185
237
8999
149
13
442
3076
5
22178
237
15049
5402
61
2590
1389
4650
2
24
15547
5249
23
24
1428
61
5
622
11527
11354
27
22179
262
22171
213
775
441
13
10414
122
82
13551
23
24
16936
20288
5249
23
22160
61
7485
5810
2173
183
2256
515
610
369
2574
27
564
87
24
352
57
24
1611
8058
778
408
278
719
455
185
24
1675
27
1856
57
24
13811
15547
22180
369
20034
18
237
1311
4918
27
842
646
87
14
15049
2296
34
1582
2175
61
401
262
1508
308
2296
15816
61
2220
61
21734
5
1449
27
7670
369
22181
27
21663
369
12693
89
22156
13
2371
185
24
11228
27
408
1393
663
1095
262
1687
2186
22182
5810
912
9255
847
1013
817
23
22183
12317
27
305
405
222
358
1393
107
8401
5
14718
27
691
825
10414
13
13348
61
935
7144
61
465
1185
3699
27
3440
99
330
183
825
45
1550
32
22171
3620
27
119
308
57
237
6605
278
105
122
3861
7503
5
5874
484
27
5115
227
24
9255
278
7639
5
1694
33
61
1905
13
13902
17133
22156
5
122
763
27
187
87
1131
13
850
61
1204
61
515
237
825
2191
237
227
27
564
87
122
1159
778
187
87
14
3554
1017
13
9146
61
40
628
1094
1014
515
1203
2175
57
405
1150
87
9683
61
1222
503
13
4030
24
4709
57
6235
9573
61
122
7838
61
5
122
6439
5
7587
185
24
1675
27
2015
237
87
45
24
5579
23
24
402
1876
27
408
2296
3225
61
5
610
2296
16935
27
5132
372
610
278
455
27
10856
3986
13
15197
718
1018
818
104
24
1490
57
24
4571
1312
3995
143
22184
162
119
8036
326
262
22185
246
3989
330
24
1890
57
24
6292
4809
8822
149
9963
61
5
646
87
709
1165
5610
34
24
2536
246
842
149
22186
515
4744
516
45
107
7502
33
89
1675
22187
23
24
1566
246
4744
1203
4190
3283
515
1533
1
105
100
53
75
6235
22188
5
22189


