144
507
491
1215
924
266
43
1311
506
77
37
478
167
14
332
54
6
88
4942
1095
64
12947
2
15
321
3037
18
950
7
5948
607
14
4486
9
83
1214
4785
629
10
1122
3
503
5
201
2933
1226
1
119
4486
9
83
5574
1186
10396
392
503
201
3058
2
1461
266
43
1311
3
64
82
4324
4
392
61
1850
14547
269
6
643
451
2
629
4
10396
43
61
1122
3
13089
737
8
37
2786
4
5
565
6
6938
8
12
461
15
266
277
1184
578
7
359
3
317
62
10617
37
5692
2449
2
297
94
11
167
558
28209
16
924
963
266
225
5
70
7
582
39
4709
578
3
18623
12947
17
5
14610
86
54
76
2953
12
88
321
6844
4
6672
1395
694
467
1664
81
70
39
0
167
10
633
12
461
2
15
167
332
54
130
1
1459
31
2527
23
10396
1
18623
64
12947
3
5
4307
12
5
16818
2107
9007
17
5
381
14610
2
1094
216
130
1
1459
23
629
1
3192
103
0
4307
1
8
25956
8
37
2470
12755
4
5
3895
2
13780
33
3543
31
234
349
4
1827
2294
2
15
8
25956
8
2314
7
359
6
190
4
10
633
478
50
13
129
811
1974
6
0
358
46414
9678
1485
20932
1868
22
21
10
4964
14
629
4
10396
2989
4
10615
0
12947
11
42
220
4271
2
8
939
1335
121
13
212
13343
11445
11
5
3543
2449
1
8
1868
22
2
52
2734
14
112
0
12947
43
285
62
112
92
10
530
0
832
43
900
1
0
266
58
29
40
1418
582
71
2
2746
46415
16
13780
33
9396
4245
14
29
383
5692
23
16819
4
32576
7
963
383
8874
17
2663
4
6944
15
46416
167
332
10396
319
5
19610
14610
3
9155
0
2470
12755
4
5
3895
77
3
5
4307
2
15
130
374
0
710
123
8289
629
3
2953
12
88
2
629
123
13579
122
12
0
4755
6
0
5692
832
23
19
280
7137
59
12
2
15
167
10
123
633
12
461
1
113
25
10
658
31
5
487
546
8339
1
50
25957
25
12
1402
2
249
811
408
0
167
1
44
923
1459
0
266
1497
11
25
467
2326
5
276
127
88
2
32577
16
1214
629
902
49
3
5
70
7
1034
11
8
25956
8
37
5692
12755
25958
4245
16
13780
33
9084
38
4030
1616
1099
5646
4
19610
25011
2
135
33
670
1
32578
2188
6
2406
15
5858
1458
737
1039
8
7
95
46417
885
5353
886
23
46418
0
12755
46419
2067
4
6902
736
885
18875
886
1309
3
46420
12
274
12755
46421
885
5353
886
2
8
13780
33
3543
31
0
963
31714
9642
2380
1
50
750
25
2172
3
10247
1
1797
1
2465
62
1101
3
2465
5
12755
7
963
2
15
4239
1
1965
9084
33
61
180
1099
6595
2
294
963
18
32576
4
8997
16819
29
383
67
8874
17
785
6944
1
12947
9
50
473
3138
339
0
1491
6
0
381
9
29
40
0
20165
819
6
6232
389
9
6314
17
25067
6
785
6944
1
50
30
531
3
42
8318
12
0
5692
2449
874
2
26
4785
629
4
5574
1186
10396
43
780
39
44
633
5
167
6
42
3894
12
0
2945
26
15
584
392
503
201
2992
7
5141
4
1850
14547
269
643
451
26
13780
33
5692
832
4
3543
31
0
5692
2449
1236


