590
67
85
5
5206
82
0
1848
257
27327
30
40
371
9968
10774
2
89
98
0
1899
9899
13
3
32
2719
31
0
8956
357
194
6
0
264
2
2736
9
428
9249
12907
30
786
80
6
97
17044
4
2933
1783
18827
3
30510
47
16796
11
72
24814
2
3801
6
37
3796
16
975
2678
1
782
1074
6
9249
12907
1
22
25
107
74
978
38
3930
0
298
16796
133
50
7876
8414
1729
140
0
172
133
46
154
742
6
146
17044
20
57102
1
339
2140
1
57103
6184
1
1653
160
1
57104
1
4989
1
4
57105
1
7
1554
1
23
168
23
140
1913
27328
2
975
2678
1
782
1074
6
9249
12907
1
22
16
35
57
206
32
2251
31
5
1036
839
45
3904
361
0
27327
133
25
254
141
978
38
3930
0
57106
57
3990
37
267
6
37
3796
11
9249
12907
1
23
1783
4163
140
1913
134
153
6
42
656
2
15
839
46
98
1364
12
42
6026
3526
7691
4
10398
283
3429
4004
2
68
2678
176
16
35
101
0
187
515
60
46
84
80
60
73
3
15875
0
13298
14
60
183
209
47
546
46
934
11
0
169
75
3693
17
136
35751
9249
12907
1
299
47
1404
8414
626
298
1
30
2217
3
1812
12
1506
3793
1783
1764
25
682
3
6268
81
70
4
30
40
1414
801
3
3348
6341
1
50
1005
4652
1783
2
15
298
47
17044
13493
3
5
983
6
72
57107
11
0
231
187
3
0
267
6
460
28
5
3088
6
72
57108
5
70
421
2
15
465
2139
3
16796
47
1073
3076
7
0
257
8414
1321
2
101
190
1
0
839
175
77
654
47
1375
13826
35754
4
369
3930
697
17044
4
851
27328
5399
1
10994
472
5308
75
2
3780
57109
1
782
1074
6
16796
255
1288
1488
1
22
16
35
104
33
1689
14
0
21826
6
0
255
2541
1783
842
33
16912
11
8414
26098
7
0
2762
3
189
877
2
139
12762
46
1207
282
3
1789
136
964
1
1048
136
57110
4
9754
7
0
15097
9249
12907
13
0
776
7
5
2216
6
494
9
1987
257
6098
786
3
1607
2148
2
2017
82
320
1
26452
10
786
3
513
8760
3429
5385
57111
119
79
48
149
57112
5385
250
31499
10
1082
31
5
6082
839
2
15
1411
220
17612
4
0
2328
220
57113
47
57114
2
101
1838
216
257
1783
1462
10825
35754
556
5
705
894
6
1245
57115
4
10
1082
31
4430
9
6474
839
57116
2
135
7
1070
786
25
3
9249
12907
7
1570
2
15
257
27327
87
532
7
0
57117
56
0
7289
1500
1413
2541
1783
76
32
6854
140
0
264
21810
4
923
1
3089
28
0
2441
2
57118
175
0
1783
917
9
3
9
917
7
57119
12
5
105
9
57120
35
1783
57121
2
15
10374
30
98
11429
69
37
3035
9879
4
0
1783
13
98
57122
69
9899
4221
1
45
4048
9968
10774
34
1
268
98
1
28471
0
1594
6
71
2
26
2736
9
428
9249
12907
30
786
97
17044
4
1783
18827
3
16796
26
34938
298
46
154
742
6
146
17044
23
168
23
1913
27328
26
9249
12907
46
98
1364
12
6026
3526
7691
4
10398
283
4004


