65
23708
102
1
17
100
9586
2839
62
2137
30
3864
988
18
690
842
31
1406
11
201
4237
341
2
360
1
79
54
132
39
0
4724
1078
1
0
8210
2444
6
440
14655
14
25
1053
1689
14
260
1764
206
1219
2
15
1276
18
5342
20041
11631
1
443
12
506
1
3164
55
14
112
0
3303
2343
6
3228
7
988
9
7261
31
1959
4
9444
3868
9
1575
1
123
5
1791
7
1764
76
1405
2
297
94
11
167
65
23708
102
7
988
18
4789
9
1849
786
11
201
4237
341
12
506
139
13
480
0
690
1
1115
7
0
4917
1
248
100
9586
2137
53
137
51
62
2839
53
1839
51
15
541
1617
3774
4734
25
3
4686
17
5
8
20466
1072
8
62
3
5
8
1571
23979
1239
29414
41
12495
31
0
1830
6
2598
6172
8
8
20467
989
23980
1959
58
4619
3
23448
0
389
9
49
7
3399
1764
4
1048
0
759
14
1764
7
20
568
125
5769
445
1219
4855
192
12
1
8
0
1622
3114
2
57
176
16
8
39587
9444
1959
73
23448
0
3399
968
6760
2067
4
86
5676
0
759
14
1764
192
1219
4855
241
5286
33
67
623
3
4433
7
23980
1138
85
33
1040
9
29415
2
8
5223
123
1
260
1764
722
3
39588
7
988
1
17
0
341
6203
1078
6
928
29416
824
20
29417
2222
7
988
18
4789
1849
1
2001
9966
102
4686
2
15
105
9
1528
102
909
8
39589
8
1
50
10
1115
7
39590
4
30
2238
39591
11
0
81
316
82
1
34
100
2544
1406
480
248
5
1356
9
9586
2137
4
363
2587
1
17915
11999
607
2
1217
54
132
39
0
4724
1078
1
0
8210
2444
6
440
14655
14
25
1053
1689
14
260
1764
206
1219
15
1276
18
5342
20041
11631
22
14
112
0
3303
2343
6
3228
7
988
9
7261
31
1959
4
9444
3868
9
1575
1
123
5
1791
7
1764
76
1405
57
1250
105
1504
18029
4
29418
12
5
29130
4027
6668
1948
1
455
17
7258
4
8546
3668
1
14268
3379
1
2133
5854
4
5
9077
4
389
9
94
11515
2
20160
1
0
541
1617
3774
4734
25
3
4686
17
5
8
20466
1072
8
62
3
5
8
1571
23979
1239
29414
41
12495
31
0
1830
6
2598
6172
8
2
57
496
79
5
333
230
39
5
7715
23981
7273
17
118
37
8409
2587
20
988
18
2435
9127
786
11
201
23982
2
15
146
9
1528
102
489
5
5514
990
480
61
173
37
1504
2137
4
8292
15689
2
360
0
968
6
928
29416
824
20
29417
2222
2238
232
56
25
219
3
3097
12
426
139
13
480
25
3910
7258
4
8546
3668
1
14268
3379
1
2133
5854
4
5
9077
4
389
9
94
11515
2086
7
0
149
1
5
7715
23981
7273
17
118
37
8409
2587
786
11
201
23982
4593
4686
206
32
2994
42
5960
11
0
8210
2444
18
3888
1791
3
2136
1470
1
45
0
365
6008
14
25
76
667
3
3714
1830
11
102
9
1563
2
8
15
557
3399
1764
1219
7
14
10059
1
0
2418
0
880
14
18030
58
29419
6030
12
42
3399
7935
1
8
0
5342
20041
11631
1039
2
57
192
176
16
8
23376
1
5
594
1219
7
3399
1764
58
1789
4627
4
23983
1051
11
0
13022
4280
3968
1
1303
11
217
4862
17
1710
3399
2738
1
41
79
11
0
5286
38
6060
3
0
29420
2
8
15
146
9
1528
102
10
786
11
5
5514
990
480
61
173
37
1504
2137
53
137
51
4
8292
15689
15
146
1528
102
13
2656
7
0
39592
2424
6
988
18
2435
9127
4593
4686
206
32
2994
42
5960
11
0
8210
2444
18
3888
1791
3
2136
1470
1
45
0
365
6008
14
25
76
667
3
3714
1830
11
102
9
1563
26
39593
39594
988
102
30
100
9586
2839
62
2137
26
23984
11
201
4237
341
12
426
480
7258
3668
4
2133
5854
26
1643
5
23981
7273
17
100
12331
2587
786
11
201
23982
26
8210
2444
6
440
18
776
1622
6008
63
0
39595
6
5
1791
7
260
9
1764
1
696
12
31
232
9444
1959
4
3868


