251
1296
5470
57
2842
1578
35539
515
288
1115
868
34
666
494
87
361
3539
34
1560
9
5
32
5285
2574
87
1622
13
1532
34
170
14
5720
13813
27
119
1578
3607
4513
354
288
10341
2048
23
14
2482
8050
91
4162
13911
26719
5
288
935
6586
13
5065
9
3132
5728
4226
804
7412
129
1545
13
35073
542
23
54
223
27
119
5470
9011
57
705
5285
57
35540
407
1411
7843
5
8907
27
521
159
34
522
251
1296
5470
57
2842
1578
35539
515
288
1115
868
34
1533
1284
1011
494
369
361
3539
34
1560
9
5
32
5285
2574
87
1622
13
1532
34
170
14
5720
13813
806
324
702
87
24
3564
9
3034
57
24
5470
61
11076
35541
119
1578
3607
4513
354
288
10341
2048
23
14
2482
8050
91
4162
13911
26719
5
288
935
6586
13
5065
9
3132
5728
4226
804
7412
27
119
354
288
704
407
35542
1411
7843
5
8907
808
35541
105
6934
2977
13
223
76
808
7412
13
17649
24
354
34
1560
5
935
10066
24
12424
61
1465
24
4226
2937
27
1295
61
808
7412
149
935
330
13
278
1414
808
35541
1222
215
1545
13
4658
24
5470
35543
4865
808
7412
2859
13
1645
133
54
4734
34
24
354
61
452
1155
64
14
6591
7549
501
441
542
185
24
35544
5
215
2075
6586
24
17677
13
273
57
24
35541
485
27
6833
1535
35545
11076
35541
330
24
485
1094
99
14
331
7899
57
35539
331
27
119
7443
9
2033
330
262
331
408
718
738
33
23
227
76
1508
354
27
408
2859
445
91
17639
47
354
2
24
9865
7050
5
1094
610
278
32
2
25117
27
331
187
37
4157
23
11514
40
183
37
23
821
692
4382
3020
1579
636
27
331
119
594
3024
1536
23
24
5470
87
14
7843
35540
9
32
57
503
4278
1541
53
27
1843
1576
23
24
5470
149
1542
23
2484
61
5
149
32
57
503
21646
1541
53
27
119
12884
12662
57
11514
4126
24
354
149
330
13
278
11632
24
35546
61
76
405
57
24
1573
503
23921
366
33512
569
405
57
24
354
516
503
1550
14
16705
57
3133
13
17649
61
819
516
1550
47
13
14
506
61
14
35540
5589
330
1172
35547
61
14
35540
5589
5
3034
57
15927
10364
23837
185
11701
7448
61
5688
61
6405
1462
13
14
5528
35540
35548
808
35547
330
32
57
24
354
61
14
7843
35540
516
3994
14
1751
12795
32
33512
61
1302
515
24
1816
516
107
3068
2
24
35549
5
331
1690
825
107
20988
5
423
218
331
806
24
1576
87
1622
13
1510
24
594
3024
7843
35540
23
24
1146
999
57
24
594
3024
354
23
24
5470
61
14
2484
35540
9
32
57
503
21646
1541
53
9
232
14
692
1950
18
104
24
5142
119
18341
14342
12363
32958
23
35550
61
575
24
5470
57
35539
87
361
19383
484
361
2977
34
1560
808
35541
330
262
331
408
728
933
14
8599
1479
57
3225
515
37
758
18
190
6918
89
144
32
57
24
6348
354
27
331
628
1019
515
91
24
227
610
444
456
185
237
33512
610
825
278
24
594
3024
7843
35540
23
24
1146
27
331
1172
35547
61
14
35540
5589
5
3034
57
15927
10364
23837
185
11701
7448
61
5688
330
24
1536
825
107
1586
1145
170
14
5720
13813
1348
183
87
5896
19383
27
119
15273
9
2033
359
262
331
187
37
346
35551
57
4278
5
825
107
3431
14
1751
12795
32
33512
502
1506
515
24
1816
825
107
3068
2
24
35549
5
1690
825
107
20988
5
423
218
27
331
396
330
24
12884
12662
57
11514
515
4157
24
354
105
11632
24
35546
61
5
405
1573
516
2296
853
23
24
880
57
33512
27
2906
516
1550
1145
316
3133
61
5
516
4140
2296
14
2347
35111
5
27122
4073
61
655
819
516
5205
331
1533
1284
14
494
1586
57
223
331
27
1307
24
35552
369
1306
808
35541
61
129
763
5
1001
23
1605
1606
932
61
825
1761
13
1532
24
5470
23
1579
22974
13
32
539
31455
27
808
35541
105
6934
2977
13
223
76
808
7412
13
17649
24
354
34
1560
5
935
10066
24
12424
61
1465
24
4176
2937
27
1295
61
808
7412
149
935
330
13
278
1414
808
35541
1222
215
1545
13
4658
24
5470
35543
27
246
119
594
3024
1536
23
24
5470
87
14
7843
35540
61
502
87
32
57
503
4278
1541
53
246
11076
35541
129
988
24
17677
57
354
330
331
758
18
190
6918
331
149
361
1399
89
24
33512
57
144
32
1536
246
2906
57
24
354
288
1622
13
503
1550
316
3133
13
17649
61
655
819
516
1550
1533
1284
14
506


