144
2255
13059
4
2697
1583
293
16
42475
138
1
259
405
151
291
287
16
23508
138
1
259
405
151
13675
905
16
3780
2273
6572
1
137
1
13
1973
3
32
5117
12
426
1
405
259
1
151
11
6000
1003
64
2524
223
67
85
5
1636
9
1669
320
563
2128
130
1025
6
4249
4
4594
64
2524
223
7
0
4917
10
5117
426
166
1
39
5
81
3150
6
1910
1
7043
4
12984
8608
17
30791
10850
4
24568
28
3903
375
6681
18
2
3780
2273
6572
1
2844
1
116
100
368
565
90
21
489
5
4447
3286
20
0
2128
660
21124
7
21125
2
6572
1
0
1745
2128
193
1263
15895
3
32
5117
48
70
1
10
4555
420
20
42476
8496
1
694
729
2
294
0
24443
1151
1
6572
592
77
20
19
566
1
38
941
19
10587
4
19963
2
6572
116
100
368
565
2
52
311
592
20
19
566
7
0
87
1263
6
0
7192
471
23
0
679
43
22852
69
19
265
1
123
6572
18
1069
1619
2
52
309
4110
3055
4
24909
11
663
105
278
2
2045
0
42477
6
193
1
21126
910
469
3
373
0
24443
1
45
54
58
74
480
4283
2096
2
135
1182
49
3737
5
599
5705
77
0
1310
2
563
2128
655
1540
1025
6572
6
64
1577
6
87
9
1895
466
7
0
1603
6
2775
4478
8798
1
8959
1
7
460
5919
4
30792
11072
1
10513
1
7
409
9621
2
52
10
61
1025
6
4249
0
223
2
660
4
1827
3393
1243
6572
18
6064
2
580
464
6
0
819
8
869
43
7
4561
1
45
37
1635
11
6572
10
2
8798
960
1054
7
2128
283
56
6572
1047
69
27
102
162
0
99
1555
917
4
1156
27
12
460
314
1
5919
2
2625
22
8798
10
2171
4
5
16572
11431
10
157
3
21127
27
844
2
96
34
1640
579
1
173
14246
16370
4
9525
12
27
14164
1
844
1
1069
1
6130
4
16057
2
96
239
28
24910
1
4
27
4941
115
27
420
12
27
1266
0
208
415
2
11072
18
102
10
357
0
1004
28
8798
4
36
61
960
1054
2
203
115
27
420
12
27
1266
12
409
485
1
9621
2
15
3953
3
11072
18
102
34
40
2296
103
20
0
19949
920
4
0
391
5644
34
40
615
2
96
34
40
2171
4
34
1640
14246
16370
4
9525
2
7401
16
6572
116
100
368
565
90
21
489
5
4447
3286
20
0
2128
660
21124
7
21125
1
137
101
484
1
0
2128
30793
4
21128
3370
2943
441
9
275
3
4060
30794
6572
18
193
905
3
142
7
582
2
378
0
24911
942
1
6572
6848
3
0
819
8
869
4
348
11
42
13172
2
8
24
351
86
2426
11
110
24
382
617
2
191
24
981
1821
88
3
10077
121
1
8
6572
78
1103
464
1
819
8
117
464
4
605
120
5
30795
28
0
2128
660
21124
20
21125
2
8
24
601
88
86
194
2280
4
1230
2
8
6572
1878
78
464
6
0
30793
4
21128
3370
14
21
404
3
30208
19
24911
942
1
45
116
5
565
39
19
1635
1184
17
59
3
84
86
2
52
805
3
1821
0
1103
3
5471
19
142
1
609
1
480
19
1635
18
9979
2
2571
8798
1
0
198
6
2775
8798
1
2033
0
1103
3
5471
6572
18
142
8
4
716
59
14353
7
14
24831
2941
2
8
1094
130
1
1375
1194
2439
6075
1
2764
10
1025
6
0
18486
1871
39
21
3808
3
106
7
9621
2
2439
444
485
82
7
582
90
4511
530
1085
1440
6572
3
0
21129
2
2439
10
443
7
4831
39
452
82
12
193
1263
2
6572
30
40
12
193
1263
150
2581
2
20937
16
4993
193
1263
15895
2678
11079
1
137
7
411
1
30
34
19
4771
2201
5
305
67
85
5
132
90
21
10
207
3
1530
11
1003
3528
1318
15005
7
3127
14104
16
11079
1
137
93
7
954
1
10
1025
6
1003
5
130
38
1141
12
5
10092
3
185
59
4
64
108
266
761
195
34
1175
94
101
409
1
0
321
6586
9105
372
6
21130
7
3890
3040
6572
18
1423
2
52
366
21
489
18487
13624
120
0
4156
6191
6
0
644
2
52
61
2763
92
10
42478
3712
4
16404
530
7
19
276
2
15
4771
7
2128
496
39
5
1827
6064
186
2144
2201
5
4993
4771
1502
11
269
192
2
4993
5472
0
314
9
275
2899
31
0
30796
9105
321
372
6
21130
2144
3
764
0
4771
6
2678
11079
1
2934
1
38
10
115
578
6
1003
5
5032
38
1031
59
15412
4106
2
11079
30
941
327
14
19
644
4
6064
13624
43
18487
2
11079
18
4771
10
207
11
30797
9198
506
20
5
4993
582
2
101
0
4993
276
1
11079
10
115
578
6
466
11
0
522
3127
1163
6
6790
1318
15005
1
38
1141
12
5
10092
3
185
11079
4
64
108
266
761
195
34
1175
94
2
15
266
34
30798
5
102
113
44
3122
3807
4
10035
90
42
937
1047
94
2
249
15005
1141
3
1005
5
2260
1
0
266
4665
59
1
175
59
3
5
14790
329
4
303
59
7
0
251
1
301
3
186
1484
2
238
6
0
266
1
6587
30799
1
10
5117
7
746
2
15
108
130
1
2609
42479
1
10
834
20
0
71
2
52
1184
578
3
200
9
1895
466
4
489
5
2515
905
2
11079
4
30799
43
61
1025
6
1003
37
3523
295
119
44
43
12
0
389
39
1003
15005
2
11079
58
32
0
200
447
5117
7
4993
48
70
2
26
3780
2273
6572
1
2844
1
489
5
4447
3286
20
0
2128
660
21124
7
21125
4
10
4555
420
20
42480
8496
426
26
318
81
3150
10
1910
1
7043
4
12984
8608
17
30791
10850
4
24568
28
3903
375
6681
18
26
52
116
100
368
565
45
592
20
19
566
23
21
489
0
3286
26
6572
10
1025
6
64
1577
6
87
9
1895
466
11
0
1603
6
2775
4478
8798
1
8959
1
7
460
5919
4
30792
11072
1
10513
1
7
409
9621
26
360
1
216
130
1
1375
1194
2439
6075
1
2764
2367
12
193
1263
11
0
1871
90
4511
530
14260
6572
26
15
4771
224
39
5
1827
6064
186
2201
0
4993
4771
6
2678
11079
1
2934
1
1502
11
30797
24912
506


