1772
75
183
14
100
64
22010
33
1939
8458
2
89
3
177
129
44
383
2555
12847
22657
4728
5
26482
2
836
54
130
30
803
5
1338
167
1045
129
0
10412
2114
3
745
42
12847
5721
7
1926
3654
2
297
94
11
167
65
381
22011
11065
140
5
4613
49438
7
0
663
1
2320
37
972
5279
2
1315
381
8380
1018
12
0
5279
4
1014
0
12847
1705
23
44
5810
231
1678
3
745
1942
2
15
1164
0
10412
29
231
1718
6
21431
13
114
6
0
13417
14403
7
381
5584
2
15
9484
2069
6
0
1705
803
8273
2234
0
2974
4
0
8389
2
33688
17
189
16416
9
109
1942
745
7
11650
3678
1
119
128
9782
1935
33
803
7
10145
49439
2
1198
167
5385
26483
26484
2207
0
5606
6
0
12847
972
5584
3
2254
5
64
977
35
15254
71
9
10477
8
2
15
10412
33
803
56
5
381
22011
11065
140
7732
62
5
26485
6
4613
7
0
663
1
2320
37
972
5279
2
1437
67
381
8380
1018
12
0
5279
1
2320
0
12847
1705
23
44
5810
231
1678
455
0
35
49440
2
982
972
5584
14
143
49
22010
33
21680
114
44
4739
0
3285
554
6
0
5279
47
381
8380
23
44
10739
784
7
49441
6731
3
745
5
231
9
12131
16050
1
0
577
24008
4
20488
6716
53
18049
51
1159
2
238
130
30
803
5
1338
167
1045
129
0
10412
2114
3
745
12847
5721
7
1926
3654
53
137
51
15
1164
0
10412
29
231
1718
6
21431
13
114
6
0
13417
14403
7
381
5584
2
294
0
381
11065
1
4335
9
386
381
8380
49442
69
5
12847
3989
86
14
277
547
12
5
49443
13
37
3002
23097
17
13417
18036
3
37
3002
23097
12
277
243
1
49444
364
2
294
0
5896
1087
1575
1
67
381
8380
33
176
3
0
15254
3989
1
1298
25
3
8775
26486
455
97
231
2549
4
13314
69
110
60
3976
23
5
16050
2
15
1164
0
10412
29
231
1718
6
21431
13
114
6
0
13417
14403
7
381
5584
33688
33
803
56
5
381
22011
11065
140
7732
62
5
26485
6
4613
7
0
663
1
2320
37
972
5279
53
137
51
1095
50
108
381
8380
1428
15
9484
2069
6
0
1705
803
8273
2234
0
2974
4
0
8389
2
3903
1
22012
9
109
5584
745
20
2731
11650
3678
33689
4858
16858
1
9196
10412
14
745
7
16044
3678
199
23
23468
4858
16858
33
22013
4
67
9782
7
1705
2
101
48
152
1
0
1705
6
79
54
2083
6
5
16050
13
1571
31
0
12766
1105
702
31
0
972
5584
23
44
1219
3
1177
2
1217
54
2083
6
5
16050
13
1571
31
0
12766
1105
702
31
0
972
5584
23
44
1219
3
1177
3506
2083
445
2114
7
54
152
4
123
1578
192
1
10103
1486
7
0
2974
62
8389
76
143
25
745
7
216
152
4
10783
0
1705
5442
2
57
13
48
16093
3
0
3131
133
4
0
725
14
100
64
10412
73
1405
1939
0
222
4191
162
0
3071
9
14
817
14
100
64
22010
33
0
1939
0
222
2
294
0
5896
1087
1575
1
67
381
8380
33
176
3
0
15254
972
5279
1
1298
25
3
8775
26486
455
97
231
2549
4
10917
69
110
60
3976
23
5
16050
53
137
51
3077
5385
26483
26484
2207
0
5606
6
0
12847
972
5584
3
2254
5
64
977
35
15254
71
9
10477
15
9484
2069
6
0
1705
803
8273
2234
0
2974
4
0
8389
2
3903
1
22012
9
109
5584
745
20
2731
11650
3678
33689
4858
16858
1
9196
10412
14
745
7
16044
3678
199
23
23468
4858
16858
33
22013
4
67
9782
7
1705
53
137
51
26
1198
167
5385
26483
26484
2207
0
5606
6
0
12847
972
5584
3
2254
5
64
977
35
15254
71
9
10477
8
26
15
10412
33
803
56
5
381
22011
11065
140
7732
62
5
26485
6
4613
7
0
663
1
2320
5
1073
972
5279
26
49445
3892
22010
33
803
6225
2234
0
2974
4
0
8389
9
12570
10412
745
7
10145
3678


