258
1683
16949
261
262
8177
264
61
1507
1078
558
268
269
262
37986
264
61
608
1078
558
7910
37987
61
324
1775
37988
3222
943
575
926
87
185
801
34
8697
13
8961
2056
251
37989
129
149
2228
47
64
31734
43
2085
24
15500
2439
575
926
3366
23
14
2356
9
227
8731
149
1644
24
695
57
32
57
24
37200
5
623
4734
24
239
61
14
801
944
27
10281
57
24
10062
37990
37991
15550
6603
105
455
40
10566
34
7910
37987
61
129
330
926
105
100
1399
218
24
7456
2326
27
37987
61
2154
61
149
417
14
632
445
13
15397
2
24
217
9
23
40
642
13710
387
11
33
13
24
2255
9
57
9
316
1348
525
4501
149
6555
76
2276
111
27
1707
1014
24
37989
623
4734
24
2356
8731
76
24
1047
27
579
99
3250
8697
13
8961
2056
104
37988
3222
943
27
1295
61
926
1400
926
149
1687
37992
91
525
4501
2557
24759
61
666
61
2
2461
61
5
54
11557
16037
20195
61
1656
61
2
34496
61
1787
129
278
365
3252
3253
13
8697
13
8694
24
2439
185
563
1011
35
506
27
842
15041
37993
61
10955
61
330
262
1687
1420
37987
53
334
5495
1185
4734
76
24
316
43
13
8961
2056
104
24
2439
515
2356
27
1687
579
149
1502
4539
57
3947
579
330
185
24
4896
57
24
2056
61
24
6576
105
16937
12109
76
2276
274
416
502
2150
515
926
149
1950
104
24
2439
23
37994
61
3050
61
185
24
48
2356
27
1042
14491
1965
9031
61
149
23
2479
57
24
3268
5
3748
24
37989
13
278
14
9806
922
61
1775
158
2574
27
842
144
146
147
14
22455
650
23
218
24
1271
1116
536
14
37995
5
18678
14
4380
7998
27
8583
37993
330
262
1687
305
55
61
808
9031
648
183
149
14
9139
27
842
24
111
387
53
183
3466
515
183
149
1407
37996
665
37993
330
24
29027
441
808
9031
13
6208
24
18380
57
1389
9383
484
14859
158
13
996
24
1071
27
119
10463
27838
149
935
7502
13
14
1317
8295
61
2228
13
1496
5
105
54
8270
10425
13
5448
215
516
1013
4568
24
7480
27
842
1011
146
147
215
149
644
13
2801
3383
5
1876
33
13
24
2439
575
215
1142
37987
185
24
2956
2540
14
4554
1724
27
10281
104
37990
37991
15550
6603
23
3050
61
324
61
37997
76
7910
37987
1348
926
330
926
149
2228
47
123
24
8731
104
24
2439
37
3268
1965
9031
61
324
174
61
129
149
7502
13
14
1317
8295
5
2228
13
14
1496
58
24
8731
61
902
65
4121
104
24
801
57
7910
37987
61
324
700
119
8672
944
515
24
6576
3138
515
926
100
8268
2
1778
91
14
111
5
525
680
5
9378
288
7453
27
119
6576
330
926
105
1949
1114
146
33677
2151
484
2394
24
642
27
589
37993
330
515
3249
61
24
642
8779
515
37987
149
14
593
27
842
64
122
20580
5910
5
525
4501
149
6555
61
358
497
2398
57
525
27
251
1713
57
525
1076
15620
61
502
105
100
18003
4964
23
24
3042
1536
2083
5
45
23
24
274
1536
2083
185
24
2356
57
24
8731
61
3283
14
37995
5
14
16620
19485
27
1707
663
1142
14
2909
57
3287
12549
57
24
2745
1129
13
2137
47
808
9031
76
20195
912
4681
9
18922
185
183
27
20946
944
515
37987
105
53
14
2956
1724
13
24759
14
2347
146
484
24
2056
105
100
2101
27
119
801
57
7910
37987
61
2154
61
87
3477
513
104
37988
3222
943
237
632
69
394
858
71
1687
1936
24
227
1348
926
330
926
149
7419
2228
47
5
10463
185
24
1675
61
926
149
23
13960
76
32
57
24
37200
27
1687
579
149
759
525
4501
5
54
11557
8961
496
149
14
821
13841
5
3505
315
34
808
37998
330
665
37993
27
3587
4121
61
808
9031
750
24
2959
515
185
24
4896
515
24
8731
640
61
215
105
100
3915
2276
416
57
274
13
107
1950
76
158
9
45
37987
27
1687
579
1414
13
738
922
5
278
14
9806
23
24
9027
709
9
7123
37999
215
330
27
1687
951
1533
1284
360
146
38000
484
1420
37987
2050
133
34
14
9806
5
24
29027
2467
37466
1687
396
149
1054
14
7998
23
918
57
846
27
628
648
183
149
14
9139
5
750
158
13
1728
38001
38002
842
215
330
515
24
38003
750
158
1687
628
2357
45
38001
1145
61
748
846
24
3947
808
9031
330
183
149
503
147
515
215
3832
183
149
835
515
24
25677
105
604
38004
129
2359
149
23
24
3268
104
24
227
27
119
801
5923
27
1102
610
369
1103
13
1104
1105
34
1106
1107
27
246
7910
37987
1400
926
149
331
38005
331
91
4501
5
54
549
5
515
926
149
14
593
23
24
2056
246
1707
1142
37995
5
3287
12549
23
525
1536
246
1042
225
149
7502
13
14
1317
8295
5
2228
47


