3627
6841
76
361
24
2704
1713
1595
23
24
1146
61
10340
24
594
965
3824
10573
1156
61
2867
14
15683
1565
5
759
13
2533
21017
9
624
15088
61
5383
99
1094
4042
834
183
6993
13
8989
5463
2511
3071
9
218
36013
24674
27
869
237
506
5383
4936
14
36013
1117
289
3170
9
43315
364
61
502
718
5056
24104
37026
607
2289
1284
2360
5327
27
119
1565
87
2456
13
1153
183
13
532
31990
34
4708
61
5610
7483
3071
5
442
20402
226
2294
3078
6270
61
34
5127
27
162
24
55
57
14
3232
57
6465
6532
14
2549
1533
449
237
1117
5
24
1565
37
223
76
36013
24674
61
5383
99
5594
47
76
5367
13
3934
24
9801
1778
24
3170
9
43315
5
1607
183
87
818
752
521
159
34
522
5383
4936
24
36013
1117
61
324
61
505
237
506
27
187
87
37026
2289
1284
2360
5327
5
44
107
1129
13
2732
4751
61
7483
1292
61
5
2533
1533
7854
20402
27
5383
99
5347
14
522
6532
24
9801
1778
24
1117
5
24
1565
37
36013
3634
18397
257
5327
1876
185
14
5285
1564
91
5692
53387
23
24
3670
27
691
369
8991
5
1153
17996
13
6862
1366
5
5056
24104
27
691
1153
53388
18011
5
718
503
1541
100
23
334
7024
61
1185
334
53389
1779
9
2329
104
32
1185
17261
27
1134
1506
515
14
414
2549
87
5131
185
1185
445
104
1193
32
227
27
53390
223
2292
5
718
107
185
61
445
61
1185
23
14
12079
1779
23
1411
27
397
14
3340
61
53391
369
644
13
107
23
946
2999
104
24
1271
227
27
34001
24
1617
53387
1117
718
503
221
32
37529
104
14
227
61
36013
5327
369
10194
57
1756
414
24104
2289
61
5
1756
946
24104
1533
10616
27
53392
515
516
1550
2360
5327
494
13
1306
718
107
23012
23
7404
2590
36013
5327
1030
24
3170
9
43315
27
119
1565
87
2456
13
19054
24
6439
57
24
1117
61
502
149
1163
91
7172
1565
3170
9
43315
61
104
24
582
20125
53393
10846
9054
61
1069
104
5367
37
53394
1322
7175
23
2097
27
119
522
11643
91
6532
515
262
331
20125
9697
16025
1690
89
5218
806
183
30820
705
53395
515
723
278
449
24
2685
1146
27
20125
87
14
821
18477
6418
57
9697
27
331
187
1652
185
13
3934
12748
718
6043
23
14
1779
57
53396
9
23
502
358
718
107
32
1017
5
2276
104
24
1271
227
27
187
935
9288
2334
36013
53397
61
36013
53398
5
24
7301
9
37391
61
23
502
646
369
38534
5816
57
622
41478
2329
9556
13
28176
27
251
5383
1609
289
53399
5923
91
6532
36013
24674
4183
1508
14961
1778
36013
9697
13
2532
5
23350
5128
104
822
2289
5933
27
3170
9
43315
5327
1876
185
14
53400
26018
27
23050
5327
369
8991
5
1153
17996
13
6862
1366
5
5056
24104
27
397
14
16060
61
18235
1142
23
3861
1876
185
53401
1185
53402
40931
27
119
331
17996
331
23
9800
9
257
5327
718
503
1541
100
23
334
7024
61
1185
334
53389
1779
806
2329
104
32
1185
17261
27
1134
1506
14
414
331
2549
331
87
5131
185
1185
445
104
1193
32
227
5
358
718
503
5056
24100
8917
27
53392
515
1550
2360
5327
494
13
1306
718
107
23012
23
7404
91
36013
5327
61
324
27
1134
61
5383
2206
23
24
522
61
4063
36013
5327
1533
10194
57
16141
331
53403
3071
331
5
1927
10048
26569
2
5128
53390
223
2292
5
718
107
185
61
445
61
1185
23
14
12079
1779
23
1411
27
397
14
3340
61
53391
369
644
13
107
23
946
2999
104
24
1271
227
5
237
1506
358
369
10194
57
1756
414
24104
2289
61
5
1756
946
24104
1533
10616
27
53392
515
516
1550
2360
5327
494
13
1306
718
107
23012
23
7404
2590
36013
5327
1030
24
3170
9
43315
27
119
3170
9
43315
1001
3867
13
834
24
3078
8491
1001
61
40
2241
24
17157
57
3078
17159
27
1134
61
53399
2206
61
4063
36013
5327
61
5
24
3170
9
43315
8495
61
1533
10194
57
16141
496
37
289
331
53403
3071
27
331
1178
5127
57
14
17464
9
1191
53403
2536
4042
23
24
522
87
1222
1463
3119
13
198
1853
1747
3699
61
140
1011
9687
27
251
3170
9
43315
53404
26019
1118
27
10609
331
17996
331
1142
23
2360
5327
515
718
503
107
185
1185
445
104
1193
32
227
61
53391
718
663
107
23
14
331
12079
1779
331
1411
1508
131
5383
37
522
663
2206
24
9801
1778
24
7301
9
37391
61
23
502
646
369
38534
5816
57
622
41478
2329
9556
13
28176
76
1245
25014
57
24
1271
308
1134
12772
14
80
346
57
53405
61
1155
64
502
3023
13
3613
24
9687
23
61
198
607
61
21099
9001
61
8996
61
7208
12846
61
22715
61
10495
61
5097
61
40795
61
815
5
818
185
27
23050
5327
44
8989
237
2536
2075
61
40
36013
5327
369
226
11131
13
8989
183
182
27
1134
11590
1347
1533
752
64
24
53405
5
53406
5547
61
5
5383
87
2456
13
1153
24
9677
13
2533
31990
34
4708
61
2732
24
4790
57
7483
1292
61
226
2533
10489
9
5341
9677
5
1533
27
331
162
3078
36575
610
10328
5510
3580
57
5128
61
331
2206
24
522
53407
61
349
5128
185
7483
61
53408
61
331
40
183
37
821
1098
13
10328
10048
26569
2
515
5128
27
331
5383
3545
515
36013
5327
4063
5472
331
4082
1533
7854
48518
57
834
24
9427
1145
703
87
1644
9386
27
331
331
408
847
244
1095
183
834
402
610
706
761
61
1185
24
1302
57
562
27
35647
610
1018
244
639
496
24
512
8737
13
1095
237
1117
369
5
515
37
6526
496
610
728
3108
13
2294
1094
27
331
5383
44
1153
24
3170
9
43315
36013
1117
13
321
2533
24
9677
23
1579
5244
9
1914
354
27
1134
87
24
1772
24
354
370
850
27
8126
11134
61
5347
2590
24
36013
1117
61
44
226
4207
24
9668
5
4005
13
15929
23
14
1533
2381
880
13
834
3078
12475
718
119
3170
9
43315
36013
1117
44
107
1129
13
442
20402
2294
3078
6270
5
68
13
1533
7854
15889
11134
61
1030
24
41633
23
24
1578
36946
9
36947
1045
119
522
3545
262
331
119
3700
5218
87
331
369
610
2574
778
331
5
610
1014
64
36013
5327
12173
61
358
728
2050
13
442
703
7940
515
5218
27
331
119
3170
9
43315
999
149
55
4934
23
1072
555
91
24
1565
1893
23
53409
61
1611
8433
27
187
149
10087
76
11460
9823
2
8444
2850
3918
24469
27
3170
9
43315
999
149
4936
91
155
1060
38774
481
23
555
64
398
57
14
7301
9
506
6524
23
14
4233
13
1812
5
8989
405
57
1579
1533
11629
53410
3071
27
162
744
35
506
61
14
77
57
3729
1956
1141
288
644
13
1153
24
3170
9
43315
999
13
8989
24
2704
1480
49274
2536
1541
61
2590
24
36013
1117
27
52374
49274
87
14
7317
1156
1142
23
704
2797
1022
1870
30869
30870
27
5383
23
3396
44
1153
24
9677
13
2468
24
1381
607
5
26019
5933
57
1579
5244
9
1914
354
61
1185
2533
1579
5383
14605
9677
9
14
14654
1117
515
28720
13
12640
5
10489
3848
27
3116
19054
237
6439
61
5
4090
24
1117
37
3027
61
24
316
5353
278
807
24
20125
53411
10846
9054
104
5367
37
53394
1322
7175
1893
23
2097
27
3170
9
43315
87
663
1950
185
14
36013
1117
515
825
1876
185
14
53412
26018
27
246
5383
37
3170
9
43315
1117
87
37026
607
2289
1284
14
2360
1117
246
187
4183
53391
13
5056
24100
5
8989
53403
3071
246
162
24
522
61
5383
5
5367
3934
24
9801
57
36013
24674
246
691
7780
7301
9
37391
4726
5
748
334
5127
57
53403
246
52988
5933
1020
183
718
2732
7317
3071
1155
64
4751
61
7483
1292
5
53408
246
5383
4227
183
825
442
2533
7854
26341
562
61
5
532
41505


