65
11199
38
206
29
40
5
305
253
1912
11
5
1447
4
213
97
251
2619
7
5
7004
73
30
40
2054
31
64
2319
9
1734
266
2
15
11199
10
1148
7
5
15303
339
5
2344
733
20
19011
2700
7
407
440
12
377
415
1
0
35533
607
2
1756
3758
1
38
34
79
1892
5
726
6
2344
1
219
3
1781
12
0
11199
23
64
266
38
34
1148
25
421
945
3
0
15303
17
5
5232
4
10854
24012
2
15
11199
10
1148
17
97
251
2619
7
5
7004
73
7
5
15303
339
5
2344
733
20
19011
2700
7
407
440
12
377
415
8
135
157
5232
87
558
54
34
5232
2915
140
0
73
4
0
108
34
0
19287
18
5767
4
44
469
3851
45
25
107
74
147
1
8
68
3758
78
0
1387
2
8
378
48
547
25
10
1399
4588
114
25
34
40
450
3
2061
0
73
103
558
53
0
266
51
43
344
3
124
373
511
3
615
0
73
103
2
8
68
3758
959
3
5863
418
3749
947
6
0
64
266
1
2778
475
4
1257
22437
1
3851
0
913
18
5767
4
35537
11687
3
0
7004
73
3
456
0
19287
2
15
19287
13
521
3
29
115
125
381
7
0
73
4
3493
213
19
251
2619
23
21
34
5
1447
2778
475
4
1257
22437
224
3
0
15303
1971
17
125
10854
24012
4
5
189
5232
3
185
456
0
5557
11199
334
418
2096
1
0
5557
11199
10
4822
4
14591
184
923
2
8
57
58
74
29
1671
253
189
112
2778
4
1257
34
74
6411
0
73
103
1
8
68
3758
22
2
52
3847
0
11199
115
125
381
7
0
73
4
210
97
251
7
11
5
1447
2
8
52
13
54
1726
11199
558
21
14591
103
1
100
1685
17
5
11469
1897
1
45
596
3
32
1733
2
8
19011
2700
1457
7913
0
64
266
12
0
403
18
461
946
2
8
65
425
2928
66
3
2778
475
4
1257
22437
38
2054
48
670
1154
11199
28
1569
193
39
91
344
3
124
373
511
3
615
0
7004
73
86
23
3
32
344
3
2056
0
11199
18
251
55
6
0
73
1
8
44
395
2
1756
3758
959
3
5863
418
3749
947
6
0
64
266
1
2778
475
4
1257
22437
1
3851
0
913
18
5767
4
35537
11687
3
0
7004
73
3
456
0
19287
334
418
2096
1
0
5557
11199
10
4822
4
14591
184
923
26
35538
213
97
251
780
7
10854
73
20
19011
2700
7
407
440
26
924
266
115
0
19287
7
5
15303
208
3
5
2344
733
12
377
26
135
43
137
12067
5
5232
140
73
4
3851
97
5767
3
207
25
456
26
35538
10
4822
39
418
2096
4
14591
184
923


