258
7329
941
261
262
29590
264
61
890
534
1268
268
269
262
29591
264
61
890
534
1268
397
14
3291
8342
1615
515
2282
369
1533
5794
76
24
1779
57
122
2664
1284
1193
622
1816
8220
9
47
61
183
87
709
2021
24
29592
3104
99
12483
133
14
29593
57
1430
515
9825
13
1456
33
24
4790
57
227
27
842
32
351
515
1502
232
23965
87
24
25072
351
702
24
5267
652
709
5324
99
1541
100
1564
13
6557
515
4143
351
9
641
1094
27
13574
29594
99
7539
29595
14211
9
20215
29596
29597
29598
13351
29599
9
334
5267
322
515
1400
13
442
4030
24
1404
8151
57
2664
20215
23
144
32
1153
61
3458
24
2391
57
1005
6278
5
29600
515
1476
24
25072
619
29601
351
27
29602
24
6278
262
13574
29594
99
7539
29595
14211
9
20215
29596
29597
29598
13351
29599
502
1400
13
444
3945
57
29603
9
349
372
185
24
29601
29604
23
5480
76
29605
9
25576
13351
12051
61
24
1330
116
34
5267
1319
5
29606
61
24
582
6199
1347
1400
13
223
23
144
27083
146
27
119
582
29607
26150
13574
29594
912
898
29608
9677
61
24
414
594
1590
29609
61
76
14
29610
57
29611
5
29612
27
26434
23
14
2839
778
119
582
29607
14658
13574
29594
37
898
29613
9677
40
104
1389
10179
61
183
1308
244
799
9740
29614
1400
13
29615
2664
5
442
4030
8151
57
10504
1515
91
314
61
655
29612
10060
13
2648
2664
2
2801
6406
1187
343
13
14509
10679
27
187
663
29616
16852
23396
9677
9
14
7317
57
29617
14675
61
29618
5
1252
11171
29619
515
223
13
442
9092
23
16852
5
29620
5
9395
2664
27
187
14658
16121
29621
5
29622
61
502
3820
13
5736
14
13789
6858
1426
13
29623
3189
5
24020
24
2504
57
3486
6278
5
29603
34
6939
11536
5
25009
2664
27
842
1308
183
223
778
6675
818
806
4653
1299
1300
57
2282
2936
14
19213
5768
23
1005
5
3486
6278
23
2431
146
58
1153
27
119
838
663
3283
515
374
133
57
890
2282
12418
24
582
29624
29625
13
122
1551
5267
29625
27
842
3345
1308
244
799
9740
262
24
29626
29625
61
502
87
787
23
29627
5
2831
107
9719
1587
8651
61
825
1481
723
33
1389
10179
27
378
449
24
5324
61
2617
29628
29629
61
2850
57
13754
17630
290
330
262
331
569
24
838
784
1219
1018
1274
6133
61
183
912
752
13
3728
24
14555
515
369
605
1508
577
14729
577
838
27
331
4816
14
14415
104
24
10738
1046
515
183
87
5006
23
29617
14675
502
29630
29631
24
2664
1301
40
24
1426
87
45
402
5474
27
14881
262
1134
87
24
55
6199
515
99
100
1564
13
107
1129
185
24
29601
1981
5
442
4030
24
29632
1426
331
119
19015
9825
87
6222
159
13
24
16121
29621
502
369
23884
9050
61
1508
369
663
1142
23
10081
5
29633
5
12342
3189
445
24
2664
61
2540
29603
3235
1511
6351
27
331
12850
25971
2451
29634
57
8067
4591
9525
29635
359
262
1687
1134
11033
5267
29625
16313
25326
9
24
23275
10738
1506
183
21993
21994
89
851
2664
5
1308
1013
2245
7402
1185
29636
1145
24
1009
27
331
187
87
692
104
19409
3486
6278
702
24
1009
61
40
1308
1013
1018
14
80
1479
13
9216
2350
23134
818
87
1013
24
512
3092
34
2938
2456
13
7180
372
104
24
1271
227
27
1687
143
655
183
912
14
729
5324
9
5
57
24
498
2820
9
24
1623
87
2236
2471
175
5
4063
183
133
57
24
5498
57
14
1842
57
2282
129
1492
1013
107
644
13
3234
2707
1389
1469
34
334
5267
29625
27
331
1312
372
515
718
3234
183
5
1028
1465
175
9
1029
13
442
2732
122
6278
61
237
87
24
2829
5324
61
1204
34
2938
2456
34
14
2549
1533
57
334
704
9
24629
61
646
369
1583
57
622
4083
787
104
822
1533
3937
9001
502
1099
107
1533
10581
13
122
5150
27
331
29637
8680
1569
5582
13351
14593
27
29627
61
1389
2431
69
12893
71
29638
13351
7409
29639
61
1389
2154
61
14765
69
8670
71
13888
709
28983
262
29640
61
1389
10179
69
16919
71
29641
14150
29642
5024
29643
13351
29644
61
1389
666
61
14765
69
8670
71
246
13574
29594
23429
29595
14211
9
20215
29596
29597
29598
13351
29599
246
4653
1504
57
2282
389
2187
23
2431
146
246
305
1389
10179
61
3345
1308
244
799
9740


