2974
6142
24458
24459
99
7149
215
99
709
11134
185
24
1785
37
1086
76
5692
16065
37
4472
34830
27
119
2032
9
2033
6765
5396
149
334
1920
3392
76
24
20549
1348
2108
57
10599
10308
37
1708
34
16065
953
61
637
4190
185
3004
288
37783
13
7189
24
5175
27
1585
24459
99
4712
9
43742
54
6758
13
16760
185
54
2505
1915
722
55
100
2275
76
24
5016
35
506
1348
16065
1142
3383
101
3593
102
27
24458
24459
6672
702
2512
16103
123
24
2778
9
2778
2554
104
290
972
331
3274
185
1605
10098
37
7314
24459
99
100
2612
2275
76
24
29347
27971
37
1086
104
2974
61
40
3428
215
87
108
2505
378
58
54
83
37
20135
9
33558
2778
9
2778
10215
4441
201
2554
76
16108
185
2272
1680
61
215
330
262
331
628
1835
14
2526
136
1094
5
1028
13
2502
34
14
2347
494
1533
27
628
1028
13
4199
361
185
24
8751
27
331
187
37
45
34
1094
27
331
8594
1785
259
24451
510
2479
57
24
77
76
16065
23
24
3362
34
10308
37
2158
13
1530
10293
61
5
24459
3818
183
105
100
14
886
2347
1267
34
24
110
27
396
330
262
331
187
87
14
1098
4918
61
40
259
24451
87
76
703
27
396
99
24
824
13
1550
24
1086
27
331
3520
2510
183
87
1098
61
40
183
99
45
5310
24
77
27
1307
723
738
185
24
1698
61
723
278
13
996
704
24
3071
1778
723
27
331
119
2974
50
6671
133
24
3317
57
3031
89
5360
331
34
1094
331
58
24
16108
2554
24459
663
3843
6646
19671
1785
259
24451
61
129
87
1533
813
23
5360
24451
37
18974
9
215
99
7143
13
4699
13
5360
23
54
2534
700
9
132
13
107
2050
43743
58
14
692
56
27
2974
9316
24
55
170
64
16108
769
166
43
9
6142
10071
43744
61
509
43745
5
2503
177
11701
9
13
14
12302
57
60
5
3582
61
5
11
15
9
16
104
24
217
11121
57
1
2
3534
3605
5
10604
36528
5131
83
57
2465
36520
37
2534
74
27
1295
61
6778
43746
16108
61
129
1694
33
2
15
9
2459
159
104
2425
932
185
2414
13
3820
14
222
61
1718
31521
58
24
217
5
2168
122
13566
1348
2512
16103
1794
542
1191
27
842
722
663
1805
24
43747
185
1413
576
61
358
132
13
107
2267
34
252
1348
16066
16067
19383
24
3008
331
68
2213
146
2
227
61
503
34
6649
16107
13
37773
24
82
83
37
4227
76
1413
146
6825
27
259
43748
69
700
71
5
1704
3081
69
174
71
369
23
10354
2479
57
2974
58
5692
16065
37
14264
16066
16067
16025
2974
206
34
24
188
227
40
358
44
45
8220
185
34
14
81
1312
16108
225
10918
16106
61
183
149
2276
11566
1680
144
360
1267
58
54
83
650
33
2
15
9
2459
159
13
2554
15
9
15
104
2425
932
27
16106
330
262
331
1447
87
14
2368
109
515
87
821
61
821
168
61
5
183
37
100
646
704
36
27
1007
278
330
13
846
61
331
727
1393
107
6028
76
24
10029
1094
331
9
628
149
6028
76
183
104
24
2205
57
24
36
27
331
119
10108
18
237
739
1272
278
100
3330
9756
27
6914
610
638
244
444
1407
75
2461
87
14
219
9
43749
23
1981
806
610
288
3563
104
2425
932
5
628
648
610
288
3563
902
27
331
408
278
144
2469
360
133
57
24
908
890
5
319
360
131
18
515
739
1272
76
14
1842
57
192
9
821
692
8151
449
496
610
1019
610
718
1018
237
36
27
331
4360
2189
166
110
13
60
23
24
55
170
61
10918
16106
747
13
221
1193
5606
16106
1391
133
24
1271
4800
25358
34
24
1937
10583
2544
61
40
24
3124
6571
57
43744
61
43745
5
11701
9
215
4789
24
16443
1099
278
4508
14
4238
10254
60
9
14213
54
6993
757
61
637
24
1785
149
45
449
24
2245
2404
34
3383
27
396
330
262
331
628
1018
244
1018
5606
61
628
278
244
2168
227
34
5606
104
1193
1191
57
2526
61
5
1219
45
104
237
1191
57
2526
27
331
6649
16107
72
16108
37
188
49
123
14
112
515
22534
33
5
11182
24451
149
174
13
12342
3858
496
2290
278
100
58
14
1578
2544
57
316
18093
27
396
330
262
331
628
1835
1644
1461
109
818
3316
652
610
288
818
692
23
24
55
170
5
818
103
23
24
169
170
515
610
1644
278
2168
868
76
14
222
27
408
638
244
3935
515
27
331
628
330
13
10918
104
24
1029
57
24
2544
61
331
408
638
244
3935
515
331
61
5
628
1019
215
1393
278
648
628
149
586
610
2831
278
2048
24
2544
61
40
709
61
91
709
1506
27
16108
2831
278
2048
24
2544
27
331
246
2974
50
24458
24459
105
100
2140
34
1785
37
1086
246
842
24459
3428
5360
331
87
45
34
1094
331
5
3119
13
2502
246
2974
2458
2778
9
2778
76
16108
722
11
166
607
246
2036
1785
5692
16065
174
24
2439
237
632
13
4458
10599
10308


