1178
15866
7152
417
13
14
2351
3233
4777
627
58
54
448
331
175
9
499
11571
13
14
7156
1565
87
4800
13
1550
1426
27
4816
35
632
374
9
506
9
2033
6210
18953
149
2278
34
54
562
58
4019
14
4756
515
149
1286
23000
12979
61
5
474
5
15911
10834
27
842
61
58
144
166
15690
57
44488
61
502
87
45
1521
787
185
24
4939
61
6210
87
4800
13
221
2541
5
24
4756
87
1775
54
1816
27
618
24
10542
262
119
4756
6882
6210
37
1816
99
2707
423
58
144
166
15690
57
24
582
7152
3995
262
6210
37
485
717
237
467
57
158
3431
54
55
22689
57
24
15866
7152
397
758
64
24
4748
57
44489
1068
61
24
12979
23
24
3976
9484
37
11601
5
20575
99
2182
27
187
87
14
402
880
2
575
215
149
14
632
495
61
1348
24
374
9
506
9
2033
44
7124
4081
5
149
23642
4089
61
655
54
485
2072
14
15049
7931
104
54
11588
23
14
44490
320
27
1446
262
44491
8789
7164
177
44492
3806
13
221
24
7152
787
58
14
531
742
2255
61
44493
61
129
551
13
444
7152
1565
44491
13
748
525
688
122
582
7152
61
330
262
331
628
629
15918
2208
76
834
6949
237
7152
149
818
182
27
331
926
750
3972
358
5928
24
4756
13
278
174
54
1156
91
207
27
6210
37
1816
61
44043
91
21617
58
215
105
3976
34
24
5887
227
61
149
5557
13
7180
57
24
44489
27
119
503
787
7156
288
45
1950
5
44491
99
747
13
748
24
485
1167
13
15866
9995
44488
27
842
61
58
54
485
807
14
175
9
499
833
531
61
44491
44494
27
119
1565
61
23
4699
61
99
100
3748
13
1153
5128
2
6210
13
442
1579
44495
3359
61
502
44
1415
24
7152
185
24
4939
505
27
44491
8789
17833
44492
4934
185
207
35
632
515
54
3952
825
2430
14
1666
801
34
24
7152
409
9
76
6210
64
24
3777
37
55
8518
27
44492
105
4137
80
7002
34
25893
24
44496
627
44488
13
7180
445
334
4820
215
10087
58
14
10532
44497
12380
27
162
14
376
61
44492
330
515
58
822
8934
3626
44491
516
5605
6210
24
5096
27
331
1134
44498
3098
9
9016
1344
44499
44491
37
4851
13
2533
2869
44500
42475
23
2788
57
175
44501
2296
9
34
421
61
331
44492
330
1489
13
7142
1840
27
331
3105
1103
13
17522
11407
34
18654
1153
87
24699
61
5
45
14
829
1193
32
57
703
1541
3119
13
278
13
221
27
331
187
87
5572
515
621
6348
23
14
450
11459
107
279
76
6403
20777
5
14780
61
14
13155
610
278
18533
91
18528
321
19213
1344
57
44488
515
825
5302
1579
1153
23
44489
5
622
4238
7685
4133
13877
27
331
19273
262
6210
18953
99
7639
1413
2049
57
15911
3976
61
474
10834
5
14
10532
44497
12380
44502
262
4303
3431
24
7152
6210
149
23
11033
4014
61
76
54
474
5
22695
13024
1477
8364
6210
37
4382
99
2474
61
54
4620
1520
215
4123
13
278
769
54
4924
58
454
57
3233
450
27
579
750
3972
54
625
9
841
9542
4123
13
278
423
5
215
4123
25775
27
331
628
278
244
719
158
1994
38683
61
331
926
330
27
143
61
637
24
4756
4123
13
107
2050
61
6210
99
4508
1404
15911
1187
58
361
417
622
7156
13
1812
13
5158
24
4756
27
396
99
13
278
30454
166
607
14
632
5
44
2296
183
34
24
557
57
54
562
9
1465
515
12341
589
18953
27
331
816
215
44
278
7232
24
44488
505
61
183
44
278
100
6906
27
1031
825
600
2954
846
61
331
926
330
27
119
7152
99
45
100
7607
91
24
44495
61
40
99
1195
100
21158
13
919
57
622
342
101
14
2957
331
18654
1153
331
17836
27
10978
262
44493
18953
61
324
76
6210
61
169
174
61
5
525
622
272
61
551
13
444
1167
13
24
15866
322
7336
262
6210
37
485
377
24
4756
515
149
3319
158
44
107
423
91
1462
632
22676
44492
330
515
586
3537
13
6210
516
1020
586
3537
13
3096
1533
342
61
13912
24
1565
37
347
5
44503
24
227
183
825
1550
34
24
7152
13
2541
218
24
989
4729
4700
484
183
718
107
417
44495
14674
5
442
3096
1533
712
342
27
1295
61
24
1565
309
2947
12194
5720
23
3804
17154
13
2533
44488
27
4303
926
149
644
13
2827
24
7152
34
525
688
61
589
18953
330
24
4918
149
1311
61
3458
34
14
627
129
99
1694
818
1131
13
761
27
331
1447
912
709
692
23949
34
703
61
331
926
330
27
331
1447
912
455
358
718
377
515
825
2236
151
703
2
574
27
408
2354
26004
542
13
748
183
13
703
27
331
6210
37
4047
663
9025
44504
11681
122
8518
107
3748
13
278
24
7152
27
6210
149
4001
76
3976
57
24
22695
23
1073
27
1877
935
61
215
99
16756
24
4751
1413
607
27
396
105
100
23
22696
34
316
494
1348
14
10532
8914
23
4824
57
1268
3283
215
105
10087
14
10532
44497
15727
343
13
505
3976
14490
27
162
5657
57
237
506
215
105
14
10532
44497
12380
5
5227
2276
2535
57
21617
104
290
39837
37
1322
7628
23
44490
61
2888
27
1947
24
2046
4002
215
10087
44489
61
334
4820
515
718
107
6480
23
308
76
44043
14108
1124
27
44505
262
1477
24
4756
1577
1030
183
87
2050
868
61
6210
37
4620
1520
24
374
9
506
9
2033
99
769
54
24762
331
10990
61
6210
912
14108
1156
516
107
644
13
9019
24
44489
1222
54
14108
1156
149
1481
2801
61
331
589
18953
598
185
525
688
912
44506
844
27
331
119
238
87
54
14108
1156
847
1013
107
1481
2801
1521
652
54
1816
87
373
3108
13
9736
13
24
582
10532
44497
23475
27
419
13
151
24
1816
2
3319
24
582
23475
61
358
278
13
7344
24
14108
1156
61
13141
2867
2212
367
34
44489
13
8822
27
2698
2010
27
331
44488
99
100
1253
13
3466
47
44489
23
272
23
316
3133
61
341
7142
5
3689
27
246
4085
9484
6210
18953
149
2278
34
54
562
58
3431
4756
246
14895
2859
175
9
499
531
13
444
44491
13
748
122
688
24
582
7152
246
6210
87
2707
3466
57
4756
58
215
149
417
1167
13
44488


