15
126
6
0
3523
2015
5400
38
10
3493
303
420
81
215
31
5
8022
9
83
290
1743
21
10
3044
129
3
514
37
11974
443
37
1966
167
3
716
42
244
18
1693
183
44
1980
27
100
1312
46
2
1253
4553
1
2729
1
5
244
6
146
28
2097
26910
283
1
10
303
4
285
522
575
20
0
674
12182
1158
908
7
857
4196
56
19
8022
9
83
693
342
742
6
5
5718
9
1977
1158
2
380
437
1
1210
709
1635
6128
52510
5970
0
4553
117
3361
1095
19
537
839
18
587
5
167
1045
0
5400
18
126
2191
15856
5
723
44
34
9784
3
0
8022
9
83
290
2
297
94
11
1938
10214
6
12213
16
15
146
126
6
1253
4553
443
5
167
565
162
42
117
1564
1191
0
8022
9
83
38
3493
303
420
42
244
14
44
6424
11
27
52511
638
16
15
697
9
70
9
83
290
1
137
1328
1163
5400
1253
4553
1
20
0
857
4196
1163
908
7
3523
79
379
184
28
3942
0
2448
303
35
104
84
74
183
212
540
1
45
60
352
3869
31
48
34651
0
126
395
2
4918
4149
3
1039
0
565
1
2680
4553
1
485
241
52512
4553
1
591
241
1546
4553
1
414
1
4
2000
34652
1
835
1
3062
37
19152
2798
3
0
284
38
1182
42
244
47
142
86
7728
2
8
308
352
118
870
82
83
1
8
0
4553
126
22
69
0
710
2
8
104
181
63
66
2
104
33
2481
63
66
2
104
6424
11
66
1
4
60
2080
66
3235
2
8
1232
1970
58
188
0
222
551
2
8
1253
4553
47
117
61
157
0
167
565
3
812
0
172
63
42
244
2
35
1232
1970
10
74
79
37
5400
16
21
10
3676
1
989
1
5
34653
1
5
3056
4
136
427
2
52
10
5
205
130
2
35
2838
66
1
60
33
576
609
48
2287
770
14
60
73
41
2296
103
2
57
18
17
282
80
0
11747
0
723
1039
2
1336
12
5159
6
0
9872
2015
5400
1
19
263
1546
22
14
42
244
58
29
404
0
8022
9
83
3
356
12
17
27
142
2
35
308
171
41
716
14
18902
66
2
308
171
361
2979
4
361
212
23638
0
3856
9
83
1039
2
26355
797
16
4553
18
126
562
0
10236
9
83
244
6
146
23
5
34653
1
5
3056
1
5
205
130
4
42
427
15
358
510
20
0
674
12182
8409
1163
908
1
137
1
7
857
4196
1
3523
2680
4553
2756
0
565
17
0
1271
16
35
125
132
60
610
60
73
1118
66
1
6953
66
4
812
66
14
25
18
31053
15
52513
8
167
496
5
149
39
1401
7964
4
5157
52514
1
0
8022
9
83
18
296
1
443
5
565
4429
129
44
17489
8
132
4
166
8
14
0
5400
58
3201
39
0
1163
1
4
129
2525
44
43
56
21
21035
3
19
709
2
15
117
1588
0
1158
908
522
575
119
15670
7
4186
4083
1205
724
184
2
15
290
18
244
10
0
87
54
7
0
423
3
3317
5
1998
2
334
21
1582
1989
1
68
4553
7549
0
290
12
129
3
1811
37
11974
1158
1
738
27
5
1163
6118
1
4
840
27
514
5
333
7543
1
301
3
106
607
2
52
123
3534
99
4
716
27
1126
0
11974
31
888
2
96
1582
0
1158
1
4
97
26911
52515
0
11974
18539
1
1003
68
4553
17
5
957
303
3
0
251
1
0
607
3114
2
15
290
123
1376
0
11974
1
4
4553
865
3
0
640
2
15
290
123
1130
991
27
117
1
38
17729
140
27
23
36
477
27
3053
2
52516
2026
42
82
16
1546
4553
1
414
1
4
2680
4553
1
485
1
2033
0
8022
9
83
3
356
12
17
27
142
4
2303
610
3
1118
27
54
132
4
355
27
5
6953
1854
1921
16
2000
34652
1
835
1
4
5766
4553
1
591
1
175
4149
17
42
108
4510
2191
15856
0
1966
723
44
34
1458
386
527
117
43
4578
12
0
290
114
44
273
36
10
900
4
107
74
1006
7801
14
68
4553
34
40
303
268
54
6
19
1732
1933
77
3
59
1
0
607
349
2
15
358
9022
23
0
290
18
145
1799
27
263
3942
2015
12
27
1132
391
2
101
0
167
1
443
31
2244
1
68
4553
73
32
306
324
8
828
122
1
165
515
4
355
121
54
303
2
8
52
123
19556
56
36
6480
54
726
20
0
1649
4
123
131
1
8
828
122
1
412
10306
2
8
580
1020
635
29
40
1997
7
0
2749
1163
127
0
284
62
27
117
2
26
1253
4553
1
2729
1
5
244
6
146
28
3523
1
10
303
4
285
522
575
20
0
674
12182
1158
908
7
857
4196
31
5
8022
9
83
290
26
318
126
443
5
167
565
162
44
1564
1191
0
284
44
33
2481
63
27
4
6424
11
27


