251
2255
9
57
9
316
552
3976
174
525
5282
9
7453
34
316
494
1142
14
880
13
817
841
9
91
4084
25125
25126
27
12727
10669
61
4028
61
149
4001
76
15911
3976
23
2336
5
149
14359
185
409
58
4047
1142
14
20700
18420
525
1016
15911
27
4338
722
24
5310
15911
3068
61
12727
149
174
76
14
346
57
622
450
3071
502
12669
525
13
525
5282
34
1793
494
27
12727
10669
149
174
1563
7453
34
494
58
361
4001
76
15911
3976
61
23
14
4233
13
151
2151
435
926
1802
525
620
13
25125
25126
119
4014
2230
2
14719
149
441
13
3003
525
1086
64
926
149
23
401
822
8638
13
996
24
1563
27
162
14
4233
13
25127
2151
2
525
103
450
61
926
6816
47
12012
12893
972
37
1805
767
25128
25129
57
7170
27
187
149
655
4150
24
25130
515
12727
2114
515
926
16093
722
14
738
104
4084
525
2534
25131
25132
61
5612
515
926
648
926
44
3193
12012
12893
972
14
1017
1185
316
27
331
628
149
2931
183
34
2208
61
13
2430
76
61
652
57
14
6545
13
1018
1465
8632
27
628
2859
24
25132
5
105
781
6471
720
362
24
55
751
27
187
37
14
9860
15328
1751
57
3219
5
11021
61
818
628
105
14
1842
57
7420
4084
183
27
331
1042
767
187
37
251
5619
99
5209
965
4166
5
23
788
4935
919
57
13013
9
64
758
64
759
12727
1399
525
3976
2051
1778
525
27
397
758
64
525
4084
8115
525
25133
61
12727
1142
525
583
13
107
14
2508
2002
5911
525
3976
2051
27
12727
149
4001
76
3976
23
2336
5
637
926
638
244
278
13
278
21617
525
4046
2150
926
149
5282
9
7453
34
594
57
24
227
12727
37
583
5214
1196
926
2859
4084
58
4150
54
715
37
25134
12727
477
169
583
5214
61
5785
61
23
2336
5
358
105
144
8109
20512
122
582
82
609
1348
12727
1770
13
824
8638
23
525
83
27
331
4338
707
4046
61
628
1142
628
44
244
1454
1185
584
1185
1018
1407
34
14
540
57
494
61
818
218
9895
25135
628
2114
13
1346
1465
27
331
628
648
1222
25136
972
44
1018
183
61
935
628
44
1018
183
27
628
105
244
1869
183
2244
13
2244
40
628
44
244
1014
834
965
183
149
27
143
628
1825
944
183
149
244
3458
758
781
818
628
648
628
44
1018
226
27
331
12727
182
1142
515
4084
525
25132
149
144
496
926
4995
13
151
525
841
5
53
2541
821
182
27
331
691
3068
24
15911
24
256
751
5
19247
628
638
244
278
13
278
21617
652
358
1825
1142
24
20700
144
23
227
27
187
149
14
6297
9
5726
3976
61
40
628
105
17732
21618
705
2347
454
13
5448
24
3976
105
244
4722
27
331
4360
6825
3976
9
2801
61
12727
99
100
174
76
5231
450
3071
349
25137
25138
61
502
926
25139
331
2033
17058
25138
331
64
183
3629
525
76
189
57
1303
5
1404
25140
27
543
12727
25141
647
1775
525
1086
64
14
4014
2230
23
427
61
183
149
5214
9
14
1536
11213
798
34
24
642
9
129
1196
926
1550
47
4084
27
12727
4936
25128
25142
57
7170
5
2114
515
926
44
1018
226
1284
8764
12012
12893
972
12727
9715
3492
525
2534
3743
12094
76
583
5214
69
324
71
23
525
25143
119
540
288
8488
1348
14
8487
17732
8914
3283
24
20700
4126
525
1016
15911
27
12727
61
129
99
316
624
9
47
272
2
525
3240
568
61
1520
24
3976
650
64
14
2529
1025
13
542
365
27
331
5214
87
707
25144
27
408
288
1030
1193
1689
9
47
7315
515
506
167
361
23
612
545
3457
9
610
365
1999
610
105
14
582
12743
57
562
722
477
621
622
27
331
4338
612
1563
1454
628
2859
3431
14
1842
57
8638
5
6709
23
707
83
818
707
10332
6754
846
34
334
17732
8914
27
331
628
1018
244
1019
104
515
222
358
288
1644
537
34
3976
61
144
4389
13
532
133
496
149
286
27
842
183
1802
133
707
20700
149
2471
7574
5
105
4157
707
1016
700
15911
27
331
579
330
262
331
2906
1267
628
44
244
996
24
1563
64
707
9765
149
818
10492
5310
27
628
4995
1465
13
1550
707
1027
445
24
8638
5
25135
27
628
1825
157
5214
1869
405
57
707
2033
25134
14
2347
454
505
5
215
648
358
288
2508
61
818
24
25132
149
704
54
6553
27
4303
4800
187
37
251
5619
12727
25145
76
1793
622
25146
484
6442
185
14
1533
25147
679
1804
27
331
628
15245
76
622
25146
5
598
405
25148
61
5
23
555
628
2859
1950
185
707
25125
25132
27
12727
1520
926
99
309
18401
841
5854
449
525
767
5
1347
525
272
278
1869
183
331
119
25149
23
187
37
251
5619
87
5193
25150
2372
61
1030
846
3986
13
4458
24
10022
6633
6603
27
628
1399
515
23
64
14
853
10316
34
2208
27
628
105
14
1842
57
7420
76
183
27
331
628
149
1089
104
2208
515
628
516
1399
1155
25151
952
89
24
767
27
628
149
3108
13
1346
1022
515
516
442
707
19350
2245
704
24
1245
25152
57
722
3219
61
24
1271
515
628
1999
4084
183
27
331
397
758
64
15108
61
12727
3866
14
346
57
12094
2
525
2534
3219
562
23
24
25132
27
331
25153
6597
1018
12342
9129
5
5214
37
7316
27
842
628
516
244
1399
1690
23
24
767
61
64
405
1022
369
1409
27
628
1018
2554
24
1804
27
331
25154
5214
1308
244
1027
846
349
17996
449
158
61
637
57
2510
215
37
24
503
32
129
5120
502
17996
358
369
27
331
12727
359
515
525
5
5214
278
600
2045
334
25125
7316
5
24
25132
99
623
13
23211
542
321
27
12727
99
1094
6586
919
57
13013
57
525
767
187
37
14
5619
5
87
370
4084
14
25155
331
628
625
16212
5214
23
24
13588
818
628
3578
610
696
600
100
14
821
25147
540
27
628
1545
13
1399
24
9398
47
185
24
4515
40
215
516
244
157
846
27
331
119
25132
99
3793
703
3867
609
5
637
215
847
244
1014
183
149
846
129
598
183
61
215
87
818
1735
27
6675
628
1835
25156
1284
628
278
1541
100
3555
331
12727
1520
515
525
272
278
100
8350
4069
57
525
4084
262
331
628
278
624
9
47
272
5
707
1093
99
1869
187
37
251
5619
5
4169
183
37
2508
27
579
5960
496
628
629
2931
27
331
119
2255
9
57
9
316
1520
515
926
99
719
24
9636
57
3743
25157
1294
1292
5
515
610
369
539
13
107
644
13
4199
14413
1030
4661
27
331
871
278
600
100
8752
1348
183
726
13
3219
27
727
369
14
25158
1222
723
2371
1145
61
1185
45
14
821
4369
893
1222
723
1028
3219
27
331
842
2282
369
1533
4312
1094
27
816
723
1028
3219
61
738
133
5
444
183
27
816
723
144
1028
14
32
9
2356
1650
183
87
9733
5
515
37
834
183
2831
107
27
162
707
2343
37
257
723
44
278
100
25159
34
4150
14
767
1030
237
27
3160
87
244
2471
646
61
40
610
369
1950
185
183
27
331
12727
784
187
37
251
5619
23
558
218
5244
9
25160
3952
25161
1428
5
183
37
787
13
4658
23
4396
788
5
4166
27
119
767
37
25162
3752
262
331
816
723
1028
14
1006
3031
16574
61
9860
3743
25125
824
61
935
799
810
237
13954
27
187
87
1751
57
1028
5
2296
61
16031
5
17114
27
25163
61
11021
87
11096
40
496
726
76
24
484
5
58
778
25164
57
818
3096
3119
61
5150
61
21675
5
11013
27
6144
846
61
628
629
25165
27
331
12727
1520
926
99
100
8257
76
24
841
352
525
25132
99
309
818
420
5
6993
13
1359
4084
27
331
119
767
87
20072
3360
758
9
1969
27
628
1018
767
7521
1348
628
718
27
187
37
1510
1533
5
1533
965
5
628
696
105
308
6849
846
185
592
1982
515
628
1346
14
25155
61
818
515
37
496
628
629
23
24
6666
57
1094
27
119
25155
37
289
187
37
14
5619
9676
27
331
4037
10902
846
25166
27
628
278
144
100
4494
445
223
34
2276
316
494
61
40
5363
628
278
237
13
223
185
2531
846
13
817
841
27
628
696
1789
13
5408
1465
7420
5
5052
133
57
14
821
1131
4918
9
23949
24
25167
3555
331
246
12727
10669
61
4028
61
149
25141
34
494
58
15911
3976
15428
23
2336
246
25168
25128
25142
3520
7170
13
25169
525
25135
5
149
1921
246
16359
1094
6586
919
57
13013
57
525
12384
11021
25132
187
37
251
5619


