7888
1817
14
17655
12686
2073
1853
1793
2313
57
45312
2775
61
183
149
2447
82
13
14
5016
2964
61
14
33314
2077
5
1347
14
276
1563
27
842
1094
61
46680
23
38966
2916
61
28932
61
87
14
6051
57
1579
791
5244
61
76
1579
625
9
18415
46681
1071
23
14
1779
57
32377
27
1295
61
24
2761
2321
87
373
82
13
316
230
8895
61
129
12927
13
24
1783
37
5231
14497
9
46682
14902
331
24880
331
46683
5
54
715
61
46684
27
119
540
61
129
761
23
14
1563
144
7328
57
24
2865
46681
1071
61
1018
45
278
13
5336
449
8494
6802
61
3100
14643
8324
27
6117
61
358
3528
503
4872
1061
23
24
2321
61
502
1195
1069
24
8844
57
24
2704
14497
34287
23
28932
37
2079
27
7486
262
187
149
82
13
14
5016
2964
61
14
33314
2077
5
1347
14
276
1563
23
24
46685
5
20353
27
842
1094
61
46680
23
46686
2916
61
28932
61
87
14
6051
57
1579
791
5244
61
76
1579
625
9
18415
46681
1071
69
324
902
71
23
14
1779
57
32377
46687
262
46688
27987
8220
6208
2
24
1619
57
24
46681
37
3876
61
655
24
1071
37
8281
11234
369
1068
757
951
8324
262
1295
61
24
2761
2321
87
373
82
13
316
230
8895
9
46682
14902
331
24880
331
46683
5
54
715
61
46684
69
324
71
46689
262
119
540
61
129
761
23
14
1563
144
7328
57
24
46681
1071
61
1018
45
278
13
5336
449
8494
6802
61
3100
14643
8324
27
12978
61
808
46683
6307
449
24
4128
57
24
2865
46681
1071
104
24
46690
1783
57
46680
11701
423
262
46691
46692
575
24
791
46680
276
1563
149
3875
61
438
24
729
9
40
5193
46693
9
46694
15946
618
14
1551
12645
61
24
46695
8325
47
13
14
33535
61
33539
438
24
5193
46693
46694
15946
61
76
122
3371
7095
61
36207
5
46696
10140
61
95
2609
5
2740
1359
13
2795
24
2685
5932
1229
515
373
40614
104
24
1094
9
22438
1783
27
331
543
709
7473
13
4081
57
61
7473
91
14
33535
516
278
100
1189
27446
61
331
589
46683
750
119
20733
1840
27
19117
13
46680
1981
61
502
5562
1770
1579
562
64
14
2321
23
24
545
46685
61
926
359
262
331
258
46697
61
646
149
45
822
174
27
331
20388
61
24
2321
625
14594
14
34287
1563
5
14
46681
1071
58
1413
46698
4534
13
24
351
23
24
46685
5
1920
46699
27
119
43
61
901
64
24468
15028
61
46700
27056
61
1075
10559
5
15236
4586
46701
61
1481
47
334
6168
14497
34287
23
24
6605
58
334
8090
3023
1377
11247
14497
13844
2
22141
24
8580
29821
61
1489
13
24
767
61
28932
262
119
46702
25891
61
91
8764
291
46703
27
119
4046
61
9810
24
38966
3178
61
502
149
1893
104
15028
37
34287
61
1770
76
16215
219
57
14497
27
162
1364
494
61
24
351
2494
89
14
2321
61
76
1579
2534
5016
2964
61
33314
2077
5
622
17754
27
187
1347
105
1579
2534
4319
76
331
1166
1167
13
704
14497
7862
23
24
46704
331
27
21990
262
119
46695
3528
503
4872
442
23
24
2321
61
502
1195
1069
24
8844
57
24
2704
14497
34287
23
28932
37
2079
27
12978
61
589
46683
5224
24
6666
15091
57
237
1563
149
32
57
24
1617
17754
23
24
2761
2321
37402
262
7637
46698
4534
13
24
351
23
24
46685
5
1920
46699
5
1481
47
334
6168
34287
61
9810
24
38966
3178
27
12978
61
808
46683
99
2072
7683
57
33491
7416
1129
23
24
2321
61
349
24
7416
1129
91
24
38966
3178
37
46698
1958
562
262
618
14
1551
12645
61
24
46695
8325
47
13
14
33535
69
324
71
61
33539
438
24
9720
46694
15946
61
76
122
3371
7095
61
36207
5
46696
27
10140
61
95
2609
5
2740
1359
13
2795
24
2685
5932
1229
515
373
40614
104
24
1783
37906
262
1134
858
1046
1793
57
24
3096
46705
5677
91
24
38966
3178
23
38966
2916
123
24
46699
119
46680
7559
61
502
2859
25160
23
1372
46706
61
1341
185
14
46707
2321
76
1145
2424
8895
5
1793
15322
27
1295
61
23
32451
61
14
1581
15091
57
38966
2916
9
575
24
46698
105
1129
1810
331
11925
331
9
149
4936
91
46708
34
2947
33031
334
20665
27
162
256
494
61
64
24
12462
3802
149
11670
69
14859
46698
13
10413
122
14497
71
5
24
15806
497
42042
61
24
38966
3178
16531
27
842
46680
5910
13
1503
61
1543
12494
61
57
28932
37554
2095
61
873
23
54
5
3564
9
8764
46709
7610
37
767
61
38966
2916
7088
27
251
1317
5016
2964
4534
89
24
2321
61
14
46710
20669
6934
4032
5
91
4824
42873
61
8895
288
2456
34
14
27945
27
331
408
704
1028
14
27945
5
1094
87
24
227
13
444
32
61
331
24
8937
57
119
46680
7559
301
598
104
24
227
61
5612
262
331
408
1099
604
278
14
226
3317
27
331
1295
61
1793
494
147
61
24
3830
105
5696
159
343
13
4793
57
16301
61
655
24
46681
1071
5
1579
5016
2964
6329
2396
27
46711
35778
262
119
2865
46681
1071
149
1163
2590
20674
29829
35778
5
8295
515
1061
16061
13
2250
69
324
902
71
1570
9
1785
262
589
46712
87
324
537
47
810
24
46681
27
579
1094
7401
34022
19915
23
24
2321
76
525
583
724
61
3822
27987
8220
6208
2
24
1619
57
24
1071
37
16475
3876
61
655
24
46681
37
8281
4197
24577
369
1068
757
27
162
918
57
24
1071
61
2043
9
445
7043
14848
47
2
24
1675
9
5
14
46713
515
1129
13
107
13087
76
8895
87
402
423
27
331
628
1825
603
13
278
1463
17649
183
61
331
589
46683
330
57
24
46681
61
5612
262
331
187
516
107
16210
27
628
2831
278
456
183
1011
494
495
27
331
808
46683
4534
13
46680
76
54
448
23
24
3671
13
2828
34022
19915
9
402
58
24
2321
105
100
22438
91
594
46698
27
1477
215
174
24
34287
13
8164
104
28188
6633
293
34
1793
494
61
215
2075
4634
13
24
1783
76
589
46683
23
24820
27
691
1094
2828
24
34287
5
1579
14497
609
27
246
10459
57
46680
23
38966
2916
149
24
8844
57
2704
14497
34287
23
28932
37
2079
23
46699
246
842
1094
61
1579
625
9
18415
46681
1071
61
76
5016
2964
61
33314
2077
5
3633
14
4319
61
369
402
423
246
1295
61
24
2600
2761
2321
87
373
82
13
316
230
8895
9
46682
14902
331
24880
331
46683
5
715
46684
246
20880
761
23
14
1563
144
7328
57
16475
46681
1071
9
5
503
1541
3528
4872
442
23
24
6605
246
589
46683
330
57
46680
262
331
258
46697
61
646
149
45
822
174
331
61
5612
926
516
331
603
331
13
17649
24
17754


