364
870
9498
19572
901
19573
5
19574
369
1622
13
2683
6589
19575
18
24
2510
57
24
582
506
27
119
80
582
1827
19576
3065
23
7304
465
825
17642
5510
2681
57
1584
13
5736
2376
449
19577
14352
27
119
1389
2744
2979
870
9693
19578
19579
19580
69
19581
71
87
3875
23
14
2600
16693
6605
57
7304
465
61
19582
2313
2
24
9574
57
19583
27
521
159
34
522
119
465
9693
19578
19579
19580
69
19584
71
61
76
334
15286
57
2842
19585
621
2213
5416
69
2424
2769
71
1853
187
9011
57
2842
3538
61
621
2213
1012
69
2149
896
71
6279
61
502
223
609
64
14
414
19586
27
19581
825
663
442
15879
3911
32
57
24
3700
19587
57
24
5475
262
2350
3828
27
1134
87
24
765
502
4123
13
107
1286
19575
13
1681
757
104
334
19588
5830
27
1477
709
32
87
4149
496
2350
3828
87
61
183
87
391
13
3229
34
5742
1299
1300
57
24
5475
27
1250
288
644
13
2789
19581
37
15837
91
8932
1579
1592
76
1117
19589
27
2617
5692
14846
61
14
416
57
24
19581
77
2
24
1956
57
7304
465
61
330
262
331
19581
87
14
4091
10194
19576
27
2847
19572
825
532
1533
19575
61
321
868
61
5
825
107
644
13
1344
542
23
1533
8041
1284
1193
622
1827
19576
23
24
1146
27
331
408
2789
515
19573
825
532
334
2219
19590
582
19575
5
19574
7591
61
4722
18
19591
57
19592
3189
494
57
1584
27
331
618
1579
55
257
23
1751
4046
61
19584
825
6546
1533
5128
1284
87
370
5443
23
704
6646
1827
19593
19594
1185
24
4744
17024
57
6207
119
19576
825
11878
19595
19596
406
1221
24
3870
515
13534
3376
1221
13
850
834
19575
278
4073
23
24
139
19597
494
27
19581
87
14
16154
19598
34
334
1347
1533
19599
3634
61
24
9693
19578
19579
69
19600
71
27
543
3880
8226
13028
1411
1747
2604
61
465
5
1605
2762
61
19600
825
107
24
1146
37
2704
1827
19576
1348
183
11643
10573
23
19601
27
2847
1269
14660
825
5736
19602
9
16184
351
57
1871
16
19603
1746
27
119
19584
19576
87
3875
23
24
19604
57
19605
61
334
351
57
6471
1033
19606
69
19607
1033
2313
71
61
1185
24
2146
57
2996
2997
61
76
7124
3897
308
27
119
1845
87
2212
652
183
87
331
1827
995
331
61
1185
2663
111
9
53
1827
14633
515
516
12648
76
24
19585
17639
47
15278
1827
14633
27
16155
582
331
1827
5690
331
289
19608
15286
19609
61
24
19576
825
107
644
8914
24
9498
822
1533
11622
1284
10639
1827
19610
5
825
748
24
19576
14
1698
57
1772
449
2845
607
24
351
57
24
1751
5393
27
19584
87
663
24
55
1071
1337
23
24
1146
37
2704
19576
61
24
9693
19578
19579
69
19611
71
502
825
107
1893
23
365
465
5
1747
2604
999
57
24
19586
57
24
870
19611
19580
19576
119
19576
825
663
1713
34
19612
562
61
637
515
87
45
1579
14442
5843
246
119
316
582
9498
19572
825
1153
5128
2
334
15286
57
2842
19585
621
2213
5416
69
2424
2769
71
1853
246
9209
87
663
24
55
1071
1337
23
24
1146
37
2704
19576
61
24
9693
19578
19579
69
19611
71
502
825
107
1893
23
365
465
5
1747
2604


