924
4868
1
3039
16787
12
0
1491
6
8377
2960
5042
206
29
410
13650
1
301
3
111
11175
628
443
31
2843
2
15
628
1
1397
31
0
5019
4376
28
19105
724
53
14301
2288
51
184
1
163
14
5
584
6
5359
4633
12
0
8377
2960
29
410
10892
3228
2
15
628
43
310
23
196
6
0
87
3047
2613
6
5042
1
1045
12582
7
1491
6021
1
4
4137
0
10209
6740
14
840
1705
25
2
297
94
11
167
5042
206
1032
3
32
5
30425
1
3736
172
1
45
111
11175
628
2135
92
13
67
3
0
8377
2960
85
87
273
2
15
776
628
33
0
5642
204
602
1
4
2135
14
0
9786
265
10
623
494
1937
3456
2
8116
204
319
1211
53
19048
26823
51
1
1264
53
14601
26823
51
4
11175
53
18953
26823
51
28573
20826
43
3495
3
1014
0
2613
8
139
8377
2960
10
41
79
37
51739
2261
1391
97
683
2
57
10
3456
1
17
6740
14
3691
7
410
6021
7
410
5769
1
8
22
789
2072
28
0
422
6
665
1
1389
1522
2
15
8
11602
8
4633
12
0
1491
1
909
1384
275
4
1384
483
1
163
49
7
4165
914
628
23
3039
16787
7
4757
3
0
936
6
5042
18
1491
2
101
11175
1
1252
275
13
16044
85
936
6
1491
1
45
483
13
2656
7
5
1252
14
13
705
7
2974
3
7353
2
674
215
1
1909
22
48
584
6
5359
3039
4633
76
32
16707
8
381
8053
8
1
45
44
22
44
252
3
154
5
2517
233
3
3498
48
2
12361
51740
1
38
926
12
5019
18
51741
4
51742
51743
1
2716
11175
628
6
0
64
4633
1
5953
42
10892
3228
2
8
939
60
29
115
13
14
3039
1167
245
54
51744
3
5
2070
1167
7
0
10892
787
1
8
21
22
20
5
1382
1059
209
32418
31
0
5019
4376
28
19105
724
53
14301
2288
51
184
1
0
628
1750
14
64
5359
3039
16787
12
0
1491
29
410
10892
3228
2
15
5043
4915
13
26246
275
20
4165
1
11175
4
10892
11175
34434
2
378
10892
11175
1
0
1167
13
2070
9
1891
25
13
10145
85
97
7353
2
15
1611
4915
3932
26246
483
2
101
10892
11175
1
0
1167
24915
5019
7161
5042
7616
54
412
24195
1
50
6076
63
697
269
2
15
628
163
0
412
908
6
410
24193
5721
14
73
32
115
20
5042
8
1491
16
28
5105
1
51745
51746
3
217
17
21242
20
42
14243
5042
13
0
5642
8377
2960
3
0
2508
4
13
2656
7
0
4937
3028
1
371
25
0
118
8377
2960
7
0
4789
3555
571
2
5042
13
0
7088
6
0
1334
648
9476
23
5
8
8377
2960
8
2
3049
181
5042
206
29
37
2912
4
2692
37
3131
2
57
2984
499
85
105
278
23
416
23
1177
28
0
2508
9
373
511
3
474
0
8781
6
0
393
2354
972
3
7077
4
3187
2
15
5019
5201
1200
69
5546
81
215
140
0
5042
7
0
4937
3028
2
15
4376
13
648
12
0
2070
243
6
5042
4
1351
74
6289
268
555
2
221
13
232
1062
7
0
1613
114
5042
13
54
686
5527
11
996
51747
289
97
18378
6
972
2
89
1384
178
1
50
1088
23
64
1443
3039
4633
208
3
277
108
7
4165
628
1
107
74
163
49
7
0
11175
628
2
8
20851
245
178
332
100
12010
10892
1138
1
8
21
22
2
5019
13
648
253
416
28
97
1649
3
325
55
459
48
13
0
276
1
0
1909
176
2
57
206
32
434
3
248
5
410
3989
1
62
91
116
28
410
2793
2
1315
3654
46
6289
39
0
5201
3181
97
87
3824
2644
6191
12
555
928
1
28
5
2195
6
33434
724
53
26292
2288
51
28
0
1491
1
22
629
51748
1
6707
12
0
5019
710
174
2
15
13650
6
5042
8
3039
4633
1
50
29
18873
0
1120
6
1909
4
0
270
8458
1
1065
4142
2
8
15
3039
4633
722
3
51749
0
2644
174
1
45
60
46
29
3
1604
268
60
124
2517
4
33
344
3
5164
88
90
60
73
2805
42
1416
1
8
2072
22
2
8969
628
28
0
5019
5201
1750
1384
483
20
1713
12297
23
0
4937
18167
2
15
34435
6
914
33
4165
158
56
44
33
339
0
2576
6
5042
1
4541
14
44
392
32
232
748
0
1491
699
85
20
0
1857
6
37
1525
24193
1
23
845
521
2
8
939
13
2090
13
14
66
73
177
0
1384
119
0
20891
13
170
7
0
621
6
3499
1
8
22
11762
51750
1
5
24767
5895
20
0
4960
24483
3182
11
11656
8325
1782
7
51751
1
1089
2
5042
18167
7
48
10091
9
49
2138
16797
6
628
204
31
2843
18
5019
1613
120
97
2156
3
0
8377
2960
2
15
34435
6
914
33
4165
158
56
44
33
339
0
2576
6
5042
1
4541
14
33
12
5
232
16545
7
4969
3
0
936
6
0
1491
15
8
11602
8
2074
73
32
1474
214
7
628
0
9786
172
23
0
5019
4376
19745
97
152
991
5
51752
12
359
399
52
2734
14
20
7493
12
5042
1
0
4633
10829
11255
1
45
25496
23
16306
8539
7
2
852
3
6954
1
48
76
1409
8097
2925
37
650
754
7
0
5606
6
0
1250
31
1
11
6816
1
8073
49
972
79
3623
0
1491
4
1298
25
4052
6
7
5
33246
2
3049
29
10020
14
0
3767
6
5042
13
13549
17
5
6071
6
381
4
972
2
15
973
4316
98
11
0
11602
4633
13
14
0
972
13
1372
31
5
3820
6071
6
5084
14
20
278
4006
69
676
8
51753
8
434
3
3285
906
7
0
4937
2
5042
13
34436
724
53
15629
2288
51
357
4
10
658
7
23278
2
101
409
1
1471
658
14
381
10
16882
28
97
1491
20
5
1526
6
608
4401
53
399
3985
51
134
200
2
8
836
1
1085
1
60
29
5
5201
12
0
13112
6
8518
48
5359
1
11602
172
1
8
5019
1613
771
4
782
3251
6128
51754
1
6
2843
18
18748
34437
22673
7
34438
1
665
22
2
8
7266
25
46
1750
14077
7811
5042
30
477
150
0
7493
6
0
3555
571
2
8
5042
13
0
3039
1167
7
0
528
6
0
787
2
2499
0
8377
2960
13
194
23073
85
0
1657
7
0
3170
1
0
710
174
4069
5
189
5317
71
3
143
0
1657
4165
2
15
189
5317
116
5042
1032
51755
1
4
13222
97
912
65
14650
1
34439
1106
6
5042
1088
7
0
51756
787
20
1611
93
5019
46
32
1397
69
5042
8
5546
7
359
1
7791
0
87
703
3
5
8377
2960
31
5
5201
53
1807
18
3817
137
51
5042
16965
0
2508
7
0
4937
3028
197
7269
4
9268
4
13
128
705
3
9268
18
3639
5393
4
21834
18
3639
34440
9
234
1407
1168
3010
11
23488
142
2
15
3076
4
18378
6
381
7
1334
109
5042
76
29
34441
11
0
9930
6
142
12
1177
4
0
670
9
2698
11745
6
10317
199
23
9268
2
238
10059
2744
23
0
1462
10317
18275
44
6994
9407
6
501
13549
4
9786
10281
4
30104
50
312
0
390
1177
4
6625
9
4949
12405
8380
4
381
3
1177
2
5042
13
1165
0
912
6
21834
18
51757
9
51758
3639
34440
50
13
1969
6
248
6778
381
3623
97
1491
2
57
2984
499
85
105
278
23
416
23
1177
28
0
2508
9
373
511
3
474
0
8781
6
0
393
2354
972
3
7077
4
3187
2
1475
4345
7
1098
1
5019
30
369
1588
22207
1
5
1462
51759
648
2656
16255
341
724
53
14781
341
2288
51
184
28
5042
2
15
2195
197
22207
4
5042
13
2418
85
0
2195
197
0
1177
4
0
2508
2
1354
97
591
187
7
5546
140
22207
1
0
5201
2719
4724
5438
16410
1
173
628
6
97
51760
1491
4
650
5951
63
97
25890
683
2
22207
4
5042
33
0
64
148
1825
1334
7
0
1248
4937
3028
2
5042
13
34436
724
53
15629
2288
51
357
4
10
658
7
23278
2
101
409
1
1471
658
14
381
10
16882
28
97
1491
26
8116
28
5019
1750
0
5359
4633
12
0
1491
1
909
1384
54
4
1384
178
1
7
11175
26
24538
54
13
16044
85
936
6
1491
1
45
355
13
7
5
1252
14
13
705
7
2974
3
7353
26
9402
4316
11
4633
13
14
972
1372
31
5
3820
6071
6
5084
13
20393
434
3
906
7
0
4937


