15
631
394
30
116
5
3599
1066
19552
31
2824
5
257
1229
7453
47
1818
6
20936
223
1441
11
7787
537
1
9199
25
23
37
9566
1597
6
456
1703
7
0
336
2
15
513
660
781
47
35
9003
12487
15440
41483
618
13
1093
3
41484
1936
28
2827
6631
133
61
330
23
1761
133
4
108
2350
1562
2
15
618
633
0
604
12
97
560
1063
81
149
1
1453
16
35
101
661
13001
1
80
24617
1659
3356
6
1703
241
182
1761
2810
1
100
199
551
23
3356
6
41485
297
94
11
167
15
1818
332
1229
223
1
80
7
588
30346
1
831
5
618
11565
7
24618
1
1121
160
15
1818
332
1229
223
1
80
7
588
30346
1
831
5
11565
7
24618
1
1121
160
2
135
33
1433
374
5
41486
1639
1372
7
19644
4
5
6022
2191
16
35
22870
537
62
130
116
537
2
5373
13
419
11
41487
563
493
31
15
491
12
302
30
115
0
6022
10
157
7
37
7453
618
180
20937
1229
1
2161
141
24438
1
50
992
11
4214
7787
537
3
32
4604
12
299
1
23
168
23
6083
1936
41
3
1651
7
5474
2
15
783
10
289
0
6885
35
1936
627
55
8903
2124
3
41488
133
50
10
20938
31
0
631
660
781
133
31
5
130
1441
430
20939
41489
1
761
560
1063
13
1410
2
29640
16
30347
9235
1
38
633
0
787
478
1
10
54
6
406
13483
289
30348
7816
88
28
317
196
7
5577
15
491
12
302
73
1750
21
13
30347
9235
1
5
6156
9
83
28
9676
1
38
81
70
10
54
6
406
13483
289
30348
7816
88
28
317
196
7
5577
77
5
1867
2626
4338
12
2597
824
2
378
568
64
6
0
1720
33
521
3
32
1259
11
6631
7
1434
2
15622
11353
133
0
2708
7158
38
30
1687
3233
257
1607
1173
11
2630
1150
4
761
1999
9
30349
304
10
1438
31
0
956
133
10
1517
20
0
770
7
24618
12
359
691
2
52
30
61
289
2243
7
23527
4
1121
2836
20
5577
113
0
911
10
157
2
15
783
41490
31
0
631
660
781
10
87
1284
12
560
81
149
31
5
211
1441
888
29207
41491
1
38
13
5
973
1313
7
0
1064
9
7492
618
2
96
562
25
23
37
35
1419
41492
4
1041
0
5954
35
764
1229
1
84
141
41493
56
36
210
0
783
12
560
2
2241
36
633
5
604
6
216
911
17
0
827
16
35
15
122
6
3305
11043
3
2998
45
41494
674
166
1
2936
2014
2983
1139
1
8614
771
6
0
2003
2116
2758
181
9
3734
1
22
16
35
57
47
37
2286
3963
1166
41495
21
22
2
35
135
171
32
1547
5
706
67
273
69
42
18349
2
861
80
6
136
3412
1
25
47
41
158
23
10304
23
0
41496
6631
41497
631
560
875
43
61
2319
3
18330
0
660
781
1
17
54
1441
25
37
35
6511
41498
2
3161
631
7041
975
41499
176
16
35
3778
13
0
660
781
5388
7787
11
0
250
5328
218
5166
141
44
2528
3
13433
0
9956
6
0
250
1520
218
14593
47
12628
17
14
16485
1
23
25
13
17
0
620
7573
6
1940
41500
15
660
781
107
41
3876
3
6467
3
1183
397
2
26
631
394
633
5
257
1229
7453
18
1818
478
26
12614
738
20936
223
1441
11
7787
537
120
160
2626
26
660
781
157
783
23
37
9566
1597
6
456
1703
26
89
0
6022
10
61
157
7
37
7453
618
11
4214
7787
537


