144
1774
19115
65
1132
391
1055
298
30
40
4875
72
5874
39
126
23
247
23
105
43
344
3
1220
25
4
389
49
4043
6
49
3
72
2732
2
864
298
15357
43
4875
397
31
5
391
7716
39
296
2852
14
126
43
79
54
8204
184
28
56006
42
5259
1526
245
3
256
97
1836
1972
451
2
15
298
1130
5
695
6
6022
7199
14
58
1032
12
126
47
3336
5388
97
1836
9
1972
451
2
20708
16
65
8615
5691
5
1132
298
11
2907
126
647
54
8204
6
5
5259
9
1526
451
14
3218
875
3
143
42
10751
2685
109
1847
8576
2702
31
831
13230
7199
144
35505
12
0
3829
0
391
58
2987
0
5259
1526
621
20
5
752
6
72
275
5
977
2440
1500
2458
2
15
447
76
123
585
5
827
50
58
32
21342
9169
86
44
76
2685
109
37
11602
62
1847
8576
1452
2
89
8089
108
705
825
0
448
107
41
615
103
494
25
1561
5
2970
6
72
463
2
139
531
3
49
3
591
2181
28
296
38
22
42
126
34
9940
0
245
2
101
54
276
0
284
10
79
105
4
7
216
5
1655
6
72
2732
10
572
2
31732
22432
4875
15357
72
5874
4
1122
25
3
7610
80
2181
7
412
647
999
230
6
91
348
2
15357
11496
97
1055
4
451
12
1132
391
3336
4
3727
14
43
952
17
247
126
2
15029
7716
22432
22
25
532
12
4187
35506
1
15569
18701
4
21177
35506
2
15
8615
3550
22
0
1836
9
1972
451
10
578
6
41
8683
5
2970
12
1051
1
41
2246
511
597
12
964
12
97
7199
4
35
3559
3904
35507
2
135
22
14
126
43
623
3
325
0
298
47
7199
6362
23
44
1890
35
3039
4262
4
56007
28868
2
238
3093
38
2852
22
16
35
581
263
10715
25
31
974
50
123
1006
6460
0
5259
1526
56008
245
2
1553
514
16
15
864
1055
298
1
15357
1
30
40
4875
11
831
0
11255
9
5614
7199
56009
16
15
7716
763
1771
3
8992
9097
3
1524
126
33
41
12076
12
21235
35
221
10
100
7072
35
33
66
662
66
188
3
448
48
24358
4084
1161
50
1413
14
36
30
389
49
5
72
414
766
12
95
1655
2
24
181
14
25
13
5196
14
48
1822
6
3376
13
867
12
5
126
47
1055
2
35
15
725
14
48
3376
118
735
3
32
10715
494
90
26818
0
391
448
13
34805
10721
16453
1
28
22432
1
22
16
35
144
5388
97
451
7
199
5
152
23
3
17985
247
126
69
35505
12
5
3718
50
58
5100
5188
4
766
88
1
4
31
2036
3
8992
0
1894
1125
6028
12
5
451
50
10
1474
3646
20
126
1
15357
30
1015
126
1
4
31
6300
42
296
1
9535
2
35
56010
50
17985
3904
1
1225
3140
3904
1
4
768
7
1655
1907
773
645
1797
3
217
1792
4
3
0
3789
2976
6
0
5259
1526
3968
2
22432
46
41
9111
9177
15
451
30
150
40
1145
28
3717
720
6022
7277
45
13
969
720
28
1055
1837
1
113
25
392
87
32
9067
4
1815
392
32
4782
3
256
0
451
2
15357
107
41
3876
3
6467
11
1183
81
166
2
26
864
1055
298
15357
8697
1836
9
1972
451
3
1242
26
57
5449
875
585
5
827
4
10783
25
3
2685
109
1847
8576
1452
26
22433
7199
11
0
229
12539
49
12
3336
11
247
75
26
1759
43
54
8204
28
5259
1526
451
14
964
72
275
134
977


