144
3468
42130
5130
393
11714
11813
10
5481
28
19
227
4162
14976
53
234
137
51
397
5130
393
11714
11813
10
5481
28
19
227
4162
14976
397
2
101
5
942
20
160
47
899
372
1
50
6076
3457
5
977
1
2077
1485
6100
2721
0
295
5
21062
30630
9
0
87
620
1439
3
3242
42
64
9
70
984
2
68
11813
1
4169
1
4
179
10692
290
401
14976
1280
1
98
29
3
1604
11
5
21062
5263
1
50
13
1614
1209
231
347
4
5
132
192
1
3242
42
984
2
8621
0
295
3708
42
620
5507
1327
0
942
2
372
9156
332
14
401
14976
3660
3
1924
68
11813
12
0
2329
6
19
3098
21063
1138
2
15
984
10
22
3
29
42131
1175
94
2
380
0
5251
90
186
1
401
14976
24802
35
42132
3
0
1332
16
35
3433
0
24803
47
1138
23
207
55
7
212
5251
42133
15
179
10692
1634
61
729
7
0
3247
14
44
43
576
2206
2
15
3247
10
1204
12
409
598
2
15
584
669
7
5
1951
747
1481
20
0
42134
2108
1896
2565
12
0
16532
4
30631
6711
7
411
2
2266
42
10910
1
68
11813
34
22
21
10
35
42135
3
29
24804
430
5
1676
1028
2
52
22
16
35
15
3947
551
13
9
4
24
84
141
188
3
161
0
821
551
7
276
24
124
69
2544
17
95
1028
9
66
202
228
1118
75
212
220
512
38
33
141
669
2
35
24
659
128
6608
14
24
147
7
1178
1
113
66
929
7
1698
17
410
512
1562
1
1346
0
2627
62
75
66
147
17
2
8
57
254
185
2
5306
24
659
41
42136
68
11813
1
4169
1
4
179
10692
290
401
14976
1280
1
98
29
3
1604
11
5
21062
5263
1
50
13
1614
1209
231
347
4
5
132
192
1
3242
42
984
57
10
19
200
984
262
19
3026
573
17
2686
30632
1
17
1743
21
30
146
126
2
52
61
5565
4632
4181
1982
11
64
82
90
36
93
59
11
6102
7301
2
2045
19
1924
28
258
30632
1
68
11813
467
1829
3964
4380
11814
1
1314
82
19
5227
2
68
11813
1
38
630
7
3250
42137
1
336
3970
1
10
364
7
0
1143
10753
10828
468
3
29
10107
5
4369
6
72
384
341
2
26
11714
11813
10
5481
28
19
227
4162
14976
397
26
135
43
2721
5
21062
30630
7
5
942
20
160
18
899
372


