2123
4663
10
6266
632
437
12
635
6
833
7
2602
17
64
9053
6
2357
1282
127
19
227
1
173
54
7
50
21
1047
27
1958
17
5
16571
2
15
3523
11935
831
99
489
54
766
6
3872
3195
833
4
398
10402
635
6
833
1
1020
1038
4
7661
2489
1
301
3
0
10660
443
632
437
2
15
87
3805
197
4663
4
19
227
1
11159
34009
4663
1
175
242
56
36
5456
59
39
2163
6
391
992
197
59
4
216
211
2
16617
1282
16
3523
11935
831
99
2123
4663
53
122
51
13
603
6
26210
19
227
1
11159
53
2292
51
39
36
805
19
8948
120
37
2982
294
36
2763
17
59
1
4663
1680
3
5886
4
18478
27
1
4
56
36
805
1
106
161
4663
34010
27
1
1949
27
1958
2
65
4677
180
0
106
39
942
0
2982
1
45
4663
6769
7
0
4313
119
11159
78
362
36
34
41
40
2431
2
203
192
22
14
4663
34
7549
3
812
0
106
21
10
41
7
0
102
62
21
58
922
430
7
376
6
27
1242
2
15
208
132
1
4663
2431
19
227
311
1
4729
27
7
0
225
1
23
168
23
2850
3668
4
3938
5
5840
20
42
16583
9
83
198
2
294
36
469
3
448
106
1
4663
2755
0
391
55
6
27
844
4
3243
25
94
12
0
640
2
4663
18
227
93
39
0
64
9010
175
242
4
107
41
1499
55
3
106
268
4663
467
9234
27
11449
1515
1
173
5
783
6
5
1537
2
15531
16
4663
10
432
460
834
12
833
635
7
2602
17
64
50593
20
19
102
7
600
2289
19
117
334
4663
10
432
1
21
490
7
3785
17
106
14
21
6769
7
0
4313
1
609
21
1243
1448
6
4352
19
227
2
4663
30
40
1122
3
1802
37
4070
4540
1149
4
1438
28
248
965
17
19
227
4
198
2
15
11935
210
4663
12
0
7355
1239
1356
9
486
2095
874
1
50
10903
59
28
508
17
3523
11
0
936
6
0
236
2
50594
16
12506
106
362
9547
4663
7
50595
2
4663
3498
3
362
21
6769
7
0
4313
4
192
482
11449
1656
1515
3
19
227
1
45
22
21
107
41
833
27
50596
16
15
11935
26614
2123
4663
28
80
174
2966
262
19
1348
139
13
23
4723
3
0
16630
1239
5995
47
3723
874
50
0
7285
18418
157
3
50597
7237
9696
120
19
644
11
284
762
2
1215
1543
50598
1806
14
0
11935
46
722
3
503
4663
119
21
18
12
0
1356
9
486
2095
874
2
15
2814
22
4663
18
276
46
32
8234
182
0
1285
18
1210
9
2489
1173
2
15
2814
30
40
10858
31
2357
1282
1157
388
150
5
50599
7134
14
738
179
11054
26666
831
99
4273
3823
10843
55
19
123
9
5787
7
37
4195
283
1
155
2433
1
11903
2
1437
7285
18418
393
831
99
7237
9696
10
6266
12
3872
284
9
762
635
2
15
2856
34011
210
393
3853
267
4445
7252
12
0
16630
874
460
834
4
22
21
46
41
326
11
0
174
268
19
2357
1282
276
13
5940
2
26
4663
1
575
1
489
398
10402
635
6
833
1
1020
1038
4
7661
2489
1
23
168
23
5
3872
3195
833
766
28
1949
19
227
18
1958
17
5
16571
26
1354
37
2982
77
391
992
4663
34
489
28
216
1
4663
469
3
5886
4
18478
19
227
11159
1
918
1
45
36
805
26
4663
34010
27
4
1047
27
1958
1
123
6769
7
0
4313
56
106
806
26
15
208
132
1
4663
4526
27
7
0
225
4
3243
5
5840
20
42
16583
9
83
284
1
38
10
12913


