144
1901
23365
6843
38034
380
506
1152
1
246
18
1553
834
243
46
154
12
3486
7
0
368
6
0
846
6721
55
7
14471
2
135
46
1203
4198
28
0
54
4
118
108
71
246
29
3340
48
2918
9
79
146
82
320
56
44
1017
1268
314
9
275
7
28628
2
387
5389
243
1890
0
2211
6
3902
7885
1
1306
20044
1
15924
11373
1
4240
17693
4
8547
10653
2
89
110
492
6
0
108
464
6
0
6508
6
468
218
3314
2293
42
8866
150
42
3915
4914
2
6735
6
1201
16
246
1017
1268
314
9
275
3
2800
0
5136
1553
834
846
1620
2918
99
7
468
4
44
29
216
303
20
5218
56
44
225
3486
12
506
166
38035
16
15
246
174
2029
12
0
1368
7
38036
1
28628
39
42
313
77
1268
5775
38037
38038
9
19767
28629
5775
38039
1306
20044
15
3145
545
11
1554
283
20
14
547
4
34
40
909
42
1920
10804
6
0
2279
2735
3
0
1706
2
318
1226
745
921
20
0
3132
1
113
21
2919
5
242
7
5136
13264
38040
4185
174
3695
2
38041
28630
3
1417
9456
1
21
1824
64
10805
1331
6404
20
6736
3662
7
328
924
4
10
5707
5
400
465
6
1062
28
235
1808
2
101
0
267
1
39
5970
1873
299
20
0
190
2401
7
160
1
21
622
3
3183
283
11
72
11520
736
12
7230
132
7
409
151
2
836
793
1
20044
30
40
1129
3
28631
28597
28598
23
580
275
4
444
0
81
236
12
1331
20
22554
4
1851
250
2
19656
1111
16
20045
1306
20044
496
3
758
5
1842
182
906
28
1692
6409
9500
4
1268
18
28632
3821
13323
38042
4460
1505
9
5689
20
4330
4
34
1204
5
146
9
70
465
7
468
2
65
1175
2334
408
59
15925
0
20046
1749
81
70
4
21
545
11
15926
38043
7
0
23426
9
38044
328
120
0
81
618
2
2666
28633
15
93
9
99
30
8924
168
7
1765
18
2291
5631
4
116
19
87
9
174
2012
23
5
3939
11
3357
10158
7
5
4927
238
370
313
77
11521
7231
99
7
522
190
2
5893
150
444
71
12
1331
20
20047
250
1
113
21
116
835
2414
7
328
238
81
236
2
65
848
6
1114
1214
18
1086
11
0
2946
1553
316
353
370
81
535
39
1883
14406
34
6881
162
709
4
8892
494
11
0
1553
7711
1
7
5
399
9
791
313
77
654
20
38045
3032
2
1147
2102
16
2666
28633
20048
0
38046
6
64
970
6979
120
48
149
18
1553
793
846
1620
6509
7
4501
14472
14473
15
174
1394
7
468
1
14473
921
3
326
11
502
18
2291
4
1553
793
1662
1
4
116
19
1113
2012
7
5
5136
5393
328
2584
17
38047
7
484
190
2
15
528
9
99
116
19
589
328
2012
7
5
463
9
275
313
77
5534
20
0
5767
267
6
0
190
9
151
618
1
90
1051
81
236
12
1331
20
3779
250
2
52
116
713
2414
7
80
11
0
9630
7
37
3217
236
14
408
88
17694
17
4727
28
328
238
90
3896
4554
4
1499
0
2335
9
3132
6
0
1383
370
2
38048
5878
16
14472
14473
53
93
51
1904
17
6409
9500
99
7
468
6409
9500
65
1216
804
28
0
6508
6
468
1
9500
30
116
903
1113
2414
7
0
502
99
621
39
91
1258
19
2012
31
4095
3185
7
5
5393
328
2584
127
1920
6718
7
5257
2
28634
5
111
189
9
877
1237
20
4355
7
409
81
70
4
444
5
1369
618
12
1331
20
2766
655
7
50
44
1561
0
1620
8684
9
103
368
2
65
1551
7
0
246
1553
793
1086
2
14474
10806
435
23427
38
30
12940
42
7355
4
2291
2549
1
173
0
174
14
1017
5715
5883
7
0
368
6
0
190
1383
4786
370
2
334
15927
7
5
1331
236
20
5270
7
190
9
151
1
7
50
44
1561
0
1620
8684
9
103
368
45
342
3
3222
1199
1
10806
1204
5
178
9
70
1237
17
435
2
52
444
81
236
12
1331
20
3858
5211
4
123
4330
4
30
116
608
2414
11
0
246
1553
793
243
2
38049
12
0
3060
16
14474
10806
13
4471
31
970
561
1194
2682
120
48
149
18
1553
793
708
4064
7555
238
6
0
14475
9631
3
6289
28
0
1355
2231
4909
1
7555
1180
49
19
246
1216
31
20049
338
250
3
1383
4786
370
1216
127
3779
250
7
411
2
28635
49
3
0
8062
1
21
10
10159
17
5
1113
2012
7
0
328
370
2584
17
20050
7
436
411
4
5
589
328
2012
192
14
70
2
38050
2784
579
3713
19
2651
268
48
236
1
113
21
444
71
12
1331
20
4636
4
2923
1
1408
0
160
243
3
0
1620
8684
9
103
368
2
28636
105
278
11
246
1553
7711
2
20051
12356
671
130
12356
13
170
1136
11
19
880
7
3835
2375
18
87
174
4
30
1890
7
42
2291
4
7355
2549
56
41
55
12
1331
2
1475
0
468
4914
1
21
30
444
71
20
5137
3662
1
6502
1
4357
13324
1
12357
4
3779
506
3
2995
702
2
38051
16
20051
12356
53
122
51
1
6
671
1
38052
17
1268
18
28632
3821
120
0
3915
468
368
4240
17693
15
194
27492
17693
13
170
1136
11
5
87
174
1683
20
435
14
10743
499
4
499
623
17
274
2269
236
2
52
116
5
87
174
2012
11
0
4480
79
5
295
6
187
39
0
846
1620
1216
127
38053
7
5
1889
328
6509
4
116
5
245
6
2414
14
236
1
973
3
5
178
9
70
1237
20
3406
2158
7
600
411
2
435
532
3
29
2841
678
11
59
45
4150
43
2588
4
17693
1182
49
12
1331
20
87
4501
1
123
4330
1
5270
4
4636
2
15
5719
10
6029
10805
1
1408
0
23428
3
0
1620
8684
9
9632
4
37
1383
370
2335
9
368
1
113
21
545
127
671
2
15707
11
5
880
16
4240
17693
1
214
323
508
11
246
1553
38054
7
468
1
30
444
194
6
19
71
55
12
1331
3902
7885
15
3388
1216
804
6
0
6508
6
468
1
7885
30
4337
28
1553
834
3630
3
848
6
2611
2724
18
353
370
1086
4
5
589
328
1551
7
79
146
82
2
52
10
54
6
0
3388
335
6
1765
18
87
236
182
6290
5014
4
1890
7
2125
6
42
2537
1285
593
4350
2210
3
5
1745
9
242
1911
2
15
3026
9
83
116
19
1113
246
2012
127
22715
7
5
353
370
6509
99
7
460
151
4
10
15928
11
48
236
18
15929
1920
10804
6
0
2279
7232
2
2266
901
5
1551
1536
28637
20
1765
1
21
444
5
305
71
20
3779
506
4
1851
250
12
1331
2
9342
804
16
3902
7885
635
94
6099
3145
12358
10807
120
54
6
19
105
1113
246
2414
48
236
8547
10653
246
18
525
9
1426
7
0
368
127
1268
1
10653
30
1085
1738
19
1168
48
236
7
1408
1952
1605
4727
28
0
589
328
2
318
4079
11
4188
3662
7
0
1620
8591
0
2363
5477
3
6442
55
72
485
736
11
59
7
0
535
6
411
45
21
30
74
958
4933
745
11
88
268
48
70
2
65
1331
3206
20
3779
506
1
113
21
668
398
278
7
608
2414
1
840
207
49
5
13111
267
3
0
236
7
50
3616
731
127
338
283
1
435
4
2159
283
887
1952
7
0
425
71
2
1873
1927
16
8547
10653
668
178
3616
731
3
402
1952
7
0
589
328
5775
38055
17695
5775
38056
1883
23429
20052
9
4270
338
250
4909
2142
38
30
41
602
116
5
87
9
174
1300
45
30
1824
10805
1331
6404
4310
2
10808
1
38057
1
13325
1
23430
4
1
148
800
1
14476
29
40
0
3145
18
1808
2
52
10
61
909
7
1114
1214
18
1086
11
0
151
2946
1553
316
353
370
2
778
23431
336
10029
4909
3008
38
30
116
5
5796
6
87
9
174
2414
4
444
71
12
1331
20
10160
1
10161
250
1
5270
4
2766
655
2
38058
99
3
15
13128
7
0
1269
6
0
190
9
151
236
56
1257
3326
10
769
6
335
1
23431
3403
7
5
245
6
593
90
5
38059
12359
11522
9633
6980
19
2739
6
67
1551
87
9
174
486
2
20053
2766
1499
0
1620
8684
9
103
368
1
1435
7
0
2335
9
368
1
200
2334
127
3674
2
17696
393
16
778
23431
3503
0
2634
11
2766
655
127
3674
7
0
1620
8684
9
103
2335
9
368
15924
11373
12206
38
1824
5
6826
70
20
336
10029
1
1435
398
278
4
508
7
999
1893
2
28638
0
901
616
20
1355
2231
1
19
87
7
0
589
328
1
2027
55
23
5
5999
2
2266
14
1
1331
6404
20
8528
1
13326
4
10161
738
19
14477
1168
2
9939
49
3
0
246
1553
793
174
20
0
454
6
48
236
1
11373
30
40
7
1226
745
1
1435
231
278
7
178
15468
2
2403
6
0
2634
16
15924
11373
1904
5
616
11
246
1553
7711
127
22715
1375
1982
12360
38
1180
49
19
313
17
246
31
1882
5
87
1421
1237
17
336
2836
7
436
468
2
52
58
143
452
87
174
2414
11
0
10524
1
9885
148
6
19
702
7
1331
6404
20
2597
250
1
28639
20054
1
1554
4
4357
2
1982
1117
1050
0
5719
6
217
1808
7
600
81
70
4
545
1886
20
0
38060
1749
7
0
1620
2
1417
6100
4330
1692
38
30
680
19
152
69
0
87
174
48
236
39
5500
1331
6404
20
5138
38061
1
331
283
4
38062
5883
7
612
5171
2
17697
316
278
11
0
10697
288
48
236
4
13
207
11
169
67
2
9939
49
11
0
1553
793
174
11
42
612
6509
17
970
2
2403
7
0
7455
16
1417
6100
53
122
51
7
550
17
246
18
1553
793
243
515
6
0
970
229
1786
3041
2169
9
99
38
13
170
4668
5
87
174
1683
20
338
250
39
23432
162
42
2291
4
7355
1662
2
20053
88
313
0
1383
4786
370
7
411
4
0
20055
1553
793
589
328
993
7
151
2
15930
0
200
272
6
48
236
20
1554
283
1328
5766
20056
4
12361
38063
45
118
116
272
9
5
9
3350
2414
90
1029
9633
1038
4
2582
3
1355
2231
11
520
2
5893
54
2970
11
246
1553
7711
2
2666
940
4330
854
38
30
116
5
333
2414
11
0
20046
288
1956
77
0
81
178
5171
2
38064
19
148
612
486
12
1331
20
15931
250
81
236
1
113
21
668
1165
7
452
593
2
26
246
1017
1268
314
9
275
7
468
368
1
17
6409
9500
4
8547
10653
1435
26
1920
4945
46
1228
3
313
2918
311
12
506
166
5627
3486
26
3902
7885
13
1192
1216
804
28
6508
6
468
26
20057
29
698
12
3
326
1551
87
174
486


