65
920
6
10035
14
1376
55
6
5
2066
120
765
5697
3213
10
115
470
7
0
3073
9
11819
329
2
15
550
5392
43
317
242
1391
3073
9
11819
4
21070
8106
1
4
33
5
2146
1921
197
0
487
537
3402
4
0
765
2
852
3
106
1
2363
9353
5805
43
1189
77
12596
3073
9
11819
506
166
23
196
6
5
550
1932
56
5
9075
920
3931
10035
865
55
6
54
6
0
1367
2
297
94
11
167
26319
307
65
9075
920
6
10035
53
705
3
0
54
137
51
1376
55
6
5
765
2066
23
25
10
1189
77
3073
9
11819
4
21070
8106
3213
15
7168
10
2656
7
8493
3073
9
11819
48
1241
2
221
13
100
1415
20
48
71
12
0
4967
6
0
920
62
0
5087
2424
113
25
3834
94
2
8
48756
3
5
818
1
0
10035
10
2656
7
8493
3073
9
11819
655
340
358
2
15
765
5697
46
722
23
1502
2
580
557
597
46
32
443
20
48
71
1
8
0
631
1539
22
7
5
565
443
470
2
6015
43
1514
767
38
206
29
226
7
965
17
0
740
920
3
448
4207
1006
2
1188
43
2033
41
3
3317
62
356
0
48757
920
1
4
1604
11
537
3402
694
3
3871
2477
25
2
35
294
7
80
550
5697
1
0
715
6
451
464
4
0
487
643
13
235
4177
1
4
274
12912
46
32
204
3
48758
3754
11
0
715
6
21011
3073
9
11819
106
22
7
5
565
2
380
0
356
16
2363
9353
5805
43
1189
77
12596
3073
9
11819
506
166
23
196
6
5
550
1932
6850
16
15
616
6
0
550
4824
10
3
185
0
765
4290
7
5350
1061
4
2339
11
594
15182
65
4915
6
33391
317
196
7
0
5697
43
33392
20
166
77
48759
19032
4
48760
2
57
18
40
364
14
0
616
6
0
550
4824
1
50
154
242
274
70
1
10
3
185
0
765
4290
7
5350
1061
4
2339
11
594
15182
1
301
3
15
21945
2
507
491
1561
55
3
0
631
765
470
166
45
5
3762
10
41
1006
720
11
1183
26
65
9075
920
1376
55
6
5
2066
1189
77
3073
9
11819
4
21070
8106
506
166
26
203
4
631
765
58
41
161
110
0
920
3640
45
33
1514
767
38
3503
25
41
3
3317
62
356
25
26
15
974
510
120
2146
550
4824
2289
0
765
4
106


