144
507
491
1215
293
16
27523
138
1
591
417
151
291
287
16
22614
138
1
591
417
151
4228
7362
22615
12974
310
12
426
14
36
30
2322
651
4
13
497
5
1548
12052
9
23
36
5186
7104
6838
3435
0
222
3248
2
12974
1
3107
1
38
17136
4228
18
6585
9916
1
22
12
0
390
415
163
14
9
109
6838
9
4797
3
32
92
11
27
64
126
840
27
143
0
595
2
12974
1
38
13
3501
3
857
22616
6378
5608
519
7093
940
1
3436
6838
23
5
8
3865
211
8
11
3108
27
595
3
29
0
3248
2
297
94
11
167
36095
16
1336
12
4228
12
426
415
1
7362
22615
12974
310
14
36
30
2322
651
4
46
4136
5
12052
23
36
5186
7104
6838
18
3248
9387
16
96
22
36
107
41
183
129
3
677
0
546
268
6838
498
27
5062
4
37
1489
12975
5775
15446
1343
17137
4228
2
8
24
2217
11
347
450
3
1313
55
129
812
66
14
24
34
40
1463
17
2322
651
4
10
687
3
29
859
123
7104
6838
4390
27
804
6
5
1548
12052
4
1727
121
2591
4
37
1489
1
8
36
395
12
461
39
0
163
2
96
22
14
36
34
40
2481
63
129
27
697
9
70
9
83
263
1
15447
1
58
5622
3
0
1415
8
651
8
1
45
22
36
7363
0
247
290
14
36
58
41
1208
27
883
62
383
1312
1
4
15447
10
344
3
27524
0
597
1
36
22
2
96
78
2518
14
36
13
1973
3
29
0
859
12
417
999
2
8
24
188
3
812
223
3
32
12053
4
3576
3
42
462
1
8
36
176
2
8
24
29
40
4
95
9388
13
228
205
114
6
14
2
8
6838
310
14
36
10
680
3
143
0
15448
595
3
29
5
17138
1548
12052
1
39
1594
738
36
34
37
10518
134
153
880
6
7718
651
2
4918
684
16
7104
6838
1
137
17
27
12054
4025
7364
1
30
310
14
36
34
5
17138
1548
12052
39
36
1974
36
34
37
10518
134
153
880
6
497
651
8893
16
7104
18
145
27525
17139
239
28
14037
651
20
3511
2
249
7104
658
27
145
18
651
10
14038
1
36
22
14
36
756
3
1789
0
759
96
1151
49
63
27
702
7
0
155
331
1143
1
324
14
36
116
0
595
3
4136
0
3248
7
488
39
2163
36
13
5
8894
6
0
36096
651
12055
2
15
7083
9
83
18
145
27525
17139
239
20
0
512
6
3511
28
14037
651
1
50
7104
310
36
34
5
232
880
6
7718
2
7719
7
37
9389
1442
3359
8
581
2451
17140
8
1
6838
1159
27
595
1
4137
14
36
34
0
2553
3248
12
488
598
90
248
0
15449
1012
12
555
316
2
15
393
18
859
10
1369
4
807
161
7104
18
2739
6
2326
2322
651
29
98
12056
3
499
85
178
134
153
2
8
24
404
3
2253
48
3
812
108
223
14
0
595
3
29
5
12052
10
41
1472
1
8
36
395
2
8
89
25
13
54
24
322
128
596
14
24
116
2
8
3437
16
12974
53
200
93
51
22
36
404
3
32
92
11
27
198
53
122
51
4
263
53
2292
51
36097
16
12974
13
3501
3
857
22616
1495
4919
7093
940
1
137
386
7
359
7104
3436
0
337
27
10487
4025
7364
4
42
126
1
36098
1
485
1
36099
1
697
1
36100
1
398
1
36101
1
231
1
4
146
9
70
9
83
5448
10519
4
12057
1
498
27
120
520
2
8
57
13
17141
14
44
177
739
14
750
88
5310
1
8
36
395
2
8
135
73
177
95
501
10520
4
14
47
25
2
6164
1162
13
79
22617
1
0
222
23
36
300
10
2
191
44
183
14
24
361
88
4
46
84
711
3
32
17
88
23
189
23
24
73
2
8
24
322
6608
3
29
5
1079
1
4025
7364
1
38
13
86
3424
4
7720
2
788
3
767
38
30
5
227
62
1028
159
162
48
1
183
14
66
33
5
128
650
196
6
0
6165
2
8
104
959
3
325
2327
3
3249
386
2
104
692
48
10
0
122
551
3
84
11
136
117
4
14
25
58
934
282
2517
2
191
25
30
2
8
7104
7363
14
248
0
1548
12052
30
74
1362
0
152
36
2091
63
888
4
27
36102
1
4
176
14
1339
6
19412
859
8
73
32
1338
8
2
378
147
16
12974
5187
140
17
27
1011
9
7362
12
4228
18
6585
9916
415
163
1
375
36103
8
380
5
1210
2623
1
24
84
41
474
156
499
6
5
211
1
8
36
22
2
8
24
474
19413
14
24
116
5
989
1533
14
7
100
152
36104
95
27526
2
8
191
36
176
14
36
34
404
3
1450
55
63
27
702
86
14
108
223
76
2428
42
2879
2
8
24
322
1975
63
25
98
114
24
610
14
108
223
73
2776
28
95
702
1
8
36
395
2
8
4920
13
170
5
1415
14
4296
1681
69
75
47
5311
1
5780
5
1592
1378
6
36105
2
8
89
209
25
13
686
3
325
55
162
5
777
1146
458
66
33
1505
36106
3
2322
4
14037
651
1
4
123
154
684
2
8
26
22615
12974
1
0
1227
6
6585
9916
1
22
16
8
24
107
74
183
129
3
812
66
45
7104
6838
498
121
2591
4
37
1489
8
26
96
13
1973
3
29
859
48
215
4
27
9388
13
8
205
8


