861
97
10961
1056
7
0
1269
6
5
55799
1
48
55800
76
32
1123
11
21797
2
191
97
15432
23564
13
2024
31
97
540
9
916
47
2035
1
9667
28
0
19492
35460
35461
2
836
66
76
220
0
12044
1442
6
1240
1018
103
0
21651
9279
647
18442
27218
11
0
27219
5082
6
72
12319
39
5
235
283
8121
210
25
12
0
842
2
57
30
40
2251
150
2767
31
179
21761
21762
842
8121
1
1925
19279
9
19280
1
38
494
1824
472
15513
2981
543
0
283
47
1316
643
2
12377
16
916
18
2035
1
9667
28
0
19492
35460
35461
1
4414
140
2359
736
103
0
21651
9279
647
18442
27218
2
2746
1106
16
916
18
2035
103
0
1240
1742
13
12
0
842
11
72
12319
387
80
224
3
37
267
81
70
1
56
21
1619
94
0
201
18213
656
21
467
39
687
21761
21762
4
116
5
2189
31948
63
19
1650
3
326
0
842
2
68
19279
9
19280
395
3
5286
7
19
839
55801
16
8
101
48
656
1
66
33
118
23
205
23
212
81
333
14494
2
8
25379
29
41
40
128
205
2
6704
24
29
342
95
2576
62
1107
252
5
677
39
928
82
1
24
322
41
662
2
24
1728
610
25
47
0
5719
2
8
68
19279
9
19280
47
1316
34034
206
2832
19
1078
6
916
47
2035
1
91
7392
31
0
2905
853
6
1617
2759
1
15262
2464
2
15413
1
9966
32615
58
252
3
32
3996
9
17
0
1615
1444
5
72
12319
968
4720
2
3696
97
7225
2744
25
206
61
987
5
2071
4170
9
55
11
5
16155
523
3094
2
18106
16
15
1615
5736
5
2790
17968
146
9
35462
260
1
5
2066
25779
1
33257
1
64
35463
4
13012
34578
294
168
23
5
146
9
35462
3704
260
1
0
55802
1615
496
1046
17
5
1462
55803
6668
2066
25779
1
64
35463
4
5
13012
2
68
19279
9
19280
13
5
5049
2066
1573
4
58
473
1412
54
6
19
105
1367
28
0
1615
3
19
147
7
160
2
52
116
19
279
23
21
1436
0
460
485
2630
1150
13284
2
52
22
16
8
15
87
551
24
2205
12
438
10
14
25
10
5
3520
536
1211
3071
132
2
8
24
659
5
2066
1573
4
24
858
40
1189
11
591
82
2
24
183
14
56
66
858
213
5
953
14
47
159
94
1
66
84
141
3948
11
0
16986
533
3
1412
69
2
8
52
1006
1082
55804
1
30491
12
0
10227
7
5882
1697
4
0
3901
6
169
4639
172
9
1456
2
916
47
2035
30
34
5
245
6
5616
1563
77
0
82
2
101
0
14716
47
1
25
10
102
3
741
16133
6777
1
0
1778
23817
3
0
81
1411
14905
1
55805
2
741
16133
1115
5
55806
7307
12
0
1615
4
2534
0
55807
2220
7
0
1411
9
876
4641
2
57
192
1317
69
0
844
6
5
1778
2119
1539
544
1
1302
31207
1109
55808
55809
1
0
55810
55811
2
26
916
47
2035
13
63
2359
736
103
0
21651
9279
647
18442
27218
13
12
0
842
39
5
235
283
1313
756
3
1380
26
895
21761
21762
8121
1925
19279
9
19280
13
6192
13085
39
3735
94
0
201
18213
656
21
309
4
2703
21
18
8
342
19
2576
8


