119
32089
22141
87
5860
12454
144
64
183
5585
13
3320
1579
17944
5223
23
3440
61
12470
278
3283
27
119
5381
22141
87
361
19608
133
5
6807
76
1533
7854
26451
58
14
204
23
12629
23
24
35
1413
494
27
12516
61
24
22244
288
55
1459
23
3440
13
2732
11998
437
12629
23
24
545
3671
5
1920
7364
27
3627
818
2060
5
669
262
1427
2406
1018
45
26454
24
1444
57
24
437
1348
2735
24
22244
61
13024
13
748
9249
700
57
880
842
183
1130
24
16346
57
24
22141
902
44
107
23
15763
64
183
953
3096
5113
12045
13
1728
34
9249
1867
18
24
2060
5
669
16212
39440
27
119
55
32089
22141
149
3731
4032
23
13061
61
24732
61
185
1372
4504
61
42892
5
24
22244
278
100
14
6351
2457
57
24
1611
9636
34
190
4757
27
1295
61
123
24
35
360
494
1533
1284
2768
32089
22244
278
8233
5
3096
819
278
100
6807
91
8896
1533
7854
6098
76
10123
5
31927
8151
27
15805
17210
5
24
27358
57
2406
13
1728
278
663
719
12629
185
32089
22244
1058
23
24
35
1413
494
27
4586
15148
61
219
57
437
451
104
24
8715
61
330
262
331
32093
22244
369
132
185
64
24545
13
622
19204
22244
64
646
87
709
471
3189
2496
354
13
1728
27
331
162
9446
5
6065
646
87
14
102
2
8895
34
13177
13
2250
42893
22244
64
358
1014
358
369
7765
61
818
42894
369
361
19608
133
27
1773
76
24
2033
262
2906
2999
44
387
107
586
3586
13
24
32089
37
31927
10015
42895
13
221
880
34
1533
9800
19204
22244
331
628
3476
32089
22244
825
1359
13
278
14
511
23
405
435
2321
5846
575
358
718
107
6949
104
759
308
3302
2241
9114
4996
24
14752
27
331
842
23
6065
5
9446
628
1019
358
825
2075
1510
4622
27
331
119
8058
2114
13
10728
32089
22244
23
42892
64
437
14752
22509
288
11998
27
3801
9
5017
3440
503
105
890
1299
1300
57
1579
6646
14752
61
40
22244
288
503
5019
76
8222
37318
23
24
437
61
502
288
1166
34
9249
13
850
61
40
1098
34
2406
27
119
1736
57
10375
25145
76
1245
19204
22141
8297
13
442
2468
30704
5
5457
365
2412
5
2755
42896
5
1347
471
5
669
42896
27
331
408
2296
13
1399
23
24
700
2745
57
22141
5
221
11835
1893
185
4121
45
39292
331
5797
5
669
42896
288
2075
1142
13
278
24
512
16146
5453
5
58
358
288
1459
19204
12629
130
91
2978
1299
1300
23
24
55
506
27
3817
15445
42897
87
11453
76
55
6331
24
22141
37
9128
13
14
32089
5
24
3584
2169
27
842
167
122
4044
437
451
4228
61
91
12063
1533
1284
5415
308
1077
185
32089
22244
23
24
1428
23
144
190
454
27
1134
11
13
24
9186
57
24
42898
22141
23
13079
61
14
8802
6736
19204
22141
76
10123
27
8058
6918
3193
360
308
288
1745
185
32089
22244
35
506
5
31859
308
288
2351
2352
61
4982
13
144
166
308
129
1077
23
10645
27
999
106
34
237
87
24
17210
23
3440
369
14127
4224
34
14
30480
11372
34
45
4996
104
14
22141
4982
13
3096
622
2846
27
14910
262
413
506
919
57
4323
23433
24
186
28279
3693
2244
21101
6036
9
13681
24
594
186
32089
22141
23
24
1146
162
24
1428
14
30480
855
14
1389
4846
3486
5
166
131
185
54
1185
525
1914
8009
27
842
23
6783
61
34
5127
61
24
3486
87
10348
2
1389
13754
13
1389
42899
61
655
23
26518
24
15390
3486
718
5498
1533
1284
1389
4291
27
251
32089
22141
3862
449
1389
5430
61
655
42893
5
42900
22244
9
502
369
14359
23
398
91
24
19204
9
3958
1145
1389
20430
27
2226
506
507
308
288
1745
104
42893
22244
61
1347
3400
9249
2245
7765
1222
358
278
24
1159
57
14
14752
3189
27
808
15148
330
24
5579
87
722
1533
22141
131
34
9249
61
1347
1222
358
369
45
5896
9
24369
42894
1185
42901
27
331
32093
9
22244
44
107
159
9
16281
818
358
8931
14
692
513
34
9249
13
3302
5
2406
639
13
2995
133
34
542
61
40
369
45
4774
23045
13
1728
61
331
215
330
27
3809
2153
42902
61
3608
57
24
5011
4571
61
330
14
1842
105
4073
185
24
9668
23
24
35
4846
494
27
396
359
262
331
32093
22244
369
5381
3465
57
24
437
7279
27
842
18
4846
494
14
1842
99
640
27
331
119
1479
57
14752
99
2384
2707
493
9
9391
5
3060
9677
99
2150
582
1246
57
759
703
444
18
24
437
278
100
10087
27
331
119
752
1017
87
515
610
1399
23
24
700
2745
57
22141
104
24
700
513
5
221
11835
1893
185
4121
45
39292
27
331
4338
515
610
2296
20618
13625
57
24
3802
502
1520
9249
278
24
700
57
880
27
187
87
45
14355
13
1728
104
14
22141
23
1153
806
183
87
21292
27
331
119
28279
3793
5396
14461
13
24
1611
32089
22141
23
5528
76
122
3693
2244
34
21101
6036
27
16771
35
506
61
24
5381
22141
149
12427
14
11841
3624
30286
23
24
4368
13
5461
24
1783
27
1427
14
4345
99
857
23
24
13779
57
2465
28297
61
259
28287
61
6649
1602
5
28293
28294
61
91
4603
34
520
185
24
2060
5
669
16212
39440
27
246
32093
22244
1459
23
42892
13
2732
11998
437
22509
246
42903
61
175
9
9638
26451
13
6867
24
2060
5
669
16212
39440
246
30137
24947
185
24
5381
22244
278
5714
23
24
35
1413
494


