144
507
491
1215
287
16
45936
138
1
542
522
151
65
130
761
412
620
540
13
12798
25214
9
32357
32358
9
16794
9
16794
10
432
7
1134
655
1
8331
12
642
2389
635
2
139
13
74
0
87
753
1348
11
5478
9
83
12798
2
52
492
37
45937
4280
540
56
21
10
432
7
409
190
7
5
11223
1
7608
1247
2
318
27509
540
10
0
1071
6
487
546
3656
4
0
45938
6
632
166
5181
332
2
3116
45939
5565
116
1374
6
0
152
17136
2217
3
161
19
540
7
0
546
2
297
94
11
167
15
540
229
16
12798
492
5
4280
540
56
21
10
432
7
11223
1
7608
7
409
190
2
836
21
18
99
7
1034
12
642
2389
635
311
12798
10
432
600
316
39
106
1200
77
5
17947
45940
30658
197
12689
7
45941
45942
1
8331
2
11704
115
45943
16037
6
1719
7
5
45944
9277
23
168
23
642
11578
12
12798
4
19
1856
45945
45946
2
52
902
5
3872
766
6
2389
6
5
2672
7332
17
4525
3
2947
1
2389
6
642
11578
4
1012
6
5
4264
937
340
12014
301
3
8331
186
1484
3316
31
0
7608
660
9
3307
2
318
644
13
207
11
460
834
12
0
3872
766
2
281
1025
21
76
225
178
82
374
2511
6612
7191
14963
32359
1
12798
1362
19
540
64
82
320
3
385
8
67
3929
8
11
430
2
101
37
772
17
0
660
3307
81
70
1
21
1159
0
1592
1891
374
277
6
19
204
1701
2
2403
7
0
546
16
12798
18
1504
32360
28
19
409
190
1348
2
15
9136
635
7
8331
76
210
59
374
2511
11
23
194
23
178
82
52
1159
14
19
87
540
4896
8
0
2506
6
4078
6
0
45947
6
0
25859
361
7
0
11275
8
4
14
25214
9
32357
8
13
0
2830
6
136
1899
630
17
14
4078
1
14
17
361
496
7257
2
8
318
81
540
1
32358
9
16794
9
16794
8
13
0
4370
6
14
2830
1
50
13
473
32361
1
1225
114
80
142
3899
7
193
2
8
657
19
540
206
2685
3676
1
19
64
4061
33
530
6
5
194
45948
804
2
65
1463
32362
1
12798
30
40
7
4
55
6
0
1601
433
571
2
12798
254
74
354
0
5154
4
7404
3
154
1064
9
18495
679
1
324
969
21
4764
28
1641
3557
4
737
9
6591
4092
3404
11479
28
762
21
556
12
0
1004
119
6548
2
4391
1
7
0
424
21
30
2303
1062
7
91
1015
20
5
1601
433
3197
2
8
24
981
228
2776
28
5
764
7
5
1601
286
112
24
76
45949
520
20
95
220
3057
4
41
17
679
1
8
21
22
2
26
45950
9
16794
9
16794
10
529
7191
14963
32359
1
45
1362
19
540
64
82
320
3
385
8
67
3929
8
26
52
10
432
7
409
190
4
492
5
952
804
11
487
546
3656
4
632
166
5181
332
26
318
776
766
1358
5
3872
50
76
1018
59
7
582
11
178
82


