119
2255
57
14
635
893
552
2051
76
8491
3976
2458
17753
311
13
525
6545
13
4774
1029
525
562
76
15654
7156
23
2097
3469
202
23
24
1779
6240
13
8653
34
11281
9
23
9
4339
6226
27
2224
46082
330
515
6345
2831
17383
525
1093
61
29202
13564
61
91
5112
14
3019
515
516
1119
30071
3233
342
13
6457
2786
23
2097
76
7156
5
46083
11641
91
14
5087
27
119
4972
87
1106
23
360
3752
61
349
4771
61
575
13564
4534
484
525
8955
4824
16
27
119
10998
9
2033
2780
2781
5200
5990
893
105
53
525
501
1857
76
4166
6465
61
586
23
18982
515
288
10149
13812
57
10331
57
607
515
926
2831
278
100
644
13
4774
6971
562
9
2214
7156
23
2097
27
521
159
34
522
5920
34
1292
262
2224
46082
61
24
2255
57
29202
13564
61
9198
23
2002
57
2155
6226
1924
4047
13
40194
562
2214
9995
185
202
5657
6324
61
5392
61
23
28696
162
9523
262
8341
2097
6345
369
15215
700
9
13
9
1067
6226
76
24
485
57
29202
13564
61
14
30071
3233
893
129
2291
525
562
1920
101
4771
3802
185
4824
16
46084
262
2224
46082
3119
30071
3233
342
123
13
278
24
3532
13
1029
122
2534
763
331
1486
40195
516
45
107
644
13
1018
496
610
638
61
331
46082
330
27
331
691
44
244
996
122
3861
806
358
44
244
996
122
693
806
358
44
244
996
122
775
61
122
486
61
122
17778
27
331
408
105
13
1018
704
57
515
27
187
359
2276
12662
57
8638
27
331
31989
34
11281
9
23
9
4339
4773
377
13564
37
679
99
32487
33069
4759
1853
24
5580
27
46085
3839
278
100
1459
23
6311
61
28203
5
4772
61
6312
61
5
369
361
5457
23
1605
1606
5
8230
27
9841
13193
61
1204
61
278
8793
23
46086
34
494
4741
11544
2940
22677
5
168
3773
27
2906
310
3085
377
46087
562
9
2214
9995
6410
14
5087
37
34280
13
1018
709
9922
61
655
405
4680
34
14888
76
14889
2349
405
4703
342
516
2245
46088
13
1029
122
763
13
1790
361
14
11460
8894
27
187
37
401
1920
13
2789
834
24
681
1459
2097
3019
825
3543
27
39959
5928
24
10377
13
855
14
168
238
61
11
91
310
5
4797
3085
27
46089
262
2224
46082
61
174
61
24
2255
57
29202
13564
61
6307
76
6363
2006
46090
61
3170
9
2780
2781
61
58
926
2325
23
2002
57
2155
6226
1924
4047
13
40194
562
2214
9995
46091
262
17919
15934
61
24
583
57
29202
13564
61
9198
23
2002
57
2155
6226
1924
4047
13
40194
562
2214
9995
13
30071
3233
342
123
14
2108
2328
202
46092
262
2224
46082
87
24
2255
57
46093
13564
61
14
10998
9
2033
2780
2781
5200
5990
893
129
105
20668
8491
3976
5
4534
13
4771
575
926
44
4774
1029
525
562
31989
330
358
516
4082
3477
24
1190
13
6673
1222
183
19218
23
24
22956
27
251
4099
23
24
2097
15602
35
506
12294
24
21603
57
23191
185
1029
9
57
9
562
36815
27
251
3019
515
516
278
4700
4047
13
7780
28745
5
28741
4014
76
46094
3233
342
2458
334
12473
4099
27
39959
331
13963
5145
64
358
2325
449
2670
129
43099
5087
37
5609
5
819
4000
8282
1689
5303
129
4508
4016
8638
484
122
12629
27
119
3019
689
58
14
13154
7180
27
331
187
37
2211
34
308
61
308
3335
183
2
122
474
61
331
330
46095
16923
1970
61
14
18866
6752
129
33084
515
3019
5
87
3564
9
46096
24
582
5190
61
46097
27
331
15980
2831
278
24
7410
104
24
1029
57
122
562
13
278
64
822
377
9
818
18
496
358
1028
13
2191
64
1243
27
331
46098
61
1204
61
850
80
1310
34
1924
4047
13
40194
2390
7156
27
331
46099
13843
8955
87
14
6480
3490
76
612
2043
3958
5008
3958
1156
61
331
330
31230
5467
61
1398
9678
34
24
46100
10615
3790
1569
8830
12488
27
331
727
278
13
4082
704
24
308
129
718
107
29778
61
45
144
14
1478
346
57
308
129
1099
107
623
27
331
246
2224
46082
2325
104
14
2108
2328
23
28696
202
246
8341
2097
6345
369
15215
700
9
13
9
1067
6226
23
24
1779
246
46082
330
594
40195
44
244
1454
13
4771
1030
525
485
246
29202
13564
510
525
562
185
4824
16
61
776
20668
3976
246
119
4972
87
503
1106
23
360
3752


