258
30406
8531
61
10758
12921
46101
14399
35
2356
6903
3955
3956
57
722
14
10066
13038
18
276
13210
61
46102
1411
1687
6570
46103
5
1687
46104
46103
27
119
3790
6628
330
24
5855
3463
5856
46105
13
6360
4565
9
6790
6673
91
6882
24
13210
215
625
3843
27
187
29263
334
46106
15281
23
24
8058
18
1376
1398
647
808
14399
2114
13
17546
3904
9
14275
13767
4891
64
219
57
14397
35
632
27
17293
3125
262
3790
6628
6092
14399
61
174
61
6903
5855
3463
5856
3955
3956
57
46107
13
6360
4565
9
6790
6673
91
6882
24
13210
215
625
3843
808
14399
330
405
6928
9842
1545
13
1687
6860
46108
362
24
5161
13
12417
13
791
120
1687
129
1018
1013
12830
76
24
3787
610
369
2540
46109
27
1687
6570
3955
61
24
10500
185
32
2345
61
87
586
61
2344
2186
14399
87
2931
87
12031
6113
61
12031
3824
61
5
23
15143
76
692
2033
46110
46111
215
330
27
1687
46112
3955
61
1461
185
54
622
2345
61
87
586
61
2344
1833
3555
842
405
57
851
1533
6406
7814
16662
183
61
818
46113
13
542
2346
27
331
396
825
278
13
5558
1720
183
912
24
692
1185
24
1021
3955
515
215
46114
187
726
58
6928
6929
17293
5856
1543
46115
34061
24
5161
3125
18
4747
91
1731
34
24
55
227
515
215
105
9813
24
19570
57
23694
4891
27
162
334
4860
61
808
46115
1805
133
104
808
14399
18
54
829
13
15497
13767
4891
2
24
1376
3853
27
396
935
4032
14
582
15281
91
586
14
1156
149
4995
13
2297
46116
23
19325
61
647
1193
6173
515
14
8455
149
18528
14
4098
9786
149
1687
46117
27
6928
6929
17293
5856
1543
46115
34061
24
5161
3125
18
4747
91
1731
215
105
9813
24
19570
57
23694
4891
808
14399
7149
24
829
45
13
20856
13767
4891
912
6524
149
45
1893
185
525
10023
1221
926
87
334
6989
9
14847
13
6607
6608
1221
40
652
215
1545
14
1687
582
46118
27
842
215
747
13
11685
133
25104
14
3816
15162
61
12545
46119
61
129
3890
14
7721
57
29503
61
13
219
24
8455
2053
27
5898
808
46115
61
129
1304
9198
13
24
833
61
3818
215
149
45
32873
449
24
1454
61
5
330
215
1688
13767
4891
105
4411
23
5016
27
1687
628
1018
1013
1019
183
87
32
57
24
512
11835
6092
14399
99
1541
46120
215
750
119
3906
27
1687
628
4456
1019
515
23694
4891
99
456
14
6201
1086
64
3062
57
14397
27
628
516
1537
926
105
4411
5
105
525
4522
4786
27
331
408
144
718
45
1029
47
23
14
4918
575
7043
57
237
2745
369
8903
185
24
12645
57
502
4098
2222
723
369
23
1537
1284
851
2016
34
24
1086
27
1687
569
709
6048
87
1541
2050
13
107
2829
61
183
87
752
515
646
2831
107
4372
23
14397
5
183
2831
107
719
13
107
12249
912
675
2
6678
27
331
28832
308
830
1950
831
23
1376
1185
1920
494
516
107
644
13
377
183
87
18528
334
9786
515
87
45
449
5795
9764
27
1031
516
107
2390
27
187
99
2168
13
107
46121
808
46115
149
1195
719
64
16933
76
808
14399
185
24
1376
9786
61
40
3744
1411
542
1094
3235
8468
27
396
330
515
1348
215
149
750
57
24
829
13
15497
13767
4891
215
10787
334
6403
377
18
24
221
9
47
57
24
5584
13
4330
525
30623
27
396
663
1196
24
29503
6632
61
25908
11595
91
808
14399
61
44
1018
76
1533
7101
1221
5
289
34
7122
34
14397
13
3911
33822
57
2501
1376
27
29504
1094
3229
34
7754
1299
1300
57
1779
275
1376
58
2529
2868
13842
91
24
6668
27
246
12918
29263
334
46106
15281
23
24
8058
18
1376
1398
246
3962
19570
57
3904
9
14275
13767
4891
64
219
57
14397
246
14399
330
405
6928
9842
1545
13
1687
6860
46108
23
5161


