3011
3012
99
15240
2461
331
15270
331
58
24
3018
37
1454
13
11089
906
218
343
13
14
4942
310
27
119
582
5535
2237
149
26367
13
4458
2461
34
1389
25442
2
3363
3274
3364
61
40
24
4441
201
2439
31
133
57
24
5495
58
3012
37
310
2826
27
119
3424
5396
553
19556
64
13
1607
54
1454
638
45
799
445
61
12136
262
331
628
638
45
2294
2461
37
829
27
187
149
45
821
3339
2
122
83
27
331
2994
521
159
13
2995
3011
3012
9284
34
3424
23
14
112
75
5492
3011
3012
149
1481
13
1454
13
2461
484
24
11089
2439
31
133
57
24
2528
343
13
14
4942
310
119
3144
9
2033
5910
61
2496
32368
262
331
628
149
45
2358
27
628
639
6526
496
628
278
61
628
2011
704
24
14804
23
24
1146
27
251
1842
57
110
614
24
1271
4918
64
9129
5
2461
639
183
27
331
3012
149
4001
76
14
474
6026
23
1972
61
40
24
2536
8158
13
1399
2461
445
27
6117
61
5535
37290
5
4494
24
3018
185
14
1413
9
506
6524
27
3012
497
5535
37
1937
4396
4455
57
24
2157
256
24
16126
57
22621
22622
61
14013
2996
61
16085
55617
69
1094
25761
13
52302
71
61
25113
6856
5
22888
22889
27
3011
3012
4494
34
5535
185
24
230
632
57
24
2157
6862
3036
2
3363
3274
3364
246
3011
3012
256
54
4942
310
104
11089
262
331
628
638
45
2294
2461
37
829
27
187
149
45
821
3339
2
122
83
331
246
119
3363
3274
3364
3018
4494
34
4441
201
20
5535
246
3012
149
343
13
4458
2461
34
1389
25442
484
54
310
2826


