258
3080
8882
5
1421
6955
119
15605
129
623
3211
24
10197
2123
320
11851
99
100
16528
91
7056
7057
58
361
417
14
16529
27
793
9152
1481
47
24
1060
16530
119
6670
58
525
2255
1077
2
7459
4014
185
24
5751
5
7345
6678
13
6314
14
1857
7781
89
24
11386
61
502
11
13
5182
515
24
320
3236
516
107
16531
27
1134
506
926
149
441
13
1454
133
57
525
82
23
16532
5
1015
159
525
16533
58
3880
897
4664
5
4325
2
125
8895
5
320
274
27
16534
262
793
9152
133
7025
75
103
4014
23
10197
9
2123
6670
345
27
579
99
100
16528
91
7056
7057
61
76
405
10586
1253
700
61
647
361
1938
14
16529
23
24
1605
10098
16535
2580
4338
926
149
901
23
24
1044
912
1605
10098
912
16535
2580
1671
61
3096
57
1508
11354
61
349
125
9867
5
16536
61
510
13
24
3207
13
16537
122
11013
27
999
843
61
781
91
4475
16538
61
3529
525
64
14
1687
7419
16539
4037
185
592
215
359
262
1687
14861
444
612
3680
133
5
3193
24
3816
912
830
9081
831
496
610
1019
57
542
27
16540
16541
605
14730
13
622
7419
16542
11792
16543
16544
16545
1221
129
623
3211
11533
4014
23
24
16546
13099
4813
1221
149
663
417
334
16547
23
24
16535
27
842
14
843
781
91
16548
10958
61
129
149
3132
23
16532
61
3529
525
5
1420
9152
64
14
1687
1047
57
16549
27
143
16550
16551
61
334
3103
3920
185
16532
16552
5717
61
598
262
1687
16553
13
262
4047
5
16536
4275
129
223
16554
34
122
16555
27
1420
16551
61
129
149
185
24
7160
912
450
7101
7165
61
502
15573
24
11386
104
24
3236
61
1671
958
24
514
64
1687
14
1306
16556
27
119
16557
2255
9
57
9
316
330
262
1687
187
87
14
6419
515
926
105
100
2848
1030
237
5
1046
515
24
1156
87
14
16558
27
1687
408
2831
704
107
3146
515
237
99
640
61
926
99
1515
455
40
1765
76
496
926
99
16559
6670
948
35
751
4934
515
10197
2123
3236
516
107
16531
5
16532
5
2122
13387
2396
58
16560
183
638
244
278
1487
3212
13
5448
342
44
107
16561
5309
4014
2226
751
6670
948
4934
515
10197
2123
3236
516
107
16531
58
16560
183
638
45
278
1487
3225
13
5448
342
44
107
16561
5309
4014
27
251
346
57
3604
13910
104
1579
316
13387
16532
5
2122
825
107
319
18
91
6734
16546
5
2172
57
693
369
1622
13
738
27
5898
1420
9152
61
129
663
2325
133
75
909
1543
16562
61
24
16563
219
57
24
6670
9810
1687
24
111
76
709
16564
58
215
12321
23
54
1086
58
361
11468
23
24
10197
12683
11851
61
330
926
149
1687
16565
91
24
867
40
16566
27
579
359
262
1687
842
628
639
646
87
818
822
2002
27
842
628
639
24
6670
87
14
7765
513
5
1579
2050
13
444
822
16567
246
793
9152
12443
185
1002
5
592
58
361
1938
14
16529
246
579
330
926
149
331
10493
331
91
24
867
40
16566
246
251
3240
4203
57
237
4144
16568
5778
515
515
4586
16538
37
715
3366
64
14
7658
104
24
320
27


