15124
1001
104
24
4319
575
6967
13261
7983
11311
14
15125
23
14
3125
18
14
13088
4545
105
13
107
15126
24
296
58
9
818
215
44
278
14
3395
1379
27
1726
274
6934
3252
76
24
15127
260
2233
23
24
5749
15128
45
13
15129
24
4319
37
3821
8051
34
737
1001
58
13261
15130
256
24
315
27
13261
149
1085
58
7983
10889
15125
15131
15132
123
14
3125
58
1729
18
14
2696
3600
104
24
4319
27
521
159
34
522
15124
1001
104
24
4319
575
6967
13261
69
324
902
71
7983
11311
14
15125
23
14
3125
18
14
13088
4545
105
13
107
15126
24
296
58
9
818
215
44
278
14
3395
1379
1726
274
6934
3252
76
24
15127
260
2233
23
24
5749
15128
45
13
15129
24
4319
37
3821
8051
34
737
1001
58
13261
15130
256
24
315
119
256
296
24
2871
15133
11000
2369
23
655
594
57
24
1726
1727
3881
133
5
174
61
14
4319
274
416
330
27
119
2230
61
129
2325
13
1839
1840
8881
61
330
13261
149
539
215
105
45
100
1903
6481
15134
2053
27
691
330
262
331
628
2168
14
1724
13
377
13261
149
373
23
54
1547
5
516
244
107
159
331
15135
890
7799
61
331
14
416
57
24
3403
274
750
1839
1840
27
331
628
330
61
577
9958
23
515
501
215
706
278
13
278
15136
577
652
14
1862
185
12958
330
24
3821
516
107
164
445
104
170
139
363
27
331
119
908
9
15137
3193
149
31
445
90
655
334
7781
149
807
89
24
4927
331
15138
331
27
119
1726
37
2401
89
24
815
825
107
2104
18
13
24
3608
9
5781
1462
632
61
14
6926
1609
330
27
15139
1726
7164
2900
15140
99
100
15141
76
12714
133
496
640
123
24
315
61
40
14
1987
34
24
9684
57
24
7781
87
45
1521
1969
27
119
1726
99
15142
24
6825
13105
57
2871
15133
256
24
315
9
14
1454
502
99
719
183
1248
10331
57
4010
5
1522
4606
57
375
13261
149
1085
58
7983
10889
15125
15131
15132
123
14
3125
9
502
510
513
58
1729
9
18
14
2696
3600
104
14
4319
27
119
908
9
15137
3193
149
31
445
90
655
334
7781
149
807
119
1726
99
15142
24
6825
13105
57
2871
15133
256
24
315
9
14
1454
502
99
719
183
1248
10331
57
4010
5
1522
4606
57
375
27
2414
2356
37
737
7248
149
6807
91
14
877
1665
9175
502
31
23
144
32
5720
4010
9
4982
13
24
360
5720
129
6705
15143
23
34
24
965
14339
3193
27
2318
61
14
10979
13
15144
1160
13261
99
3102
1533
1284
15145
120
27
1843
10979
2394
185
24
1726
13
6452
5692
15146
61
24
3430
5820
2469
91
1704
15147
61
64
24
582
11000
57
2871
15133
99
663
100
807
61
76
837
11913
1326
27
119
11000
87
373
4011
13
3235
2065
3564
9
5551
972
1072
5
1075
15148
104
1413
761
2871
15133
1046
23
1258
185
563
2154
5
265
5
14
829
185
1720
13
738
206
87
1622
387
27
993
166
43
37
6115
6890
166
1267
58
24
1258
15149
61
502
44
15150
1193
15151
13151
15152
27
13261
87
663
1622
13
1264
334
7248
57
24
1726
37
908
9
15137
15153
3193
13456
628
13623
1840
1312
727
23
11055
246
13261
149
1085
58
7983
10889
15125
15131
15132
246
12918
7983
18
14
4793
57
2696
1449
104
15127
260
2233
58
1729
246
1514
377
1726
1061
3252
76
542
13
11661
1001
24
296
58
246
3874
1802
445
2277
147
818
13261
44
278
3395
1379
246
119
908
9
15137
3193
99
100
31
445
90
655
334
7781
87
184


