861
48
6827
8
16491
8
3166
19533
357
19
225
1
66
73
5088
25
1351
74
32
189
90
106
7
7813
1
3259
1
33
317
48
1969
30369
18
3356
2
2680
3492
1
793
1
30
40
17691
55
31
487
2527
23
37
1597
6
0
403
18
863
17
24628
30370
1
38
33
4924
5717
67
85
388
90
2
13646
0
8
16491
24629
8
114
6
0
1211
3166
14660
19
225
28
19
5420
3
19
122
9165
1
3492
10
780
3836
398
278
7
526
2
191
21
30
105
3388
7636
55
11
19
1348
1
2782
3259
18
41549
607
2
308
73
154
95
3356
1
45
66
893
202
154
95
5671
3166
16
8
16491
24629
8
2680
3492
1
793
1
30
40
17691
55
31
2527
7
7813
1
3259
1
23
37
1597
6
0
403
18
863
17
30370
6216
7813
3037
1598
30371
78
0
6185
16
8
24
58
448
5
1421
41550
38
12108
3
124
5
1211
16283
13052
357
19
225
3710
699
85
3865
1
45
60
354
21
10
159
11
0
1392
4718
16491
233
2
8
3492
3122
20
568
201
41551
6
3380
28
1206
30372
7
359
1
4
7
555
5
201
18166
8787
6840
28
2490
18
4
5
201
41552
30373
8787
6840
28
9372
2
387
215
21
61
3122
72
41553
6
1482
28
1355
2854
2
3492
10
1025
45
30
1708
41
40
12495
241
2527
161
21
18
3836
311
4
44
33
12
0
2631
11
59
2
135
84
74
181
21
46
32
344
3
4170
11
189
8
68
3492
171
32
1472
3
2917
86
60
33
1371
0
270
73
185
282
1370
59
94
1
8
68
30371
22
2
16491
16
20945
6100
3430
7
0
3648
611
63
0
1240
3356
4032
1392
4718
2017
55
6
178
1000
6
3085
81
70
553
5786
3264
109
3492
1
0
7813
403
1635
18
853
22
2
191
119
0
245
6
3085
635
10
94
2731
12
0
70
90
1
0
955
2343
6
277
3085
10
49
691
134
153
1
28
201
18355
3
201
24630
2
10313
33
473
4995
232
2343
1556
109
30373
8787
12374
1
442
8162
1
41554
1
1541
3516
4
2612
1
50
73
32
41555
11
1357
3
108
1837
62
478
2
3386
33
6083
2711
3
1048
5220
8
3677
62
355
88
879
4756
12
4324
1
45
23
189
23
27432
5080
499
85
201
41556
6
3380
25
18
170
5
24631
2
3492
13
61
5
3783
345
3302
4
404
11
2036
3
1715
9
15472
19
1918
2
26
2680
3492
1
793
1
30
105
3388
7636
11
19
1348
26
52
30
40
3273
0
8
16491
24629
8
114
6
5
1211
3166
26
3492
10
780
11535
398
278
81
70
26
3386
161
11535
13
4924
5717
67
85
388
90


