258
7285
7286
187
149
334
7287
7288
526
34
24
108
540
37
7289
485
5
486
27
842
64
7290
7291
5
259
6953
7214
587
61
646
149
32
1066
7292
91
525
6213
9
24
859
37
2255
7293
7294
27
119
7295
7296
61
465
37
7297
1066
61
105
100
7298
23
14
19
2051
76
525
7299
9
2033
688
5
54
7300
34
1123
57
24
485
37
7301
9
2843
7302
3236
4289
27
259
6953
5
54
402
9
4522
4068
61
7290
7291
61
682
23
334
7287
483
23
7303
61
7304
465
119
540
477
185
3192
1114
104
7305
61
23
7304
465
61
24
729
1566
7306
7307
76
24
859
37
545
7308
7309
6953
61
7058
7310
1341
27
691
503
4838
1851
5556
61
349
808
6953
37
692
549
7311
2225
7312
27
119
108
540
278
100
2207
34
533
494
5
278
316
272
609
61
1519
374
5
1413
27
7313
57
24
526
288
784
185
3354
91
3617
37
7314
58
24
7315
4430
14
2528
76
24
4122
27
331
1003
7316
76
707
2343
87
7317
1184
40
628
4457
525
34
759
846
1510
24
111
628
1835
902
61
331
24
7318
9
1893
7295
1685
5
7319
7320
750
24
4122
27
396
330
665
7294
105
7321
54
3532
57
1845
34
54
331
7303
7322
331
526
104
7323
7324
23
6953
7325
61
7326
7327
7328
9
528
57
7318
27
119
859
330
183
149
54
7308
37
5
2255
37
3392
2697
61
5
1545
13
614
183
76
486
27
119
5556
104
24
3192
526
638
45
2581
808
6953
37
7295
7296
2255
61
7293
7294
119
503
416
57
54
6939
485
129
149
1501
34
24
526
149
259
37
2179
61
7329
61
129
1899
23
185
24
526
398
104
24
7330
7331
7332
23
24
7330
3052
3274
27
187
87
45
24
55
227
665
7294
149
45
3866
23
525
272
37
526
96
27
2226
506
7329
682
23
7333
61
2241
525
2255
37
7334
27
808
6953
37
622
5904
61
7335
5
7336
61
288
663
7337
2
24
526
27
119
7295
7338
5
166
57
525
272
278
100
7339
18
24
3236
4289
647
555
27
119
3651
278
100
3108
13
7340
1123
57
24
4289
61
502
358
369
704
7341
61
2
665
7294
27
1539
32
57
525
272
61
7335
61
7342
76
24
7343
27
4360
946
4556
13
7344
952
57
24
2959
2175
61
183
149
3283
665
7294
105
7345
24
5361
1987
57
24
7346
13
525
272
33
91
1533
1284
1851
494
9
502
3327
24
7347
27
187
149
7348
24
4289
149
1586
104
306
2947
7349
2843
23
558
9
1348
24
272
288
343
13
1510
7350
27
7293
7294
69
324
700
23
1268
71
99
647
2516
159
2
525
134
64
7351
57
24
7301
9
5720
9
7302
4289
119
4289
149
1481
47
91
7309
6953
5
3848
837
14
5769
57
6953
7352
7353
7354
27
665
7294
99
647
7355
133
57
525
511
64
7351
5
7336
99
7356
2
24
2959
2175
27
808
6953
5
54
2179
61
7329
61
1359
13
2051
122
2255
23
24
1605
1747
5713
7357
943
61
7358
122
2255
105
795
7359
23
525
511
64
7351
27
251
582
7351
87
1521
13
107
7360
27
119
7361
7316
76
24
7295
485
99
7362
7363
27
162
24
7364
61
7309
6953
516
1550
13
24
7365
23
14
1478
61
414
9
1595
1669
5
1681
7366
1746
2
54
924
61
7367
7368
61
13
24
7361
331
924
144
13
1153
24
7369
13
221
6180
3104
2403
64
24
7370
7371
2291
646
104
515
227
27
5818
4846
494
147
61
7290
7291
7372
14
669
7373
7374
7375
5
334
6133
7376
57
7377
7378
13
610
7379
7309
37
5956
27
808
6953
149
1511
989
23
14
1047
57
7380
7381
7382
61
334
3098
7383
669
654
5
14
1047
57
7384
2553
7385
27
7386
7387
185
14
6619
57
7388
5
7389
185
24
7390
185
7391
6400
101
24
3376
27
7392
2
24
2528
76
3617
37
7314
285
13
24
1741
1908
7393
329
9
575
808
6953
149
901
14
4767
416
505
23
24
506
27
119
6953
9
7291
526
510
513
104
7323
7324
23
6953
7325
61
7394
7327
7328
9
528
57
7318
246
259
6953
7395
54
4068
7290
7291
23
7287
483
246
2286
37
6213
726
58
2051
18
7301
9
5720
9
7302
3236
4289
246
7293
7294
5
525
166
272
278
100
7339
647
555
246
1539
32
7396
731
24
526
57
24
7295
7296
37
688


