258
20616
7527
1312
10757
999
8518
2469
37972
61
686
3493
5
3881
122
10734
123
14
363
9
5
9
14
9
170
2277
11095
3028
4046
251
6670
3236
99
100
6182
34
14
4734
13
13845
31009
89
10573
24876
61
1924
342
13
2995
3493
61
2502
37972
1185
418
122
10734
655
361
14359
185
27
119
1666
7565
61
502
44
107
12483
133
1853
3837
10573
24876
23
24
5735
1956
20198
6670
345
61
44
3958
7139
1533
1284
1389
4647
1222
5445
91
24
6670
27
162
14
1666
801
61
342
104
37973
21542
7175
23
5735
278
686
122
3392
11703
61
36725
24
7596
5
3881
122
10734
123
890
2277
125
12394
11609
27
119
1666
7565
87
773
13
442
25127
308
2
1502
13154
4109
12394
4002
61
502
10595
13135
37974
27
1295
61
28847
28848
61
4098
3608
104
119
20180
331
15888
61
330
262
331
20180
825
12474
1222
237
2236
87
24
512
1153
57
122
3225
1348
9683
21664
369
722
13
107
53
1853
24
1857
5918
27
331
1007
5928
122
6667
13
3896
34
4047
5
3976
7156
27
331
119
3236
37
829
13
3531
3225
185
31009
825
996
1131
9
20128
775
22872
1222
24
3236
99
2168
1579
25976
700
27
331
999
57
24
55
342
13
1812
24
7565
686
14
1045
61
3881
10734
5
2469
37972
123
14
363
9
5
9
14
9
170
9
2277
11095
3028
5
4224
17862
37975
4002
27
543
24
17108
4623
13252
37976
104
1389
31459
61
25221
1487
31009
13
2244
621
57
24
3236
37
10573
24876
516
3958
1389
37977
27
1295
61
24
3236
99
45
10145
496
1150
57
26047
516
107
1129
1222
183
288
13
738
206
185
14
1236
4638
27
119
801
61
149
184
104
37973
21542
7175
69
324
71
23
5735
37978
262
119
1666
7565
44
107
12483
133
1853
3837
10573
24876
23
24
5735
1956
20198
6670
345
69
324
71
119
6553
57
2590
334
13252
123
4002
650
2
1685
37979
17738
37980
5
972
4503
34
17862
4002
342
27
691
1869
1319
515
1142
342
12418
361
2072
21875
64
183
2474
11608
607
61
40
4995
405
1150
57
7229
13
151
542
5148
27
119
13252
1129
34
24
801
149
12481
185
14
15426
9576
61
502
663
726
76
27568
61
1302
342
718
278
24
3389
21564
34
3058
27
2617
37980
330
262
331
1427
342
718
2245
17907
104
361
10690
123
334
4046
61
818
610
369
6028
515
610
278
100
644
13
2533
14
880
57
2540
515
824
1511
5613
27
331
408
369
370
32009
16555
12094
76
237
12387
5
37981
16555
37982
1366
9250
502
718
442
542
13
221
11086
3532
27
331
1486
5909
718
107
456
101
125
1185
4109
12394
61
64
402
64
24
20630
87
787
5
24
8518
61
37983
5
24
8628
12830
13
1153
237
12387
27
331
34917
2
342
818
420
99
100
821
841
27
331
345
1609
481
37984
330
262
331
1134
87
23
24
821
1920
5851
61
40
610
1019
610
369
24
55
23
24
1566
13
1812
183
27
331
246
5735
320
4183
13252
64
7229
1188
123
890
2277
11609
246
9884
5
3493
1129
13
28995
342
4700
13
817
373
34
4615
246
999
11095
4002
8518
1949
363
4615
2505
37972
5
37985
246
9033
44
107
12483
133
1853
3837
10573
24876
104
835
3958


