24781
49573
1949
14
14977
23
24
22662
5
23
54
230
494
215
49574
3818
515
215
149
3886
24
1623
34
183
76
2664
23938
185
54
28143
5
24
908
57
54
219
27
119
26789
9
2033
61
129
1077
185
4386
61
7856
449
54
3976
5
24
322
215
149
3981
76
10911
49575
27
331
1307
628
149
14
5090
610
604
1541
517
14
5042
61
331
49573
750
24
1978
7245
449
5726
47
23
465
23
24
3670
5
3457
27
331
628
9146
628
105
27
727
761
5
1451
64
723
738
1817
27
331
119
6190
16506
3306
3695
7856
449
24
19602
322
215
149
3880
34
54
2664
3976
27
521
159
34
522
34861
3976
262
24781
49573
61
324
104
24
49576
23
5657
1268
61
3283
545
35
506
515
215
105
2664
3976
5
149
3880
19602
322
61
5552
515
331
64
14
5090
610
604
1541
517
14
5042
331
40
2590
24
2539
13
15670
704
22833
13
2244
122
6256
27745
262
24781
49573
61
324
23
13520
23
3440
1348
215
149
34421
24
6121
3232
61
3818
35
506
515
215
105
604
874
219
9926
64
14
635
136
652
215
105
100
7852
91
22475
704
24629
2388
9197
61
586
331
1348
628
149
14
5090
61
723
604
1541
517
14
5042
820
515
37
652
2388
9197
604
517
14
5042
331
49573
61
129
105
244
4634
13
54
16506
1086
34
24
1978
7245
256
14
1536
1757
23
1372
1268
23
502
215
4508
4238
947
61
105
132
7185
8897
5
105
769
1290
27
842
215
105
100
133
1867
76
54
701
715
10506
34
2424
146
705
296
61
23
24
840
515
215
44
4699
13
223
27
49573
105
100
1914
54
701
1536
9
14
13044
49577
27407
9
33
2
6819
4972
15500
11952
104
24
870
15550
6603
23
7058
1348
215
769
1123
5
1805
14
4964
1536
5
935
14
1478
21922
10413
27
396
149
31674
76
2345
61
24214
5
2316
947
5
14
2043
49578
27
396
149
19310
4001
76
2664
3976
5
1770
322
35
506
61
4043
515
4047
288
6028
76
54
2541
27
396
750
6219
35
4824
215
149
331
34778
76
183
821
758
331
27
119
6190
3695
330
215
391
24
23938
288
1515
91
2505
6190
23
24
22662
2241
14
3351
1185
49579
27
11701
2079
1778
24
14612
262
24781
49573
1577
185
123
24
7482
4090
112
1411
327
5
465
23
744
8907
61
536
32
57
54
2024
3189
9
2657
17629
502
288
54
3405
1817
76
54
4293
16506
34419
3392
262
24781
49573
149
1155
14
3695
64
14
49580
25319
23
54
2024
6199
1861
515
215
1921
14
18852
57
128
960
47
23
870
6190
128
960
47
5
536
16518
4269
5
5
6534
9381
1259
104
24
27827
6121
104
24
49576
23
5657
267
119
10489
57
870
6190
262
24781
49573
61
324
104
119
6288
123
24
891
7066
27827
6121
61
149
32
57
870
8162
37
2508
45733
5
24
225
57
24
16506
3306
104
6121
2542
23
465
5
3440
24781
49573
61
324
76
49581
50
13081
49582
484
334
465
15333
15760
112
23
327
61
2486
465
5
2469
4593
6121
2542
23
24
545
7364
5
24
1920
12117
61
759
13
17649
24
1566
37
7120
64
14
49583
5580
2186
14
5607
262
24781
49573
61
324
76
54
701
715
61
10506
61
104
48468
49584
23
1073
61
330
515
256
14
4238
1536
1719
5
935
322
34
2664
3976
215
5
10506
105
100
1867
34
331
2424
146
14
257
331
13
9897
158
33
13
692
450
23
24
840
215
44
4699
13
24
16506
3306
119
791
870
4090
10908
3299
185
24
2539
13
2402
22833
13
2648
2786
2
24
22662
27
331
628
3596
13
421
358
2242
1159
185
122
6256
61
331
215
330
27
331
49585
9
1413
9
506
9
17012
1018
244
3083
13
10542
64
758
64
358
1129
13
27
331
396
330
215
149
373
59
2
24
1536
1757
947
502
3866
316
25577
29234
27
1295
61
215
7643
24
10029
215
516
221
14
4699
13
2244
24
5887
6121
75
3527
104
24
49576
23
7058
61
5
105
100
133
1867
76
54
701
715
10506
705
296
23
334
6828
13
25345
54
450
27
2782
14438
262
12862
960
64
24781
49573
23
16518
4269
5
6199
1185
1631
1546
17629
6314
7219
29037
1978
7245
1259
104
24
7058
6121
112
23
5657
267
25378
94
21472
262
49573
104
24
49576
76
1382
4978
1802
23966
4415
32816
61
6092
9755
61
803
3325
61
4415
39809
5
5214
49586
960
23
4301
34
26122
4571
257
123
24
7058
4090
1411
465
5
44090
44091
23
5657
1268
331
25566
87
6297
61
331
215
330
27
331
628
696
100
2931
14
1842
57
1867
27
331
408
369
133
705
296
61
2931
8854
22094
705
296
5
183
37
171
23103
4790
27
331
5132
24
1366
185
2664
3976
7749
1094
787
123
54
2505
1267
61
49573
3283
215
149
7321
91
24
5127
57
2508
704
24629
2388
9197
27
331
1307
628
149
14
5090
61
723
604
1541
517
14
5042
9
45
14
16628
32
61
331
49573
330
27
331
1031
37
652
2388
9197
604
517
14
5042
27
3501
12295
638
1348
215
285
133
13
7998
27
331
408
4180
1356
308
5
331
49587
331
9197
604
517
1407
185
54
219
61
818
628
638
244
27
331
628
9146
628
105
27
331
246
24781
49573
3283
545
35
506
215
149
776
2
2664
3976
246
396
105
19602
322
34
47832
185
54
28143
5
908
57
219
246
396
1129
24
3317
13
331
3596
13
421
358
2242
1159
185
122
6256
331
246
49573
105
132
8897
58
776
4238
947
23
14
1268
1536
1757
246
4338
24
1719
5
3976
322
24781
49573
149
1867
8651
76
715
10506
246
396
840
13
444
2250
1487
13
4699
13
24
16506
3306
40
604
638


