15
145
6
3175
6675
1
5
4946
9
83
1154
797
38
239
7
5
533
2506
12
155
331
283
18
6135
2870
81
215
1
30
2392
55
8261
6675
1
2622
1
78
507
491
3958
14
609
36
7432
274
166
1
217
1497
11
0
2506
4
3299
97
4323
29
41
1561
55
3
27
2
8
6388
18
2392
3
121
1
100
54
30
180
3
355
4828
1
8
36
22
20
5
2674
3
27
198
14
10
207
49
470
20
0
569
6
0
2885
14
285
64
4
2416
105
2063
12
359
896
2
297
94
11
167
8261
6675
53
137
17
315
10633
51
30
2392
55
11
0
87
71
150
27
198
3175
1
928
1
239
7
5
1337
2506
12
155
331
283
18
3101
2870
15
247
130
4
612
2877
3008
10
1788
0
1655
12
5
3551
1277
20
5
10198
1340
56
105
2063
7
155
331
18
1121
4096
43
2416
527
7103
1121
5888
117
1
50
1358
3175
18
244
10633
1
3281
1
4
19
105
1676
2570
5894
1
45067
4
5766
1
131
25
170
8
931
2031
8
4
217
1497
11
0
2506
3
32
11538
2
360
1
743
54
215
39
0
4052
14
285
3175
56
21
10
12
5
3551
1277
20
5
10198
1344
1
5344
63
110
1939
510
7
0
2506
1065
3591
2
101
390
555
1
301
3
0
155
331
1623
1
5
21537
719
490
3
537
3402
14
21
803
37
2172
1337
2602
7
0
533
2
719
20
0
2804
6
509
13799
1
0
198
6
12634
3245
13799
2
271
6675
22
14
36
34
41
40
2249
31
258
13799
4
30
118
1974
63
27
142
39
2191
25
7
559
607
2
96
30
1974
14
258
13799
13
61
2622
4
61
30
146
126
4
22
45068
1
8
24
4996
129
36
58
474
112
36
43
3
1208
27
4497
8
2
657
21
22
14
44
107
74
188
3
8
2840
8
767
1
68
6675
22
14
0
117
8
931
552
3
226
653
4
161
14
44
107
48
8
2
3175
18
145
1
38
30
41
845
2392
20
2573
3
0
1382
1
22
36
34
2249
5
1564
63
9527
635
127
0
12634
1
609
36
13
1136
268
39
0
1339
6
0
403
18
493
2
15
25657
161
14
4616
0
12634
6
0
10258
2063
1
2245
1598
1363
11682
3708
11343
14838
29
2249
88
17
4828
262
42
983
15
117
1
38
33
4153
14
42
198
18
193
4
97
773
46
32
8
210
182
0
25658
8
29
207
49
5
2674
20
0
569
6
0
2506
271
6675
1
38
10
13340
31
21538
38
408
0
2674
3
27
198
1
22
14
36
170
7432
274
166
65
1884
30
40
1284
140
0
569
6
0
2506
1
50
2416
2063
20
0
2323
6
3101
2870
4
11129
824
4
2133
3226
12
54
12558
25061
31
507
491
3958
3
965
271
13799
1
38
6293
2395
39
0
2506
1
11
1183
43
10468
2
9475
258
13799
1
0
6675
117
22
14
108
1995
199
23
8749
298
11343
14838
4
0
1040
6
21539
727
1
113
3175
10
2042
56
21
239
1
1980
125
2267
11
19
193
2
271
6675
20128
88
11
41
4408
1337
4152
3
0
533
4
3098
3
389
5
1340
7
5
1116
1081
2
8
8674
30
5
196
6
48
8
1
10633
6675
22
470
2
836
0
25657
33
93
17
42
198
4
566
18
193
23
0
804
25659
28
4145
1
4
0
1299
14
9733
1820
0
447
1497
13
41
5
4177
11
811
2
8
135
352
159
3
161
8
8
57
18
118
64
630
1
25
76
29
40
67
9122
1
45
25
10
95
198
8
1
271
6675
22
12
470
23
21538
13340
27
7
15715
2
15
2506
3691
7
0
1603
6
3175
4
31973
31974
1
896
1
5
45069
20
21539
727
2
527
117
10
81
2249
31
155
331
283
811
90
0
555
691
2308
11
3175
1
56
185
17
825
43
1031
2
65
17434
946
7
1915
6
3175
649
25
18
201
3684
616
1
4
0
25657
107
41
154
0
403
18
185
2
997
0
3744
501
245
6
819
1
271
6675
22
14
36
34
41
489
5
391
448
28
2245
1598
1363
11682
2
8
104
352
5078
1
8
36
22
2
8
836
24
228
252
42
185
112
60
84
74
188
48
3
32
1922
182
0
25658
8
2
65
479
11
0
2245
443
5
565
3
507
491
3958
324
16
8
2045
0
1121
4096
533
3901
464
6
0
1723
43
7
1551
5266
17
0
869
6
0
819
8
20874
1
0
2245
18
8184
3
28280
155
331
283
941
67
85
201
7590
11
0
819
6
0
1819
4
0
1723
18
1005
3
5495
17
2308
6690
10
2479
2
8
3175
6675
1
53
93
51
5
179
797
1
4
31973
31974
1
896
53
122
51
1
234
239
20
21539
727
1340
155
331
283
694
1031
3
185
503
11
3175
18
2308
7
390
555
1
609
0
117
10
344
3
503
11
25
17
185
28
5
17434
946
271
6675
10
7
2113
20
0
2308
23
36
477
5
925
3763
4
1766
5
7366
17963
27
3459
198
5318
0
2674
207
49
12
470
13
5
45070
7777
6
27
117
18
983
1
0
145
131
14
27
6821
30
3999
17
2802
77
1993
14
27
198
46
29
8
239
7
10469
8
4
100
54
46
32
477
1497
2
258
6675
31055
108
155
331
283
2689
199
23
5
12187
3901
7
954
14
285
64
4
5
514
7
468
113
217
9654
1497
1667
5358
635
2
15
1040
6
0
12187
298
4
105
266
3869
3
0
468
514
43
80
8666
2
96
1624
14
0
3324
6
5
1020
3619
33
501
1
45
1388
14
217
1497
46
185
4678
5
501
1247
12
0
690
7
1915
6
27
198
1
38
1174
2069
4
45071
2
15
7124
145
22
14
217
1497
675
11343
14838
1
0
25660
1462
14
22
196
6
0
533
18
1337
926
732
6819
63
37
889
90
0
2506
2
96
30
61
602
3
32
2249
31
694
28
0
298
2
11343
2032
443
5
565
3
507
491
3958
324
16
8
104
22
12
0
132
6
0
2506
4
150
123
1
14
136
2650
4
4393
33
17
0
819
6
48
1819
1
4
60
116
5
1710
4500
3
0
2245
18
8184
3
185
217
1792
2
8
258
13799
18
533
34
845
732
5
11343
2032
6819
7
522
1
56
910
658
14
5
9074
34
40
10715
7
5
1116
152
1
0
298
78
0
155
331
1143
2
271
6675
22
14
2172
1337
14071
171
41
32
5
8
105
1872
8
1173
4
14
1337
3
0
533
171
29
40
2296
103
1274
262
0
200
732
6819
2
65
11343
14838
479
78
507
491
3958
14
0
359
896
6819
10
12
8
147
0
533
1040
10
500
7
2602
17
0
8231
6
5
111
451
8
2
15
479
22
8
15
147
107
41
1812
0
6819
4
136
7996
93
2
15
111
451
10
2710
1
1891
14
1337
76
41
32
7599
31
25
2
8
65
21537
719
490
3
537
3402
421
48
215
14
21
34
803
37
2172
1337
2602
20
0
569
6
0
2506
13037
28
0
514
10
4165
28
140
155
331
283
23
7634
614
3
3740
0
4625
12
359
896
15
493
69
0
358
31
106
4
514
811
13
3119
1
17
194
6
0
3135
1840
12
0
2063
8
45072
11343
14838
30
845
22
14
25
10
7229
5
501
9074
17
5
2006
54
14
58
1207
234
0
533
1457
4
0
10198
1340
3
1580
1337
2
10847
1040
45073
2372
78
0
155
331
1143
21
521
14
0
1457
34
40
497
1337
150
0
535
28
5
9074
627
28
258
13799
18
108
533
208
917
2
11646
13
273
3
29
170
40
8329
162
0
83
45074
39
0
7996
93
2
334
0
7996
93
1
258
45075
18
198
509
10
94
7
0
4877
1664
5
1337
7371
120
0
2506
2
52
10
1091
55
31
5
1454
8087
17
59
2
8
1232
3236
13
14
0
1020
493
1575
1
8
0
298
22
7
5
565
2
590
98
0
145
13
93
17
118
799
4
1515
28
27
198
2
527
81
5972
28
3175
1
17
1743
36
58
1071
63
8
850
8
173
675
827
113
21
5792
27
3
4679
19
7897
3716
11
1740
2
15
247
130
34
79
6411
19
17666
18
28
11843
660
2400
4
34
40
102
11
105
187
90
21
239
2
4695
90
935
19
3551
1277
20
21539
727
1
3175
1
5
179
797
1
34
21540
14
21
10
63
3
29
37
8
3947
702
8
2
258
6675
107
41
1487
28
27
198
311
1
4
10
692
14
21
10
7
0
4052
56
36
408
14
19
18004
1254
34
40
157
20
0
1340
122
90
0
2506
2
334
1051
5
189
166
20
5
1137
164
1371
14
27
198
58
32
115
7
0
4962
1
271
6675
10
192
958
0
242
113
21
239
2
657
0
117
206
2973
14
694
46
3172
63
42
198
18
193
1
36
13
5488
11
270
337
2
12051
3
0
3101
2870
2674
73
98
1039
45076
3
0
3424
566
4
198
4
177
0
1167
113
0
2506
175
19
142
1
50
0
117
30
3367
17
599
9869
2
15
117
10
958
0
1167
113
42
198
239
4
9116
599
9869
7
1915
6
0
4946
9
83
15
612
11843
660
2400
3008
34
21540
19
145
324
14
21
10
159
12
37
8
3947
702
8
90
19
3551
1277
15
15588
339
0
569
12
3101
2870
34
40
1619
3
4975
11
347
262
0
4052
90
45077
26
8261
6675
1
145
6
3175
6675
1
928
1
207
49
2674
3
27
198
38
239
7
0
359
896
2506
12
155
331
283
18
3101
2870
26
10344
1
50
285
64
1
273
3
32
0
768
6
2172
1337
14071
26
15
7124
145
22
14
4616
0
12634
6
0
10258
2063
1
2245
1598
1363
11682
3708
11343
14838
29
2249
27
26
1769
30
1115
2674
1
678
3
2276
11
501
1247
7
1915
6
198


