1754
3925
4
11029
3
23244
225
9031
4
12714
1691
31
13545
1
0
666
127
13671
1181
3
2114
388
67
232
9
4602
2
89
54
2013
298
13
4005
25
73
1017
5589
1718
1
41
17
0
185
6
7290
4
1707
12714
1
45
17
5
1951
1442
6
23283
4450
2
19299
6476
30
803
5
72
999
22452
5589
621
5127
9
116
28
4450
9
14
327
3
8
4852
4
3664
8
6226
55
5420
5589
1718
39
5
333
269
4040
62
119
66
1060
2
16903
0
5589
1718
16
19786
49
6
212
1718
218
19299
6476
30
803
5
72
999
22452
5589
621
5127
1
50
7470
3
6226
88
119
66
1060
5791
33
3036
3
87
2339
31
21995
0
1223
329
1
6226
55
0
5589
621
329
17
54
619
4
1126
0
1223
56690
2
1437
242
0
5127
77
0
528
6
0
5420
5589
621
4
517
0
5127
7
242
11
418
269
62
3213
2
15
1599
2832
14
119
816
0
5127
1
0
5420
1223
13
5439
28
2192
4
0
1223
329
8
1715
9
5124
8
1
50
1
44
161
1
1727
5
23575
4
4498
1300
14
18
10835
39
0
5127
30
40
1145
2
1336
63
0
111
2142
1
50
171
32
157
14766
11
0
237
1830
1
0
298
131
16
8
15284
1093
11
102
256
62
12
212
6610
1
0
19299
6476
5127
1727
66
0
1210
785
3
1665
212
1300
4
3
3146
1789
5589
1718
1
18783
21755
12
5413
4680
1
2013
35106
62
1707
86
9
180
6188
16967
2
8
22047
25
16
15
1599
6281
875
3
242
0
5127
77
0
528
6
0
5420
5589
621
4
517
25
7
242
11
418
269
62
3213
1748
56691
1
11752
6
19299
1
50
13
786
20
56692
3094
824
1
22
16
8
24
404
3
1014
5
5589
5127
14
10
2560
1
1472
3
3659
1
4
1372
5
670
1223
1491
329
2
8
57
10
650
14
0
31382
10
7772
3589
1
4
5439
3781
2192
1
4699
2600
1084
3
0
1223
2
8
89
84
44
228
147
218
7514
134
153
6
8274
644
4344
181
86
9
44
22
42
5589
1718
532
20835
39
319
0
5127
2
982
33
74
0
87
6
42
1084
2
65
705
2142
180
35653
10
803
7
35654
31
3753
56693
3
185
27
263
1
5
4935
56694
1
1017
27
5589
1718
2
527
656
123
175
103
4
8046
4
2466
1657
492
8944
476
6
0
35653
2
1978
84
44
147
218
15
1599
2832
14
4699
816
0
5127
1
0
5420
1223
13
5439
28
2192
4
0
1223
329
8
1715
9
5124
8
1
50
1
44
161
1
1727
5
23575
4
4498
1300
14
18
10835
56
25
13
1145
570
30628
30629
1
33217
6
7519
15986
822
22
16
8
139
13
141
0
87
71
14
5589
621
15737
29
40
720
12
0
842
1
4
17
100
3456
240
1064
6679
240
4364
1
48
1787
2142
254
41
20756
28
97
22289
2
8
15
2644
323
13
1951
241
56
2592
60
4619
41
3
1237
136
2642
5998
162
5681
86
31
1453
48
4158
1
25
10576
0
2192
158
557
4
4984
0
329
240
6226
240
2
8
139
5127
13
41
159
3
6226
62
12632
0
1718
14
369
6628
12
0
5420
4
156
4165
768
46
454
3
8156
494
0
5127
13
1145
2
8
101
1674
66
76
3822
0
222
1593
28
319
4450
62
5
3009
15094
1
967
0
2089
323
13
0
5127
30
40
32083
3
32
22452
2
8
26
19299
6476
803
22452
5589
621
5127
26
30561
3
8
4852
4
3664
8
6226
55
5420
5589
1718
26
56695
3
1802
25
11
452
269
119
66
1060
26
139
4585
30
40
157
150
35654


