144
2236
7481
1
8163
6235
6236
293
16
23422
138
1
802
522
151
291
287
16
38018
138
1
802
522
151
155
2444
6
246
814
975
8241
209
5949
994
9
5386
10802
7127
28
1674
29
383
35
10069
38019
4
392
586
42
1678
2
15
4421
179
2394
9103
4178
5
586
7
5
283
2099
50
30
383
17543
28
0
3315
4
910
38
171
2776
28
5
2390
9586
2330
2
191
21
4044
3
35
17688
14468
8189
1138
1
173
12959
9
1406
1729
3
801
50
44
84
41
252
79
3
143
3088
2
17689
16
2444
6
246
3975
975
8241
22
10802
38
84
41
1364
12
0
3789
2330
33
8
10069
12353
8
68
8241
175
766
23
0
87
1607
3975
7
38020
824
81
215
1
7229
741
28618
916
2
101
19
87
753
6175
397
1
21
734
1062
2458
43
623
3
1065
20
585
17690
11
216
105
82
2
101
5
753
2986
11
10803
1655
17495
1
21
4044
3
402
2458
838
268
5059
865
1839
691
134
153
1
50
13
41
539
3
1342
268
632
2699
2
1287
21
574
19
514
12
10802
1
4219
5
35
586
7
0
28619
7
6832
6098
50
29
40
3233
11
0
1316
862
2
35
15
6084
1092
13
28620
38021
21
78
749
2618
441
47
1287
1238
2
35
221
30
3
32
5
586
7
0
2099
6
261
6098
2
57
47
385
24
858
2392
63
7
0
424
56
24
10
7
2225
1
4
25
11519
1584
323
23
12315
52
22
4744
73
35
1584
326
5
10069
5500
4
37
15921
5500
38022
2
89
10802
4
28521
34
3
1364
12
35
0
541
2330
1
110
25
254
11
3315
371
2394
1
110
5839
25
817
11
1396
7
0
38023
2
52
219
12
16
35
57
47
0
983
6
14
1364
1
25
47
4744
14
3477
17543
28
0
2330
1
28
2124
1
4744
14
118
2243
3
1403
4
3322
17
277
108
1
14
3477
10069
12353
2
35
238
6
95
108
10062
13
38024
0
5342
20041
3370
4
5
396
6
110
60
929
500
92
14469
13
3
4158
55
14
1950
6
28621
38025
16
65
7524
3968
50
8
118
2243
3
1403
4
3322
17
277
108
8
13
849
11
0
1030
6
2124
1
68
8241
763
101
1787
21
17691
55
3238
38
210
3088
90
801
31
1406
1729
50
44
107
41
252
2
3323
458
75
346
11
3238
171
1380
5
2142
3
5
1826
3
143
5
3088
1
158
112
44
183
0
2142
10
849
11
0
1826
1
68
8241
22
16
35
13976
66
171
141
1380
4837
52
5131
14
2489
7
0
283
10
0
2267
6
0
111
5342
14470
4046
2
299
18
1062
2458
33
623
3
1065
20
5
585
838
11
20
568
105
67
82
1
0
111
4287
6
0
2444
6
246
22
397
2
15
6620
10
4957
31
656
1325
1
45
46
32
5
3465
3
1628
6
13321
4
6507
2
1336
20
0
2444
47
13322
8682
365
397
1
975
8241
116
683
31
6699
14327
0
1955
1526
3
5059
133
1891
2458
46
41
1083
28
42
1043
585
838
6
28622
134
153
268
0
7554
943
4671
3
691
134
153
62
1611
2
15
2444
2744
48
46
41
1342
268
632
2699
133
216
105
82
62
67
2
23423
2050
20
28623
134
153
1
248
38026
20
77
802
134
153
7
0
2115
6
0
1316
2106
1
4
68
8241
22
67
85
17692
1396
46
252
3
32
803
3
124
25
94
3
0
20042
2
89
21
3164
55
14
2458
58
41
5100
1083
56
5059
3949
691
134
153
2
52
176
16
35
15922
13
691
134
153
5
1649
2
691
134
153
13
7828
5
1166
152
652
1319
20
50
0
885
28624
10070
3260
1
50
2180
1062
2458
886
46
38027
0
349
6
0
23424
68
8241
22
21
30
35
6037
28625
11
13321
1
38
29
342
55
150
0
2444
7482
2458
3
28622
134
153
7
746
1
45
881
0
3743
6978
3
35
2477
0
38028
2
144
0
267
6
2699
1
2458
46
29
40
20
0
585
838
11
743
398
82
133
0
4505
894
44
29
40
12
1126
150
0
4323
6
0
1873
12354
2
5374
933
397
1273
13321
46
29
40
8897
6
743
72
38029
7
342
1062
3351
77
217
398
82
2
89
21
176
16
35
1544
112
60
929
41
2391
1497
11
14
1138
1
25
47
14
3471
7
6098
14
38030
42
12355
1
13
849
11
0
571
1
4
3
0
5051
14
17
136
3064
60
73
256
88
1
60
147
3
17688
88
55
2
68
8241
10
619
9
1670
11
0
431
6
3975
31
778
4820
2
52
2779
3
9629
0
270
14
1062
2458
46
41
1083
13120
760
4
1388
0
256
6
86
9
180
35
653
38031
46
2986
1697
543
4862
4
3315
4
185
1221
0
2364
2082
2
89
21
22
21
34
35
6037
28625
11
13321
312
31
0
2444
47
2593
14
1062
2458
46
41
1083
28
42
585
838
268
67
85
17692
111
1396
29
40
803
2
52
22
28626
171
41
2056
99
28
23319
0
2330
253
390
62
44
46
759
15923
103
0
2364
2082
4
3242
49
17
5
705
1081
3
2237
1
113
1062
2458
29
2238
20
2261
9
1857
1080
11
82
2
68
8241
22
0
237
152
3
124
99
3
1260
1062
2458
13
3
29
5
989
2330
2
52
78
0
1238
16
35
104
29
6037
11377
11
13321
2
135
29
617
0
122
551
1
44
29
207
5135
125
279
1
44
33
4922
5
1611
505
85
44
58
29
539
56
44
210
279
5135
45
0
237
152
3
124
1062
2458
99
3
5
1260
755
13
3
29
5
989
2330
2
35
5323
121
812
66
1
24
87
960
7
48
264
7
0
4917
2
334
14
24
960
7
2237
4
25
10
0
454
6
142
39
0
1316
2106
4
7
2237
44
116
64
3571
2
35
15
87
10
44
107
141
4411
0
3238
923
511
9
7
0
255
60
33
8683
0
3238
2
28627
1
23
42
23425
467
1
44
1200
99
12
20043
253
390
4
217
23425
107
141
5509
142
4
23
5
10657
1
472
5
1636
9
1669
192
1
1062
2458
33
170
20
2261
9
1857
1080
7
2237
2
35
104
84
141
188
3
143
217
3571
323
7
0
255
2
139
13
63
6258
14
7
0
5963
594
1
4
24
3976
14
25
47
717
11
13321
1
45
7
0
5963
594
60
929
4949
14
989
2330
14
46
2947
1506
1062
2458
4
38032
26
4421
3174
2099
586
7
0
283
3
1364
12
541
2330
26
38033
3
8
17688
55
8
849
1138
1
173
12959
9
1406
1729
11
3088
26
5893
11377
11
13321
312
31
4603
6
838
1062
2458
268
2699


