2331
2126
30
1151
49
63
0
2160
4657
5530
14
9071
502
18
589
328
8090
4
219
5
189
152
3
26846
88
6
42
87
1285
993
7
823
82
2
502
342
314
9
791
3
435
7
42
439
9
3
9
81
229
6
0
19539
236
1
4
4657
18
3042
3
2720
27110
27111
18
616
54337
42
9594
12
0
993
2
15
5607
123
716
5
105
9
616
667
5530
20
3222
1199
1
90
5
313
127
1009
12
0
81
132
6
0
236
241
31
123
609
1
0
993
34
698
3
338
283
2
2126
1
7
19
111
8330
443
12
470
1
30
310
19
2650
12
14
993
9
1972
638
20
4355
2
2160
4657
18
5530
3180
27110
27111
0
873
1
50
21
17360
2452
3
2277
11
435
81
555
57
10
0
638
14
175
0
8090
28
502
1
4
9071
42
766
11
0
589
328
502
219
3
15954
727
7
42
262
525
1
4
21845
5
463
9
791
667
3
1203
463
9
463
17
1199
8
281
24
34
40
7
54338
18
2944
1
24
84
74
183
112
24
58
29
40
344
3
1256
12
508
2
54339
1
25
392
29
40
128
1
128
504
2
8
101
0
1033
347
1
86
194
34
40
22
63
59
1
0
12493
34
1115
86
194
1
0
1071
34
40
63
59
973
502
1
19
288
1
3
5
87
993
7
77
316
82
1
12
0
14946
2972
6
0
15315
2885
1
7
50
19
3345
34
239
1
4
123
14
2317
2
8
15
1394
1
0
179
2291
9
54340
1
0
54
9
288
130
1
5
35114
529
4
12266
1
4
21
10
0
14455
54
3
143
5
3616
2358
2
8
24
351
4005
14
112
435
34
41
668
109
14
1
44
58
41
29
668
20
80
2
191
494
66
33
5
616
94
127
88
1
25
18
6265
3418
2
8
2126
1824
125
1926
2327
20
4355
1
137
53
93
51
1328
1872
1079
1179
18678
2126
13
98
30248
19
2383
7
2532
4435
11
1293
241
137
5627
5613
7
0
1889
328
48
149
2126
93
502
20
0
267
6
14
236
1
1076
3
1293
11
72
2881
341
1
4
48
377
19
83
243
1
4657
1041
1
46
1227
435
11
0
87
71
150
0
358
20
0
99
267
6
81
236
2
7096
33
410
48
71
1
17
37
6452
435
128
194
0
174
7
742
2
2247
2151
18
243
29
413
398
4
2257
64
6
42
87
259
589
328
1893
2
221
13
5
189
152
3
165
1
45
502
252
5
2415
547
7
42
236
112
44
33
3
8298
28
42
1245
454
1
50
2417
88
648
7
4554
242
7
0
589
328
2
26
2160
4657
7696
27110
27111
5
616
20
0
99
267
6
81
236
26
387
13778
0
152
11
502
3
9603
0
993
3
338
283
26
2331
2126
131
21
76
41
29
1091
12
508
112
25
43
59
26
502
326
435
11
0
87
71
150
0
358
12
377


