119
6292
4809
87
361
5445
91
2060
9
4939
4965
14192
61
7745
7156
5
3207
3122
61
14
125
17167
1060
99
3138
27
119
1060
1400
515
24
594
752
11460
347
57
8112
9
6736
2788
23
8040
369
3515
10028
76
24
17168
6418
13
1532
24
4929
3821
5
406
2
17169
6736
91
24
14224
27
119
6292
4809
87
663
11881
1397
6667
185
1579
11638
61
5260
34
3821
61
2956
3839
5
17170
185
17171
7702
61
4678
9
8112
17167
1060
17172
87
3105
13652
17173
341
27
521
159
34
522
15263
61
7156
5
6667
262
251
2401
185
834
24
6292
4809
87
5445
99
3283
515
24
14224
278
14
3515
2528
13
1532
3821
13
24
8089
4929
5
87
5726
17174
502
183
15483
23
13348
10609
24
12729
8072
9
8788
4894
7279
61
8112
232
503
14
1478
614
57
17154
2
1005
9
9096
15182
5
10664
1308
45
7885
12445
185
3031
3225
1853
5396
6275
27
4360
1793
4556
91
24
5167
5602
13
164
445
17154
13
24
6292
4809
14224
61
24
6048
5923
13
17175
5
532
3103
1246
13
5408
4368
17172
87
3105
13652
17176
71
87
14
1478
17167
17177
502
10424
5434
24
8632
7464
5
17178
8112
99
3793
13
122
82
1032
27
162
1579
594
3291
2401
185
8112
37
17154
61
17179
1443
493
1246
24
14224
4289
122
17180
13
5408
14
5712
17181
27
119
1060
1400
515
8112
5
24
8089
4929
99
4430
14
3515
2528
502
14632
24
14224
13
1532
3821
5
406
13
24
17168
6418
27
17182
1246
262
119
3965
57
24
6292
4809
1060
61
9207
17183
8072
9
17184
61
7346
54
6048
91
17185
11638
129
217
9187
3802
5
17186
4965
2
1854
23
2788
101
8112
1123
12684
204
262
4360
1793
4556
91
24
5167
5602
13
164
445
17154
13
8112
61
24
6048
5923
13
17175
5
532
3103
1246
13
5408
4368
17187
57
8035
262
1877
1579
1979
64
24
6292
4809
57
5810
5
8040
23
1268
9
183
99
17188
2681
57
5810
61
8040
5
970
4853
9
655
1071
2002
94
17189
5724
23
13348
61
17122
61
8091
8092
61
17190
37
8558
8464
61
1904
61
10622
5
17124
17191
262
119
3308
57
8112
331
8442
10940
810
5810
5
8040
40
646
278
100
3291
341
57
17192
23
8040
61
655
5810
4734
13
17193
1579
169
1032
57
8045
2
24
8869
119
6292
4809
3848
1793
752
17169
64
758
64
14
406
1698
23
1579
17194
2788
57
8040
27
16
27
17195
57
3821
5
406
13
24
8089
4929
218
8112
9
6736
17169
5
406
1854
27
15
27
17196
185
11638
57
24
6292
4809
2778
27
17197
14722
185
14064
5
17198
57
7702
23
24
17181
916
27
17199
7702
1155
64
17200
61
17201
61
17202
5
17203
1507
27
13360
3122
608
27
17204
6667
1221
10403
34
8924
61
500
2031
5
2058
9187
3802
741
27
17205
1409
15830
5
4935
183
185
1857
1562
4884
27
17206
7188
4965
185
24
2060
4939
23
13348
2779
27
13097
5
4935
7156
5
2060
4939
14709
5
7157
890
27
17207
1684
5
4935
5382
185
24
2060
4939
17208
262
17172
3601
3105
13652
17173
2015
3400
24
11638
57
17172
5
6292
4809
761
101
1397
9187
3802
61
8112
4781
3235
13
278
709
17209
449
5726
5
4935
7745
7156
13
819
61
76
17174
361
624
185
24
8970
57
24
1032
13
107
6586
185
13
13348
27
119
2401
663
1615
952
57
24
57
6667
5
17210
9981
185
11638
57
17172
61
8112
37
331
6787
17211
331
4368
27
1134
3492
6273
9
5830
6667
185
3821
61
331
17212
412
331
5
1153
57
24
15094
7279
61
590
23
3212
13
8112
37
821
2534
14722
9113
61
289
8787
17213
61
64
758
64
17170
185
17171
5
1201
7702
27
1843
3602
4855
57
6919
87
13360
3122
61
502
17179
2403
331
32
57
24
594
16382
16993
34
8112
331
27
119
346
57
3207
3122
23
17172
99
2384
2
1011
13
5415
647
24
6292
4809
650
13
6439
61
1489
13
24
1060
27
397
1341
91
24
4744
10012
3789
35
506
61
8112
87
4136
449
2947
10807
14
257
2
2060
4939
4965
5
3870
3197
91
2590
17214
1246
57
17186
7188
4965
2
1854
23
8112
9
6736
2788
57
5810
5
8040
27
17172
87
3105
13652
17173
663
8827
17210
185
2058
9187
3802
91
7123
1185
361
545
13
16935
61
17215
5
4935
14063
5382
5
17216
1409
1810
2
7908
129
7922
76
24
1246
57
24
17181
5
4935
183
104
1857
1562
27
246
8112
99
3515
2528
76
8040
13
1532
3821
5
406
61
377
7814
246
397
5167
1337
922
4190
61
8112
87
361
5445
2
362
246
17217
1153
6667
5
4797
17210
185
11638
57
331
4368
331
17172
246
5868
57
3207
3122
23
17172
99
2384
2
1011
13
5415
246
8112
87
663
4935
7188
4965
185
24
2060
4939
61
5
14192
7156


