251
29212
9
2505
43585
149
6816
13
3022
23
14
4156
3484
13063
58
5049
445
2482
2
4606
57
1973
2609
27
50916
50917
497
334
3207
30140
58
525
3034
4132
18982
57
525
2505
24
8162
13
592
27
119
50918
9
522
149
6638
91
4606
57
308
1145
24
1146
5
4128
24
32
9
506
9
2033
18977
2505
76
2921
9
2033
4378
50919
27
4378
912
2495
3507
61
4028
61
14
1117
15097
61
4936
24
18977
76
54
715
16550
61
9757
61
1348
926
149
533
9
3133
9
2033
23
534
1268
2
14
8826
129
1910
23
3272
27
50917
149
6816
13
3022
23
24
3484
13063
61
502
149
4849
35
202
69
2431
71
61
58
3507
6638
24
522
76
24
39554
104
6688
592
1060
505
237
751
27
396
330
262
331
993
24
485
288
2236
3432
13
850
24
13063
27
50917
24
18977
4123
23
14
50918
522
171
525
4293
233
9788
331
408
105
421
1145
818
610
44
2995
183
609
5
610
750
704
612
486
515
183
149
2050
13
107
185
27
331
628
1835
2236
1735
515
612
522
149
1975
133
57
4606
57
38916
27
331
187
149
1294
91
3317
515
628
4132
24
522
185
13
24
39554
305
6688
592
844
27
119
18977
87
719
2505
29212
76
2921
9
2033
4378
50919
23
24
8742
50917
149
6816
13
3022
23
24
3484
13063
58
3507
6638
24
522
76
24
39554
104
6688
592
1060
331
628
144
1850
1465
185
646
574
308
13
614
6465
5
520
57
122
17778
818
515
912
496
628
638
27
628
638
1013
1347
6046
183
149
14
2482
27
331
119
522
2057
50917
2505
29212
76
707
688
575
215
516
3337
24
233
104
525
5
926
516
151
6138
183
33
27
331
628
105
709
6553
183
149
2482
818
628
648
183
149
14
9139
1348
628
309
334
8814
185
3192
16
586
612
522
105
100
1975
34
14
4156
10373
27
50917
87
719
23
24
522
6138
24
233
33
13
4378
705
227
215
13630
183
525
880
331
1134
1211
57
1017
144
604
711
27
331
579
87
14
821
15217
18977
27
579
99
456
3096
607
647
27
331
628
1019
926
44
444
525
2534
3484
3193
27
331
13146
382
16550
330
262
331
628
638
1013
1347
639
3507
105
4132
24
522
185
592
818
628
648
183
149
334
3192
50920
9139
1348
215
750
846
449
183
27
331
408
6068
144
38198
24
13035
1348
610
2995
18393
40
610
53
4149
13
2995
237
32
27
331
1477
926
912
503
23
24
13063
34
14
2347
7404
61
183
912
4369
13
850
525
185
183
27
331
628
604
648
1348
628
971
24
522
515
183
516
1029
47
185
3484
27
331
246
251
13029
57
50917
2505
29212
149
4132
13
592
246
47680
1850
57
2482
2
4606
57
1973
2609
246
779
309
1389
1011
12933
13
4658
33544
34
122
18977
246
3093
330
331
485
288
2236
3432
13
850
24
13063
331


