258
1683
34410
261
262
7108
264
61
2978
3094
558
268
269
262
57454
264
61
2213
3094
558
251
1413
9
506
9
2033
627
129
285
89
320
13
278
54
21514
133
1077
58
28423
23
54
2534
4089
64
14
3340
57
14
57455
9
32
8500
61
334
955
944
27
23238
42137
8158
13
107
59
758
58
24
8487
4046
104
54
125
320
23
39407
61
340
61
5
149
1391
82
27
842
190
1267
58
24
4002
61
215
1770
2189
1581
3580
57
4089
123
1379
5
54
10463
448
977
3069
16949
5
1543
42137
289
334
332
27
11594
104
24
1271
320
288
1103
13
1813
23238
61
129
105
4508
47708
9
8572
10834
1348
54
31968
298
47
58
14
331
4509
11263
331
2
14
2575
21123
27
57456
262
23238
42137
105
8158
13
107
59
758
58
24
8487
4046
104
57457
7628
23
39407
119
955
944
515
23238
105
100
33
13
320
76
14
5511
5
76
2330
4089
2646
4748
40
149
7654
156
61
76
709
14396
57
496
149
13
799
27
942
10984
3322
750
54
5965
2255
5
571
262
331
628
278
944
496
640
515
257
27
331
23238
174
320
27
396
8158
422
5
3195
61
123
1379
61
215
105
237
4509
11263
27
331
2186
640
935
825
600
107
76
723
27
628
2245
818
2404
34
723
652
183
1393
278
100
3330
2209
27
331
57458
105
11641
4002
34
24
3370
652
215
4508
2
35695
2371
26689
61
575
54
981
57459
5
21514
53
183
1131
34
158
13
20620
61
3458
104
2356
27
2617
57460
57461
330
24
4046
185
24
627
37
21514
149
32
57
166
2381
5303
185
24
257
61
5
515
215
105
658
133
53017
57
24
3808
23
24
1428
5
449
2424
1533
23
54
4448
14692
27
396
1129
14
31721
57462
61
502
4183
14
2330
13406
6646
13
3943
14
5747
351
57
4514
13
57463
35214
5
57464
13
1728
12979
27
396
663
978
13
45982
2489
64
334
359
5190
40
44
503
2828
183
185
32
57
542
61
167
3108
1587
185
24
169
32
27
742
3355
1685
11156
663
978
40
44
45
2250
24
2137
27
331
628
44
1013
444
14
14268
185
24
4514
61
331
215
330
61
1521
215
359
515
215
391
215
149
24
503
8628
23
54
4813
129
1129
365
57462
5
2489
61
64
54
1960
288
9978
76
144
57462
27
396
4042
834
61
256
24
4046
104
24
57457
7628
61
24
19554
425
288
1732
5
23238
149
45
12979
27
4429
262
119
5016
9
10429
2378
185
23238
149
658
133
104
13031
15644
6423
7628
16878
42186
61
129
658
133
24
8485
104
13031
15644
6423
7628
61
750
24
20051
262
331
305
5016
10429
2378
646
149
1644
821
853
13
850
76
24
3206
5267
27
187
8158
13
278
30225
64
758
64
1622
27
331
628
663
8461
13
850
1222
1193
1187
105
100
456
13
24
4396
35214
17698
515
351
5
358
288
704
1626
27
331
579
330
183
149
503
1348
926
8461
13335
101
14
44999
515
926
1142
334
21123
76
57465
61
1185
4339
4514
61
23
1579
4515
27
162
24
6213
57
1193
4820
61
926
1196
14
1243
384
57
24
818
9
289
275
47841
44
278
100
398
57
24
27436
2532
1981
27
331
57466
4514
87
27436
4514
5
183
99
4348
57
4089
22446
5726
23
183
652
183
87
24
582
4514
5726
23
13
7118
27
187
87
821
32569
61
331
926
330
27
331
119
57467
4514
87
704
27436
5
723
278
24
2043
1301
185
908
27
119
4514
87
20072
6807
40
144
104
24
1679
1348
24
2311
4514
87
2467
445
183
87
1243
13
278
275
47841
27
331
119
1462
351
87
821
5006
23
22446
5
87
5292
13
24
1301
27
187
87
10911
57
834
4509
47841
711
27
331
5842
515
24
4382
149
331
6016
61
27761
1296
331
61
926
7176
262
331
1447
369
3096
11873
21236
515
183
718
1347
2191
23
320
61
515
342
718
1067
652
57
24
50004
27
331
2617
57461
359
515
24
503
880
23238
516
278
2516
14
3317
57
823
288
1222
215
5
334
37983
105
100
6266
91
158
76
122
1240
1348
24
47841
392
27
808
3322
1231
14
21251
14455
185
23238
104
24
955
23
57468
61
5612
262
331
628
825
1264
515
23238
1077
2
14
6016
545
8500
2
334
35591
3982
27
331
396
750
24
448
262
331
999
57
24
5993
1022
87
515
496
640
109
87
997
1296
40
45
1296
13
24
308
129
1470
2
183
61
652
183
640
13
723
27
331
246
23238
42137
1077
58
215
4508
47708
9
8572
10834
1348
54
31968
298
47
58
14
331
4509
11263
331
2
14
2575
21123


