4698
418
9
23
99
53
183
3468
13
3063
851
513
185
14
7180
61
40
183
847
1013
1728
24
8985
8986
5189
8987
1348
723
8988
104
24
1709
27
162
14
4233
13
8989
237
61
1677
3424
5
8990
278
5347
14
8991
8992
61
5
8993
1188
515
45
503
157
723
8994
237
1709
8995
61
40
44
663
6191
24
1029
57
769
1637
27
2281
1133
369
2275
13
24
8996
331
1908
4401
4198
5
1941
1366
87
8997
8998
484
705
8999
27
1677
3424
5
8990
5347
24
9000
61
324
61
13
4030
24
8987
104
1709
8986
7699
27
119
8992
87
2275
13
14
3042
3229
5
952
369
8997
8998
484
705
8999
27
119
7565
825
4204
91
24
1029
57
24
506
61
40
9001
278
45
100
4934
162
1372
61
1611
9002
1770
3042
9
9003
57
582
4712
9
9004
8991
8986
9
9005
9
2381
13
372
7539
91
1677
3424
5
8990
27
119
9006
8986
9
8992
87
1129
91
7967
129
278
122
9007
952
1391
13
14
6487
2590
24
1611
9002
4195
27
2520
24
7565
61
7967
1153
122
6487
13
418
23
61
4330
122
7208
5
6971
122
3824
9008
6823
27
119
4195
935
8997
9009
24
8991
8986
9
8992
76
14
4293
9010
61
1057
1941
952
27
119
1156
9011
57
24
9000
5
9012
27
119
9000
87
9013
13
9014
5
1506
9015
718
5189
445
122
1637
2241
722
13
4712
9
9016
183
621
227
358
1681
27
569
24
9012
9017
1637
1145
24
1146
61
23
501
183
912
769
61
174
1778
1185
7719
4205
14
6487
27
5340
24
1133
369
5362
13
14
1908
4401
3229
61
1941
952
369
8998
1348
14
582
9007
87
53
61
5
24
8992
87
5341
6329
484
621
8999
27
119
9012
87
935
7918
810
24
1637
5
718
107
8427
4166
61
655
24
8992
87
9018
9013
13
14
9019
2590
9020
9021
27
119
9000
61
324
174
61
718
663
107
1129
76
24
9012
61
324
700
27
119
9012
9017
1637
1145
24
1146
61
23
501
183
37
769
61
174
1778
1185
7719
27
187
87
7918
810
1637
5
718
107
8427
2590
14
6487
1185
185
24
2722
1947
24
2805
4204
61
24
1133
825
107
6586
609
61
1185
6380
61
5
646
87
14
9022
501
502
4128
365
1133
64
9023
119
1198
369
9024
13
738
761
76
24
55
3042
3085
104
24
1029
57
267
27
1677
3424
5
8990
912
6993
288
5715
185
14
7812
522
61
40
24
1198
278
45
3731
4934
24
7565
27
2952
99
9025
24
7599
13
1095
449
24
1140
57
24
9005
61
496
3774
369
23
513
13
2297
7454
4556
61
5
496
711
1222
24
1637
87
9026
27
187
87
648
24
8996
825
1481
47
14
9027
8986
5189
445
222
34
1579
9000
1864
818
358
718
1790
24
8987
27
187
825
663
107
9028
14
4623
57
9029
34
24
8992
61
13
112
1245
9030
27
1947
24
2805
4204
61
24
1133
825
107
6586
609
61
1185
6380
61
5
646
87
14
9022
501
502
4128
365
1133
64
9023
27
9031
952
278
45
100
3283
27
246
1677
3424
5
8990
278
5347
14
8991
8992
61
5
8993
1188
246
2281
1133
4231
13
1677
3424
5
8990
912
1908
4401
4198
246
1659
1366
87
8997
8998
484
705
8999
246
119
9012
718
107
1129
13
9032
769
1185
7719
1637
4166
246
9033
825
4204
91
24
1029
57
267
40
9001
278
45
100
4934


