139
10
0
9104
1221
6
1478
1218
47
673
7
0
3007
2841
10537
6
0
1669
2
57
10
5
8865
3
32
7
10164
1
113
1218
4
19
1341
2454
700
4803
2884
28650
4
28650
311
1
118
4121
28
38083
20
49
3
1887
1606
2
15
684
374
88
10
4863
499
10809
2
15
1035
699
116
217
38
34
2460
48
70
47
1599
6
3719
238
23
14480
453
41
568
12139
4835
4
5720
813
17703
9486
28651
453
233
23
112
44
43
1535
55
6
42
17560
28652
2
1343
297
94
3
718
2884
16
6042
326
3
1478
45
24
893
32
99
7
64
347
3
313
38084
16
1478
1218
2384
19
2918
14122
39
1023
20
0
10164
1661
3444
38085
6932
16
1218
4
2454
174
9
2430
4803
2884
5837
39
42
54
9
64
1911
7
10164
28653
16
1218
1104
0
14481
2220
39
1637
5
20061
2884
20
10165
38086
16
1218
477
103
2884
1
38
309
12
5551
1
3
313
0
10164
1661
3444
7697
5610
3
28654
48
28655
1035
9502
9
11
9
9502
17
3314
18
3357
4013
4
2123
28656
2
15
38087
10
1218
1
317
19
200
7477
313
4
19
28657
7
80
3
5636
3649
4288
38088
47
673
943
2
57
10
5
1035
14
80
0
2294
6
14370
28658
21
171
202
29
413
2
52
309
200
12
0
9399
3
2884
1
248
116
5
5530
7
6389
1
45
2201
3009
140
0
87
2323
3
154
0
667
4
123
477
103
2884
47
3178
9
343
12
0
1455
1070
2
2884
107
41
355
49
2
378
0
454
6
0
5115
4
8571
11268
21
469
3
27494
424
1218
2
15
667
1362
844
1
31
95
28659
1
178
278
2
2884
22
12
0
174
2353
16
35
939
21
107
10
141
14482
57
10
2878
9
6
9
0
9
638
38089
699
85
5
645
2337
2
7233
103
16
15
2454
6
4803
2884
4
1478
1218
667
0
1368
20
0
454
6
0
1035
38090
16
15
1368
5721
49
11
15440
275
6
0
10164
1147
9105
7
38091
4
1218
1104
0
667
5365
9
3
9
251
16
15
7741
1111
197
2884
4
1218
467
20
0
17704
6
0
1035
11524
9553
2884
56
5
6103
20062
696
55
0
715
195
2
15935
9634
47
20063
219
69
5
10723
1895
17705
56
21
10
9635
31
11525
23442
47
7886
2
15
64
2454
1006
224
7
3
32
38092
2
1218
34
3
586
3
0
4902
8686
1
2884
76
256
0
20064
2
15
20064
5139
13
3100
86
1
494
0
715
195
20065
184
17
259
11268
2600
1
2884
58
32
344
3
1812
19
174
9
2430
28
5
3099
14
34
40
2515
3
6265
739
31
0
677
7
5604
2
788
0
4316
219
2
35
24
1714
136
87
1035
7
38093
22
1218
3582
2
35
4803
10
973
80
0
152
4
24
13216
59
12
0
81
9502
2
24
273
14
58
1342
3
121
23443
788
107
60
80
2
89
1
100
1
1218
2543
19
237
388
3853
624
7
38094
0
12366
343
28
374
2
135
43
13329
77
277
108
109
8425
2
2884
58
124
7
376
45
1218
453
7
5
98
9
66
9
177
9
121
9
98
9
66
9
38095
6291
453
38096
99
515
2
28660
4
1897
16
1218
3300
2884
23
44
1377
277
108
2902
9
3
9
2902
11211
0
376
16
15
2454
174
718
42
1246
17706
0
10164
1035
38097
5139
16
5720
18
38098
38099
4108
3055
515
6
1541
3516
18
1179
12994
12318
323
3
2454
2
14483
10810
1
7
0
87
645
1146
6
19
5015
9
1884
5702
150
317
77
23
4185
771
1
224
12
3
234
266
2
52
22
16
35
139
13
38100
387
116
25
536
25
10
0
14154
1535
4
20066
58
41
32
17707
2
35
861
259
11268
3
38101
21
176
1
35
716
47
79
143
662
60
934
234
1246
19490
57
10
41
37
15936
3
1126
1056
1
45
37
1423
11
1378
2
12318
1
253
1
3
234
1218
4
2884
11
7762
0
38102
4
6155
3
1405
0
1423
14484
2
15
237
1221
6
1218
47
673
1
60
29
15937
2
65
276
73
32
116
11
10536
7
954
1
56
21
5103
0
4161
1105
1
38103
9
109
1
3
313
31
67
85
5
977
2
38104
7
0
10811
16
1218
4
2884
3701
13330
7234
39
0
1035
7557
323
1
66
16
11526
28
4233
12
0
1370
0
584
219
6104
9
3
9
6104
7
38105
38106
1
253
89
48
10
38107
2
2307
1
21
10
1259
5
700
20
0
4804
6
19
673
7
37
5636
195
12
419
23444
7
5
3616
1111
7
5
17708
172
4320
9912
2
788
3432
10
0
5604
14
2884
213
55
6
19
195
4
4143
5685
1218
162
7467
10812
2
14485
3582
1
19
2650
17709
1
0
1036
490
16
35
24
5267
28661
1414
3
38108
788
10
48
0
237
6
2841
10537
6
0
1669
218
1218
47
993
313
7
954
34
5
957
6511
638
6
2964
2
9401
4805
47
4914
7
2225
7
411
10
4161
1
6977
4
17544
2
8687
38109
47
1023
77
509
38110
20
8688
7
2649
2543
37
15480
356
11
0
4028
2
89
30
156
1035
3640
67
2902
9
3
9
2902
684
1391
0
1368
218
1169
14
24
73
5122
2
2132
1290
2185
2132
1290
1
17
3487
3488
1085
901
162
3
154
439
39
5
38111
17
4803
28662
2
1541
3516
2185
1541
3516
1
17
1179
12994
2269
172
1501
6105
5722
11
1455
2
38112
16
20063
18
15935
9634
6355
39
91
20067
31
7886
700
11525
23442
2554
9
28663
16
11525
23442
38113
69
38114
9634
12
19
152
55
6
0
23445
973
3
5
6103
8413
3063
4
55
16
9634
18
20063
13331
55
6
742
90
497
17710
8869
1927
16
9634
1110
77
90
19
195
496
3
5
429
6
0
1370
973
3
5
715
195
38115
16
38116
2132
1290
18
3487
3488
1904
19
439
242
3290
229
16
2454
4022
42
200
275
9
314
1911
7
23
169
4806
9
44
667
0
38117
8
4320
17698
6703
16
2884
53
93
51
4
1218
20068
11
0
667
6
0
10164
1661
3444
3470
3
2029
16
1218
17
19
4961
8
2918
940
2185
940
1
17
5016
23446
4
23447
20069
159
20
277
108
504
2
828
48
10
13332
38118
182
5
8492
6
2676
7
0
5017
2
15
721
28664
116
0
195
38119
13333
4
232
9
11423
6068
2
1544
0
1349
9
49
3
0
1035
10
38120
2
3290
38121
1477
7
4
55
6
0
20070
6244
6
4835
4
4182
20071
1
0
27590
813
2
5720
782
7091
28651
78
5
38122
6
438
1625
14
0
1700
43
91
2515
3
35
4014
38123
114
0
111
5395
1284
37
8995
12
199
14480
3916
23
2052
6249
2
4835
10
7
0
222
1568
1
23
33
1541
3516
2
1169
86
20071
2
1100
21
729
14
0
1963
13
350
20
1678
3
23448
0
2446
3368
7
0
208
333
347
1
21
8142
0
111
1
23449
8162
2
294
254
0
6737
1468
4329
6587
1
38
9636
12
5722
47
612
12367
14
0
111
38124
8501
35
38125
2
6587
1
234
6
761
1246
1778
17
20072
744
1
22
16
35
4790
5
172
1501
4728
5
17711
2156
2
35
13135
5135
0
2145
11
0
638
1
0
17712
13
38126
1754
11303
3
5604
1
25
10
0
3719
238
132
14
34
850
182
0
1657
2
22601
638
16
2884
6836
19
174
9
2430
7
0
38127
3364
23
44
2029
939
2964
16
15
10164
1661
3444
10
54
6
0
9104
3719
238
4806
7
612
278
26
1478
1218
3177
7
10164
39
2748
20068
17
4803
2884
26
3487
3488
19452
0
14486
17
2132
1290
26
9401
4805
28665
12
19
38128
1300
7
3719
238
26
10813
1391
0
3472
17
105
9
278
172
1501
28666
38129
38130
25
23
54
6
0
237
4806
21
30
388
214
26
2884
1861
12
0
14486
21
8
5267
28667
8
3896
200
3
1218


