297
94
11
167
15
1426
6
48
70
18
8
271
440
8
76
32
63
3
32
10636
1
680
3
1439
94
28
0
4977
993
4
355
49
27
14209
4172
39
5669
36
30
1817
28
27
315
2
1197
779
1
529
7
36840
1
988
1
10
0
1426
6
0
526
993
1
50
36841
0
8065
4
2013
6
669
223
118
2
15
384
70
83
36842
78
0
507
3496
36
34
3219
28
27
315
6
178
82
1
3819
4
13
98
576
23
5
957
211
2
271
440
1197
779
30
98
1817
28
27
315
4
76
32
680
3
355
49
0
4172
8
271
440
8
1197
779
53
137
51
131
0
1817
17
27
315
1
3819
1
10
12198
2
15
384
70
83
76
98
32
680
3
355
49
27
993
4
4172
8
57
10
37
12198
1817
1
8
36
22
1
8
24
181
63
1913
134
153
6
765
2482
267
49
7
1924
4
7471
60
33
159
3
32
54
6
88
2
8
15
584
1
38
649
346
23
2291
15646
17
0
962
663
794
12199
7
9498
7
1098
4
213
669
5
70
192
1
29
40
576
7
988
11
0
81
146
82
2
657
0
1817
13
521
3
32
12198
5
427
78
0
507
3496
258
779
809
182
14210
2
1197
779
53
137
51
13
37
4407
11
27950
4920
440
4
0
1698
6
13119
6034
2
65
612
1817
17
27
315
76
210
27
271
440
993
7
19680
6659
4
656
211
271
440
1197
779
30
210
27
993
7
19680
39
12200
17
27
315
3819
2
15
271
440
993
13
11
669
223
118
271
440
1197
779
53
137
51
13
98
159
3
1364
12
27
147
23
5
957
211
779
38
4260
27
7472
12
27
461
946
23
797
4
17373
1
13
61
37
4407
11
27950
4920
440
4
800
4163
440
20
0
271
1147
1212
7
0
631
7
600
7
50
36
1284
1745
2
380
25
18
587
0
770
13
562
23
196
6
0
1147
19681
571
1
1691
3
3568
209
18
669
223
1
42
22918
1
4
4173
3
117
4
984
2
57
61
131
1
8
140
0
172
223
33
1820
48
571
3
32
0
1683
3
147
17
42
315
4
117
3
383
1503
754
1632
2
8
15
5460
428
7100
12
841
147
1
13
118
11
669
223
1
17
216
5813
8069
11
27951
223
2
191
119
0
1817
30
369
40
5
295
6
187
1
258
779
30
100
678
13120
760
3
586
27
2868
957
2981
2
8
101
95
621
6
147
25
13
2286
504
3
1118
552
5109
2
24
351
79
5623
12
95
147
1
95
841
4
24
351
350
653
3
110
0
594
2384
1
8
36
78
0
507
3496
2
258
779
13
61
37
4407
11
0
1698
6
13119
6034
50
2134
3
1251
4078
63
410
6035
7
440
4
2265
2
119
0
1817
30
369
40
5
295
6
187
1
258
779
30
100
678
13120
760
3
586
27
2868
957
2981
969
5623
12
27
147
15
1426
6
48
70
18
8
271
440
8
1197
779
53
137
51
76
32
63
3
32
10636
1
680
3
1439
94
28
0
4977
993
4
355
49
27
14209
4172
39
5669
36
30
1817
28
27
315
2
26
8
271
440
8
1197
779
206
29
3
619
0
4172
99
39
12200
17
27
315
26
15
27952
993
13
661
3
669
223
118
26
15
384
70
83
1817
28
27
315
23
36
4163
440
7
0
271
1147
2167
7
631
7
600
26
15
797
4
656
211
131
0
1817
10
8
12198
8
26
258
779
678
3
1364
12
27
147
98
23
5
957
211


