5365
6
5710
1
741
509
22120
1
46
3545
253
169
349
19119
170
2830
3
987
9406
35
50634
15
245
6
126
91
2483
7
2036
7072
979
30
5466
3
19120
133
480
5
1221
3
2986
2503
1
0
251
6
5710
46
1750
209
2
871
26671
979
33
98
7
721
2190
1
5
1083
6
3787
134
153
1
119
217
289
235
5916
1053
0
222
2
741
509
22120
46
17237
0
1196
23
530
14
2503
29
34018
133
4
2651
76
158
165
69
8156
2
997
1075
2299
67
3356
3
389
42
220
3882
1
21
46
3545
14
253
169
349
19119
170
2830
3
987
9406
8
6449
8
133
17
8
14841
8
3044
4
1245
8193
2
15952
19
1717
365
1
741
509
46
1750
129
0
245
6
1652
91
2483
7
979
4270
8
8200
8
31
5710
30
5466
31
7190
7
64
82
3
19120
2
378
0
222
71
1
0
7121
6
979
289
5710
18
235
5916
133
205
4
3388
133
1053
21202
12
81
70
20
63
1913
134
153
2
657
3334
979
33
3098
3
8
23316
515
8
1
7150
20
7072
755
29
8
50635
8
1
21
46
161
2
101
253
169
1000
1
19119
33
2354
849
1138
3
165
26672
4
33
531
31
8
3963
8
251
2420
4
21112
38
1521
15082
6
2503
2
741
509
133
0
782
7195
6
979
133
46
1985
14
169
19119
8
1521
9644
337
8
480
0
956
18
14971
1238
50
30
214
1297
6
979
34019
784
62
619
77
2385
3
11376
2
101
5
1703
3
1291
19
439
1717
365
1
21
46
448
11
37
267
3
8
29666
8
12515
63
129
16937
171
32
16582
2
8
4781
979
33
2036
1
25
13
41
114
44
33
487
5219
979
62
14971
1
62
114
44
33
196
6
5
2893
9
4909
1193
62
114
44
938
1054
1
8
21
46
812
37
2627
2
8
135
33
2036
114
44
29
74
213
0
11911
122
16
21647
4
15082
13
3963
1
3021
13
1245
1
50636
1110
26672
4
3044
13
14841
2
15952
19
1717
365
1
741
509
46
1750
129
0
245
6
1652
91
2483
7
979
4270
8
8200
8
31
5710
30
5466
31
7190
7
64
82
3
19120
8
281
136
1864
571
13
3
722
3
2651
60
252
3
8245
12
0
6449
6
459
979
4
19404
4084
4
459
44
7386
2
8
52
46
61
448
11
4238
4540
6
2055
979
50
34
383
8
5454
8
4
11603
337
28
487
811
62
11376
2
8
982
979
33
8897
6
2560
337
56
278
33
849
1
8
21
46
161
2
8
135
33
93
26672
56
44
17694
17
12627
2
101
169
1000
44
33
2790
20726
28
2560
21647
2
135
33
50637
6
205
3021
4
3044
1779
2
135
1065
2206
28
979
14
76
1079
88
2
8
101
4615
1
741
509
46
5999
0
1124
6
979
4270
8
3388
8
50
21
131
33
500
5
8
8996
431
8
4
2320
5
8
989
2163
26031
8
2
191
21
46
4794
14
34020
29
921
3
1665
1
3451
114
2299
4
21112
33
8
497
0
6449
122
8
133
199
23
0
2560
3044
6
0
8
50638
8
2191
4585
2
16825
5
796
365
1
741
509
46
61
7113
398
6166
607
2
57
46
163
14
7
608
487
5219
1061
1
3070
85
272
6
7072
979
33
4270
205
62
3388
31
5710
2
26
5365
6
5710
46
161
0
1196
9507
164
2503
29
34018
26
741
509
22120
46
3545
169
19119
2830
3
987
6449
26
52
176
217
979
61
34
8
14841
8
3044
4
1245
8193
26
7497
46
448
11
337
11
2055
979
50
383
8
5454
8


