1427
6061
369
57438
91
55317
5
122
3031
520
27
57439
24
39855
149
1533
14914
91
24
190
9
8284
18634
185
54
3034
912
3484
1221
5
2291
47
46886
183
27
119
57440
4995
411
4002
1348
24
8222
19586
497
27338
23
54
8490
5
11601
27
3093
15916
46057
61
2842
61
57
4445
61
330
262
1687
628
44
1013
1014
183
1348
628
1850
24
6640
9
2719
27
331
119
18634
132
80
23
54
2575
1816
27
187
912
2219
215
912
423
185
13
221
14
1751
11608
27
396
912
373
14
1189
5526
27
19273
262
15139
12688
17885
56161
105
13
5056
14
562
9
7138
4046
185
57439
24
39855
1348
215
14667
14
190
9
8284
7249
18634
57441
262
1134
1760
2301
9
2719
1046
834
24
18634
497
2169
23
57439
37
31974
5
11601
58
215
14667
183
2279
262
14488
104
57442
37
4445
57443
320
288
3921
1348
2301
9
24576
3283
24
190
9
8284
19586
331
396
4997
1812
13
14848
1407
23
54
8270
27
396
373
5960
24
3484
401
40
628
1018
1013
996
158
2574
76
183
37073
119
6385
497
27338
23
57439
37
31974
5
11601
61
14859
16978
104
2655
1435
119
1007
37
57444
34
35212
12719
69
57442
71
13
5056
411
4002
13
1813
24
39855
37
562
27
9625
58
3034
15916
46057
3793
57439
82
926
389
515
525
582
5666
149
1465
57
14
57445
7153
27
396
516
193
57438
91
24
3031
520
185
24
7249
3389
61
40
665
46057
330
926
105
709
6553
515
525
39855
105
663
10087
334
2127
14920
76
24
18634
27
579
330
515
926
105
319
57439
13
850
24
16978
438
525
82
23
4445
61
1747
5749
61
58
215
105
100
4703
61
5
389
515
525
18634
149
500
27
331
999
2356
628
944
14
6552
2340
5
285
18672
13
3911
40
628
8779
57439
105
4719
445
24
3036
57446
61
331
330
24
22961
9
2033
27
331
396
8158
5316
5
149
144
4124
101
24
5282
27
331
1295
61
123
24
2356
215
149
361
4703
818
24
1462
296
628
510
158
13
24
57442
27
331
187
149
244
641
147
515
628
3832
515
32
57
24
18634
19585
149
500
2
707
3484
27
331
665
46057
4410
525
5666
13
24
1317
57442
4445
57443
320
575
926
149
750
515
24
18634
516
3382
13
107
2390
1222
174
810
57439
34
822
849
27
11598
105
13
11847
3051
24
8222
29962
218
57439
37
67
11601
27
15139
57447
8628
17885
56161
330
515
57439
37
501
149
32
57
24
594
1151
926
105
1541
799
1853
27
331
187
37
821
1296
61
331
926
330
27
331
408
638
278
14
501
14
2347
494
495
1348
14
1762
24863
14
23776
22835
40
183
37
821
1151
34
1155
14
8294
28983
13
107
14667
23
237
880
27
331
187
1130
64
3400
24
39855
105
100
2505
76
24
19586
5
29107
14667
183
502
87
14
821
1151
1757
27
331
187
37
3579
515
215
638
244
14653
183
24
622
880
2535
64
24
12229
2043
1029
44
278
19936
54
11601
5
1515
1187
13
54
20575
502
44
278
100
2390
27
331
2323
57439
99
1094
14
1751
11608
256
54
2326
61
1204
665
46057
330
515
215
105
45
4023
2
54
438
9
897
824
27
579
330
262
331
628
629
818
8564
13
57442
34
7138
54
562
61
5
183
37
2219
515
215
37
423
185
13
221
14
1751
11608
27
17846
262
57439
1789
13
14653
24
8222
18634
167
24
1217
183
87
2707
64
402
64
158
331
1307
215
650
82
183
149
1030
455
105
640
9
183
611
99
244
3759
158
1193
14416
27
331
119
57442
330
515
16978
278
719
3096
597
57
17778
515
278
14667
18477
6492
61
349
16620
7267
61
15500
11952
61
31208
5
3046
36301
119
1435
8429
704
5666
3089
13
5852
122
4950
409
1222
358
3476
122
2655
99
14667
1465
1151
27
5953
262
3093
15916
46057
61
700
61
330
515
57439
105
5896
4818
2
54
2326
5
637
215
149
373
14
4381
57
24
7249
926
709
849
3629
158
2574
76
183
246
41261
29962
497
27338
23
57440
57439
37
11601
5
31974
246
14488
2035
411
4002
13
54
562
246
36370
331
99
244
4023
8170
331
5
373
5960
7249


