258
5364
5365
1007
1502
1019
358
2290
278
3024
10207
5
11007
7419
1145
24
1563
27
842
32
539
19169
20501
149
174
3921
1348
525
34244
288
1142
13
1495
334
1088
1296
18497
27
143
183
44
5498
47
13
14
5769
57
14
5720
2125
1348
183
1652
47
34
1562
27
48397
5589
50091
36749
17513
24
80
2685
2535
18497
61
502
149
743
58
334
19169
20501
510
334
2033
1047
57
34244
89
50092
5
36717
1598
23
34443
61
10936
2693
288
2375
14
1047
57
18497
34244
3793
23
13
542
91
14
111
552
715
105
874
542
34
494
1348
358
4598
24
729
35620
27
691
344
183
149
14
2685
18497
1537
1284
14
1533
1474
50093
32
5
1391
24
10636
28623
13
1232
23
941
5
935
11936
27
6640
9
24576
383
183
149
14
1581
61
2685
18497
76
14
24031
57
38126
2708
69
44705
50094
71
27
119
50095
50096
2535
18497
149
1542
91
14
5046
2739
30849
9
50097
50098
23
14126
9
5
516
278
319
1145
890
494
13
2533
23
24
95
27
187
99
100
417
14
1374
9
1560
2615
57
1389
10319
69
2947
1874
806
9559
27747
71
91
1598
50092
5
36717
23
34443
61
10936
27
187
87
24
2704
57
1579
2745
13
1541
738
47
34
1562
5
183
87
648
515
183
44
14783
24
2615
5
5498
1389
6912
69
2947
34349
806
9559
4650
71
27
8353
5364
8595
3832
515
496
149
648
13
107
14
9866
50099
50093
18497
1099
1644
107
334
6168
2685
32
5
409
1391
183
445
13
12470
23
11936
13
278
183
5725
119
622
50100
149
743
13
1495
14
50093
18497
61
502
1506
183
105
100
1542
91
334
30849
8405
23
6736
367
5
87
45
64
3024
27
187
87
648
13
107
1586
1145
1389
15777
69
2947
4569
806
9559
3838
71
40
825
45
107
398
57
24
1560
27
5364
8595
61
219
57
24
11573
4813
104
50092
5
36717
61
330
262
331
119
18497
650
23
2
14
1409
4855
5
149
8739
64
398
57
14
1047
57
5189
34244
27
331
119
3034
37
715
105
2765
874
542
27
331
628
132
104
542
5
183
8158
64
3400
32
57
542
2290
107
14
2685
18497
61
502
369
1586
14127
1533
1284
50093
7378
27
331
628
648
646
149
14
2187
1411
24
316
652
32
105
334
8794
12662
57
449
32
50101
12884
61
40
24
622
8158
13
107
8294
27
331
187
87
821
1098
13
3204
1222
14
18497
87
50093
1185
2685
91
537
104
183
5
723
718
604
107
1469
1299
1300
4149
3208
723
278
183
6640
9
50102
27
691
383
515
24
50095
50096
2685
28623
87
24
2704
2535
18497
1541
13
107
2977
104
1562
5
516
278
319
1145
890
494
13
2533
23
24
30849
37
9344
331
408
105
183
6640
9
50102
104
14
941
21017
5
358
330
183
149
2685
61
5
610
935
1391
183
13
14
21017
23
11936
129
330
24
1271
1017
27
331
119
30849
515
1542
237
18497
87
14
5046
2739
30849
61
502
761
34
449
890
494
27
331
187
87
7348
13
1532
34
10319
2125
40
628
1019
183
2290
738
34
14
5769
57
14
5720
2125
27
119
3034
149
821
5246
5
3432
1348
628
750
158
27
331
691
278
2876
47
23
14780
18
24
35
2347
494
5
358
369
185
24
16220
57
14
4391
27
331
50103
1145
24
1146
825
107
14736
13
24
1562
185
22442
1072
104
50092
5
36717
23
34443
13
1812
5
444
122
680
185
237
1088
1296
8303
27
45547
369
21072
1348
334
30849
10717
14572
57
1465
289
50104
64
14
8923
15740
27
50105
87
50106
15697
50107
515
1687
50108
1145
14
2734
50109
810
24
9344
57
334
30849
13
2648
1579
1816
27
50105
15836
5
32468
1145
334
28983
61
2867
14
18497
27
842
24
2532
718
1550
494
1221
24
849
183
87
3748
13
1359
61
24
2523
24
18497
64
1533
14572
57
50104
369
359
27
119
30849
825
1018
237
1348
646
87
334
50110
810
122
9344
27
1178
50110
718
107
1407
2
2276
50111
13
14
2418
57
4514
27
50112
7378
369
53
91
5472
26829
13930
334
50110
810
24
9344
40
61
637
24
18497
825
2391
2381
61
1579
1625
825
45
278
14572
27
31330
7378
61
185
24
622
620
61
369
1542
2241
1193
3078
6334
5
369
821
1296
27
246
251
1047
57
34244
278
100
1142
13
1495
14
1296
2685
18497
246
691
288
2104
23
13
1598
23
34443
61
10936
246
119
35620
87
24
2704
2535
2685
18497
23
24
1146
246
187
44
1532
34
47
13
14
5769
57
14
5720
2125
104
1562
246
13342
2685
7378
1030
237
1550
494
13
163
5
369
1088
1296


