243
4508
1521
2276
252
104
24
680
57
941
20
5535
185
2414
61
2050
159
15
9
2459
104
16442
2306
11121
57
3276
2
22882
22883
5
14013
2996
27
4338
16050
16035
37
2107
22973
610
1414
243
4381
1783
9612
8630
496
285
286
23
7784
941
5
575
24
22615
87
2050
286
27
5638
104
243
825
2468
641
24
166
494
57
16050
16035
37
6524
369
47
5
610
718
1415
23
1285
14961
76
334
1708
515
16025
2235
5
8041
104
24
12729
27
119
11386
57
16035
37
2157
6862
2235
288
625
156
5292
75
5535
61
129
11250
316
884
16650
13
6813
24
243
1785
37
6135
6136
13
2213
75
8457
16776
27
1134
4793
57
25979
87
600
612
42372
27
119
1271
3106
369
53
705
506
27
119
1271
3340
23125
705
506
27
14492
513
87
575
610
706
2837
652
515
37
575
610
3935
13
2837
27
243
225
16050
16035
7254
2
24
14727
64
54
83
1248
15
9
2459
13
941
20
42373
243
37
6889
27529
9
27530
69
174
71
5
17070
17071
69
700
71
4005
123
122
252
104
16442
2306
22882
22883
69
116
71
87
26512
91
54
77
9
78
58
79
2
24
4447
2697
75
42374
119
2544
1981
149
334
5768
185
24
42375
16341
57
35
36
515
1850
703
1248
91
190
3276
27
408
1802
47
76
14
4734
5
185
14
1245
257
61
76
14
14039
129
105
42376
61
24
3340
1099
278
100
1533
42377
27
2186
24
2544
5292
149
24
4793
57
2237
2372
2
16035
61
14
111
6116
7307
76
24
4975
27
1031
3340
149
244
14
3454
61
183
149
24
42378
57
14
42379
2167
2
10527
502
99
719
16035
738
2
32
57
24
594
25658
18307
57
24
729
2544
61
13
14
111
129
87
25334
42380
75
24
2508
5971
27
2686
2157
149
244
14
1306
5304
61
40
183
149
42381
13
24
6010
35008
129
3629
705
3634
170
3406
27
119
18784
369
31140
61
40
358
728
604
2050
13
2554
42382
57
38594
61
5
705
818
1502
14
3036
825
6822
1185
14
42383
825
5189
27
251
1993
8690
57
14
4793
57
2235
5
6828
13
16356
24
512
1243
5324
27
243
53
166
80
3106
237
2157
27
26509
61
610
638
244
5800
612
2296
34
14
226
3018
641
3472
17072
6816
47
14
1404
60
27
408
157
23325
1155
64
16085
26489
6823
703
91
1348
2236
61
610
2831
278
105
2482
23
513
34
515
511
23
3094
27
119
3340
87
14
821
42384
918
1804
515
1308
244
639
834
13
1765
908
5971
104
24
987
27
1031
825
799
61
40
24
685
57
12735
110
23
1920
718
604
107
42385
27
16035
2831
696
4534
34
3018
16085
26489
69
700
71
61
129
1899
6869
3435
2
9272
9273
9127
4455
14013
2996
36631
5535
37
15
9
2459
81
18
243
76
14
11229
6287
545
23
24
2544
119
169
4396
13024
87
32
610
696
4000
76
647
6889
24847
174
166
494
495
27
408
1018
244
278
14
2725
6866
27
408
2296
32
27
119
27081
42386
185
449
24
134
361
15152
61
167
183
361
3466
610
2296
14
124
24171
11583
23
513
13
1337
24
74
27
5535
278
515
23
16045
16046
61
14
2488
9350
129
9993
22621
22622
13
1018
54
1086
27
408
278
2980
34406
61
334
3940
2801
6862
129
44
244
532
14
2439
641
610
157
158
676
76
703
5
16051
16052
9
14
136
758
139
54
5043
27
816
610
105
14
16046
61
610
1825
278
13682
166
131
75
2425
932
5
185
2414
22882
22883
516
278
100
17856
133
185
54
880
13
2548
14
4447
27
30703
33676
27
119
3007
278
4942
13
6867
2725
6866
6889
24847
69
116
71
61
129
87
185
2984
104
1202
4437
2980
34406
69
700
71
718
45
20554
13
5535
37
16045
16046
23
24
2725
10596
511
12573
61
610
638
244
2827
14
188
3355
116
33
27
1134
149
334
11128
18548
647
35
36
1348
3322
24926
906
133
76
24
1785
27
408
278
9306
37662
129
1577
42387
5
14758
42388
129
1577
982
185
54
2769
27
408
847
244
221
1193
3787
652
610
1018
244
278
1193
4083
27
42389
116
33
14101
847
244
107
42390
652
610
6586
2241
14
4734
23
513
27
42391
42392
149
2801
23
24
2157
61
10224
10221
149
663
787
5
1202
4437
37
50
30738
2446
87
14
6524
14120
27
3627
24
512
110
61
40
1533
1284
10194
57
2467
23
104
188
3532
27
3944
638
244
610
1454
778
3944
87
31773
600
42393
76
16035
778
4433
9612
8630
185
1002
42394
4540
612
243
592
844
27
246
243
769
15
9
2459
13
941
20
5535
104
16442
2306
246
16050
16035
37
83
278
14
103
1264
75
24
2003
5
24
22615
99
604
9314
8457
16776
246
119
3007
2831
696
4494
14
908
415
3018
1030
16085
26489
505
23
24
2157
246
16035
99
4942
13
6867
6889
24847
76
14
2820
2725
6866
246
396
2831
278
663
4494
2276
116
33
23
24
6862
3036


