46133
46139
5224
19563
1099
604
156
1862
14
55
9
77
136
2
24
2545
908
1941
343
13
24
9885
16798
57
3225
12112
89
24
10215
4441
201
27
119
2544
527
57
24
22198
149
321
54904
237
632
76
2108
57
14
166
9
506
2528
1586
18
1389
14837
361
34095
76
1839
5
11900
2
4782
9
1371
27
543
24
10021
2544
4136
1145
1389
2431
2979
1299
36
2
33462
61
24
80
55966
23
347
1411
4484
1030
16108
5
19563
87
23682
27
46133
46139
99
3283
215
23818
13
19102
75
4441
201
4484
34
7521
46139
7149
515
215
1142
405
2545
192
1687
51124
23
16060
13
496
912
2050
185
23
6785
40
215
17405
515
24
1267
1348
54
2439
27456
24
2066
57
5535
34
1172
462
369
11607
13
107
1846
156
27
1687
1447
369
316
1246
13
444
110
27
999
61
358
369
10021
5
358
1028
13
799
33
5
2502
34
19563
1185
622
5971
23
6785
27
1335
316
61
358
369
635
5
2296
13
55967
46139
330
27
1687
842
1222
358
369
334
3375
136
104
5535
646
369
11966
575
358
825
738
61
5
610
369
45
1347
24
1462
32
159
27
691
825
738
13
5958
1030
1955
61
5293
935
1202
10211
10212
5
935
1347
24
3271
61
652
24
3225
646
87
822
226
1284
104
55968
10038
1222
646
149
1193
222
23
1094
8042
20332
13
2995
55
9
77
192
104
24
908
1029
57
24
2545
2544
61
46139
10479
262
1687
1833
61
34
24
2568
27
842
32159
61
2996
1184
628
1018
1013
1019
358
825
799
27
1687
1447
99
13
107
14
796
106
3401
5293
110
1411
24
1412
57
2431
5
666
5
156
358
278
13
278
405
8478
13
19563
27
1687
3585
358
369
7731
61
1463
129
5960
19563
5
99
14
725
13
2502
34
19563
27
408
2296
13
1415
47
612
2534
5
935
358
738
133
61
5
610
1415
542
33
156
27
1031
87
1243
628
55969
46139
61
324
76
19563
50
2452
1544
61
3428
3271
3346
718
1347
1004
54
83
13
7521
55970
3400
24
2107
3484
2528
159
527
87
61
46139
7154
183
503
99
3373
48988
34
10021
2526
27
327
1099
13857
107
14
709
9
738
351
1094
64
420
64
4455
2472
9
53
3402
87
5794
40
24
15253
6039
709
15930
13
10021
4484
44692
122
2534
27
481
55971
61
129
2469
34
46139
104
55972
1519
2431
61
99
144
1899
6833
3435
5
24
19563
1785
2256
646
44
107
622
1155
3402
362
6785
27
1687
481
55971
87
14
625
23
705
890
494
110
23
255
27
628
278
719
821
692
110
40
215
87
821
796
104
515
55973
215
359
27
1687
842
6854
718
799
2
6785
1222
723
1014
23
183
27
727
278
13
2533
158
1030
6854
5
515
87
45
449
838
27
187
87
449
2540
158
89
14
1306
2526
136
27
1687
816
628
3204
707
110
358
278
13
748
24
233
33
13
24
10596
652
358
847
1013
1550
24
233
76
122
33
13
24
74
935
358
825
604
2502
34
14
2461
1185
2210
27
6833
3435
288
644
13
55678
1258
5396
481
55971
13
24
6836
6837
23
5657
1687
727
2831
604
748
635
110
2028
27
628
278
750
707
55
9
77
110
1222
358
221
14
3873
76
14
6823
628
44
1013
4014
1511
27
1687
397
402
64
723
223
1131
61
3106
825
2191
27
816
358
221
14
3873
628
825
604
278
14
738
104
542
652
358
278
13
278
3487
185
24
8751
818
358
26969
4360
361
11543
55974
61
46139
2256
646
87
822
13
55975
24
10021
2544
34
4982
76
822
57
496
215
912
1846
23
327
27
1687
10021
2526
99
818
822
55976
215
359
27
1687
628
1018
1013
1019
401
822
449
3225
27
187
87
752
34
128
13
2294
24
2545
4484
369
3431
1533
3225
5
610
278
709
3317
13
19102
76
18537
27
842
610
718
107
226
104
622
1022
515
1308
1013
3958
3225
1030
4048
110
5
308
27
1687
628
1019
610
2831
107
1533
1735
57
183
69
24
2544
23
6785
71
27
119
2975
109
87
15969
27
187
87
1465
796
27
1687
1307
723
738
13
19563
192
868
61
24
128
369
6201
27
1687
628
278
100
3096
607
13
327
5
628
1835
16773
4982
76
496
912
2298
109
23
24
3362
8838
27
1687
119
2544
75
3364
87
796
27
691
1018
1013
278
515
27
1687
628
278
100
104
2426
61
243
61
2461
61
11066
5
183
912
45
438
24
10335
646
149
23
515
17421
46139
99
330
24
10335
104
24
2066
57
2425
2426
5
243
1308
45
4987
24
2436
17028
26
246
19563
225
46133
46139
99
3818
215
23818
23
24
6862
4939
246
46139
5224
55966
1411
10021
5
2545
3346
87
23682
246
4441
201
4484
278
100
21562
91
582
1389
14837
3484
2528


