65
305
290
17
3220
18
3232
30
8646
3
1097
1
1071
4
158
2053
9
80
162
13771
27
425
757
2
924
9
70
9
83
4208
14024
1
28
14835
1
5980
1
30
309
1360
390
7
554
3
402
49
17
146
9
70
9
83
757
2538
2
1768
296
1
2474
15210
1
2162
4
975
14024
1
2297
1
161
25
18
0
3452
3
32
109
27
757
14
30
840
4208
3
1682
86
923
2
4208
14024
1
314
1
30
8646
3
1097
1
1071
4
158
2053
162
13771
27
146
9
70
9
83
757
2538
15
584
326
386
13422
4
361
2657
49
23
19873
1
42
145
22
2
8
2538
18
573
17
4208
13
128
721
1
128
373
8
57
13
330
14
126
17
3220
18
3232
33
6732
21827
1
86
91
344
3
4557
2538
30
840
4208
18
1831
258
15210
22
16
8
24
354
0
1248
1164
4208
467
1360
390
10
114
36
5331
404
3
402
49
17
2538
2
8
4208
18
3781
7006
10
128
205
1
86
36
34
5
205
251
454
17
91
344
3
1405
27
757
2
8
1759
17
3220
18
3232
33
6732
21827
1
86
97
400
11
4208
3
29
5
13422
47335
2
8
15
995
33
20829
1
112
2538
210
12
5
11708
1007
12
28
27
7710
1007
920
123
4208
46
4557
2
8
135
79
361
508
17
277
108
1
44
33
5
305
1548
1236
2
8
2538
78
121
14
56
36
10743
49
36
931
3
495
17
4208
5260
2
57
11036
95
664
2
8
1759
17
3220
18
3232
1614
1751
4
2651
67
4405
85
148
108
126
1
892
0
755
6
2163
7973
46
32
410
11
277
284
2
57
13
330
14
126
17
3220
18
3232
33
6732
21827
1
4
86
13771
5
7410
73
185
42
1831
2
258
15210
131
36
76
74
32
7845
17
0
2651
4208
13
371
20
199
5
247
512
2
96
22
16
8
2538
13
3270
1359
3
27
305
757
86
25
18
100
2583
14
20
79
64
9
82
9
83
36
18
369
47336
1569
1271
2
1768
145
1
2474
15210
1
22
16
8
24
354
0
1248
1164
4208
467
1360
390
10
114
36
5331
404
3
402
49
17
2538
1768
145
176
16
8
2538
21514
27
305
757
4
25
18
5
4053
3
177
88
234
2163
111
457
386
8
3220
18
3232
13
5
5316
641
14
2472
125
755
6
2163
7973
4
5
18917
908
6
1702
1250
2
1772
2785
17
3220
18
3232
33
1463
1780
39
878
4
33
623
3
29
2515
3781
7006
1
1069
14
32912
8568
1
5
838
878
730
1
5
501
1958
4
2803
4
769
5960
2
135
61
29
125
1895
6
2163
7973
45
48
23501
3449
197
126
2
871
126
17
3220
18
3232
61
29
3693
433
744
199
23
664
6940
1
10058
744
1
942
4
6732
47337
1
6772
8960
4
777
6940
2
57
13
54
6
0
148
1379
5316
2472
6
2163
7973
4
140
11920
2785
33
529
17
0
641
277
70
7
0
255
2
57
13
601
31
0
3076
6
37
1176
4557
6
26127
793
7
0
442
18
4887
2
7560
1
100
54
1624
110
2472
0
3076
6
0
1176
26127
45
3220
18
3232
13
67
1379
7
126
529
3
1446
2049
2
590
1597
1
112
5
211
30
5
442
56
36
13
575
92
13
5
54
7
23811
880
6
27
442
248
3220
18
3232
1
45
112
5
10254
9
83
211
30
5
442
1
92
13
5
54
7
384
880
6
25
248
3220
18
3232
2
6992
16
798
24257
8
1759
17
3220
18
3232
3951
702
125
9756
4
1702
4733
45
86
416
4208
30
40
2326
228
168
2
8
2538
21514
27
305
757
4
25
18
199
5
4053
3
177
88
234
2163
111
457
386
2
8
281
2538
2150
3030
123
27
305
757
46
1428
7
253
1
25
18
86
3676
3
718
88
386
2
8
135
84
124
784
69
32913
609
1
24
473
325
88
234
12
0
1639
62
47338
2
8
96
10
87
78
14
4208
76
29
3220
18
11880
56
36
10
1326
1
39
5
777
1146
224
99
25601
2
96
22
16
8
24
10
2525
17
92
91
5
54
7
178
880
6
27
248
0
641
1
45
1711
134
153
880
850
58
32
4780
1
86
60
79
2183
11
0
237
2
8
24
498
878
3
4208
20
102
4
24
692
23
760
23
24
592
20
27
14
36
34
25
2
8
24
10
4387
1
24
107
74
183
110
3
84
1
24
76
74
177
424
27
3220
18
3232
2
8
57
750
121
474
4035
1734
99
3
80
6
217
3793
4647
45
24
10
1274
1549
2
8
924
347
39
91
529
1
4208
10
3434
1463
2
89
969
6
16659
12
0
641
1
258
15210
18
117
10823
726
3
337
27
162
25
2
2474
22
16
8
57
107
74
154
189
11
121
3
177
424
0
5154
1
4208
18
107
74
1608
3
29
1245
3781
7006
1
36
10
1726
17
128
205
433
4
219
28
2591
3
2591
2
8
2538
1174
27
305
757
28
0
638
36
408
27
1
36
10
100
410
7
27
1069
2
8
57
18
18018
3
177
4
25
18
2120
3
181
36
893
300
29
5
427
350
55
11
27
56
36
2150
164
2
8
294
44
995
29
2316
1446
1
44
1125
67
4
67
71
386
2
258
15210
22
16
8
15
995
361
508
386
13422
2
1768
296
161
4208
1974
3
1097
390
114
36
404
3
402
49
17
27
425
757
8
281
44
33
74
8248
49
136
6976
44
33
508
4170
4
2806
2
8
1461
6
88
361
2657
49
23
19873
253
1
44
29
5
4055
7710
1007
920
50
44
352
300
508
7
2
8
104
382
118
78
2538
14
27
757
13
8
721
8
0
222
23
156
7410
1
45
14
36
252
206
252
1176
185
2163
457
45
17
0
3057
4208
7864
457
49
36
18
3457
374
2
8
4208
98
1110
3
5012
64
230
5
149
113
36
5236
508
17
111
280
2
258
15210
22
16
8
24
10
86
4520
56
24
1738
4208
30
3220
18
11880
45
36
13
2090
2
8
24
58
74
586
27
11
0
172
1
24
351
86
1987
6
234
95
995
2
8
15
117
29
40
2745
31
8962
11064
9
5
337
304
11
126
17
3220
18
3232
2
5157
2566
1
11752
6
0
304
1
22
16
8
249
95
8830
1
98
231
1
10
529
17
3220
18
3232
1
24
207
49
8962
11064
23
24
809
25
10
650
3
29
5
337
1500
11
296
199
23
1308
2
8
2474
1082
4208
4
2538
3
8962
11064
3
1751
911
2145
1
326
1
7348
4
29
1374
543
75
38
1190
4
73
337
156
10899
62
1335
248
5
284
17
3220
18
11880
73
934
2
8
2538
18
573
17
4208
13
128
721
1
128
373
2
8
4208
16849
86
194
28
2538
4
126
17
3220
3232
33
3951
128
6732
21827
2
8
104
188
75
3
183
14
248
32914
13
1728
41
0
267
6
0
172
2
8
57
18
80
63
317
8962
11064
1
4
2691
274
54
6
88
2
8
590
67
597
63
3220
18
3232
1
703
47339
26
4208
14024
1
64
1
28
5980
1
30
8646
3
1097
390
26
5006
161
36
30
1691
86
923
162
13771
27
757
26
2017
9
70
9
83
2538
30
2483
4208
3
1097
1
1071
4
158
2053


