251
318
129
4508
2
4606
57
10004
14
632
87
2113
185
24
437
13
11608
9
58
525
448
279
525
76
17174
27
46392
2
14
1296
4706
15727
61
15941
55273
61
1507
61
105
64
3096
64
4278
5014
43047
10004
14
632
61
1129
14
25546
61
285
89
14072
8544
7707
5
44
7124
4081
27
397
14
35
8900
61
525
2255
1770
2394
310
7277
4366
27
364
494
147
61
15941
87
6222
4542
9
2801
5
644
13
584
61
4174
5
3076
2151
58
3477
4965
40166
76
14
796
13624
6081
27
521
159
34
522
3929
55273
19255
5
55274
54
625
3127
9
3233
20970
9
2033
1093
15941
61
64
358
29939
1145
810
14
45334
34
14
796
6081
57
310
7277
1969
64
15941
37
4244
61
502
149
901
58
24
730
1920
23
525
322
61
23
14
2600
2697
23
24
9891
7784
57
8230
2902
61
8230
251
796
6081
57
310
7277
1969
64
15941
37
4244
13680
810
14
45334
61
23
14
2600
2697
23
24
9891
7784
57
8230
2902
15941
37
4244
87
14
6081
57
7277
23
502
24
28678
55275
99
6222
100
12734
133
61
5
24
622
55276
36842
648
13
107
8559
10048
55277
1042
11608
99
1921
365
14
3584
34
24
6081
57
7277
926
1410
515
87
12734
45
13
221
4163
175
3401
15941
37
4244
3401
5
334
27523
57
775
76
4542
9
16881
272
13
8230
2
3752
515
1433
24
7152
27
331
579
718
584
61
4174
806
926
24863
42574
23
24
1536
61
331
525
2255
61
12906
55273
61
330
64
525
2350
9
10549
1093
20749
218
14
55278
45334
1751
57
7277
2625
515
825
147
107
2043
159
89
122
4678
9
4542
15865
5
12079
76
48155
4965
818
342
718
22067
542
27
331
419
628
706
7180
34
6063
3119
237
27
331
11594
13667
646
87
709
14945
515
15941
37
4244
87
6949
61
1185
1347
5309
27
162
24
31006
13
532
24
7152
61
646
278
100
341
57
2639
9
10822
19622
9558
6561
771
57
15941
37
4244
27
162
32
501
61
14
5087
330
61
448
288
750
358
44
5615
24
6081
91
23329
7277
23
1395
27
777
318
285
89
7402
10004
27
331
408
1018
244
278
1193
13847
9
15663
61
784
33839
13
2002
183
61
331
8519
14902
55279
61
24
1779
450
4813
37
8789
310
798
61
330
57
15941
37
4244
27
27385
32777
1478
55280
57
14
796
6081
57
310
7277
1969
64
15941
37
4244
1447
87
4724
4121
515
24
13624
6081
87
759
405
272
76
9994
99
11
1533
1284
1469
775
13
15459
13
8230
34
322
647
35
2157
61
1348
4228
4900
449
15941
37
4244
1770
15876
4205
5538
833
27
55281
25138
87
14
1296
5
4509
163
57
9994
515
11643
23
41142
27
7670
76
55282
12927
13
278
2360
5342
64
3046
40
5342
10486
13
55283
1348
358
369
23
122
169
506
57
562
27
2784
76
55281
25138
855
14
5138
18794
57
994
29053
897
23
9994
342
69
55284
71
27
691
1502
663
824
622
367
349
55285
11406
61
5104
18830
61
20201
13877
5
1664
3066
27
1447
87
370
709
14733
5
322
4083
369
3373
9
358
6960
8153
2590
4678
9
9994
7156
13
3163
24
10004
27
4355
87
1969
449
24
402
4522
4015
57
308
76
55281
25138
27
1958
61
1533
1284
1469
775
278
14718
647
15941
37
679
55
1770
16858
35
2157
61
1489
13
55273
5
525
583
5
24
360
14215
129
1503
24
7152
5
1532
183
104
3958
218
14
28607
27
119
14718
775
278
21072
14
1015
9
1997
1060
23
8230
2902
61
24
3802
9
5
9
3023
2321
575
24
40204
4935
24
7152
87
3875
27
691
2597
34
3561
61
2002
7994
5
25449
27
331
187
37
24
594
840
4348
57
703
278
1541
105
61
331
330
55286
1544
61
552
50167
9
2033
1093
61
55287
61
1770
4485
23
13137
5
6484
647
3031
13
8230
2
28932
932
5
3477
24
7277
6081
27
2180
14520
9
55288
61
5124
5359
57
24
3607
55289
8930
61
7176
515
14
2347
11611
4900
1099
45
1020
1407
3401
9980
10004
799
5
738
34
709
8812
106
3401
5
1232
1018
45
639
496
1150
57
1187
15941
37
4244
44
107
2931
13
635
12475
27
331
8117
610
278
515
1366
61
64
8524
61
610
847
244
4180
612
55
28081
61
502
87
1018
709
9922
61
331
926
330
61
15838
515
448
15459
818
122
272
718
444
279
104
32
57
24
5580
37
265
908
9
9313
48619
9994
11261
1537
1284
1454
13
8230
27
13574
14567
61
916
61
20449
2
1404
9994
5
87
3880
15866
322
76
14
796
6081
57
310
7277
61
502
926
1410
14928
64
7699
57
4965
55290
14567
5173
47
14
2839
57
17174
9
40166
4965
1129
64
5096
34
525
6003
9
2033
1093
13574
61
129
20449
2
1404
9994
5
87
3880
24
15866
322
76
14
796
6081
57
310
7277
55290
14567
19772
334
7192
42792
76
17174
9
40166
4965
1129
64
5096
34
525
6003
9
2033
1093
13574
61
129
20449
2
1404
9994
5
87
3880
24
15866
322
76
14
796
6081
57
310
7277
1295
61
24
5529
26941
1533
1344
57
13624
37
18255
27
119
775
2590
15941
37
4244
61
64
758
64
24
14215
129
1503
183
61
377
358
1028
24
7152
36430
5169
61
5
122
4759
13
5448
1579
27192
278
2048
542
9261
2
55291
1030
55279
27
1312
3096
61
15941
37
679
149
1465
358
44
244
4377
27
15941
87
14
468
61
40
525
2179
61
20810
61
1308
244
278
55281
37
25138
61
502
10892
2907
484
358
5498
53378
27
162
1920
558
61
183
8158
15941
516
107
359
13
515
18426
13509
27
1042
15706
8151
6273
9
6535
166
607
61
1330
525
448
13
2430
2522
34
525
897
27
691
1347
4494
334
3023
34
4047
45
13
1550
19341
3774
13
1813
525
562
156
2831
926
738
89
8544
7707
27
1042
571
61
3929
61
14
791
2007
55292
129
510
14
1086
64
14
4871
1950
23
1904
61
2859
537
4166
34
1246
13
442
54
1093
5
648
358
2831
748
13624
14
1812
27
842
646
149
14
7749
262
38143
37
28678
14196
61
55275
61
718
1315
10004
27
119
7152
663
14658
2276
280
1969
64
39329
515
1099
278
4542
9
2278
15284
27
162
1372
61
24
14575
5
10405
14673
7607
2815
14
1611
23960
3952
37
7277
9
27309
7152
515
87
39329
9
1893
5
99
704
1579
55275
3068
27
13574
14567
61
916
61
20449
2
1404
9994
5
87
3880
15866
322
76
14
796
6081
57
310
7277
61
502
926
1410
14928
64
7699
57
4965
19338
40200
1363
39329
9
7402
39113
515
1308
244
444
723
175
27
1331
12906
55273
1142
3
25666
27
999
57
2978
7300
11258
91
14
414
2255
5
122
3246
23
8580
61
25666
5
1413
57
54
14215
105
1142
2786
23
24
310
7277
3104
58
3031
13
8230
27
4617
64
334
284
61
358
12734
14
2330
9
55275
61
175
9
39329
11171
58
956
183
44
7180
55293
27
25666
285
13
24
55294
331
1563
76
19524
449
605
13624
13
14
318
27
331
842
926
105
456
525
14417
61
331
25666
330
57
12906
55273
27
331
579
149
244
14
13624
17167
1185
14
55295
61
144
14
18817
4620
27
577
1585
61
25666
5
54
14215
5736
24
7277
13
2707
4278
342
5
278
14
55296
57
4291
27
119
39329
87
51414
91
14
33205
129
625
3366
34
7152
2804
37515
61
12079
76
48155
4965
818
183
718
107
6000
218
24
8270
1185
24
3066
13260
515
3096
8888
2
2133
9994
1153
61
935
1391
13
14
188
9
2222
21017
13
4090
1579
27192
27
15941
1410
24
9995
1587
14
257
27
331
251
506
495
61
926
44
503
377
32
4006
61
331
525
571
330
27
577
1585
926
1520
1306
13137
27
577
47062
52902
4121
515
24
13624
6081
87
759
405
272
76
9994
99
11
405
775
15049
13
442
122
272
13
15459
13
8230
34
322
119
11608
57
15941
5
622
2907
99
1921
24
55294
5
819
13
198
24
1566
61
6417
34
310
7277
4773
1185
38753
515
516
1119
175
9
39329
61
2330
9
55275
13624
771
27
20783
14567
970
4705
14
1605
1606
1779
33069
5584
13
55297
310
7277
655
54
715
61
55290
61
149
23
24
485
37
582
3902
1563
23
8230
2902
61
605
15941
37
4244
13
122
1093
13574
61
916
27
119
485
503
14718
13
8230
58
55298
750
542
13574
37
512
840
3401
8491
4002
3401
44
503
1728
405
57
525
10004
27
331
187
37
14
821
124
6081
361
868
2
24
557
57
612
485
61
331
55290
14567
330
970
655
735
34
525
583
13
4699
2
14
2158
13
1532
122
11701
7448
1563
27
331
842
926
1308
244
278
13
278
7683
57
525
8491
3068
27
331
11793
55299
61
334
55300
23
27964
61
20595
61
3793
15941
37
4244
13
54
1779
61
575
310
7277
87
1106
27
396
13479
24
25666
14215
13
748
158
405
43205
215
44
1153
13
3163
54
50167
9
2033
1093
28727
61
129
1949
525
1267
25579
185
24
26627
27
1585
61
926
37
2329
61
5994
5
11248
27
55299
87
55301
24
15941
37
4244
43205
5
99
4032
24
2097
6402
57
24
55302
331
10081
27
55299
99
8109
13
11265
24
6081
13
666
775
5
99
14
55296
57
7366
27
187
3492
61
215
330
61
775
2969
13
1454
2
4343
5
24
2705
27
246
15941
55273
99
55281
25138
9
14
1296
5
1404
163
57
9994
246
579
4508
2
4606
57
10004
705
632
5
44
244
584
246
162
31501
61
525
448
978
371
525
76
310
7277
246
4338
144
14
2347
454
926
2859
1867
5
11248
34
24
55
227
246
1042
10004
278
663
837
1294
2182


