258
4481
27266
261
262
48567
264
61
4504
5657
267
268
269
262
48568
264
61
4504
5657
267
14787
714
1198
19453
23
1389
48569
14
506
91
48167
24
6577
1479
48570
278
13
3896
33
69
19923
395
71
14787
714
1198
369
20940
34030
23
334
2243
1389
48569
14
506
91
48167
24
6577
1479
48570
278
13
3896
33
27
1468
32
23
493
48571
48572
503
24
6577
6565
3073
705
751
5
621
1094
2743
2786
1533
1284
1389
7366
1512
445
621
506
27
18315
91
24
1806
5
5473
13
442
16349
2828
122
15277
61
6577
46819
369
1481
104
14
5752
57
24
9756
3245
10654
2975
1185
1389
1507
1221
32602
87
24
6076
6565
27
162
1972
61
24
3940
149
48573
1299
1300
1221
902
183
87
144
40079
1299
1300
61
1489
13
48574
61
14
8840
714
16060
1490
27
13157
185
24
1428
912
3940
1389
48575
8840
714
3245
61
237
32857
3862
14
48576
334
2243
1389
9067
23
2975
14
506
1221
5
1506
183
825
1550
542
316
1533
494
13
3466
122
15277
27
162
2488
61
714
7599
369
34030
23
334
7348
2243
1389
48569
14
506
2
24
48577
1864
129
3896
503
24
6577
27
5561
23071
1533
1284
1389
48578
185
8840
2062
1221
2707
166
607
64
822
64
23
9269
27
7801
11049
61
8789
7164
57
48574
330
262
1687
1427
2540
24
6577
20183
369
604
2050
13
6046
237
99
640
5
369
1219
604
2050
13
3865
133
834
822
183
87
2050
13
3958
542
27
1687
543
4224
6577
46819
61
3431
3945
57
515
8840
714
3245
44
107
14
402
5
16210
2532
34
48579
119
46819
2244
104
306
24
2975
185
48580
15277
61
818
24
9756
1303
825
980
621
751
27
842
24
1511
1864
3864
61
24
849
183
1410
542
13
3466
122
3245
61
5
24
1533
2975
24
8840
714
1565
4063
27
816
14
48576
16197
1389
4291
185
14
8840
714
76
2975
104
14
10911
24132
1299
1300
5
48572
503
14
6577
48581
10654
2975
61
183
516
1550
1526
494
5
890
454
13
3466
496
87
16286
27
5561
23071
1533
1284
1389
48578
185
8840
2062
9
2707
166
607
64
822
64
23
9269
119
2488
2975
18494
516
107
1389
48582
185
908
57
24
1617
1389
4291
3245
27
1295
61
1222
24
1271
3042
26304
48583
57
24
9756
1303
621
751
61
358
516
3896
144
1389
48584
23
2975
1221
5
107
2801
57
3245
23
166
494
5
890
454
27
1543
5797
61
13866
6976
104
3103
14641
12939
10846
61
330
262
1687
1134
718
384
1189
8638
27
816
723
2354
503
2540
24
6577
2078
185
851
8840
714
621
751
61
183
44
1550
494
2243
13
3466
851
1303
76
704
24
2243
48585
251
1609
34
48586
14797
1060
330
262
1687
3877
8840
2062
1119
12930
13
278
14
2549
57
1483
1584
358
825
107
1089
91
24
1479
57
227
183
825
1550
13
3896
445
9866
1478
3580
57
14784
27
1687
727
2831
600
3631
13
3896
18
24
6577
4700
13
30060
4030
851
1303
18
19694
1075
34205
61
219
57
714
3215
104
24
1428
11696
3111
61
330
1864
288
20179
1533
3245
5760
27
1687
119
3940
1479
515
48570
3864
621
751
99
5867
18
24
35
316
48587
215
330
27
1687
48588
1094
3896
445
48589
57
122
9756
3019
23
14
751
185
3940
1221
47
2
48590
23
48591
246
999
23
493
503
3864
6577
621
751
5
369
1389
7366
1512
445
246
48592
46819
1481
104
14
5752
57
3245
10654
2975
1185
1389
1507
9
32602
87
24
6076
6565
246
5561
1094
23071
1533
1284
1389
48593
9
166
607
64
822
64
23
5280


