65
1869
77
0
1073
256
6
1855
4
97
18644
1168
10
1209
397
31
299
47
2712
33708
2
4492
5995
1961
3246
22
21
10
4964
31
0
270
47
1521
6
1976
63
129
194
44
43
91
1436
4
6538
2
52
61
763
14
0
20177
6
4400
1625
4
42
2968
26494
941
1157
6
2908
4
35
110
1822
6
2124
60
188
3
495
20353
2
297
94
11
167
4492
2712
5995
1961
3246
30
22
21
10
4964
31
0
1073
256
6
1855
1625
68
3246
22
21
10
3184
63
0
1073
256
6
1128
199
23
265
9
3561
167
1
4294
4
245
4874
8526
2909
1
62
33709
1
3
3409
136
5128
2
203
1
3399
4
6491
433
362
1
20361
1
917
14802
1
1596
606
481
4
158
3348
910
33
98
816
349
9
6
9
0
9
1467
1625
3
2465
1064
9
637
1138
12
611
2
101
19
87
412
772
7
19
754
23
2712
5995
1
68
3246
22
16
35
15
1521
6
270
4078
63
0
2069
6
2712
10226
121
2
35
249
75
161
1166
0
270
361
1855
1319
1
84
44
228
183
110
25
254
4
97
18666
218
2161
44
183
17
30235
1128
1
4
18782
1
25
2150
3
6367
1138
218
8
281
75
33
159
726
17
2712
1984
3566
3
88
1
92
171
32
5
9613
205
4
10809
1164
11
14
2
35
57
1486
0
2069
6
2124
4
6866
8637
4
14033
1157
63
110
1822
6
2124
60
188
3
495
21589
68
3246
2033
270
1334
1
173
0
106
1
3
32
67
9933
63
129
44
33
2497
319
5277
1625
3
3409
75
12427
6
49486
1138
20
37
6092
3348
7
12631
531
3
606
481
91
1209
17
265
3561
1625
2
1643
1
3535
20
3950
1
173
1009
1
2312
1
5195
4
21353
1
29
309
816
265
1625
4
12008
7
5
1228
3
1789
830
4
6221
12
14052
2
68
3246
1
5
179
1113
3178
9
3272
544
20
0
160
2401
1
78
0
4212
16
35
221
47
5
606
2982
1
45
92
47
61
5
1210
3356
2982
2
8625
3950
40
9933
17
613
4
49487
52
10
4334
7
359
4
13
1497
11
16248
140
1795
3717
9
5005
1855
1625
55
6
943
6
49
3
12604
2712
1625
5399
2
3460
811
4
3078
1855
2909
29
3
10619
17
5
5144
6
1779
2170
55
12378
12164
4
5
245
6
2190
63
129
8412
73
32
5655
4
157
2
89
0
5144
254
41
3659
3
49488
38
29
3954
1855
12
3228
3
19897
12233
4
108
830
133
973
3
5
1887
134
153
7781
7
2181
63
9222
2355
2
68
3246
2033
270
1334
1
173
0
106
1
3
32
67
9933
63
129
44
33
2497
319
5277
1625
3
3409
75
2
52
763
14
17133
1080
6
2712
1128
1
1225
12525
1625
3561
12
16793
1
76
1797
643
8791
31
371
0
270
6192
3
1071
112
44
43
5456
17
35
5
341
49489
49
42
49490
2
52
22
16
35
57
13
821
41
3
32
9933
114
25
9096
2067
12
0
1030
49491
6
0
643
2
57
13
128
1116
3
1097
69
5
49492
2124
1
113
3665
13
5
245
4
3665
73
32
1440
2218
33709
3
2642
8526
1
3
216
19925
49493
4294
1
68
3246
22
16
35
2866
71
5
5414
13
2765
17
5
2712
710
3566
3
25
1
123
0
759
6
5
2908
1525
7
5
270
837
5214
49494
52
61
2033
38
489
0
10051
9
4602
4452
3
256
88
26495
2
52
22
16
35
308
445
161
1166
25
47
79
5
4420
1319
45
157
1687
1
26496
77
5
2512
47
260
1
13
159
3
773
37
1092
2
308
171
256
25
17
5
400
465
6
49495
26
1961
3246
22
21
10
4964
31
270
18
1521
6
1976
77
1855
26
49496
127
0
20177
6
4400
1625
4
42
26494
26
12479
25
941
1157
6
2908
4
0
8
1822
6
2124
60
495
7
8
26
8060
21
10
3184
63
1073
256
6
265
9
3561
167
4
4294


