870
17839
21721
5273
49133
99
5204
2043
24
1146
1264
34
24
6751
1541
31965
3098
9
1229
19942
61
167
776
24699
3306
37682
46356
5
20659
27
4338
5783
4615
57
2239
24
5878
49134
2715
31965
61
183
149
1088
12473
34
5273
49133
61
64
926
4527
89
525
583
2465
49135
37
7935
185
24
5984
27
870
1649
9
10349
21721
5273
49133
87
417
720
57
3058
91
77
416
49136
49137
64
926
10034
185
14
4631
445
24
49138
34373
1920
202
8551
2010
61
267
58
24631
525
1146
1264
10349
19942
5273
49133
1213
24
35239
47
1862
64
926
10034
185
14
4631
58
525
19942
27
119
7023
10349
21721
87
3127
36956
5
49139
61
23
6659
13
722
4508
946
37682
11511
5
24
20659
123
24
28154
49140
19942
2
24
7484
57
10750
13
1605
44919
61
10745
870
1649
9
10349
21721
5273
49133
87
3244
23
21734
91
49136
49137
61
174
61
14
416
57
525
77
61
5
334
4387
40177
870
1649
9
10349
21721
5273
49133
87
5922
91
525
583
2465
49141
4338
5783
4615
57
2239
24
5878
49134
2715
31965
61
183
149
1088
12473
34
5273
49133
1042
583
149
104
525
83
64
926
22929
61
537
185
2
14
4631
64
926
16756
218
24
1229
61
40
24
1444
5778
709
32
44
4919
1185
8364
9283
24
21721
5911
24
15842
57
525
1264
1761
27
119
168
5930
441
24
10998
9
2033
13
219
13
1810
1920
61
49142
525
2239
7096
91
316
7327
61
40
24
758
9
3323
1264
149
373
4661
27
25565
5930
441
24
10998
9
2033
13
219
13
1810
1920
61
49142
525
19942
91
316
7327
5273
49133
131
13
14
10430
185
525
12249
13
49136
49137
61
14
416
57
525
77
61
64
24
1727
30191
525
185
24
4631
484
49133
87
319
13
320
49133
7472
13
272
6003
9
2033
5869
69
174
71
5
38346
9
2033
18118
69
700
71
129
288
417
24
49143
13
2597
24
21721
185
24
4631
27
119
7448
293
23
10750
278
100
14
80
2002
13
49133
119
7023
21721
44
7124
1650
64
926
10407
133
57
24
1289
5
99
100
319
13
320
13
3163
525
947
27
187
37
1722
49133
149
42655
91
890
13
2213
3306
37682
144
145
4615
89
525
19942
61
502
1515
7894
45188
185
525
7935
61
9378
61
19110
5
49144
27
119
2639
9
1728
3098
9
1229
19942
61
2
24
11035
4632
57
24
7484
57
10750
13
49138
61
149
1622
13
1550
47
13
428
4615
13
1306
27
119
10349
21721
22929
206
57
525
6557
5
61
167
525
947
61
1841
24
1264
9
2058
19942
23
144
5783
4615
27
187
37
1722
49133
149
42655
91
890
13
2213
3306
37682
144
145
4615
89
525
19942
61
502
1515
7894
45188
185
525
7935
61
9378
61
19110
5
49144
5273
49133
61
905
61
825
1761
14
1146
1264
19942
23
24
10745
515
99
604
100
456
484
119
2639
9
1728
3098
9
1229
19942
44
1550
47
13
428
4615
13
1306
119
49145
37
3240
1761
34
24
1264
2291
343
13
5021
37682
46356
27
49133
149
31
2
24
1229
2978
4615
89
14
19942
2
21735
13
24
2572
58
776
11490
37682
46356
13
525
8490
5
1816
27
331
628
1999
1030
628
149
27952
76
447
40
2
24
810
61
331
926
12318
27
331
187
149
818
3593
515
628
638
244
4014
449
24
19942
7895
27
331
4303
2205
24
19942
61
49133
330
926
1622
13
107
42655
91
1511
37682
23
24
10745
27
119
10998
9
2033
61
129
99
253
49146
1853
24
2545
8208
374
607
61
3818
525
737
1264
19942
87
14
821
8274
3023
27
331
187
87
4243
61
331
49133
750
15361
484
926
23658
27
331
1031
37
1607
709
32
37
456
183
27
331
5273
4527
69
702
71
58
13930
55
23
24
19881
19942
7703
7448
17839
119
10998
9
2033
61
129
99
253
49146
1853
24
2545
8208
374
607
61
3577
525
737
1264
19942
87
14
821
8274
3023
5273
3577
24
28154
1746
19942
87
331
4243
331
586
331
515
37
1607
709
32
37
456
183
331
49133
99
1094
13703
14
2381
1264
1481
91
870
9
1611
21721
14850
49147
23
555
27
49147
22929
49148
1746
23
24
49149
14283
6601
536
14
49150
655
49133
517
503
49151
61
13646
5
14
5042
27
579
8409
2241
14
2748
7596
40
105
49152
5
2748
49153
331
22710
331
185
680
61
502
5361
24
30857
57
27814
2748
89
24
1229
27
49133
61
129
99
1195
1481
2960
34
2239
4846
4981
1853
32916
11950
5
24631
316
2639
9
1728
1058
22244
57
24
2545
8208
61
1520
926
2256
14
796
7717
123
14
402
19942
27
331
1447
87
818
822
227
133
646
61
331
926
330
27
331
187
718
107
14
2549
19193
27
331
331
727
2245
1030
723
728
14
398
57
515
1455
61
723
728
334
18252
57
183
27
331
1042
1264
9
2058
19942
510
14
506
57
1319
5
2235
5273
49133
43823
185
4386
5
525
19942
56
1987
825
7885
185
13198
5097
367
246
17839
21721
5273
49133
5204
1327
1146
1264
246
119
10998
2033
7023
893
22929
31317
7327
23
3845
4615
246
49133
149
441
13
28620
525
19942
91
316
7327
343
13
17924
246
119
21721
149
45
3748
13
107
14942
1185
8364
13843
246
49133
149
4700
13
19942
23
144
525
49154
5
27580
246
579
149
42655
91
3306
37682
1145
2213
607
145
4615
89
24
19942
246
49133
4527
185
24
5984
61
22100
76
49155
61
35416
5
24
8638
57
525
37682
46356
246
579
22929
2
10749
7484
10750
13
24
7484
49138
246
5273
61
905
61
99
253
49146
24
2545
8208
374
607
5
3818
525
737
19942
87
331
4243
331
246
2226
506
926
149
31
2
24
1229
2978
4615
89
14
19942
2
21735
13
24
2572
58
776
11490
37682
46356
13
525
8490
5
1816


