144
3357
6088
2864
370
1394
636
9242
890
3879
2282
13
12
733
3
17706
2344
262
0
1420
1501
18
1023
7
0
15162
9
22406
21954
12
302
2
65
6485
39
1272
103
3487
5040
3
2800
0
55508
33830
20
712
502
1
2282
30492
19
2864
370
174
9
2430
3
758
19
87
353
6723
1620
770
4
7960
235
1167
7
0
172
5737
2
2282
574
5
105
9
303
8852
69
5
64
9
303
667
647
0
837
6
178
4164
20
27142
6026
1479
90
5040
5723
99
3
517
0
584
2915
2447
69
0
99
697
2
9076
16
2282
17
19
2918
39
901
0
15162
9
22406
55509
20
27142
6026
288
5040
34
545
0
222
5612
6
4164
7
79
918
1989
7
19
200
726
6
4598
1
45
25
10
2282
38
224
55
12
235
64
230
192
7
5
10071
20068
1
0
4128
9
83
55510
5
3735
4994
3
1911
414
182
7313
1
64
515
6
5040
23
21
34
40
7
0
1420
2
861
1901
1483
3896
363
0
235
178
1
14
1413
2282
16478
0
172
245
54
1167
21
81
477
7
359
151
1
79
7
71
11
0
368
753
6
0
70
1
48
149
18
631
8761
1620
20
55511
2
3323
112
2282
10
12
0
152
3
24055
0
1963
23
5337
2869
34
1
9242
78
3768
4224
16
8
221
13
100
1164
459
41
2
387
18
0
237
2988
6
624
24
29
388
214
28
3567
7
1281
6
2573
4
13598
2
387
2344
733
13
128
6899
103
0
11693
4
21
13
1820
0
20566
71
39
71
20
17135
3329
2
55512
16
2282
4
2864
370
174
9
2430
3487
5040
1892
87
4
200
20
0
1420
4
20
0
15162
29255
16
15
2386
13803
22
21
10
1987
3
1405
49
19
1420
1023
17
5
705
1124
8
939
24
181
13
400
13
14
3879
73
1126
19
3471
113
25
13
20
98
1
25
18
128
194
7
0
1517
1
317
54
149
20
5
71
2
52
18
202
22
21
10
7387
1306
16891
8
585
6
542
12657
4
14
18
5
400
3471
1
25
1104
0
906
103
59
4
4984
59
128
194
7
0
1517
113
21
1026
3
32
2
8
55513
598
34980
7
0
87
105
7543
5040
76
118
3505
54
7
5
5069
3735
5464
1
1891
0
5276
9
83
30
98
413
79
105
278
39
1272
0
33428
667
12
598
2646
2
8
939
24
322
228
1987
6
48
149
13
262
12
28
0
1420
17
5
1124
109
48
1
8
2282
1
118
0
200
846
1426
6
0
993
39
4582
3326
7
1838
1
78
2882
2
8
24
22
1307
39
24
107
41
188
156
716
94
1
24
404
3
402
159
4
3694
268
0
267
6
0
236
2
8
57
18
400
3
226
3
54
6
95
1545
10496
6
0
70
4
3
1957
109
48
24
322
1399
5247
2
8
580
275
16
334
8475
20
0
1420
4
15162
9
22406
21954
1
2282
13
98
235
6
0
172
5737
26
3879
2282
413
0
15162
9
22406
21954
12
302
26
15
1420
1501
13
98
235
6
0
172
5737
26
2864
370
1394
636
9242
131
2282
73
17706
2344


