14895
57
17278
104
14
290
3348
276
377
122
2907
278
100
8488
58
2189
32
57
122
17279
9119
27
8671
17280
149
1399
185
996
2
17281
0
17282
2095
35
534
61
144
316
3133
58
361
901
24
290
3348
7807
293
4791
37
331
1516
9
17283
17284
57
24
10098
27
331
17285
341
515
272
288
2467
82
23
617
58
4033
122
17279
5802
149
423
61
5
14
17286
4722
515
17280
105
100
4001
76
3976
27
17287
262
8671
17280
149
1399
185
996
316
3133
58
361
901
290
3348
7807
293
4791
37
331
1516
9
17283
17284
57
24
10098
331
18
334
315
1870
14
393
129
650
13
276
23
14
5885
9
47
17288
331
579
87
32
57
372
308
515
628
516
377
87
24
9401
515
5173
17281
609
61
331
17289
3989
17290
15028
750
17291
27
842
1738
1802
13
7747
58
448
4023
515
17280
105
309
14
1392
586
926
1825
100
8279
34
318
4702
5
2945
61
502
448
377
17292
2
334
315
18
14
17288
27
251
166
9
506
9
2033
105
799
13
276
32
257
23
14
5885
9
47
17288
61
502
87
75
24
1444
104
17281
27
4338
17280
743
24
17288
61
926
157
24
318
151
183
185
2053
57
10663
183
61
5
4140
4792
24
448
27
1843
5802
4792
12076
3789
57
779
4697
61
502
1732
334
643
515
1142
709
8151
57
4702
27
290
3348
7807
17293
7667
17294
9723
1520
515
24
4791
99
3833
9764
57
5689
61
3400
215
638
45
2951
8495
185
17280
27
0
4747
262
17281
0
17282
2095
87
14
1374
9
17283
13
169
12041
276
101
24
290
3348
7807
17293
1156
331
1031
912
24
8012
515
610
278
17295
13
9896
61
610
718
45
7780
4143
9896
452
61
331
9723
750
17285
27
2015
24
426
57
24
318
129
650
13
276
23
14
17288
1520
24
10403
149
244
3323
27
331
11340
57
24
1398
61
496
640
87
818
366
515
183
44
1013
3633
8246
17296
14
5593
5802
61
331
330
17297
1202
27
1585
61
448
377
61
122
272
369
101
24
3754
57
14
2503
129
87
244
8536
27
691
696
3307
1533
1284
1469
10734
3108
13
444
17280
3126
27
331
628
144
1028
17298
512
34
525
61
496
912
512
34
707
2907
61
331
330
426
15631
17299
27
331
143
496
912
512
34
158
87
722
54
5802
33
27
579
5960
372
2907
61
5
646
912
709
2503
34
515
27
331
246
8671
17280
149
1399
185
996
2
17281
0
17282
2095
35
534
61
316
3133
58
361
901
1516
9
17283
17284
57
24
10098
246
251
17286
4722
17280
105
100
4001
76
3976
61
40
448
497
6725
1348
358
4023
926
1825
100
17300
34
334
315
76
14
17288
246
251
393
105
799
13
276
536
14
5885
9
47
17288
61
502
87
75
24
1444
61
5
17280
638
45
3051
183
246
14895
278
1391
1533
1284
1469
10734
34
17281
13
107
3126


