11865
2554
116
683
48
149
31
1621
0
87
4203
797
3
376
5
1852
14258
1599
2
15
6156
9
83
3832
30
40
5
425
540
7
1068
11
0
81
333
82
1
3910
7
232
267
14399
173
6680
1
17390
6042
4
2867
2
89
27
776
431
23
0
225
6
513
43828
1462
31424
18
43829
618
13
5
676
14195
7
0
152
14
1848
5071
1860
4203
75
2
11865
2554
30
116
683
23
87
16054
797
3
376
5
1852
14258
1599
17
27
111
618
11
31424
53
137
51
2
96
13
54
6
5
245
6
4203
1632
1972
0
225
6
1068
96
13
54
6
5
245
6
4203
1632
1972
0
225
6
1068
2
19469
20116
0
4203
1632
38
33
2320
3651
7
0
1321
1
27989
6043
4
3620
7
6922
332
357
0
7802
11865
2554
13
31425
251
1832
21356
25312
18
31426
11865
2554
2462
16
2064
11761
16
3832
101
6115
1
11865
2554
10
529
23
5
567
180
15899
7
31427
31428
1
1739
2
96
496
28
5
373
9
9886
117
17
105
4510
4
27
244
13
0
1090
3866
43830
43831
2
997
91
1591
14
36
10
410
28
108
126
1
11865
805
3
355
156
273
3
0
961
6
1972
27
345
7
27
632
3103
4
390
15560
2
57
10
118
56
36
492
280
17
0
98
9
31425
251
1832
21356
25312
119
21
10
3095
20
822
2782
822
25313
14
11865
467
3
355
156
273
3
1621
4203
2
96
192
3225
7
37
772
17
864
6680
16
8
238
166
21
4009
121
3
1802
14936
3
5
423
2
8
104
219
1677
11
8
4503
6896
8
2944
4
60
43832
95
5375
2
57
10
5
5830
2
8
11865
123
219
12
3
383
21356
18
31426
2
101
954
1
11865
309
11490
3705
6514
4
7
190
5825
412
4094
13362
859
7
5347
2
96
30
34
418
232
9
1709
4973
1396
1
173
5
411
1202
6
25314
1518
113
36
10
137
9140
1197
5651
2
16667
21357
10
0
225
6
37
3376
618
11
6128
11116
16667
21357
2462
16
928
11761
16
15827
25315
4
15827
15085
16667
21357
10
529
23
5
567
180
43833
7
15827
4
24578
45
34
3
7172
3
8662
120
0
19983
1320
2
96
4
27
566
16668
1
42
145
4
2408
123
13429
7
5
8887
1568
339
24029
4
0
117
192
20628
3
2147
1
440
2
657
170
5
9894
1
16667
10
658
31
5
4973
21358
23
10
346
374
0
3178
7
5169
18
2
15
1725
1878
404
59
3
8922
49
4
154
12
147
23
37
4721
797
1
45
1117
1301
12
5
410
3004
2
96
10
0
225
6
37
3376
618
7
411
11
6128
11116
4
1477
0
6922
11
59
1
12057
5287
4
4182
636
43834
2
101
390
526
1
16667
5825
4094
13362
859
3
1937
383
5
211
2
96
78
15
3496
411
16
8
3061
13
810
12694
4
205
20
12602
410
457
4
410
4006
6
2013
2
8
57
47
5
128
12302
1321
2
308
73
32
2979
2
1217
41
6438
2
8
13210
25316
13
5
797
38
61
10606
7
401
8814
13210
25316
2462
16
896
11761
16
4421
13210
25316
13
6
10175
4
43835
12534
1
45
10
529
4
941
7
20758
2
96
309
4094
13362
20
0
512
6
591
119
170
20
164
4
2024
25
808
835
2
657
13210
30
3960
4973
702
1
36
13
237
330
11
0
620
1111
14
2185
127
401
8814
7
190
2
13210
34
1878
3660
3
4017
7
0
2225
3338
6
0
5670
4
10
4069
23
54
6
0
10975
3
154
196
7
0
87
726
2
89
39
25
10
658
14
36
10
4203
4
36
10
1376
28
0
1212
12
0
2329
14
118
8
4852
529
8
223
43
867
3
2667
4
36
10
1376
28
0
1212
2
13210
3015
1090
2100
1102
1564
7310
43836
3
666
27
2323
4
0
595
60
14375
2
96
61
30
5
1674
163
12
5518
307
14
10627
27
43837
69
0
4973
172
180
12203
155
7776
2
18653
17696
9
21359
53
137
17
23214
43838
51
30
2141
11
5
245
6
618
4
61
1890
7
17191
18653
9
17696
21359
2462
16
823
11761
16
864
18653
17696
9
21359
13
6
864
2117
12534
45
10
529
4
941
7
1466
2
18653
309
4094
13362
20
0
512
6
598
2
96
10
760
39
658
31
797
14638
7
0
864
1496
1
192
1076
3
155
331
2
1475
123
1
36
30
8739
7
418
232
9
1709
9662
1
173
0
631
1373
6
17191
2
15
43839
10
8591
3
226
55
23
16054
39
2191
5535
43840
18
672
24
322
211
9
5535
10
0
87
4203
211
3
3006
11
17191
7
0
390
9913
2
96
61
2141
7
5
25317
16624
17
1154
797
12709
29097
11
43841
1518
421
48
70
14
58
143
169
223
1264
17
12544
2
96
22
6
27
595
3
143
0
586
16
8
24
79
4873
49
54
132
16669
14
25
47
511
2
8
24
252
3
5837
38
24
322
4
32
1174
11
110
24
322
4
110
24
29
40
43842
340
0
1681
6
91
3040
2
8
6890
916
10
0
87
4203
797
11
2562
298
513
31429
4
532
12
1249
18
7584
2262
6659
6890
916
2462
16
966
11761
16
513
6890
916
10
529
4
941
7
43843
1
5290
1
113
36
224
55
23
1813
7
232
164
2
57
10
74
268
1098
14
36
467
11490
3705
6514
1
1117
159
162
4094
13362
859
7
746
2
96
30
150
22
14
36
10523
0
7476
8
529
7
0
821
265
8
3
4203
2
6890
614
23
5
6922
797
1328
3095
11
5
1895
20
0
7194
3182
1213
5390
2
96
192
492
0
87
4203
7925
12
1249
18
7584
2262
6659
4
532
12
234
0
4367
4
0
6719
695
6
0
1238
2
6890
10
0
87
4203
797
11
2562
298
513
31429
4
30
532
7
418
796
15717
173
13204
4
631
15382
2
96
78
8890
1623
7
151
16
8
1544
609
24
322
4203
1
24
382
300
1459
23
5
10123
1052
1
158
90
95
859
2
8
387
18
79
129
24
382
300
214
1308
2
8
15086
21360
18
476
309
5
5251
11
27
3
32
1041
7
0
1432
18
2523
151
163
15086
21360
2462
16
966
11761
16
513
15086
21360
10
529
4
941
23
5
567
180
2680
9868
7
43844
727
1
155
2433
2
334
3620
12
0
468
695
6
43845
18
18654
8479
1
36
10
923
3360
49
31
11703
6659
11866
2
1100
15086
30
34
5
2322
31430
4
1958
431
23
196
6
27
6165
1
36
30
2238
2154
12
458
62
41
36
30
2024
0
4094
13362
859
1
324
7
37
772
421
48
70
14
25
10
5
8
747
978
8
2
674
70
1
5
5251
10
309
11
15086
3
32
1041
7
0
1432
18
2523
151
1068
163
1
45
25
10
10468
480
6505
67
85
14301
8036
2
96
78
4228
63
27
0
5251
34
1792
27
1
324
16
8
8
57
18
1084
6
109
43846
2
8
580
978
129
25318
24
445
32
1
100
978
129
43847
9
1399
24
445
474
1
92
33
75
55
92
38
233
3
121
3
32
989
4
3
402
159
4
3
402
5889
75
821
2
8
21361
25319
309
4973
808
834
2
96
10
3578
3
84
5
31431
1071
63
27
3675
421
48
70
21361
25319
2462
16
384
11761
16
17626
21361
25319
10
529
7
28973
1
43848
4
309
4936
7
2013
13076
23
5
2791
9
36
157
27
7399
3
1160
9606
14
840
27
2114
3552
4
5665
67
25320
18096
2
334
43849
3
1119
2783
808
834
1
21361
10
344
3
210
1052
12
27
2937
2665
2829
2
7266
39
0
356
1
36
34
27
4094
13362
859
4
622
3
155
331
3
15983
27
2182
6
1621
5
797
808
793
2
57
10
123
14
27
4973
673
228
467
3
154
103
9
36
10
658
31
5
21358
7
5
1340
4
1204
3
11703
16265
2
96
116
4145
140
0
172
421
48
70
39
317
196
7
5
31431
1071
12
4203
1157
2
96
22
20
0
71
16
8
249
24
492
5
797
24
273
24
34
1085
4698
0
2182
14
24
34
300
404
150
24
10
305
2
8
581
363
994
1085
6999
95
4789
994
2
8
18655
1363
25321
30
1477
11
332
173
31432
9765
31433
18655
1363
25321
2462
16
928
11761
16
3124
18655
1363
25321
10
658
808
398
31
5
11381
1
38
2207
59
21362
268
27
574
834
23
196
6
5
1234
140
4203
247
75
2
57
10
958
12
1402
7
3486
7
1098
2
101
27
632
3103
1
36
10
658
31
5
3630
21358
12
5
1004
7
6420
2
18655
219
12
3
1097
7
418
232
1709
6922
332
11
4111
173
31432
9765
31433
2
334
36
2405
3
2440
231
9
1574
1
18655
1362
673
18028
4
9616
7
12736
2644
20
0
422
6
6420
2
96
30
150
40
1715
9
4412
31
0
1068
1321
4
13
20
0
528
6
3868
14
36
13
43850
27
4973
673
2
21363
25322
30
40
7
418
3376
6043
4
10
61
3015
23
0
225
6
7242
3575
21363
25322
2462
16
999
11761
16
513
21363
25322
10
529
7
31434
1
3112
3
5
7720
1269
1108
117
17
5
566
4
64
3448
2
96
34
5
596
3194
5379
23
5
1154
13685
1
1108
13751
6285
4
1677
17
280
20
125
6
0
237
1917
1837
2
96
9467
28
0
7194
3182
6
3073
7
746
11
3061
43851
4
14359
1
113
36
61
43852
888
23
5
211
2
334
687
2877
1
36
614
20
1908
43853
1725
1
159
12
3
383
0
853
7858
2
1475
123
36
30
383
5
797
7
27
220
122
1
500
5
3078
11
43854
43855
1
91
3015
23
0
225
6
7242
3575
4
61
3910
7
16540
1518
543
605
2
21363
78
0
569
43856
14
27
4973
673
11688
39
36
34
5
2322
31430
2
96
22
16
8
7096
228
175
103
56
24
213
95
7656
2
8
24
29
300
404
7656
2
238
6
95
1192
754
1632
13
1432
5354
2
8
96
47
79
5
14894
3291
92
1
500
25
80
2
96
47
2189
2
24
17546
95
7656
39
27
2
8
26
11865
2554
116
683
23
87
16054
797
3
376
5
1852
14258
1599
26
96
13
54
6
5
245
6
4203
1632
1972
0
225
6
1068
26
11083
109
16667
21357
1
18653
21359
4
15086
21360
33
31435
6
1068


