292
524
30
40
603
6
1949
0
5730
7143
20420
1
182
50
4864
392
1580
4177
798
520
6758
33
2036
3
2615
5
7164
3
299
47
6089
868
8296
38
225
5
7223
35
14680
39410
1
25
30
40
366
2
101
5
3096
3530
1
701
1638
1
1644
1
1760
4
765
5397
29
310
14
1721
38
556
12
0
29321
6
1507
4
2068
33
91
2859
716
94
2
101
0
424
178
82
1
140
29322
451
3274
133
125
170
7
42
3103
133
29
40
29323
23
900
1
6089
62
2360
2
871
46
3962
4220
462
42
1030
630
2
1553
0
5730
7143
20420
1
23917
7
537
31
292
524
105
82
320
1
4864
392
1580
4177
798
520
11
579
556
7
0
621
6
2102
2
89
1638
29
226
653
3
547
55
14
169
33
41
91
1284
20
0
376
6
1136
4260
133
1891
0
956
13
2036
3
13466
97
7164
2
1953
3126
29324
1
28
0
712
2400
6
39411
1
22
16
35
15
956
1026
3
32
5
706
67
3354
63
110
25
13
4949
4
110
25
131
25
47
4949
1
114
0
64
33
2539
41
0
23918
23919
4342
1953
2609
23920
22
16
35
104
73
84
419
4
60
171
84
419
2
17755
43
141
1591
6
0
20420
2
12173
1220
3
2561
462
10
5889
717
1
125
43
1840
162
0
39412
191
712
257
6059
771
9
1454
789
20421
22
0
72
7590
444
9557
31
277
6
851
2561
798
1601
433
5978
11
1127
9
1760
7
246
10
35
41
511
3
14681
4864
28
0
2350
14680
7591
6
19495
1136
278
11
39413
2
7272
2258
1109
1
38
1773
7
0
1539
11
67
85
851
82
1
10
7772
6419
39
91
303
7
0
225
31
5
9997
7
1507
7
1570
2
52
170
30
41
34
0
859
4
520
21
4728
2
39414
0
35
39415
571
1
21
22
16
39416
30
40
189
6740
133
92
47
40
5
396
6
4942
162
23626
2
24
882
34
3
177
5
2892
3
177
458
62
41
24
10
3359
3
456
2038
29325
65
1443
365
1458
31
0
2177
3239
10925
3260
4
933
397
22
14
35
67
39417
58
252
3
32
7931
69
2768
0
4255
4
17998
6089
2
15
1842
9
423
2144
6
1644
115
1760
5532
7
3740
5865
556
1165
0
3685
2458
6
737
9
6591
4092
3404
4
54
7
178
6
80
1721
702
125
1084
6
1601
3404
2
3260
1468
3879
3267
1
5
3161
1279
1
22
16
35
257
2124
30
5
2555
2738
6
12424
4
37
17416
3
233
39
0
2281
38
29
11271
42
630
11
42
29326
563
12492
479
1155
14
0
956
30
35
614
504
3
1524
14
136
1990
3274
1
4864
4
869
29
0
337
44
252
4
33
1015
17
0
12168
44
39418
2
26
17755
392
1580
4177
520
11
579
556
7
3456
2102
26
5730
7143
20420
23917
7
537
31
292
524
463
82
320
26
89
1638
3545
169
33
41
91
1284
20
376
6
798
1136
4260
26
29322
451
3274
29
40
900
1
6089
62
2360
7
424
483
82


