13457
6309
30
729
678
3
934
838
9
752
1066
3
0
13519
31
5625
1297
6
9391
9
4374
2
15
546
2324
3893
421
48
149
14
6309
10
1329
3
1291
5
28564
6
1929
4374
3
934
2071
1345
6
0
172
478
2
15
8293
1011
9
2654
209
22
12
560
14
21
13
8
170
7
0
390
2557
6
2326
9391
9
4374
1
8
4
3025
37
949
2593
7
0
208
64
3
105
187
2
899
18757
16
15
8293
1011
9
2654
209
22
12
560
14
21
13
8
170
7
0
390
2557
6
2326
9391
9
4374
1
8
4
3025
37
949
2593
7
0
208
64
3
105
187
15
4988
7098
13
1365
346
17
4445
11100
1
5
4368
2014
4
179
1042
2208
2
68
11100
10
553
17
2326
1042
18
1228
3
124
499
1691
1345
6
0
172
478
1
15
2891
824
3307
364
2
15
1035
13
12
3
5188
0
64
9
5073
6
0
2960
340
1066
1220
1
17
1042
4
461
234
5669
2841
678
3
4222
55
1220
319
4374
1
4294
4
158
1462
8596
2
68
11100
3977
22143
26696
1
428
7
0
2275
6711
1
50
4134
5
670
1948
6
2353
12707
4
13
22
3
1359
3
1321
4871
133
455
17
68
6309
133
63
678
3
1291
140
4882
4374
1
277
7084
79
34095
53
34096
3985
51
2
15
4374
58
32
272
0
730
6
0
7088
1084
157
20
0
638
1
4
0
21455
58
32
259
278
0
912
6
0
1404
3078
6743
2
13457
6309
53
137
51
13
2170
19
9501
12
4374
4
931
3
256
88
3
124
2071
1345
6
0
172
478
2
15
4988
7098
13
98
10521
1678
3
1014
501
4
4076
4374
7
5
1234
14
58
5015
59
127
1042
4
461
15
4297
206
1349
5
3993
3
143
0
4374
1
1346
7
963
62
2754
2
5345
4374
2543
58
623
32
881
31
68
6309
18
839
3655
2194
1
50
30
2509
11406
1502
31
5242
2
13457
33919
931
3
256
4374
3
987
1066
1220
3
2071
1345
6
0
2960
2
52
13
22
3
32
553
7
2326
4076
4
501
4374
17
2014
4445
11100
1
6
22143
26696
2
15
4297
951
12
4345
4882
4374
50
58
32
259
278
0
912
6
0
1404
3078
6743
2
135
58
277
5609
79
34095
53
34096
3985
51
9
272
0
730
6
0
1043
18183
3078
2370
2
15
4297
13
2263
1489
5
3993
7
963
62
2754
3
1349
42
10621
11
5
752
6
20
568
201
275
1261
53
72
3229
341
51
2
5345
4374
2543
58
623
32
881
31
68
6309
18
839
3655
2194
45
92
33
169
8237
7
0
152
2
674
215
1
0
298
413
5
201
21520
1261
53
11655
1261
51
1237
3
1682
1
1146
4
1412
8
837
14427
8
11
2843
1
7
554
3
210
631
3870
69
5546
2
360
1
92
33
169
8237
14
252
3
32
5410
90
0
4374
33
4126
5
1216
2
135
33
3888
3
752
201
275
1261
53
72
3229
341
51
3
1682
4
206
32
344
3
32
881
268
0
267
6
0
2318
1
6225
12
3655
2194
18
4811
2
68
6309
18
3959
7
0
189
9
877
13
41
1569
4
22143
3754
1414
97
12707
7
31294
1
253
2
15
298
648
4134
5
1948
6
2353
12707
7
0
30699
2484
1
21468
7
0
14348
908
6
197
406
4
542
50860
2
101
534
1
25
10
734
14
1042
13
1329
12
4345
5
6743
6
6454
4374
3
987
2427
1220
11
0
21190
1261
75
41
602
478
2
852
3
3010
373
3
0
298
1
25
678
12
1051
67
85
201
275
1261
53
72
3229
341
51
12
0
1128
2
924
9
5073
6
0
172
170
1065
340
1066
1220
2
1042
13
1329
3
586
48
31
4345
5
6743
6
6454
4374
3
987
2427
1220
11
0
21190
1261
75
41
602
478
1
4
98
13457
6309
4
37
1127
9
1042
2208
951
3
1291
140
4882
4374
7
37
158
2006
1234
68
11100
10
346
20
1042
12
0
368
1422
6
0
4374
1
50
33
273
3
32
501
1
232
9
4417
4
2457
3
5546
0
1177
20
8
1611
34097
85
1848
4374
8
2
1042
16
15
1066
1462
13
22
3
32
1329
0
1291
6
5
6743
6
6454
4374
3
987
2427
1220
11
0
21190
1261
75
41
602
478
2
15
1234
10
531
31
68
11100
2
1042
13
3294
3
1125
201
275
1261
53
72
3229
341
51
12
0
1128
4
13
61
1329
12
319
8596
4
4294
2
1042
18
6904
34098
5793
3
1291
232
9
10745
8596
3
987
11260
451
3
2071
4453
1839
2
15
18881
9
2645
8596
33
1093
3
34099
3
2796
1057
53
414
2252
51
7
10280
4
1256
34100
14
76
11718
34101
9
1361
1066
3
2071
5769
2
101
555
1
0
298
61
6891
17351
21897
1
50
13
533
3555
9
3927
4294
3
987
705
18015
2
461
16
975
50861
310
3555
9
3927
4294
1
4374
4
21681
33
80
91
1691
7
0
839
18
15283
3
2947
0
1066
3
18720
1142
2
8962
4368
7850
16
2062
7376
4
299
18
2736
26697
8315
33
234
23267
20
371
2497
4076
501
4374
4
29
5
205
1370
585
2
52
118
2201
11
140
54
70
90
687
3
147
17
68
6309
2
7166
373
3
59
78
15
31464
14
68
11100
18
573
17
1042
1047
94
114
21
254
74
181
1042
30
0
6762
702
735
11
199
5
4173
2
1042
107
41
1183
2
281
0
9693
1234
1110
515
1
68
6309
4
68
11100
46
32
4936
17
2550
2148
199
23
2062
7376
4
299
18
2736
26697
8315
2
135
46
61
32
159
251
9
3
9
251
17
1042
4
461
1
253
2
1042
18
6904
34098
5793
3
1291
232
9
10745
8596
3
987
11260
451
3
2071
4453
1839
2
15
18881
9
2645
8596
33
1093
3
34099
3
2796
1057
53
414
2252
51
7
10280
4
1256
34100
14
76
11718
34101
9
1361
1066
3
2071
5769
2
57
18
2183
14
25
76
1800
2326
1142
0
232
752
6
8994
18760
12992
3
124
478
4
667
3
5
2781
1048
7
1066
1220
11
0
2211
6
1019
4
884
9
1653
3147
2
101
555
1
0
298
61
6891
17351
21897
1
50
13
533
3555
9
3927
4294
3
987
705
18015
2
461
1
4209
1
30
97
220
5414
678
2
101
359
1
975
8909
310
3555
9
3927
4294
1
4374
4
21681
33
80
91
1691
7
0
839
18
15283
3
2947
0
1066
3
18720
1142
2
52
30
7637
3
147
12
1128
3
2947
0
1066
3
8
0
208
105
1261
75
8
9
4
310
0
839
30
3015
1638
7
3555
785
14
73
402
4294
1189
11
187
20
5
71
2
2266
68
11100
93
1042
1
92
43
1365
678
3
143
501
1
232
9
4417
4374
1093
3
5546
0
1177
20
8
1611
34097
85
1848
4374
8
2
221
13
61
5
1234
3
1291
1462
8596
3
5188
2071
5769
3
0
1066
15
18693
6
11503
4
8315
18
813
1
1953
1392
4189
1
22
16
8
15
961
6
319
4098
7271
3
2947
18015
13
54
14
13
169
1612
83
1
28
838
9
17659
4374
3
8596
4
67
800
10148
4098
1633
2
8
16322
199
23
461
4
1042
29
5
19750
683
17
2908
1
4
169
29
7092
1335
63
129
0
569
76
256
4294
3
3586
1196
63
75
2
101
4316
1
0
4294
76
32
157
3
154
4098
628
1
62
3586
985
63
6086
3732
4
2423
2
294
461
4
1042
18
4294
46
32
157
3
987
1066
3
75
102
18
1
92
46
252
3
32
5
2588
990
6
1196
1333
3
5188
0
1170
3
0
1500
2
861
48
7
1516
1
44
33
623
3
32
2239
3
4214
8441
2
101
0
4930
1
11
1597
1
0
3731
7149
4046
18
53
10290
51
6149
349
747
8365
33
867
3
1412
42
4294
8
50862
8
4
3078
4294
33
8
11221
2
8
360
1
421
48
70
1485
2640
34102
1
28
0
577
7222
4499
3370
53
13639
51
3268
5
1226
1
50
0
10290
34
1284
12
5
5414
1645
2
34102
22
26698
50863
18
710
5414
10
8
41
2239
3
885
1827
8441
886
4
3402
1
8
4
3278
0
1226
10
74
12074
2
57
13
8730
1939
110
48
2899
46
1409
11
1771
199
23
1672
1
4
98
461
1
45
25
76
177
0
5067
4498
2
15
10290
13
6362
2
461
4
1042
33
61
1329
3
256
261
4294
7
1061
363
0
321
1
4
25
46
11314
12
0
1845
264
18
2294
12
10148
1367
4
2712
2
8
15
6820
30
300
40
54
6
1637
0
4098
3086
7
0
122
242
7
0
3071
11
347
62
187
20
5
838
511
752
2
294
8784
10074
60
124
388
2517
3
8618
48
4
461
18
6175
7
48
837
13
5
2954
2986
3
0
329
2
8
68
6309
4
68
11100
234
188
3
615
0
752
6
0
1128
1
41
568
114
22143
1026
5
396
6
4374
2
68
6309
30
37
24043
1370
585
6
7151
0
752
6
837
1024
31
33929
0
1422
6
6396
4
533
6726
7
9
260
4
25
13
2183
21
46
185
3
1682
4374
14
752
182
201
275
341
53
72
50864
51
1
969
6
418
341
23
44
84
20
0
638
2
101
555
1
1042
6891
17351
21897
4
13
533
3555
9
3927
4294
3
987
18015
2
461
30
97
220
5414
678
2
975
8909
22
3555
9
3927
4294
1
4374
4
21681
33
80
91
1691
7
0
839
18
15283
3
2947
0
1066
3
18720
1142
26
15
8293
2654
678
3
1291
5
21455
6
4882
501
4374
26
26696
58
32
272
0
730
6
0
7088
1084
157
20
0
638
26
10031
3
987
1066
1220
3
64
5073
6
0
172
340
0
2427
26
318
5884
46
210
59
7
3089
1212
17
1042
4
461


