144
2236
7481
1
8163
6235
6236
293
16
31436
138
1
835
534
151
291
287
16
46749
138
1
835
534
151
46750
7
0
283
12497
3
585
1080
7
555
48
70
23
10802
13699
503
13245
3
154
2213
6
0
615
7
0
235
1526
6
1626
1
111
998
2135
2
681
1077
2032
2552
4471
292
524
77
0
2781
1083
7
14309
3
656
4
4744
910
1
49
3699
134
153
70
9
12
9
70
2
15
6068
1083
224
23
0
235
1526
6
1626
865
28
12783
3
21759
28
0
454
6
555
2
21760
16
46751
503
3763
5442
7
555
48
70
1
301
3
998
28
0
950
11
577
7737
1354
37
3432
1981
20
751
564
47
8744
1
68
2552
310
0
998
28
0
950
11
577
7737
50
738
14
5741
7
0
656
4
1316
825
48
555
43
3699
134
153
1506
85
5
70
320
2
15
681
1077
22
16
35
15
1674
13
14
5741
33
49
3699
134
153
7
555
7
0
283
114
21
30
615
0
235
1526
6
1626
28
12783
3
21759
2
35
788
75
175
42
5741
7
555
4
213
5
1825
1626
615
23
5
768
2
8
52
176
16
35
590
80
19
1905
1071
0
1674
13
21
13
18919
19
2267
12
7524
3187
2
35
46752
13
1840
1
5741
33
3303
4
119
4943
869
33
1029
21
13
1075
5
1626
615
3
46753
14771
4523
5741
3351
7
4744
4
656
825
43
72
30737
7
555
1
49
46754
134
153
12
0
222
71
7
190
4
0
1558
755
7
1484
1829
99
3
2649
2
681
1077
2032
2552
366
4943
869
43
1029
119
1626
10
91
615
11
232
15109
68
524
175
3948
20
681
47
585
7
785
1
11660
88
11
5
2002
3
12594
2
15
751
564
22
16
35
46755
5741
43
63
5
439
6
110
44
43
56
21
10
7
0
4437
2
135
29
40
159
94
41
11281
52
22
68
2552
1
4
5077
12546
2032
4817
1
34
1294
3
2174
63
42
754
346
11
0
4437
90
0
1316
862
2
68
524
176
16
35
101
190
9
608
403
5741
46
32
5841
134
153
1611
85
44
43
7
1557
9
14179
56
217
64
43
346
62
7178
0
394
17
2267
11
31121
0
283
2
35
52
73
41
124
77
0
725
14
44
20592
77
0
7922
4
4773
4
5
2002
3
12594
2
35
135
73
41
4170
42
10761
585
4
44
171
454
17
37
29664
101
409
21761
21762
2079
678
3
3671
1788
55
5741
3
185
10802
1605
0
12783
1626
1526
2
15
15618
9
1070
224
269
39
2444
6
246
814
741
28618
916
2410
0
961
8
32366
8
4
603
10802
6
12959
9
11115
270
2802
20
0
1038
601
31
0
1316
862
2
15
2394
1276
34
1407
1136
3
2105
24094
5741
13699
28
1033
82
1
434
3
503
55
7
409
268
39
555
399
2
89
0
1276
18
46756
3260
6
0
1103
1846
55
0
961
2
751
564
292
524
22
681
34
732
3
2390
12594
0
3238
90
0
1098
862
5256
782
1074
1756
14910
13
3
383
5
394
1449
2
52
46
2851
179
18905
1468
1302
1823
23
2383
1449
56
21
2050
94
20
0
267
6
0
70
2
292
524
78
1644
16
8
24
73
4839
209
14
1756
14910
1
11
0
424
178
82
782
1074
6
5256
1
54
6
299
18
148
1369
3315
1
46
154
12
48
2904
754
2
8
24
354
21
46
934
676
3630
3
5
2904
796
1921
2
8
15
1263
224
23
5
753
365
4734
14
3106
6
732
3238
171
225
1034
62
1208
0
122
3
758
5741
11
49
3
851
82
11
8
6832
3712
8
2
15
111
1020
2011
58
143
662
14
235
4871
682
11
42
8
2001
4
3838
20088
8
1
0
8075
3121
12
12683
7717
22
2
1169
5
957
257
9103
30
40
482
3
582
150
0
1316
862
467
7
1098
1
45
0
3627
3305
58
143
662
44
58
32
8
12
0
10068
8
7
594
1
25
176
2
294
168
23
582
1281
1
32707
10802
58
225
1509
5141
4
7079
28
0
1316
825
1321
1
23
168
23
46757
12
5741
4
0
1350
6
4890
91
3638
2
101
0
2177
1
68
524
10
6537
12
458
21
2745
0
4985
12
5741
4
1020
4818
2
8
3240
1
24
84
337
234
6
217
2190
1
240
21
46758
60
252
3
154
71
3
1039
48
5057
365
2
8
89
46759
1
173
1020
4818
127
10802
38
15957
26023
1
24
161
3860
2
3193
1
371
662
14
3238
38
33
7
20574
6
7405
8
279
14
66
73
20897
99
558
5741
1
24
161
3860
253
2
8
52
22
3650
58
32
319
0
12683
1598
648
159
162
5982
3
7815
0
678
2
26
5342
4
656
451
5741
49
3699
980
70
9
12
9
70
26
681
1077
327
10802
6962
5741
268
39
25989
615
26
2262
1526
6
1626
865
28
12783
3
46760
555
399


