258
3955
40509
5
4481
40510
261
262
31634
264
61
2154
744
558
268
269
262
40511
264
61
2154
744
558
17027
9
31919
11638
369
361
417
24
3317
13
4180
23
24
13779
57
405
57
2079
912
594
13098
1121
9
64
24
8281
3217
2
32
57
24
1566
912
14746
11374
1652
185
1857
1686
34
24
55
227
27
1856
57
24
1857
718
1650
23
24
3217
2
40512
6423
10943
331
943
34
24
55
227
61
58
183
149
1399
185
1686
256
24
2959
912
8235
23
10645
27
2906
57
24
1566
912
594
186
1121
689
218
24
2959
1547
647
183
4032
1579
1161
23
40513
9
349
24
40514
4059
61
3443
8397
61
5
1533
970
61
22209
35371
5
7056
9257
9207
11662
8072
9
40515
365
3469
646
27
40512
6423
10943
331
943
87
73
1579
3217
13
24
1857
58
6468
405
57
24
1032
37
594
13098
1121
119
1857
369
361
417
24
2539
13
1650
23
24
7428
2697
64
405
57
24
1428
37
2190
13602
1178
5479
2
40516
1046
14
10849
13047
23
24
3217
69
174
71
61
334
21914
40517
69
15363
71
5
14
40518
605
4121
69
4051
71
40519
47
262
119
7839
40514
4059
288
561
23
5528
40520
40521
40522
40523
11662
8072
9
40524
40525
40514
40526
5
40527
40528
40529
8397
40530
689
218
24
435
2959
1547
484
358
8052
13
24
2436
9152
9
575
405
61
349
7839
559
2617
40531
61
288
3218
13
897
27
119
3217
149
663
2516
23
91
40532
40533
5
40527
40534
61
23
40535
9
1348
358
288
2940
76
4915
23
37150
13
1687
4956
24
1385
57
40536
5
561
27
119
3217
87
370
185
1686
104
24
40537
57
3850
7899
23
3156
61
575
183
87
15640
14
1805
76
6802
27
119
8281
3217
9
502
99
360
5574
1778
183
9
149
3068
2
24
186
2959
1071
1348
183
149
2396
159
23
10645
27
40512
6423
1903
64
24
40538
2959
23
941
2
40513
5
24
40512
6423
40539
61
24
21096
7150
642
765
61
288
7049
646
91
13762
40540
23
24
40541
27
1307
24
11373
1707
329
149
3375
23
40542
61
14
924
1563
149
40543
104
5816
666
5
2154
9
144
1161
868
2
24
2959
61
502
2516
104
346
1413
27
40512
6423
10943
331
943
87
3875
438
13570
13571
23
1968
941
119
40544
262
69
12893
13
8670
71
40533
40534
61
40545
30569
5
40546
40534
61
2516
23
24
3217
58
3108
13
444
2282
24
9298
38105
559
2617
40531
149
3218
13
897
34
8180
54
715
246
119
3217
87
370
185
1686
104
24
40537
57
3850
7899
23
3156


