65
988
211
13
3000
3
225
186
7
6322
6323
113
27
2395
161
36
10
780
16708
1444
679
2
3245
22217
15308
8842
1
4468
1
46
12
437
225
635
6
1444
4237
3985
6
5279
10203
69
3296
1
4
5
7390
193
905
112
36
18
1025
2
527
2395
161
0
1618
28
7946
9431
988
13
5
8
9908
4
2910
18789
8
38
10
18842
2
32126
18886
51865
22
27
2848
34
41
602
226
3
1281
17
129
5341
27
19504
13
2
8
24
84
74
181
25
30
228
312
27
602
1
8
36
78
13287
515
6
0
1300
2
297
94
11
167
3245
22217
15308
8842
1
528
1
7425
31
0
106
23
36
1881
0
1564
18
471
39
935
27
620
174
20
0
10188
186
7
18547
1
3296
12
506
8842
10
19585
119
51866
162
6322
6323
1731
12
405
691
2
96
10614
1180
0
108
1445
103
27
795
28
5149
4
34
3
505
99
162
8692
4
2937
3
1428
27
1502
795
3
2147
2
221
1
161
8692
811
1
36
10082
27
2103
11
10671
2
15
972
1
907
0
5377
6
201
51867
1
10
115
7
5
15840
1493
22218
2
65
3441
6
271
8842
310
0
117
18
1907
20
942
0
546
36
34
40
432
2
15309
15310
22
0
2408
13
19
227
18
18772
1
4
21
4
19
117
960
7
27
34474
336
102
1
7
988
18
884
9
1849
1
7
11
5
70
17
42
126
2
68
15310
7404
3
354
271
8842
51868
14525
156
679
1
26366
27
1564
18
14496
14
36
34
2429
69
5
7032
62
40
4048
12076
2
8
57
18
41
109
27
1
0
3245
14
60
29
330
11
67
85
316
82
13
41
5
642
2130
4
41
5
642
4267
1
8
21
78
507
491
440
28
19
102
7
51869
1
1121
22219
421
48
215
2
96
10
2008
12
7296
3090
795
51870
56
36
10
432
81
149
20
6322
6323
1731
8842
13
603
6
248
4237
3985
6
0
642
972
7
5
11330
1
37
2011
14
76
177
27
7445
8842
4666
39
687
27
1564
18
471
20
9678
372
7
18547
1
363
6322
6323
12
437
8
24
354
14
95
18772
13
79
5
583
7
48
276
2
8
24
354
14
36
254
41
158
183
4213
6
679
20
48
71
109
0
8
972
8
1
8
21
921
1453
14
21
34
202
306
6
0
10845
1346
2
271
8842
30
5
8
2120
1
2154
8
315
4
146
2443
1
38
68
15310
562
23
8
205
1049
8
2
52
562
27
23
8
1472
159
1
128
1965
8
4
552
17
169
280
38
5236
371
5187
2
15
2408
9
6
9
64
10022
17
68
15310
4
19
227
51871
7
42
1121
22219
102
56
36
496
3
703
1
4
13
128
373
3
42
117
2
8
3245
13
128
373
3
282
7
22219
1
274
71
36
496
3
22219
36
630
17
282
2
8
8842
1
4468
1
53
3632
51
4414
7
0
1564
18
471
7
18547
1
363
6322
6323
12
437
15
117
6
8842
22
44
84
74
354
36
15806
469
3
14605
679
55
6
3296
380
0
607
14
271
8842
10
1444
1960
11
216
130
1
27
6112
22
21
692
739
6
14
2
8
24
183
739
63
14
10495
1
4
24
10
2594
14
24
1039
0
546
2
8
68
15310
20647
14
0
211
21
1624
86
168
34
739
3
84
17
110
36
10
603
6
2
8
104
2973
63
0
546
1
60
2973
63
0
2294
4
537
3402
7
3296
1225
7
4969
3
679
1
8
21
22
2
8
57
750
282
2973
86
194
63
27
1
60
73
118
6424
4
60
354
14
3245
13
41
14
3245
2
8
15
211
1
28
34474
7
988
18
1849
1
78
27
2395
36
10
41
578
4
36
10
348
31
5
250
1520
2504
7
2068
3
1256
5
2103
14
16708
3640
0
679
1
0
988
3252
4708
364
2
3239
1564
51872
34475
16603
22
258
15308
34
40
8
157
31
24045
75
8
4
58
623
32
344
3
2136
36
10
41
578
6
0
766
2
68
15310
61
22
21
254
74
181
0
2408
158
1624
110
0
10845
8
972
8
13
15
211
1
28
502
7
988
18
1849
1
78
27
2395
14
36
10
2910
4
36
10
348
31
5
250
1520
2504
7
2068
3
1256
5
2103
14
16708
3640
0
679
8
221
13
5
128
989
880
14
36
13
54
6
217
9908
4
2910
51873
14
30
40
157
31
125
24045
75
1
8
21
78
3258
20
0
186
2
334
27
1300
20
5
6322
6323
186
421
48
215
1
68
34475
78
3258
258
15308
10
78
31
0
2504
14
21
735
1960
549
0
2103
3
32
204
3
2147
7
554
3
12134
19
10379
2
258
8842
18
126
22
44
29
40
1689
63
42
145
2
8
104
80
361
136
1618
1
8
0
117
78
0
5605
4333
2
8
104
33
80
2481
11
27
4
80
7580
11
0
237
2
8
15
145
9
38
76
225
0
193
1235
9
10
78
36
58
123
619
77
0
2103
3
216
447
20
2147
1731
2
89
90
258
15308
10
344
3
1103
0
208
2334
6
27
795
1
36
10
1141
31
1731
8692
119
36
10
4350
2210
3
0
5820
1496
28
5149
2
15959
771
26796
13435
26796
51874
22
0
502
211
10
63
3
1103
63
483
826
56
0
9017
1670
49
0
34476
8
4567
7
2038
4
16061
549
5
1493
22218
7
27
1024
2103
8
2
96
10
123
2164
31
106
63
0
679
14
43
7205
1
50
33
907
201
33465
7
3296
2
1475
6067
1
67
85
19048
75
29
40
7445
7
0
884
9
1653
3280
264
2
3245
22217
15308
8842
10
204
69
1330
90
36
10
63
7505
5
795
20
6322
6323
1731
53
748
51
7
3296
15
145
1
4468
1
22
36
10
1444
0
2103
12
5159
6
5
321
2504
7
2068
38
78
27
36
10
159
3
1812
25
12
3
552
20
2147
1731
53
748
51
51875
13
13494
11
75
38
33
115
578
6
13217
67
85
713
14858
6
34476
2
15
1348
2324
0
1013
6
4486
9
83
962
51876
3757
38
10
432
7
1044
12
642
13217
635
421
7
405
2
258
3757
1667
4771
31
3942
1086
455
17
155
51877
1114
6169
11
719
3439
3
14605
10845
69
440
28
1044
2
657
401
3757
945
102
3
988
421
48
149
1
68
6169
1053
7
1411
1330
2
2577
60
33
41
648
3038
685
12
48
1954
2
26
3245
22217
15308
8842
10
719
115
17
4237
25747
6
972
26
57
10
115
20
6322
6323
1731
120
27
22220
28
5149
26
12471
9
83
10
2008
3
2147
56
36
10
1141
31
8692
26
527
117
29
22
44
84
74
354
36
10
1591
6
0
679
26
29546
9
7
9
537
15309
15310
22
271
8842
254
74
183
110
972
13


