144
5039
5363
6727
26285
13
1876
158
647
0
172
6
15297
1
2505
41
118
114
36
13
5
247
6215
211
1
45
114
36
12108
3
1616
0
832
36
926
17
90
25258
88
2
15
4486
9
83
1
28
5294
1
750
12349
3748
28
51479
62
832
14
29
239
162
108
817
1
4
2096
3
1616
23
194
23
686
6
37
913
1
23
189
23
0
2612
13
2541
511
2
15
179
1467
693
1
38
3168
1226
1467
20
10920
422
1
131
48
595
13
428
12
4797
3
21949
4
15875
3998
1
4
8410
32602
7
3
5
2728
67
14034
3
14
6
5
12098
14754
85
5
1964
211
2
297
94
11
167
657
36
5261
2189
3748
888
4
12
34337
28
8581
24666
3
9794
26786
4
4360
428
1068
34338
6727
61
10816
15297
2675
6727
17
64
6
27
2988
2058
116
319
9217
16
5965
0
9794
17062
4
122
0
15166
207
1336
3
0
1112
6727
3052
16
35
590
121
25
13
5
2341
1533
2
14647
110
24
84
14747
24
21949
5
7512
913
1
23
5
2612
51480
1
92
13
100
14370
7
13213
3520
25411
2612
2
35
57
13
650
3
121
1
114
25
34339
80
6
0
34340
14
33701
15297
1
4
25
817
14
24
84
0
913
2031
7
13866
80
6
4837
861
33911
1
7842
1
4716
11888
1
6642
1
4
7209
80
1886
12
0
8580
4
27
51481
1
6727
13
16664
1886
0
1649
6
2708
4
762
28
75
38
14143
17
27
1779
2
96
30
489
762
478
17
75
324
36
7039
3
35
165
3
51482
4
2048
3
35
615
27
16534
2
3077
5682
6
6727
26285
6727
1
137
1547
0
368
8602
12
54
6
27
10621
1
30
489
762
478
11
27
147
45
15529
14033
20187
33
27
235
4177
6727
3168
9669
7194
20
10920
422
90
2230
27
1876
673
238
6
6727
18
10621
1
50
36
3804
3010
28
538
922
1
6268
4
34341
89
480
48
1
6727
30
41
40
12495
28
27
5549
2
35
24
322
1726
3
29
5
373
1500
6
75
140
121
38
337
110
24
84
1
50
30
840
3
355
121
0
1697
3
30221
7
110
24
84
4
2276
1308
2
35
24
29
34
913
1102
4251
1
25368
1
7894
4
913
4611
154
95
2675
4
44
29
80
40
228
20445
63
0
3144
24
154
3
1524
0
148
22190
4
996
16832
13
91
1091
12220
89
6727
13
1912
3
547
55
36
13
1631
5370
6
21799
56
25
496
3
27
147
2
1336
3
0
1112
6727
131
16
35
51483
8341
95
3725
7
15892
1
913
2644
4
6473
2
57
3218
121
3
702
0
23326
6
913
15892
1
4699
61
2246
121
17
0
1683
3
6394
832
11
9406
625
2
7094
832
111
142
13
37
11368
8865
3
121
2
15
232
755
6
6155
1
1921
4
71
1894
11
277
6
6727
18
2058
817
44
73
752
1297
6
1642
35
24
46
202
1797
37
913
11
0
3447
6
95
147
2
24
29
169
7003
3
6268
4
34341
357
0
264
14
742
34188
4
6489
12
42
1018
2
35
24
29
100
6175
7
0
152
14
261
832
33
2672
1
4
322
1107
5
937
6
3084
10668
11
42
1563
4
11006
2
35
24
61
154
5054
7
346
17
538
922
1
62
832
14
24
325
7512
7
14790
1061
113
24
495
2
24
402
5
1581
4903
3
5314
0
3228
6
274
913
14
24
325
1
4
13611
80
0
3463
18040
56
51484
657
36
5261
2189
3748
888
4
12
34337
28
8581
24666
3
9794
26786
4
4360
428
1068
34338
36
61
10816
15297
2675
2
16578
7
160
4
28
37
2312
2441
260
1
261
4824
1207
767
3
1751
129
3
2390
2339
4
3364
5
9794
11
72
1205
2
89
11
217
38
84
141
810
1193
784
1
6727
46
6394
4
3006
743
156
913
66
3452
1
17
3560
7512
4371
5
1379
6287
2
360
1
17841
51485
7
48
152
254
41
226
4076
2
15
232
755
6
6155
1
1921
4
71
1894
817
5
790
964
72
51486
119
5
1590
46
207
66
99
72
3984
4
5
51487
62
26279
6206
72
8717
2
26
6727
926
412
71
23
5
19811
4
10816
2675
26
7166
80
27
832
20541
162
538
922
62
6268
26
51488
23
194
6
0
2612
23
13
1161
7
27
1228
3
1789
3998


