258
8182
49156
17825
23
49157
61
6412
61
369
7907
58
642
2876
982
14
635
9923
14026
515
3469
23
14
8324
20798
27
119
12863
18977
35671
47
13
24
485
37
33
1116
5
19248
218
24
929
76
3088
1009
185
207
4896
64
358
7427
159
34
4545
27
43075
33433
37
485
288
319
91
2021
91
24
43585
5
926
750
49158
262
331
396
2057
709
2349
104
704
27
628
1019
215
149
2472
13
1018
2210
183
510
13
532
14
3600
27
331
521
159
34
522
42122
1009
262
119
9923
14026
35671
47
13
24
33
1116
57
43075
33433
37
6412
82
655
525
485
288
986
4545
331
396
105
124
13266
61
45880
9
1647
45660
5
6208
4305
1009
331
61
926
359
27
842
58
43927
1145
525
1116
34
14
2347
146
61
24
3088
9923
14026
1764
18
33433
37
533
9
2922
10413
13
525
8324
20798
27
119
6412
25347
5
4591
3789
5
642
288
289
91
14
125
5663
5
49159
65
5683
34
355
13
6517
24
2655
1222
4995
27
1307
355
17961
24
2729
18977
61
183
2285
13
10414
24
351
5
49157
642
2876
183
982
27
4716
8895
23
24
351
638
45
1019
183
149
9683
34
24
18977
13
107
1745
5
99
7199
5369
23
24
11202
27
49160
49161
598
185
1002
262
331
419
1092
262
251
10463
635
9923
14026
149
7513
12310
159
61
37804
9831
24
10883
57
49162
27
331
25210
262
24347
4151
515
215
149
5993
13
4192
449
642
2882
24
9923
14026
11727
3079
262
49160
49161
648
24
2882
57
24
9923
14026
149
1092
49163
262
43075
33433
69
324
71
330
24
2655
331
2057
709
2349
104
704
331
1843
1002
12804
61
24347
61
717
262
331
7961
13
4192
515
49157
642
2876
5
1745
14
9923
14026
27
3520
2510
183
149
9440
9
183
149
2765
2358
27
331
31796
49164
2
24
49159
750
11613
262
331
1307
723
278
14
18977
133
23
11276
10823
3581
1030
237
61
515
37
14
124
471
5075
27
331
691
728
24
1022
610
600
2391
34
23
4751
597
9
13
850
1222
24
2655
87
22458
49165
27
331
8362
607
1348
723
444
334
2655
515
29186
89
14
11202
61
610
825
8065
183
5
3051
183
27
331
162
237
501
358
638
45
1761
13
8065
24
2655
5
808
49164
1520
24
9923
14026
2290
278
105
29189
27
331
2906
57
1508
2609
825
45
1686
29189
34
18
14
506
61
1347
3400
358
728
6534
24
4751
27
331
808
49164
1520
215
1436
24
4948
829
13
6457
24
2655
5
330
183
149
14
3027
1206
13
8895
27
17825
377
358
696
719
49166
484
23
24
351
40
45
9923
14163
27
34580
24
6457
262
6412
25347
5
4591
3789
2230
31796
49164
69
324
71
1520
215
4169
3319
24
2655
149
24
700
1017
13
1018
13
2648
7908
246
6412
25347
5
4591
3789
65
49157
1707
5683
13
6517
24
2655
1222
4995
246
4592
14026
149
17961
91
642
5
64
183
978
13
1488
61
948
2876
183
982
246
49167
369
4598
4173
23
24
351
40
9923
14163
369
244


