119
3052
345
55350
24
35844
5
1159
57
3203
34373
61
10496
5
17754
258
18301
18302
261
262
48890
264
61
1656
3094
1268
268
269
262
55351
264
61
1656
3094
1268
543
14272
9
8271
48242
1030
1508
61
703
3603
369
539
13
278
1155
5108
13690
13
42422
1347
24
55352
1267
27
55353
9
47
3671
4255
24885
5
29666
29809
13492
2072
24
1651
37
4420
47
64
358
16912
1339
122
54533
23
24
990
104
55354
1385
61
438
8658
27
37047
1565
55355
1579
18341
5
3052
345
37
55354
1385
5594
47
34
24
55
227
1541
13
1399
185
24
316
257
3645
824
27
119
1385
37
55356
61
990
5
1563
288
24
6409
13
24
5265
2
24
139
237
2010
5
1656
3094
27
3671
4255
7901
13232
55357
55358
23
14
42859
18865
23
24
17645
104
55354
1385
1671
119
316
257
836
65
43
61
2282
5
272
24
3317
13
1431
33
23
227
5
980
23
603
76
3645
27
999
57
24
2704
3645
815
3029
91
365
55355
1579
18341
5
24
3052
345
61
24
4581
1039
47
13
4846
19973
57
3645
5
41017
172
61
19347
61
82
9
55359
61
27461
5
18572
27
543
172
1046
61
1578
1536
14101
61
1449
61
2795
5
4162
183
149
14
1189
3615
34
39292
27
618
24
4896
57
1750
2010
3094
61
24
17645
6359
908
3671
4255
3645
7901
13232
55357
5
525
2412
3189
634
27
579
517
14
3645
4305
3305
670
76
2870
27159
17225
502
126
25326
76
525
28170
4008
5
30839
27
579
16887
23
14
47752
18865
23
24
17645
104
55354
1385
37
17645
64
1873
10130
5
1347
510
398
23
24
38233
5512
167
24
14272
5
4968
27
1007
4239
64
358
3991
24
4968
5
14272
13
2995
24
4896
11734
23
24
17645
55360
5
55361
29809
13492
2035
104
55354
1385
1671
27
691
55362
122
4264
76
55363
61
7378
61
55364
5
28421
128
251
27505
23
14
49089
55365
9
4255
3351
23444
14
3645
670
185
1686
34
1560
104
14
2220
18216
23
24
17645
104
55354
1385
31399
29809
13492
2035
4381
14244
64
758
64
1578
55366
185
24
990
1348
24
14272
149
104
16585
27
55360
5
55361
61
24
13492
55367
122
4264
76
27159
17225
61
55363
61
7378
61
55364
5
28421
128
64
358
2035
23
918
57
334
55368
1651
57
3645
55369
27
28353
12930
1802
133
23
49089
55365
9
4255
28392
1185
10394
55370
13
20681
5
1812
185
24
3645
40908
185
24
2758
172
19973
27
40670
3645
55371
6492
288
663
12284
34
1560
101
55372
13
151
13551
2
3027
14272
27
36768
55373
61
55354
37
37060
4697
2008
330
262
331
187
37
100
2236
5052
61
610
369
818
6028
76
24
1456
133
5
24
3615
10335
57
24
836
27
331
55354
87
24
2829
7306
34
14
3645
19705
76
24
186
2240
5470
5
3371
3098
16138
13
442
1481
24
348
5
444
308
89
24
3645
7645
27
331
40670
3645
55371
6492
369
12284
34
1560
101
55372
13
151
13551
2
3027
14272
1671
251
29809
5272
87
4105
64
926
39116
14
4381
4239
23
918
57
334
55368
1651
57
3645
55369
1843
5272
3713
445
525
24441
17225
64
926
39116
23
14
2642
4332
119
1651
1039
14
3490
57
635
2282
28645
133
23
3645
9
4255
26244
5
1533
3355
19668
129
2422
183
2
24
55
227
1145
55374
8685
55375
51299
2
1264
9016
55376
143
55377
330
262
331
1447
99
100
14
2508
2545
7645
64
421
99
105
14
2508
227
167
24
5097
61
1579
100
14
1189
562
151
19965
5
1645
185
2368
27
331
119
3052
345
99
100
2508
5
821
680
185
759
703
218
24
4968
5
14272
27
331
119
316
257
55378
65
3645
11105
14
3317
13
2679
24
172
5
2240
11943
36797
3520
39191
61
502
87
3098
641
2778
4824
61
91
186
1625
5600
3494
55379
5
850
2865
172
23
24
7306
57
24
12179
20559
1385
27
55355
187
37
18341
87
334
3103
3645
815
1565
1893
23
5919
27
25438
5
39770
16327
3645
17650
5
815
23
8658
5
1853
5919
27
1007
3991
24
4968
5
14272
13
2995
24
4896
11734
23
24
17645
104
55354
1385
1671
18341
28392
5
55380
185
1686
1339
14
47752
104
55354
1385
69
16919
71
655
14
7184
5272
55381
24
39291
257
69
16920
71
1007
3991
24
4968
5
14272
13
2995
3645
3671
7901
13232
55357
5056
1671
18341
43
37
28489
5
418
6072
5
17629
369
9228
47
185
1686
34
1560
75
14
8276
2992
1671
251
3009
27505
76
14
18070
35838
2228
1145
525
4008
216
133
14
1861
34
2146
104
14
2758
18216
1339
14
47752
251
3645
6009
7673
1410
1579
513
1462
13
14
41017
35480
47
2956
5
15430
17631
2886
23
14
18070
501
18341
55382
349
23447
15338
5
2216
3362
288
47
34
1560
61
64
758
64
16806
55383
246
55355
187
37
18341
815
1565
4093
4581
104
3052
2656
2930
55354
1385
237
4581
246
49894
19973
57
41017
172
61
55371
61
27461
5
18572
18865
1339
55372
246
55384
3615
4128
172
1046
61
1578
1536
14101
61
1449
61
2795
61
761
4162
5
29809
246
119
3052
345
55350
24
35844
5
1159
57
3203
34373
61
10496
5
17754


