6820
14463
37
7122
57
21038
278
404
23
2572
6927
9968
481
23154
61
791
1146
346
32
5869
20783
5
3607
23155
2434
3022
11828
8187
1731
122
4967
23
24
20444
4521
2904
7731
6927
27
14463
37
10081
87
5532
24
836
104
1741
2916
10112
2
1072
265
9
4504
5
24
1146
346
32
99
100
14
4396
7852
23
14022
14
908
9
415
1698
61
129
825
19102
34
14
5398
4289
57
1389
23156
61
334
5547
57
666
1299
1300
2
35
506
27
8187
157
24
18977
133
57
24
8986
185
24
230
257
57
24
15516
104
23157
3052
61
663
4043
215
516
19102
23
24
23158
23159
3271
104
23160
24
632
484
27
6820
14463
1789
13
12950
405
57
15500
37
2511
3376
13
1550
398
23
24
20444
4521
2904
7731
6927
842
24
6659
57
23154
5
20783
1506
24
11944
825
2457
360
110
129
278
100
1146
346
32
9
14463
61
20783
61
23154
61
23161
23162
5
3325
23163
9
5
533
4396
6844
23
14463
61
23162
61
23154
61
5883
10917
61
23164
3227
61
23165
15854
61
2465
22055
5
8457
3379
23166
27
23155
2434
50
10917
330
262
331
6820
99
31
23
14
1842
57
9231
5
183
37
14
9735
13
24
175
12416
6820
87
184
515
183
37
2050
13
107
24
16191
1698
34
14
402
227
27
331
187
37
14
80
841
34
24
5828
16747
13
278
1155
14
11944
185
32
57
24
512
15500
10715
23
24
1146
27
331
628
278
600
1545
13
81
24
7731
6927
40
278
45
1789
13
2502
758
23
183
515
1502
27
6984
361
33
104
1741
2916
10112
628
825
278
14
1646
632
237
506
27
331
5869
20783
87
32
3022
129
14463
1789
13
12950
13
1550
398
23
54
17366
11944
20783
61
129
35
2469
23
24
7731
6927
23
4399
61
330
262
331
1003
10108
5
838
278
100
3431
226
5
226
970
5
628
1835
1634
821
841
449
14
80
2157
57
15500
206
27
331
119
7731
6927
825
107
14
124
398
57
515
5
628
1835
537
2237
13
2505
1741
2916
10112
5
405
2236
331
2033
276
331
2383
15500
9
628
1019
24
2383
15500
5825
825
1358
14
1842
13
24
836
5
183
37
537
1030
183
37
2050
13
107
14
2508
632
27
331
23154
359
262
331
1447
87
611
14
692
1634
449
237
506
37
7731
6927
5
628
1019
6820
99
456
14
2508
1086
13
444
1155
14
2508
1698
34
24
836
5
13
5408
14
2236
4369
10335
449
24
11944
27
331
119
1992
57
24
2510
1506
515
15352
5816
825
107
3373
13
11913
14
257
61
637
15777
23167
5574
825
107
18865
27
2572
6927
9968
481
23154
825
840
13
2468
185
54
15516
3368
104
24
20444
4521
6927
246
6820
14463
99
1789
13
12950
405
175
9
499
22779
13
1550
398
23
24
20444
4521
2904
7731
6927
23
1072
246
481
23154
61
5869
20783
5
11828
8187
369
704
2933
23
24
6927
246
23155
2434
50
5883
10917
3990
14463
34
14022
24
3376


