144
789
6892
293
16
30643
138
1
918
484
190
291
287
16
24815
138
1
918
484
190
65
10351
1888
763
1687
14
36
58
2280
552
1780
90
5672
5
290
6
608
3
193
20
6277
1
5
365
310
397
2
4514
7984
1
896
1
10
35
472
30644
4
27
9193
14
36
58
343
552
865
12
16124
5000
2
101
943
598
24816
4
316
643
910
43
553
7
27
462
77
0
82
2
4514
7984
1
38
10
856
11
5
2494
6
903
82
1
10
8
472
11567
8
3
125
1562
1
480
91
7
4
55
6
1601
433
462
150
1870
135
4
1601
433
2771
35
1552
42172
3
185
7984
4
586
27
142
11
0
419
1
22
5
8755
1805
1622
6
27
520
2
57
5515
849
3328
1
28255
3021
1
8200
597
9
3108
4
37
35
11647
9
42173
3471
31
0
7750
2
7984
10
856
11
5
2494
6
903
82
20
3779
904
372
7
600
39
91
1025
6
4594
6088
12197
1
5
943
5032
2
15
642
9
7911
22989
5759
5
2137
1537
69
0
1278
47
2916
340
1869
23
36
1477
162
5
1247
7
14476
12
0
152
3
5
272
9
877
16261
17
5
427
2
7984
1
761
1601
433
744
43
1440
3
82
6
2816
762
1
34
40
553
17
462
3256
11
835
82
114
6
5
4964
14777
2
294
27
1601
349
13360
7
0
347
90
0
466
1
36
1687
763
36
76
32
5
2463
2
96
78
64
841
910
38
8600
27
20
102
36
34
5
35
769
18150
4
2802
30144
2
96
763
14
36
10
5
2463
3
605
4
54
132
58
35
3465
16534
2
360
1
0
3399
841
481
732
3
1016
0
597
17
1601
433
910
553
7
27
520
4
2756
92
34
40
35
100
3089
42174
3
888
62
216
447
2
30645
20
6277
16
6088
12197
10
1898
3
193
7
5
1247
39
7984
10
867
3
1065
456
7984
61
78
286
481
36
10
35
19678
30646
4
10
159
3
1797
888
62
552
1162
2
96
22
36
735
3
32
2710
49
2
1722
230
192
36
78
5
11816
14
35
452
75
43
2535
549
27
23048
1453
14
35
125
6
88
43
30647
1
125
592
94
12
75
1
125
84
41
109
30648
2
997
261
6174
36
10
867
3
505
3
27
1589
4
10
1588
31
5
35
102
520
24817
2
380
409
598
1
499
85
5
215
90
0
7821
47
1022
466
1
7984
78
5
1601
433
1941
36
171
41
32
140
108
75
114
36
404
3
922
88
2
96
22
36
34
849
2650
274
132
4
3278
469
3
764
184
28
75
12
0
1004
2
8422
1
0
102
520
174
35
42175
7984
28
97
462
64
347
192
56
92
10
530
27
641
34
882
10897
2
15
1805
3029
2756
14
48
738
36
10
41
91
35
9356
29489
2
57
2460
0
4220
1972
6
24816
4
0
2002
6
767
3
154
0
667
7
27
462
2
238
3935
11816
553
7
0
368
1185
894
10
603
6
3530
4
462
1329
35
4855
1839
5497
42176
2
221
10
35
100
15910
462
42177
2257
49
23
27
641
13360
30649
1
22
0
365
1
50
107
41
540
156
6
0
15407
2
12121
16
7984
10
78
36
392
1850
5
2494
6
903
82
7
1034
56
36
10
1311
20
3779
904
372
53
137
51
7984
10
2751
3
23
35
401
42178
7
0
42179
365
1458
31
1953
42180
24818
1
5
1113
781
6
1430
949
2
35
8674
692
5
305
63
401
4362
1
45
5078
34
0
412
42181
21
22
2
1953
24818
3168
0
1794
6
851
3256
4
116
793
4985
2
1100
21
116
25
536
14
7984
10
1497
11
6088
47
193
1
21
2756
16
35
96
78
169
3256
6
27
1976
14
36
10
159
3
1797
552
2
35
42182
116
31
88
107
41
2917
5
232
755
6
759
6
48
42183
7984
78
1953
24818
36
809
75
35
107
41
3297
62
154
27
28265
4
14
36
35
348
3
32
2710
49
23
36
10
4153
14
36
445
2280
42184
2
7984
22
35
1421
42185
213
7
0
152
6
2246
0
185
36
735
4
36
10
300
482
30650
2
5394
11066
1
782
1074
6
3410
14476
4
407
12085
798
3110
2313
1
22
684
34
40
204
3
7815
0
4985
2
35
104
7909
14
136
451
3
401
7984
171
29
40
194
21068
26
4514
7984
8
472
11567
8
3
125
3256
26
7984
10
856
11
5
2494
6
903
82
11
4589
343
26
13195
809
36
10
41
9356
3
62
204
1753


