144
1432
10764
293
16
29701
138
1
485
359
526
291
287
16
40184
138
1
485
359
526
13546
29
881
37
4107
14519
50
11481
40185
3
8
3138
109
5
20608
8
9
705
3
0
3934
157
7
0
9350
523
3094
611
24203
2
15
2425
9
2576
40186
1
180
8769
12555
1
1828
5
9190
3035
3934
14
20427
4882
24204
6
8420
1
29702
875
455
182
0
3651
20
3158
6
49
3
870
1606
53
414
20609
51
2
15
3934
571
13
0
87
7
0
172
3
1384
37
18138
9
5
721
1084
6
20113
9
3927
31
37
3035
4264
1
50
13977
7
381
123
6480
25
55
0
99
6
0
4093
2
297
94
11
167
15
8769
12555
1
137
1
73
6917
3
67
85
5849
1057
1
4290
11
37
889
1
4
0
4093
18
1361
13
2672
31
619
4134
3
18139
162
97
259
15522
2
15
4093
13
15404
319
0
700
18
18140
3
8696
0
4093
18141
16
40187
40188
8420
16
40189
10098
5459
77
381
16
3332
3
608
1606
53
903
2288
1239
13363
51
5459
182
381
16
3332
3
870
1606
53
414
2288
1239
13363
51
14771
2765
71
16
1205
379
29703
4770
16
3332
3
29704
1057
53
775
736
51
40190
16
4468
240
10490
29705
240
10490
414
240
16303
16
3699
3985
40191
7
381
16
802
3985
40192
16
1541
1
5167
1
2547
1
1211
1
3186
1
599
1
16304
4
24205
57
73
6917
3
67
85
5849
1057
9
0
3337
4770
11
14772
8144
9
4
73
4290
11
37
889
2
15
4093
18
1361
13
2672
31
619
4134
14
18139
162
97
259
15522
2
57
13
15404
319
0
700
18
18140
3
8696
0
4093
1
119
37
16221
1140
19382
875
6
785
10991
1
4770
1
381
2974
4
1361
2
15
3043
797
2150
20
72
17399
53
201
24206
51
45
4686
73
1125
472
1548
11
5
235
6
0
908
54
14
496
17
5
721
20610
4
276
2
15
12457
1977
13
0
24207
6
29706
428
7
40193
1
1089
2
3506
587
3775
0
8769
12555
23
0
8
5263
28001
6
2591
1
14773
2336
4
1595
4373
8
2
8
20611
17658
1
18142
624
62
7187
3871
182
381
9
25
18
80
686
17
5
8769
2
8
57
18
98
882
686
3
356
162
0
381
109
5
20608
1
1346
12
0
1491
62
20
4770
2
8
15
3035
24208
571
7
0
8769
12555
1
137
1
30
40
18143
4
1828
37
24209
9
4264
17
5
3543
831
18138
7
5
3934
4281
2
57
926
12
0
6080
6
381
29707
2
7012
13
14774
7
31
0
2131
20612
18138
4
680
55
7
0
3934
4281
182
232
906
4087
381
1
0
8769
12555
73
1499
3158
6
49
3
608
1606
53
903
2288
1239
13363
51
1
4
49
3
870
1606
53
414
2288
1239
13363
51
182
381
2
57
4624
3699
3985
4
30
5
802
3985
24210
7
0
381
2
57
13
720
7
925
1
5167
1
2547
1
137
1
1211
1
3186
1
599
1
16304
4
24205
15
8769
12555
13
705
3
0
4107
3934
214
7
0
9350
523
3094
611
1
24203
1
137
1
3766
4610
18144
8
15
8769
2010
80
9
726
232
9
1124
2
139
13
114
97
29708
1705
1727
25
6432
20411
7
0
381
2
8
29709
4
7187
76
74
32
2514
9
25
18
80
617
31
10957
212
265
730
2
20613
118
914
906
4
0
8769
46
24211
2212
3
6917
1
130
4
1977
17598
515
17
785
4
3447
2
15
3035
24208
571
30
40
18143
4
1828
37
24209
9
4264
17
5
3543
831
18138
7
5
3934
4281
2
15
3043
797
6
0
8769
12555
28
24212
1
137
1
2150
20
72
17399
53
201
24206
51
45
4686
73
1125
472
1548
11
5
235
6
0
908
54
14
496
17
5
721
20610
4
276
1036
7246
24212
61
1380
5
8769
40194
7851
1373
6
97
3934
1
137
1
50
13
1314
3985
1
9666
3158
6
49
3
406
1606
53
316
20609
51
748
381
4
30
5
794
6
29710
24204
2
139
2397
797
964
72
10976
53
201
40195
51
57
926
12
0
6080
6
381
29707
113
381
13
14774
7
31
0
2131
20612
18138
4
680
55
7
0
3934
4281
182
232
906
2
8
139
721
5539
817
14
97
3035
24208
571
13
2555
56
25
496
3
1221
2909
11
232
9
1124
381
1633
1
8
921
29706
2
4087
381
1
0
8769
12555
73
1499
3158
6
49
3
608
1606
53
903
2288
1239
13363
51
1
4
49
3
870
1606
53
414
2288
1239
13363
51
182
381
2
57
4624
14775
4401
53
3699
3985
51
4
30
5
834
4401
53
802
3985
51
24210
7
0
381
2
57
13
720
7
925
1
5167
1
2547
1
1211
1
3186
1
599
1
16304
4
24205
2
24212
22
16
8
29709
4
7187
76
74
32
2514
9
25
18
80
617
31
10957
212
265
730
2
20613
118
914
906
4
0
8769
46
24211
2212
3
6917
1
130
4
1977
17598
515
17
785
4
3447
8
523
3094
3478
29
5
683
6
4107
1633
1
173
0
7886
40196
1
137
1
1890
7
5119
3094
611
15
24213
3814
23025
4272
26
15
8769
12555
73
6917
3
67
85
5849
1057
4
4290
11
37
889
26
3506
1361
13
2672
31
619
4134
14
18139
162
0
4093
18
15522
26
15
8769
13
15404
319
0
700
18
18140
3
8696
0
4093
26
10685
19382
875
6
785
10991
1
4770
1
2974
4
1361
26
20614
797
964
72
17399
53
201
24206
51
4
20427
4882
24204
6
8420
26
57
13
705
3
0
4107
3934
157
7
0
523
3094
611
24203


