3049
29
115
0
87
2058
6
837
2261
14
19745
3
1177
81
149
4
4865
77
5
1198
403
1
40156
5
8
1451
4319
8
14
76
177
277
9348
6846
72
10976
2
3702
29
40
15753
5
17156
1587
7
5
4767
4167
12
0
7446
6
9200
1
7
0
16299
1
521
3
29
40
7145
55
56
0
11618
2580
3
0
640
2
191
39
105
230
6
19603
0
972
11
5951
1
44
29
1085
9742
10988
6
1988
50
277
29
5
989
13542
1368
4
12409
6110
232
6437
6
4645
9
536
1943
14
25
224
28
837
2
297
94
11
167
13443
40157
1
38
531
0
10600
28
16299
3731
422
7
488
262
0
862
1
22
14
2844
10988
6
0
10989
29
40
12393
28
0
972
9
1372
29687
2097
5130
6
4538
16
380
377
1
8144
3414
0
2872
3623
0
972
11
6437
6
837
2261
45
7134
3207
1258
1
687
125
1638
5225
458
0
1587
10
5654
2725
31
5
1442
6
1840
4204
3702
22
0
10989
14
93
5
17156
1587
7
5
4767
4167
12
0
7446
6
9200
1
7
0
16299
1
3936
140
1795
6750
4
5909
2622
948
7
10280
1395
2058
6
5
18136
33
4359
7
5
9758
7
29688
39
91
3443
28
339
2097
29689
7
0
9200
1252
2
65
943
6
2844
2058
29
40
696
11
3425
3
0
1596
7
29688
29690
29
309
3
1032
12
40158
2
40159
1
5
1198
587
11
9476
7277
2
1398
2058
43
24190
140
9200
1
113
67
85
1803
43
900
23
0
10989
40160
9346
2
238
2130
348
11
140
72
10976
11
5
501
1442
1
119
216
1031
542
2058
11
72
485
277
2
6996
6
5
1381
339
9200
3414
0
19812
1777
1
6505
7614
44
2183
58
2136
3
32
0
541
551
2
89
41
80
43
1309
3
1380
2
8
24
46
402
25
2
3778
1380
25
218
24
107
74
29
5
2411
2341
90
1
86
459
454
98
218
8
5
211
7
5
2381
40161
3355
4
2025
2826
1
9674
5
501
588
29691
1
78
349
1402
40162
2
5064
6470
75
43
900
56
0
10989
3342
162
0
1177
18
3131
20
5
1361
6
29692
1606
12
437
1
7115
55
0
3226
6
13537
979
4
2037
4
4464
140
1795
1170
2
15
4204
7090
1552
5
3089
4
3096
312
12
0
5920
403
50
30
5
1390
6
40163
341
45
1956
5326
162
97
1777
23
0
3071
748
7458
49
17
5
28062
6291
2
380
377
1
8144
3414
0
2872
3623
0
972
11
6437
6
837
2261
45
7134
3207
1258
1
687
125
1638
5225
458
0
1587
10
5654
2725
31
5
1442
6
1840
4204
2
6241
49
3
72
10976
16
982
1929
10988
33
22
3
32
4123
4
125
33
369
91
9351
478
39
44
43
115
339
2097
29689
7
0
9200
1252
6
1304
15752
16
5064
6470
75
43
900
56
0
10989
3342
162
0
1177
18
3131
20
5
1361
6
29692
1606
40164
16
24191
28
0
20605
17
1177
18
3820
663
1
0
837
2261
4865
22744
724
748
0
1198
704
6
9200
294
25
6109
162
0
3071
1
0
17156
1456
9877
6
837
2261
29693
0
663
515
6
25
1
2320
0
4239
3678
14
1413
25
4865
7
5
11618
5467
197
542
4
1903
724
748
0
640
20
140
24192
487
71
12
437
2
1100
125
4204
865
3
3883
1
35
10114
49
5
13543
6
972
1
381
4
29694
4
2320
5
29695
9
1456
24193
1
0
1038
7
1137
5104
10
882
601
31
40165
803
31
0
10989
1949
0
2685
6306
4
123
20393
2
40166
28
140
0
172
46
32
1912
3
124
1126
6
5
1442
2
5831
771
2160
22598
13
5
2734
18137
2
101
436
5
870
7
1442
6
0
40167
18136
115
7
24194
7
6067
786
7
155
331
11
201
40168
53
72
40169
29
61
310
14
0
10989
76
29
312
255
2760
112
25
34
312
20
5
2731
410
71
6
132
2
3408
863
16
15
5830
496
5
132
39
0
14767
180
12
0
172
18
148
2131
1142
3
12554
1682
1128
4
2015
2909
3
5031
10281
4
29696
14
10634
1177
2843
22
14
56
21
10989
2794
0
3131
1
25
4865
17
0
794
6
5
3641
1998
2
15
5830
1
428
12
37
3425
6
0
3883
18
24195
1
496
5
132
39
0
14767
180
12
0
172
18
148
2131
1142
3
12554
1682
1128
4
2015
2909
3
5031
10281
4
29696
14
10634
1177
2
8
2242
6
1259
12
1177
1
75
171
32
2320
5
2146
571
6
4937
1480
1
8
4178
40170
40171
1
5
373
16300
6
519
7254
3408
4
1468
6
0
1198
1607
3882
6167
2892
2
52
2033
0
631
1
1304
4
1044
3
1428
1244
3
1014
37
6709
9
16301
3239
8325
1
1869
48
10
416
67
6031
14
0
513
4177
6
5
846
9
428
393
10089
1480
571
3646
20
40172
1150
28
10990
1585
2
2797
9585
20228
29697
116
536
1304
46
667
37
708
1221
11
199
5
356
2
8
24
29
369
2392
6
0
252
11
37
708
5704
3646
20
2320
37
390
1869
571
14
58
61
1695
40173
3330
28
627
12486
373
3
0
1177
1
8
21
22
2
8
40174
392
1014
5
571
3
2917
4
40175
3330
14
3006
5
2463
3
0
1177
2
8
15
2885
7
0
16299
9
50
531
3
1038
3
1297
6
2063
28
5
851
24196
837
11618
14
34
0
794
6
5
3641
2498
9
10
5
2115
9
49
448
3
0
172
1
50
13
41
1309
3
4141
17
0
1350
1
21
763
2
40176
9
49
448
16
3702
22
4937
190
20606
171
1221
4089
3
147
386
3
1014
5
1869
571
14436
16
6015
192
22
14
112
37
390
1869
571
34
40
7
242
1
1304
58
29
40
344
3
2339
11
0
6536
601
31
4937
4204
8
1304
4
108
753
1142
84
29
5
571
6
837
4540
4
742
1
45
25
13
3804
24197
991
4540
9946
56
5201
206
226
12486
373
3
837
13369
1
8
21
22
2
15
1185
4810
10
8
41
1136
11
111
2689
3
1342
45
3299
744
7
5829
8
2
52
180
12
708
335
3
2056
42
1916
386
969
6
8
19397
49
765
3364
7
837
1
3646
118
20
10637
136
2960
18
24198
8
2
29697
2303
0
610
48
776
358
58
143
8
694
181
6
67
650
1157
4
233
2026
0
837
13544
8
2
221
33
125
14768
837
4600
12
13545
18
874
6
8
2846
19321
10281
8
9
602
169
109
0
54
14
1519
9200
43
41
4907
7
5829
2
9200
1
13537
724
1653
6
3549
4
373
3
0
14769
1835
1
175
0
29698
6
0
1525
15
631
9
428
40177
3110
1
50
1358
13545
4864
1
22
437
18
373
9967
990
3
5
2115
9
49
448
2
8
1213
0
341
10281
23
670
23
62
2006
85
190
20606
1
60
29
118
4907
499
85
1688
1
8
22
0
2747
2
20607
43
397
15753
4767
2097
29687
11
16302
6
0
18136
14
1519
12
437
17
64
24199
24200
1
23
4274
1296
910
2853
49
0
1038
28
1175
1906
1
2837
13440
4
40178
1038
3
2063
2
895
14767
1449
2396
40179
180
11
5
2146
631
1
1198
4
2278
5704
2
8
104
46
1474
29
5
252
3
1014
339
9
3883
3656
1
17
4238
1
4337
23733
1
8
21
22
2
40180
16
1188
2447
3
147
7
9200
1
1304
1
306
110
8501
109
37
2506
1
408
5
3039
914
4
123
809
5
14770
56
5
10989
12497
357
0
3071
748
88
3531
1457
22
44
3624
4202
3330
7
0
3071
6
0
9200
4
40181
5769
8
6654
0
11709
445
163
282
14
60
73
158
934
3641
2015
69
5546
2
57
13
3418
3
24201
25
98
2
57
13
5
978
6
11709
1
60
252
3
1313
55
110
1026
3
32
617
3
5297
199
29699
1
10281
1
3
6620
88
627
1
3
586
42
29700
1
3
5031
88
2
982
33
7949
11
8990
4
4392
2
8
9402
5895
40182
40183
5131
16
8
57
13
232
71
3
1014
5
1379
708
528
11
4540
4
4760
3
1492
2659
28
837
2
8
15
5525
171
1014
5
721
2892
647
97
3989
3
24202
1916
2
8
281
0
18136
34
312
20
5
410
71
6
132
1
25
76
29
1519
0
255
17
3096
4783
26
3702
29
40
15753
17156
1587
7
5
4767
4167
339
9200
26
7035
29
13542
1368
4
12409
6110
232
6437
6
4645
26
871
1909
29
2164
112
1587
10
882
116
31
18136


