144
2817
13451
293
16
35269
138
1
802
417
151
291
287
16
56911
138
1
802
417
151
563
5619
431
130
15581
430
23
5
7351
90
13376
37
20845
9
83
130
3
193
4
18334
59
6
72
2933
2
509
8402
1
3643
9
5
6682
427
6
19
583
9
13041
5
599
4613
5705
17
1072
4164
615
7
25
3
4051
7
1604
11
26149
4605
5752
20
19
102
7
3604
338
1
90
29408
12
0
4520
3818
56
21
945
28
5
1677
919
2
8402
3342
55
6
5
13621
2065
7
19
18644
12243
4
1017
68
5752
140
0
251
17
5
5139
27310
1
123
3122
27131
6
1357
28
0
3818
18
9423
4
93
59
3
1530
2
56912
16
25010
431
130
509
8402
1
93
1
15581
430
23
5
7351
3
4051
7
1604
11
26149
4605
5752
1
7514
1
20
19
102
7
3604
338
10673
22196
700
68
5752
1
38
960
1054
4
10
562
23
5
8
14063
1805
20920
8
1
13
273
3
29
20193
1054
11
49
3
64
230
90
2835
6
19
579
2
15
3818
10
330
3
1256
670
3508
6
1357
12
19
447
2
203
5942
31
5
3111
103
77
5
149
192
1047
69
19
72
6696
2335
7
29625
1
339
11696
1
3604
338
4
115
0
2524
130
47
265
7
0
2137
1
3897
31
19
30269
1677
4346
2
2614
38
192
432
8402
658
21
34
1886
617
5619
1396
11
68
5752
1
38
34
6682
59
511
3
355
59
5
5471
207
6
4669
3
19
260
2
15
1693
9
5
21754
56913
38
34
6934
7221
9
192
1327
19
583
47
2308
17
7890
6408
6
19
1493
2
8402
1
6
56914
1
56915
1
3375
1
13
1418
142
7
1034
39
2703
466
12
0
87
132
6
19
644
20
338
904
372
397
2
8
35354
15206
8
16
26577
68
5752
1
38
960
1054
20
19
260
339
11696
1
13
273
3
29
20193
2835
11
49
3
64
230
39
0
343
5650
16
203
2901
12
5
3111
9
103
658
68
5752
18
265
7
0
2137
6
19
102
67
85
5
149
39
0
343
12
436
441
1485
509
35719
78
8402
16
8
308
692
14
68
5752
10
37
1472
1649
4
66
157
212
3729
6
68
5752
18
9107
3
951
212
4114
2
8
1100
66
33
472
18009
82
1676
4
5267
1115
1
66
756
14
66
735
3
56916
59
2
15
1038
66
601
392
29
40
4444
3
66
20
0
71
2
8
249
66
93
21
10
1733
4
66
692
14
28
0
2685
6
19
4110
45
66
107
74
84
711
2
15
725
14
66
1327
19
2308
10
1787
12503
358
11
19
2308
4
11
59
1
8
0
891
22
2
1485
21399
35719
8
1188
6
68
5752
18
512
171
32
3543
4
4900
2
52
6682
66
4
66
3080
14
1193
7
0
148
4303
4
14091
152
1
8
21
176
2
2086
0
186
10
78
129
68
5752
10
7001
11
91
5
130
6
5277
1007
4
4214
3810
2
52
34
960
1054
150
19
632
227
35720
1
8959
1
10
490
3
5
3831
102
1029
28
5832
18
1324
2
52
10
61
168
9
330
11
1444
670
27131
6
1357
17
59
1
4
34
4704
9979
3
210
19
279
7
0
1276
2
8402
649
68
5752
20
0
462
102
113
35720
10
2412
4
492
5
10012
5991
3
19
260
39
7830
3
84
5619
1396
1
0
186
306
2
5304
2258
27311
3597
22
16
8
249
0
3308
34
279
1
21
58
32
15874
3
11414
25
184
2
8
52
34
5
656
12
0
243
1
1853
7
3284
4
533
45
21
10
769
6
279
4
735
3
503
6533
4
147
266
38
34
40
500
147
11
59
2
52
10
769
6
279
4
21
692
14
4606
5752
1091
2696
17
59
2
8
52
273
21
58
5080
3
124
59
55
6
14
1316
3009
1167
2
57
10
2694
650
3
1202
19
2293
4
12243
430
2
8
14104
16
68
5752
1
7514
1
34
6682
8402
17
5
5471
207
6
4669
3
19
102
15
358
175
242
12
436
441
81
70
1
39
68
5752
2065
49
7
19
2826
4
35721
4
7505
5
971
3
165
3
19
1545
4124
90
3918
49
19
2707
2
294
21
93
8402
10
1559
28
19
56917
195
4
157
0
5471
4669
3
716
430
69
0
2524
130
47
260
2
52
210
12
19
12243
4
6769
7
5
2137
13621
2
68
5752
1
5
1912
18137
6
27640
4
3978
1
61
29607
0
3380
20
5
487
841
1224
120
19
11324
1
5
186
306
2
68
27311
22
481
58
473
177
59
17
15604
1276
3800
7
19
7627
4
78
59
3
210
7
0
1276
62
8
552
46
312
66
4
154
25
11
66
8
2
26389
919
16
8
56918
1805
8
68
5752
1
38
10
168
330
11
91
12916
574
55
4
1444
1357
12
19
447
1
1082
35722
20
5
487
3689
2798
12
0
132
6
0
343
24333
16
294
0
3818
9
214
7
19
35721
3355
9
10
159
63
19
656
1
8402
10
2197
7
1604
11
59
20
0
102
113
21
960
1054
378
140
56919
1
68
5752
219
5
3689
10825
4
18597
11
35722
90
5
4014
1670
59
49
4
1376
59
103
20
19
102
2
249
21
1477
69
0
2137
1
8402
3342
55
6
0
13621
4
312
59
77
0
251
49
3
231
278
17
0
27310
2
68
5752
47
265
10
658
31
106
12
436
591
2
8470
310
21
239
28
1641
251
579
2
52
556
110
10
562
31
807
23
37
8
6511
15206
8
3
19
3614
23
168
23
5
9776
56920
4
1175
1958
2
68
27311
22
16
8
15
3308
692
68
5752
10
2835
56
21
93
59
2
1754
0
1702
579
4
28
0
1486
7
19
843
1
25
47
5361
14
21
107
141
1530
923
4
392
29
40
2197
92
7772
1733
45
1129
3
356
11
2692
64
230
2
8
8402
10
432
12
436
903
39
19
195
34
40
1148
12
1855
339
68
5752
47
102
12
146
1443
2646
12
0
132
6
0
1003
2
52
22
192
16
8
57
30
40
1159
3
121
14
18163
3
5962
552
55
30
37
3726
3
773
645
1797
2
89
24
107
141
6936
3
922
68
5752
2
8
101
11405
68
509
56921
3597
22
16
8
281
21
34
2457
3
922
21
58
141
29
204
5
5139
7692
2
8
52
34
5
32124
8246
5367
50
10
5
536
5465
7
0
1349
9
49
6
48
2011
9
21
34
1046
10959
3
4433
7
156
520
62
1580
185
2
8
52
47
202
40
6988
241
21
10
5
3520
4674
130
159
63
19
656
7
37
4943
152
2
52
34
5
400
1681
56
21
213
69
2738
2
34205
19
1030
172
58
226
5601
94
2
52
47
9613
2426
4
23875
2
8
101
5
583
1525
565
68
5752
18
25520
1796
562
0
8
56922
8
1029
809
31
0
117
2
8
24
351
170
2055
4
24
351
128
15944
20
278
1
8
21
22
7
0
565
2
8
57
10
128
11544
4
2001
23
24
408
0
5051
6
4605
18
579
2
24
472
107
74
3976
59
94
3
0
21410
794
2
8
24
2080
25
10
5
4104
14
24
76
2115
49
28
2
24
5267
354
21
885
8402
886
34
4150
3
586
0
4370
1
41
79
90
0
193
45
39
2
57
56923
121
14
21
118
490
19
3959
56
0
530
10
11758
127
59
2
8
26
21399
8402
1
3643
1
2065
23
7351
4
6769
7
4605
5752
18
102
26
26577
1
7514
1
34
6682
5619
431
130
17
5471
4669
3
19
260
26
8402
1017
59
63
0
251
17
5139
27310
4
93
59
3
1530
26
13195
56924
162
3818
18
9423
4
3122
72
2933
7
1357
26
8402
3080
2524
130
18
1193
7
8
14091
8
152
1
891
22


