1312
3812
146
1543
15018
481
2072
28854
23
24
2434
76
14
6763
1686
57
2876
4996
54
9262
1543
9506
19220
516
107
1735
57
27
618
496
2290
107
54
230
2504
34
24
7205
2439
61
24
3357
9
2033
185
2984
2
14994
15004
807
3383
705
502
880
13
23179
3271
175
18973
12174
27
1687
396
149
9756
61
144
49326
330
45088
1785
1704
12172
61
1687
119
880
215
149
7138
2919
5
610
288
500
542
628
648
24
2544
516
503
107
2114
76
14
49327
1172
481
57
12174
69
116
71
72
58
79
24
2548
74
2
24
4447
2697
481
1559
2
24
2697
58
9347
3494
105
100
28449
23
24
36934
67
12174
262
12212
608
806
12208
21400
69
3494
5560
331
608
71
61
12204
608
61
12203
608
61
49328
608
806
12211
8910
69
12209
5560
331
608
71
61
12213
21400
61
12207
608
61
31511
608
61
12210
8910
806
2811
608
69
481
5560
331
741
71
12197
45
1129
262
12205
61
5936
61
49329
61
2557
9276
262
481
69
6848
71
1298
29596
2778
331
28854
262
15018
4884
806
8186
608
69
49330
13893
331
71
61
8219
1507
61
4478
608
61
18880
608
806
24531
608
61
24840
8910
61
6649
8910
61
9361
608
806
49331
608
69
45796
3190
331
71
61
11262
608
12197
45
1129
262
20269
61
32635
61
2557
10279
262
9760
2452
15029
262
49332
16378
22318
91
30997
49333
104
42182
1050
16751
89
12259
227
61
23
14
1296
1686
57
22429
61
28854
50
5869
8219
3793
159
9347
3494
23
24
3306
27
4885
105
1193
375
1348
14039
9760
2452
1938
14
4447
61
5
2503
1172
481
9718
8809
24
3444
2
24
2697
3401
76
12174
912
23671
2876
185
74
27
1687
187
149
14
10441
880
13
49334
330
28854
1785
3277
49335
61
1687
40
610
2342
174
76
496
610
1545
61
2863
5
14
1842
57
582
486
2
12174
27
119
1016
2439
87
415
61
122
120
288
3563
61
122
77
20354
703
445
24
8751
104
24
49336
1447
149
709
1862
57
24
11687
57
24
2434
722
20805
34
24
49337
129
4936
28854
912
6922
21099
28820
5
2453
32
3182
57
24
42182
7224
27
119
868
2002
61
349
49338
3345
110
590
13
2934
91
2439
10053
2451
37924
61
298
2431
9766
4982
13
24
19554
32
5
1794
34
24
528
49339
1751
57
840
34
122
83
912
55
188
2535
2432
2434
2137
647
13444
27
12174
2916
3018
9330
2811
69
700
71
4063
14
545
238
185
28854
2448
1543
15018
481
28854
1785
3277
49335
7254
185
2
24
4480
123
24
55
170
1041
12207
57
12174
2916
69
700
71
15413
34
24
233
76
2451
11262
57
28854
28854
2448
15018
481
4327
14
2876
2
12174
37
12207
1704
12172
61
1785
57
12174
9198
76
54
382
2465
783
104
24
42182
1050
12174
2916
37
20281
12213
69
2611
71
14038
28854
37
2557
8186
119
28854
74
149
101
13163
34
822
57
24
2544
40
358
3957
37134
61
705
32
57
122
5193
398
9
227
77
933
122
8967
185
24
1804
27
15018
481
53
1793
49340
4327
61
15971
25893
1041
12207
61
10591
12211
5
1965
12210
23
24
1584
57
14
67
27
119
4094
113
87
343
13
4699
13
426
2439
14994
8262
27
1687
408
3556
603
13
1862
21151
330
49335
61
1687
40
628
3476
215
2290
278
4032
14
2347
49341
12174
3018
2811
69
700
71
15413
34
7997
76
28854
37
2452
24840
28854
37
14762
4478
6256
24
233
1795
74
123
24
169
170
104
24
42182
1050
9347
3494
57
12174
2048
14
4447
58
361
28449
91
5869
8219
69
700
71
57
28854
12174
2237
481
650
445
24
12723
545
185
13
9284
14
35
9
49342
3444
2
24
4447
2697
1543
18880
57
28854
1046
54
49343
104
1751
227
58
54
83
288
3250
14
14996
246
1172
481
726
445
24
12723
13
7596
36934
9
67
4447
3444
246
9347
3494
28449
91
28854
37
5869
8219
23
24
351
246
3271
83
12174
218
13
24
27234
47779
57
24
2432
2434


