203
7
5290
33
3190
11
0
145
6
5
3750
442
14
10
115
2079
363
5
260
12
506
2
15
1037
778
18
655
203
29
443
5
604
6
0
305
290
9
38
30
5
412
251
6
883
9
23
196
6
0
818
2
96
13
521
3
118
32
5
333
269
83
4
10
623
529
506
415
7
22193
1
63
834
724
1171
6
1134
4950
15797
16
139
305
290
10
115
31
888
3417
7
22193
1
5290
1
79
90
11807
12
506
2625
161
5
4677
306
0
442
3417
4
219
55
3
325
27
79
90
11807
1
301
3
2606
1134
2
15
358
2314
7
0
34371
1948
6
34372
18134
18736
1
5
11347
329
339
51562
2
15
442
30
40
12075
2
96
1088
3
32
7
205
433
2
5345
17
597
73
448
106
10009
20
275
9
51563
9
51564
2
4118
16
15
442
10
115
79
90
11807
7
0
34371
1948
6
34372
18134
18736
1
22193
26
51565
115
3417
363
5
102
7
22193
1
5290
1
79
90
11807
506
26
4460
204
3
286
45
13
7
5
1660
641
26
1037
778
18
655
203
29
5472
11
597
12
0
145


