144
507
491
1215
293
16
44408
138
1
399
522
151
291
287
16
44409
138
1
691
522
151
15
145
6
5
64
9
70
9
83
567
38
10
9655
3080
31
5
9888
1826
11
816
5
2381
18293
30
40
204
3
5
701
2292
39
1621
5131
28
1931
5
9430
6
2048
391
992
4
2421
2
9166
10347
1
38
4026
5
2559
182
0
540
4380
44410
1
78
31700
655
106
0
117
34
40
9834
17
2659
150
985
6
0
358
43
933
2
334
36
364
0
10617
992
77
0
872
1
0
145
9
6
9
64
10
204
3
5
286
23
36
2217
3
4141
17
0
6380
1
301
3
0
5948
12569
2
25471
16
9166
10347
78
106
36
10
2055
3
4141
17
2048
391
992
16422
11
27
168
9
91
1
106
5143
11
258
10347
3
29
5
1601
433
3530
1
182
963
18
5645
18
2380
1
301
3
608
689
2
294
168
23
391
992
1
0
145
9
6
9
64
489
67
85
14443
2421
7
1295
3
27
2559
737
1
63
37
932
358
20
0
31701
9888
2
101
5
106
365
258
10347
78
8263
8
14
0
1120
3316
31
27
804
4
0
3714
685
4
4113
3
27
34
383
253
194
4092
4
36
76
41
3317
0
1081
558
4591
1
8
4
10
1734
6
1003
888
1
0
5948
12569
364
2
101
27
1504
2559
737
1
36
1159
14
5
130
2453
27
198
20
0
1781
55
4
2459
5
2381
44411
28
19
251
1
50
21
34
40
816
39
508
1007
49
2
96
366
0
130
123
22
16
8
3965
198
13
5
5812
915
915
915
915
915
915
44412
2
52
893
124
303
11
25
54
132
1
8
90
1360
103
4
687
258
10347
7128
23
36
469
3
2737
27
198
2
44413
833
16
15
145
6
64
131
27
198
10
180
5
5812
915
915
915
915
915
11
816
5
18293
3
9888
360
1
125
75
21451
27
804
4
2164
27
595
3
41
1382
635
2
15
4002
9
83
30
150
1619
27
2559
4
560
1063
4
1
7
5
461
737
214
31
689
608
1
36
22
16
8
24
5
159
3
32
16391
11
0
208
119
268
80
6
48
13
5940
1
8
96
176
14
36
34
40
3036
31
106
41
3
3065
0
358
557
98
14
25
10
182
493
2
2097
655
106
33
1664
0
932
358
7
9888
1
50
258
10347
22
510
7
31701
2
101
27
2559
1
36
1159
129
36
5456
5
5032
38
34
2459
0
18293
28
27
198
4
78
59
16
8
308
893
2928
121
54
132
305
130
2
8
31702
16
9166
10347
4
975
6007
1
17
42
126
1
29
40
9834
17
2048
2421
4
391
992
258
10347
22
7
27
2559
14
27
198
79
1824
508
1007
49
1
4
176
14
64
9
70
9
83
126
107
41
29
156
6095
2
15
2097
655
1859
18
950
13
450
3
6878
2712
167
28
0
9888
3
15472
112
0
358
107
7337
2
65
276
11
10617
5266
30
61
40
309
7
1295
3
0
9430
6
2421
258
10347
489
39
27
804
10
31703
2
26
9166
10347
78
362
36
76
41
3317
0
6380
26
1769
489
2048
391
992
39
2559
737
63
358
26
203
1664
167
2712
6
932
7510
20
1058
26
44414
276
309
39
145
489
67
85
14443
2421


