2819
14958
3662
23
14
1496
13
1048
218
24
90
18764
12283
5
4612
185
14
8267
61
1508
19448
520
1367
834
1508
272
22989
122
39073
13
5408
14
3232
57
221
9
1014
6597
27
119
2568
1519
2778
9
2978
105
14
2508
227
13008
13
193
185
14
276
432
61
6314
14
5888
2222
5
1406
2202
23
14
297
23
24
39074
2919
27
19153
331
17595
331
153
37197
39075
61
1823
61
2
6258
61
650
47
76
24
6553
34
24
3634
5
330
215
773
24
838
5209
515
331
1690
87
1243
331
27
119
166
13
7652
9
17012
105
14
2508
227
13008
13
6314
14
5888
2222
5
1681
218
24
90
396
5
24
2568
1949
47
13
334
2277
19439
24
5573
34
621
16170
185
24
674
27
187
510
1145
666
39076
18
890
454
13
1306
24
3232
27
153
61
2
3666
61
330
262
331
628
149
3009
13
444
24
272
2933
76
24
2540
57
1508
876
5
3366
76
542
23
14
124
77
23
14
604
9
2214
14948
27
331
5115
2876
510
2
14
710
57
146
13
334
2277
13
1481
47
61
9384
185
1579
27938
5
24
8148
3001
4995
27
331
408
1399
612
6256
609
13
614
612
16955
14961
449
12273
61
4270
7420
61
1022
610
1028
13
3193
445
76
5
1407
515
6498
14
2236
692
679
27
331
408
503
1129
4270
12748
13
5408
24
11687
9
1022
2
707
5142
61
24
19840
61
1145
24
1563
5
1407
2359
610
44
532
1317
27
251
853
627
1046
445
39077
4003
64
215
11520
47
2978
57
54
486
69
16919
71
655
2276
1060
57
39078
5512
445
1496
15189
69
16920
71
331
119
1479
57
3224
610
1481
47
149
821
1131
5
38565
27
187
2236
7345
846
13
707
13343
9
8364
64
758
64
11088
61
40
621
6348
395
149
821
1166
5
7420
13
1018
27
331
628
39079
133
594
3224
185
2886
1185
105
14
8294
6553
21072
23
707
219
27
16772
183
510
32
13
316
146
13
1415
542
13
562
5
1347
24
594
1098
503
360
13
890
146
15390
13
444
24
230
2876
27
331
5756
24
3634
149
821
1165
5
7420
13
1018
9
40
1022
2168
11838
64
387
64
24
2907
645
23
24
467
27
628
603
24
876
652
358
3382
515
1690
87
1243
5
455
87
1138
27
331
37197
39080
99
184
39081
76
272
185
16198
4321
5
87
1950
185
14
272
37
767
2453
76
1508
876
27
4489
2502
91
14
8267
806
32
87
4612
655
2276
39082
27
119
8267
87
53
57
14
17539
13991
5
6542
31342
5
16620
7267
369
7918
1317
119
39083
23
1508
12283
1393
107
2928
168
64
183
37
2540
24
272
1287
47
89
24
9498
37197
39075
149
3132
23
13059
5
2494
47
23
24
11035
5065
10496
27
396
1910
594
57
54
3345
23
334
11971
39084
5
1520
54
25723
4255
149
7321
91
54
448
61
14
39085
5
318
39086
27
305
636
145
215
857
54
571
37
1915
91
17639
47
14
548
27
4338
18912
76
704
5630
57
331
31798
10529
331
5
4048
54
3405
4255
76
24
442
57
486
5
485
61
37197
39075
26168
54
12387
23
10373
35484
27
119
4114
8581
5
3366
23
941
34
1793
494
484
3031
13
3666
27
37197
39080
99
184
39081
76
272
185
16198
4321
13
442
158
1399
24
520
609
396
87
1950
185
2867
14
272
37
767
2453
76
1508
31798
876
119
635
28505
22989
122
39073
13
5408
14
3232
57
221
9
1014
6597
39087
193
104
122
18147
23
276
5
39088
185
2202
515
87
361
689
1145
8341
634
444
2169
89
14
2544
57
69
8733
71
10886
9
76
32
821
175
961
449
13
9284
14
74
246
19153
153
37197
39075
61
1823
61
2
6258
61
650
47
76
24
6553
34
24
3634
246
7670
1519
2778
9
2978
1949
47
13
334
2277
19439
24
5573
34
621
16170
185
24
674
246
187
510
666
17916
18
890
454
13
1306
3232
61
502
153
4227
13
1456
89
14
767


