65
1229
643
1077
38
34
0
988
4124
4361
20
19
260
11
2051
4
1740
327
21
10
41
2533
6
10002
4
21302
48
149
18
2749
5870
62
19
2302
2966
77
0
424
418
82
340
185
2
7578
9
10206
12814
1914
12620
3919
477
542
75
8135
11
67
85
598
269
20
0
12401
4124
7
629
6297
1
5
5870
14
1182
7
5
14656
6
13080
390
426
14
93
64
6945
4
0
4361
420
2
871
24184
48
149
5885
0
15999
4361
5
8
12030
12245
8
2
89
26275
6579
1
5
1229
8255
38
34
16390
17
3919
77
418
187
7
468
1
78
507
491
440
14
3919
76
41
29
40
2901
340
125
745
6
4106
2
8
24
84
74
181
14
21
10
2901
1054
2
24
84
74
2
24
228
84
74
1
8
68
6579
22
1
1453
21
521
3919
58
41
29
40
2533
6
5340
0
5870
951
7
1046
14442
340
337
62
550
28
552
323
62
3522
2
68
6579
107
41
29
156
3089
3729
6
156
4106
3
3919
2
297
94
11
167
139
799
332
1229
643
8255
26275
6579
17
0
130
38
21
10
1549
58
54
132
383
5
8
1867
2630
8
9
994
9
10206
12814
1914
12620
3919
1
0
4361
38
477
33168
75
8135
11
67
85
48091
269
7
988
48
149
268
21
10
11421
94
31
106
2
139
604
10
204
20
5
670
3839
11
0
878
6
6579
18
87
198
48092
16
1914
16001
3919
7
0
200
272
6
468
2
68
6579
131
21
615
80
4396
17
0
994
9
14636
48093
29154
16
1914
12620
3919
13
137
323
4154
5
4338
1328
1713
464
6
0
4544
1610
4333
4
75
6
108
27710
17235
6
2936
16
27816
33
680
3
1126
0
1419
48094
2220
7
0
1310
6
0
12401
3293
4124
5175
20
81
16
12401
4124
1634
4
8135
48095
9280
28765
11
3356
12
446
1241
2
96
10
54
6
178
6945
38
959
3
1927
90
25
224
3
5
4351
267
140
314
322
12
426
68
6579
2164
129
3919
10
2533
6
21302
19
6689
723
9
1975
618
3
0
869
6
7512
962
3239
2132
3274
7
954
9
50
21
4
19
227
16872
15228
43
192
1025
11
2
52
61
22
21
521
3919
58
41
29
40
344
3
7113
18127
1938
12
19
1210
587
9
48096
62
10966
9
418
82
320
2
101
0
3031
9677
1
5
211
38
1088
3
32
19
227
1
3436
0
10893
9593
4
460
485
2630
1150
2
8
581
3236
4
0
75
38
692
59
22
21
13
41
2533
6
500
48
430
9
114
44
885
58
886
252
5
396
6
185
62
337
1
8
68
6579
22
2
221
13
100
2602
330
197
258
15228
4
0
5870
2
68
6579
87
649
3919
20
5
4338
3
2626
0
703
6
1865
5608
9
519
48097
14760
3
440
12
405
463
1
746
1
113
0
994
9
10206
12814
9
37
8372
8887
38
806
7
0
264
7
5174
9
2687
430
23
5
8
3235
8255
8
2
3919
1258
68
6579
19
656
1254
4
22
21
2183
44
58
10179
7
594
2626
1794
386
2
135
107
79
14
1
13185
7
1713
5577
1
173
63
0
8219
6
5224
9032
20
48098
1
7
988
18
1849
2
89
42
573
107
41
81
11
189
1
68
6579
22
16
8
1232
965
107
41
81
67
85
5
333
187
2
8
1768
368
4130
20
5
17994
1740
4243
20
68
6579
18
102
11
8584
464
6
0
643
2
68
6579
18
2747
1
0
4544
1610
4333
1
615
4396
17
3919
140
14
71
262
0
4897
6
0
1938
3910
0
211
521
3
32
258
15228
2
101
54
167
1
0
211
22
16
8
24
4853
3
161
24
322
5
2630
2
24
2929
4
6699
24403
14
11
169
82
24
29
40
5
2630
1
45
24
893
688
41
3
32
4591
2
8
8
16872
8
16
101
5
695
6
1938
12
1914
12620
3919
8
587
1
5
211
521
3
32
19
1079
16872
15228
4022
0
10893
9593
1
6212
4
460
485
2630
1150
15
4544
1610
4333
615
4396
17
3919
7
632
468
262
19
3599
1138
4
0
4897
6
1713
1938
1
173
54
1802
5
211
521
3
32
19
227
16872
53
137
51
180
888
5
2630
2
1398
464
6
0
4544
1610
4333
33
38
1126
3272
8
5267
7
8548
8
1
68
6579
22
68
6579
22
1
8
104
404
3
812
27
1
48
13
41
2223
8
2
52
176
14
92
43
1294
77
129
3919
649
19
227
9
38
157
3
147
23
5
8867
4
32328
7
6735
4375
2511
45
192
4558
3
2223
4
492
37
3069
33169
6
3919
2
4218
6
0
68
6579
18
304
9
50
2626
77
3916
199
23
0
520
5224
9032
4
11743
9
61
21451
3919
8
23540
4
805
3
32
196
6
19
220
3599
2626
678
1
173
5
4966
7
50
21
11385
430
3
988
18
4440
2169
3531
372
77
635
4463
3
19
723
9
1975
618
2
68
6579
22
3919
3270
805
3
2174
19
1294
63
458
21
10
1931
156
337
7
19
723
9
1975
62
167
6043
2
8
104
76
41
402
156
10528
63
110
18
159
12
7
19
1516
62
19
678
1
8
21
22
2
68
6579
10
1129
3
540
2423
38
76
29
40
2901
7
4935
17
3919
48
149
1
62
77
0
424
418
82
2
65
155
407
970
106
3595
2479
3
1183
12
68
6579
18
327
1
324
42
493
13
3119
2
380
426
1
106
5117
5
818
6425
12
0
102
6
16872
15228
9
113
3919
444
194
71
9
48099
184
418
4346
6
2793
4
1960
2
11248
16
16872
15228
13
137
323
2673
20
48100
203
3292
262
2781
6004
12
27
102
7
26276
1
7
988
18
14160
1849
1
12
426
20236
16
203
362
28
0
19894
12000
9040
3352
418
1960
28
258
15228
8
102
7
26276
12
426
48101
1869
16
1914
12620
3919
10
41
12
394
2936
48102
20
0
71
6
0
5870
1461
0
3731
4
3179
5943
33
8423
1713
5843
6
3919
8
2966
7
440
1
173
129
21
3316
1323
5224
7
440
1
129
21
6891
0
33170
9
103
303
1158
21
157
7
446
18
5870
4
19
22608
17
1713
394
3256
2
68
6579
78
507
491
440
21
4
19
227
43
13690
3
325
55
3919
10
1497
11
0
5870
2
52
58
118
1487
6
59
311
56
2244
8423
0
932
466
6
3919
8
1127
9
227
1
26277
48103
11931
1
2249
59
11
597
421
48
70
2
8
104
43
1549
1
121
4
95
227
1
8
21
22
2
8
104
43
1549
4
60
76
41
354
14
21
10
344
3
84
48
2
8
139
13
459
60
181
21
10
1931
125
3824
21386
4
550
1
6
129
3
4170
457
1
66
183
2
8
104
33
1734
21
13
41
2901
1054
114
552
10
1329
48
128
12461
1613
11
0
81
333
82
2
8
14008
1502
48
128
4737
66
183
2
6164
10
887
128
1493
2
52
10
344
3
1499
19
3811
4
18816
19
368
1613
2
8
203
22
120
0
5870
14
0
4361
18
15692
43
3591
1
4
14
25
532
14
21
10
2901
1054
2
57
192
1172
14
54
6
19
333
3174
10
3
29
5
2220
6
0
1419
660
7800
304
696
3
59
2
139
64
6734
7597
260
7
0
884
9
3102
988
3653
6
1823
2818
10
3919
18
102
12
4
103
11
398
82
65
64
6734
7597
260
7
0
884
9
3102
988
3653
6
1823
2818
10
3919
18
102
12
4
103
11
398
82
268
19
179
227
26277
1085
32625
59
3
703
2
15
260
1
113
26277
11931
18
296
1
33171
4
8250
11931
1
495
1
30
5
29443
1589
7
0
8292
113
3919
960
412
71
17
258
11931
2
334
42
573
22847
21
921
3
703
2
852
3
186
1960
1
3919
10
2412
64
230
5
149
268
258
11931
78
59
1
12
534
542
411
1
41
3
226
99
2
3919
8
2201
7
37
7421
1589
20
0
99
6
0
260
1
113
19
1127
9
227
18
296
1
33171
4
8250
11931
1
170
495
258
11931
20
54
547
93
988
4
2977
3
764
17
27
26278
1
48104
33172
1
7
1119
2783
2
68
33172
30
78
1119
2783
438
652
8203
483
48105
14
258
11931
2779
11402
11
63
5
215
90
2582
3
988
1
39
50
36
10
2153
1
7
555
151
2
380
470
1
23
271
11931
13429
549
0
1823
2818
260
1
106
78
507
491
440
0
117
10
170
8
128
7177
8
262
446
18
5870
2
26
1229
643
1077
327
1914
12620
3919
76
41
29
40
2901
1054
26
26275
6579
22
3919
10
41
2533
6
10002
4
21302
48
149
18
2749
5870
340
185
26
8
24
84
74
181
21
10
1054
2
24
84
74
2
24
228
84
74
1
8
68
6579
78
507
491
440
7
37
772


