144
30142
7016
293
16
52327
138
1
999
522
190
291
287
16
29711
138
1
966
522
190
828
140
1
0
403
10
7
4664
2
18453
1906
10
10865
7
0
1777
2
139
10
34599
29865
1
56
4418
52328
9745
42
11532
12
2073
3315
1
24847
1
3109
4
1170
453
4
0
514
12289
2027
52329
31
2
3332
3
3684
75
357
1089
43
432
1
2176
1
2153
62
482
3
4419
9449
2
741
15313
7068
1
0
14213
244
6
0
1964
132
11051
1
2284
4418
1089
4
4268
21420
6
8657
7
1963
4788
16
570
15313
7068
53
122
51
1
0
2654
6
0
11051
1
14892
0
927
20
0
1489
6
5
546
1550
2935
3706
2521
12
5
569
20070
3183
11806
855
1
339
20723
1
7
5462
89
1
7
0
704
6
22243
1
92
10
5
3056
6
0
889
16
1195
15313
7068
2
294
9906
3489
574
49
20
19
286
1
21
7549
481
3
2929
88
1
158
112
42
579
43
253
2111
11
37
3213
764
2
249
0
52330
806
3
726
88
49
1
21
8591
0
362
14
44
43
80
253
2360
3
517
2
52
2054
1205
75
28
1569
193
7
4419
9449
2
2456
2521
46
35
23716
69
2997
47
6103
11051
1489
1481
7
4521
25172
1
25
10
310
81
166
2
15
2781
3262
46
32
20
0
664
6
0
23806
1489
1
50
13
539
3
32
1436
12
438
31
5
585
1261
75
140
0
172
1
23
168
23
6696
7
0
2935
2
3244
217
1189
69
0
2935
7
25172
46
32
299
47
3007
388
52331
1
33847
1501
6161
34600
4821
9
2723
1
2297
2
15
1481
1
50
13
3359
31957
1
3181
20
17160
4
46
2061
9
454
485
230
6
1963
7
376
6
4724
4300
133
0
770
13
12
733
3
32
0
87
1380
9
55
14942
2060
7
683
2
1873
299
13
1371
11
5
585
5875
6
5301
31723
0
15635
413
7
3490
7
954
23
2521
33
1784
31
42
102
4300
1
23
510
120
0
2401
2
674
166
3079
5699
763
0
11051
58
3006
5
35
676
25898
11
160
47
3079
1500
1
324
44
2888
0
169
6397
38
614
28
102
120
0
2401
58
41
32
500
0
222
120
0
593
2
89
160
2245
3880
779
3025
14
0
11051
58
32
5
35
2214
52332
4
58
586
0
52333
6
8657
11
205
2
294
792
1933
3
1160
0
2600
2993
1
0
3162
22
0
1489
1481
58
32
35
52334
4
14
0
270
58
32
35
5774
34601
31
0
755
6
29786
12
1352
2
14808
47
770
46
661
17
0
1271
35
11774
4996
307
1978
169
52335
4565
92
33
52336
28
22595
47
15
27499
1
17
5
247
2232
508
0
1452
6
6317
973
0
2627
162
0
1481
2
15313
7068
13
61
0
9566
25445
38
3977
0
14942
2060
4
1362
0
733
6
792
6
630
2
2266
17185
1
56
299
81
4243
0
2401
1
728
17
7475
5923
25492
43
4556
52337
1
716
1054
3
0
5051
14
76
4017
7
1550
2
861
100
3456
142
3
233
653
3
4
1245
462
1
44
8549
6487
1
498
49
610
1
4
43
1614
420
647
347
62
187
2
89
353
1320
2740
1413
2037
43
7430
17
11473
38
34
556
48
1950
6
709
2
52338
570
7068
1
5
2073
1036
8887
38
34
2198
3
246
7
7203
4
10
346
20
0
2561
3183
11806
855
7
20723
1
26440
2
7068
10
5
9417
21032
7
0
785
6
1963
3
5162
4
21231
453
4
21
2687
37
9015
1212
7
0
2329
6
0
286
3
19855
17
0
2401
20
160
47
2906
2
318
87
770
10
6330
26884
2
5318
118
598
6912
175
196
1
173
64
223
1
0
9720
6
19193
1621
2521
10
640
9
1949
2
318
593
498
878
3
0
11051
1
4
21
10
6415
31491
31
54
4
80
453
17841
19
754
23
0
244
6
0
2060
26885
9
146
82
192
1
19
2182
30
40
168
4
3431
1738
2
13833
1
34602
2521
28
12568
4089
46
2212
4936
17
0
172
1559
88
2
89
7068
47
390
142
498
100
17767
3
0
29659
21
58
383
2
52
10
529
7
0
7596
9
6641
2660
6
7103
52339
53
98
4252
51
7
26849
3
37
34230
2073
117
1
4
175
5
9212
431
20
5
487
286
11
6641
579
56
21
10
542
2
52
10
1303
3834
31
0
6754
6
54
247
34586
21
9572
2
139
130
34
5
1226
11102
45
34
1175
19
99
7
5
6641
974
2
52
10
7287
28
0
6747
94
4
0
807
477
55
100
610
2
15
2452
4585
6
520
7
217
230
10
3
52340
728
7
21916
4
33479
88
2
135
58
1530
647
347
2
139
13
110
510
3
14
247
130
1
38
213
5
15888
3577
4
777
8127
1
4
239
647
178
347
2
7068
22
192
16
35
1100
24
408
169
67
819
1029
0
222
6839
1
25
10
0
604
6
14
247
130
50
2238
52341
3812
7
95
52342
15
26884
1212
20
3183
11806
10
0
32817
3
0
1964
11051
1
1075
868
4864
17
2789
579
2591
4
1697
23558
610
16
570
7068
10
5
9417
21032
7
0
785
6
1963
3
5162
4
21231
86
21
2687
37
9015
1212
7
0
2329
6
0
286
3
19855
17
0
160
2401
7
17185
15
262
70
1
7068
309
701
2741
20
0
422
6
22243
2
52
921
20
34603
1
4
1691
37
1062
7
1702
550
4
1963
2
52
10
369
5
848
6
5
2073
7007
1571
3
256
1963
3
22504
1697
4
994
9
14299
3
464
1299
0
26406
6
1064
9
13345
2
334
2036
3
325
5
431
7
52343
1
21
945
3
22243
4
9616
7
0
52344
4
52345
1917
2
144
0
71
18634
5086
34
5466
3
785
7
17909
1
7068
10
771
6
22243
47
2073
286
2
318
1073
2976
531
3
169
2010
3
147
2265
2
52
574
88
80
94
453
268
34599
2
101
4484
1037
1253
1151
0
11051
1
1046
17
52346
18006
16
15
87
770
3
154
242
10
6330
26884
2
5318
118
598
6912
175
196
1
173
64
223
1
0
9720
6
19193
1621
2521
10
640
9
1949
144
123
1
7068
10
669
17
64
126
1
6587
4
4963
1
4
21
692
21
1494
29
3
517
1089
11
42
715
2
52
213
72
4516
53
72
1688
209
51
28
0
1153
11
29263
52347
26735
453
5
841
531
31
0
11322
6
2597
47
34604
2400
453
4
309
147
7
0
403
47
12622
7592
2
570
7068
10
5
952
1313
1
45
92
43
169
38
273
19
3681
23163
2
52
14015
2763
1
609
1
14
17
3450
520
19193
76
495
412
4
12562
630
7068
116
199
37
3817
14
0
394
348
59
7
460
12286
3
661
5
528
11
5923
579
1
15850
5
1083
7
728
39
0
1502
2480
9
1022
52348
127
1089
2
52
1301
12
0
641
21
76
7815
19
220
520
9064
1
4
1670
3183
11806
11
19
1955
1
317
49
19
737
12
488
275
1
17771
2
318
2227
10
180
4085
2194
4
34
896
4648
4
54
1888
2
7068
10
5
952
1313
453
45
92
43
169
38
273
19
3681
23163
2
52
14015
2763
1
609
1
14
17
3450
520
19193
76
495
412
4
12562
630
2
3803
10
5
2184
196
6
0
52349
1238
21
1093
11
19
728
2
7068
47
263
4963
52350
1
38
20
5966
13
5
28382
4
48
70
47
2245
6
0
14942
1381
1
800
22
16
35
581
244
47
425
551
10
14
21
10
1571
3
143
19
728
7405
2
35
238
6
88
78
121
21
10
2197
7
5
2323
6
0
5802
1299
2426
11
430
4
95
244
224
455
4
348
1
1166
939
33
66
500
218
1319
52
22
21
10
1136
3
1530
2
788
95
244
22
14
1
4699
66
929
1136
11
0
2670
1302
3
154
66
1
165
3
0
9513
4
84
125
30355
1
84
125
147
1
454
5
673
2
35
788
21
107
2
191
48
20920
78
121
14
39
687
286
1
21
882
492
0
251
6
5
533
839
4
107
128
12315
7068
1182
49
11607
792
453
4
1972
0
152
0
1793
2965
63
19193
2
674
215
1
5
5690
3
59
10
3120
20
3183
11806
2
89
19
541
6179
46
32
0
4079
120
0
208
64
347
2
294
19
198
6587
78
0
4344
6
0
4742
3183
11806
2060
16
35
308
33
95
244
47
52351
15
321
175
12
0
7202
20
4441
7
0
7702
52352
2060
20
3183
11806
855
11
5923
579
1240
52353
1050
0
12939
1212
23
1415
6
570
15313
7068
18
147
20
3183
11806
467
3
1956
12547
630
12
16
4218
6
0
3290
5857
14942
33
4957
31
4851
120
5
2954
1481
20
0
14942
4096
7
160
2
139
70
18
2060
33
539
3
32
0
148
1369
388
26
15313
7068
78
807
3
2929
3489
3
286
158
112
44
107
41
252
520
26
10415
1205
75
28
1569
193
31
1191
1036
362
44
43
253
2360
3
517
26
26886
7
0
255
7
7203
39
5368
0
7130
26
26887
9566
5704
3
1860
75
38
34
383
7287
26
570
7068
3403
0
394
511
3
661
5923
579
2227


