144
5417
18439
293
16
24783
138
1
275
555
151
291
287
16
24784
138
1
275
555
151
139
415
60
310
0
24785
546
14
37
913
9245
34
2306
18440
3
2947
0
7135
7
5
1831
12671
6
847
4012
2
15
11060
76
16159
129
136
15700
571
926
9
45
84
74
124
253
2831
1
114
98
14
16118
30
1317
25
18
71
3
226
2493
4
2929
14
25
10
7
725
37
555
13670
18
3129
2
657
0
799
206
29
592
10138
1
0
10528
10
7
0
540
6
0
2969
9
8
42064
42065
8
13
1
8466
1
41
5
541
447
2
30611
16
15
491
364
14
18440
34
40
2306
3
2947
0
737
79
109
7
847
4012
101
412
795
16
89
7471
261
2090
799
43
7026
49
9
92
18
100
2611
9
11061
491
602
307
89
0
491
10
41
0
118
1387
3
2056
0
15720
77
97
6530
8
1069
9
169
6
136
3139
61
545
455
17
0
3806
6
0
132
2
15
4212
24786
7
97
3033
2165
42066
3
4839
0
1291
6
8
4212
30612
8
1
5
8358
6
1042
7038
50
1708
3218
97
875
8
3
177
0
172
162
0
4212
18
1069
20
80
278
8
2
15
24787
804
24788
1374
20
0
93
9
3210
1387
18
2976
11
14487
8243
1
324
0
1149
13
5500
8
114
142
18
253
769
3
181
11
2979
8
2
15
507
10825
310
14
11812
34
158
312
0
712
1769
1
17
4080
1199
18441
55
97
4488
16098
3
3996
2556
11
72
1688
5
166
20
42067
2
6205
46
6401
32
867
3
1428
0
20529
20
3237
8
11
37
80
9
66
9
73
9
1616
19674
3695
8
9
45
44
46
32
10506
9382
28
12672
0
1199
18
2348
1333
2
65
42068
961
16
89
2505
0
14972
10
253
373
3
42069
11062
18
312
847
4012
695
8758
16
89
25
445
154
125
71
11
18440
3
28631
1848
5945
6
30613
15
507
3496
175
5
1323
42070
1
1262
14
6703
23184
741
524
6857
10
63
3
1291
15
6390
16
15
30387
1
31
1036
14973
24789
42071
2
15
14973
6401
78
0
1581
16
8
57
11356
128
194
12
0
573
197
292
524
4
1322
2590
4
25
30
5
425
1
42072
474
3
25
133
24
1409
1
25
18
5
1822
6
361
804
14
18
698
821
2
8
191
15
1143
116
5
15435
3129
17
97
555
13670
18
14278
23
25
734
0
3594
6
5
24790
6
2829
5864
3
3347
21055
42073
1
38
6401
2185
7
80
6
0
257
13180
18
753
6498
2
15
1581
1440
0
24791
3
847
42074
1
0
11247
3056
6
778
23897
3231
18
952
695
6
20698
2
42075
16
15
4212
24792
1374
20
97
220
14487
2976
17
8
4212
30612
8
1
1784
31
1042
15
507
5620
18
10303
804
46
1386
5
10868
94
0
8157
6
3184
10870
1
23
25
734
0
1291
6
5
1906
9
30614
953
2354
3440
4195
1445
3
718
0
172
165
31
120
42
795
2
15
1581
364
14
4302
58
32
6324
77
18442
21056
3
2018
0
6103
10052
9
4
1646
5
10528
3
0
804
18
3447
31
324
14
8
67
1906
898
9800
46
32
2687
28
555
275
1
526
8
2
380
97
587
1
0
5620
14746
7
5
200
3129
31
2354
875
3
3659
8
2075
9
876
20826
8
50
586
0
233
6
0
21057
2
15
20826
1041
5
4402
17784
9
42076
233
1
5
2377
787
6
0
5620
946
1
4
5
8
2199
8
1106
3
7119
0
702
6
450
3
1039
0
1581
39
5
166
55
2
42077
16
15
507
5620
2687
2075
9
876
7192
2879
3
97
478
21057
30615
16
15
3728
24786
7
7558
21058
3
185
25
4225
97
6530
48
555
13670
18
1022
590
97
220
555
13670
18
5187
1
0
3728
574
3
0
172
6
14451
4
24786
7
797
7558
21058
3
326
5
10303
12
6530
2
15
8976
9435
734
14
27
3529
1223
10
1763
3
8
42078
8
1
5
111
1223
2142
28
42079
1
419
330
11
97
15982
4716
30616
2
1094
3728
804
364
14
0
8324
7035
34
698
12
5
9131
1008
53
20
0
8
16531
42080
8
42081
51
7
554
3
2339
11
0
24677
6
42082
13531
48
535
2
3958
546
569
15
8890
1623
30617
97
20035
5998
3
737
5
604
6
8
15
42083
8
1
5
42084
9
42085
7698
2868
1115
140
0
28825
20358
7
160
2
191
42086
42087
1518
0
155
29436
4587
14
25
58
5665
0
8598
15731
29678
42088
3
2029
97
10638
2972
1
4429
0
42089
23
8
42090
1
1374
4
42091
8
2
42092
25
55
16
1042
30618
1
113
875
73
818
0
8
42093
8
11
12290
4
123
30619
162
42
1140
4
391
5123
1
10
881
12
555
275
1042
13
300
37
11561
14604
7
555
13670
18
1022
1
4
48
70
633
5
245
6
9571
173
1042
30618
1
6401
5
6594
9
428
818
2446
2
3031
1
0
167
569
2251
31
1042
1
734
14
25
10
29507
94
39
0
6448
6
97
398
9
70
10916
3
325
8
0
237
167
7
0
172
8
2
191
875
6
1042
17358
43
209
867
3
3659
5
8
6198
8
21059
3
42
11063
1
20263
0
172
7
37
22921
876
2
560
61
116
5
753
2593
1
4137
14
25
58
454
3200
201
483
5
215
11
42094
875
3
32
867
3
256
42095
2
10047
2778
24793
1806
16
8
27535
24448
4258
42096
42097
42098
218
1862
42099
8
2
26
491
364
14
18440
34
40
2306
3
2947
737
109
7
847
4012
26
4212
734
1291
6
7038
8581
97
2016
12
0
172
26
5620
4296
1681
69
3184
10870
17
804
12
1906
9
30614
4302


