258
1172
21475
1197
642
2876
982
2172
57
6514
9
18678
331
14693
331
982
1671
58
358
7487
316
9446
23
24
1566
37
2603
21476
8422
27
251
7437
2884
76
7450
5217
14
642
924
5
4929
11485
23
24
2321
57
21477
61
23
21478
5188
61
1489
13
125
642
27
2906
935
4534
185
13
24
1317
2321
57
21479
61
6882
18733
5
21480
5
7306
434
13
190
1573
27
1197
642
377
358
278
2876
2172
57
331
14693
331
982
23
24
9446
57
21477
5
21479
58
14
6514
18678
12081
3151
2367
185
4929
17754
5
642
8226
69
394
21481
71
119
2367
510
513
23
24
21482
57
21483
61
21476
8422
61
502
87
82
13
24
21484
308
129
278
100
1195
6903
57
6534
133
2367
91
24
4929
331
1707
355
104
24
348
2876
982
2172
57
273
57
24
12081
61
331
14
954
2401
2
24
1566
37
1779
9
6736
21485
2108
9113
330
27
1178
4044
643
2057
515
183
149
334
331
8050
5
21486
4894
239
331
61
21485
359
27
119
982
5
2352
2581
45
144
21487
61
14
5712
308
4448
13
24
6605
61
40
273
57
12641
37
3308
21488
1197
5402
61
24
2401
330
27
4753
4754
1893
21489
21490
61
5359
57
24
21491
2118
21484
6207
61
289
34
21492
61
586
515
926
149
3573
331
12641
825
1153
237
315
13
1431
47
21493
61
1286
1533
308
13
1248
122
3487
27
331
119
239
510
513
104
24
1029
57
24
19301
751
57
21494
61
502
948
105
978
13
7344
23
21476
61
334
14396
57
496
3079
3085
377
87
5776
12460
24
21487
27
21476
61
82
13
3096
21495
9
4485
21487
61
99
100
5019
91
7464
34
494
502
24
4929
21496
185
10627
14224
1185
19023
27
8861
377
24
21497
369
10640
185
12491
334
3103
1779
289
326
21498
27
869
237
506
7663
2367
185
14
4939
23
23
21499
61
4368
57
21476
61
174
2149
308
982
27
12641
1520
21484
14224
278
1893
2786
23
2846
349
1904
5
8760
23
3291
494
61
5
237
632
12641
37
796
7787
34
24
8036
326
330
405
105
663
5562
100
8769
23
8040
5
5810
27
1936
14
7663
239
185
14
4939
23
21476
23
1072
61
2149
308
288
1745
58
14693
2333
8796
89
14
4939
61
7306
445
80
17848
7481
99
663
4722
922
57
21476
61
76
7814
663
459
34
14
6514
239
185
14
676
924
23
21500
23
563
502
1745
307
308
349
1413
1158
21501
21484
3085
5
3078
3079
7814
377
24
4929
37
21502
3740
23
21476
61
349
3848
185
6407
61
278
5368
21503
61
14
3820
17703
8479
27
21476
61
21504
9
5006
5
21505
3875
185
24
6275
57
6114
2717
61
87
48
13
4463
12641
37
5726
3828
5150
27
21506
61
3079
3085
5
3096
2734
12470
377
515
594
57
24
12424
2
237
3855
278
423
13
24
21488
1197
61
21507
21508
94
21487
27
5401
1284
6970
308
278
1077
23
21503
23
21476
23
24
139
506
61
24
4929
1520
61
14990
14
886
11379
91
17703
27
7481
459
91
12641
185
21484
9213
99
8109
13
4722
922
57
21476
27
162
563
61
905
308
288
6699
13
897
104
14
676
924
23
24
21509
1032
57
21500
27
246
21510
9
18678
7437
7487
4929
17754
23
21511
8422
246
1197
642
9016
1158
331
14693
331
5
377
358
2876
2172
982
246
21476
87
82
13
21484
308
129
278
100
459
34
139
2367


