144
507
491
1215
44674
25529
15126
4
19
1277
43
780
248
345
7
5
1340
7
376
6
869
2691
4029
2
15599
296
4
42
126
342
42
44675
56
5
295
467
248
345
12
5
1340
1639
7
376
6
42
1069
2
15
31811
584
43
1122
3
429
31
0
4584
814
20
0
963
31812
2
89
6550
25529
15126
366
19
1277
76
41
429
23
8
36
516
74
124
49
20
48
71
2
8
15
358
224
3
914
7
5
106
365
14
366
0
5478
9
83
4
19
1079
43
8
248
345
12
5
1639
7
1106
6
2111
126
8
2
387
10
363
12
0
29378
6
2368
8034
14483
3906
18
7
16725
727
1
5948
2
380
42
587
0
656
2579
25
30
8
495
4271
8
274
108
872
4
25
8289
2849
3
8
1659
212
703
2
8
139
10
41
110
44
34
7
1516
2
4919
1786
3906
1155
21
469
3
210
5
429
3
0
295
18
1374
0
638
21
1738
110
10
159
12
2
852
3
106
21
78
0
295
16
8
44676
2979
1
503
212
21284
62
24
893
448
0
106
2
8
387
10
56
15126
366
19
427
76
41
8
124
49
2
8
27389
9
31
78
1249
18
3531
399
546
44
43
11545
296
4
126
34
3
11859
0
3262
2
2000
14831
22
16
8
387
18
5196
14
44
58
84
14
55
7
270
1
4
61
7
376
6
1242
2
8
3063
0
538
28
0
1344
1618
7123
44677
1436
27
263
20
9639
2
8869
16
4919
1786
3906
180
106
3
0
358
113
15126
10
432
11
1259
17
0
44678
4
41
1788
19
1655
45
0
295
3881
91
204
7
11
248
345
7
270
44679
16
68
3906
78
0
106
4841
14
15126
10
2199
4
3743
23
1549
14092
9
31
180
42
1138
8
2790
4791
4
7725
8
96
22
16
8
387
18
2790
4791
4
7725
2
24
351
1549
2
24
516
74
354
14
2
8
24
58
1584
44680
95
1242
1
124
88
184
28
14
1081
4
610
14
44
107
74
177
253
194
2
8
203
43
180
3
0
548
113
15126
10
432
11
1259
17
0
449
4
11
3636
3
503
19
201
10174
1655
9
63
72
44681
2
15
295
3881
1348
11
0
345
1448
114
2998
6
0
296
404
3
143
3885
2
26
5006
93
11545
23
295
4704
3174
14
44
517
31812
26
25529
15126
78
4584
1340
814
1277
8
516
74
124
49
20
48
71
2
8
26
9717
1605
1348
11
345
7
270
114
100
9
54
58
143
565


