1315
85
5
1669
39
25
10
87
7161
31
10795
5
393
30
40
1459
23
0
3459
602
214
7
0
11275
2
15
393
13
79
19657
914
82
184
28
1177
4
13
20
568
19021
1261
82
83
1
4
810
2692
169
1628
6
82
1446
85
14
2
15
1529
11906
13
8708
31
1909
3
29
204
242
63
55377
1261
82
320
4
0
393
1
330
118
23
7866
19270
1
10
543
0
7267
1657
3
745
2
563
1807
18
3817
6
129
0
3459
330
393
7
0
11275
445
233
8
104
354
48
393
13
0
3459
330
7
0
8814
17
5
168
1571
512
1
8
3325
3094
1
37
12756
20
4328
660
422
1
78
0
513
27183
2758
2
2499
25
4284
125
1509
7635
25
13
273
3
29
40
54
6
0
200
2662
6
1657
3
32
803
262
0
1529
11906
2
15
87
2662
6
1657
3640
4863
156
7635
10497
85
18881
45
56
44
4865
7
5
8469
6
55378
647
5
333
5206
341
82
39
10936
44
43
2301
31
1657
109
7866
19270
2
55379
28
0
25216
16650
840
1471
4411
0
2195
6
0
393
28
0
1177
17
4724
13598
50
867
88
3
143
67
6256
15825
6
129
11255
25
19403
2
2143
97
55380
10
2550
44
43
344
3
147
55
129
6063
97
13417
13
91
8778
4
86
2805
97
512
2
249
1657
454
831
769
6
13417
44
454
55381
50
13
5689
23
5
13145
55382
6
512
2
563
787
4137
0
11275
18
2974
5768
31337
82
39
0
1529
11906
15
3482
512
14
0
55383
11709
498
10
55384
1261
82
45
11709
6
48
1950
1614
3844
670
3042
9589
2
101
0
276
6
7866
19270
0
3042
8254
10
4882
341
82
1
371
25
20
568
19021
1261
82
83
2
238
108
393
1
330
23
55385
1
30
845
40
958
3
32
19021
1261
82
83
45
0
774
174
33
2187
44
29
1571
7866
19270
47
512
17
2418
21234
2
26
1847
330
23
7866
19270
30
40
7161
11
67
85
5
1669
26
57
2725
647
0
87
3229
341
82
6
0
1529
11906
26
1177
2984
79
19657
914
82
184
28
0
3459
330
393


