251
18354
9
2033
5802
2
4771
99
100
561
23
4343
58
3880
14
2839
57
15654
46518
7985
23
24
7057
34
525
311
165
15727
27
3145
3494
99
100
184
104
14
14412
4051
438
46519
647
266
1011
18
24
7985
61
24
46520
1341
27
46521
9
502
2581
46518
9
369
7745
23
4343
27
3494
37
2255
61
129
87
14
5087
23
17549
61
10341
1391
525
1093
37
30251
13
1747
6259
502
24
18354
9
2033
935
38450
185
13
46519
575
926
149
3031
34
334
2545
18020
1086
61
1489
13
24
3830
27
3145
3494
99
100
561
23
4343
58
3880
14
2839
57
46518
7985
23
24
7057
23
3023
13
3163
525
311
165
15727
27
119
7152
87
7745
23
4343
2939
1142
3494
37
7985
26617
810
14
46522
2839
61
24
46520
1341
27
2617
14198
3494
750
24
3830
926
1399
24
7985
23
24
46522
2839
818
64
45
13
2554
24
311
57
7672
3986
13
1532
542
27
579
663
330
515
926
795
133
57
4814
34
525
1093
37
5538
6266
1222
2295
1850
24
7985
27
579
330
23
334
11179
8514
91
24
3830
262
331
1003
46523
149
45
334
1761
13
217
1185
25279
24
3802
27
187
149
5473
13
5461
3145
37
1096
5
8834
1145
14
8867
1190
18609
9995
13
3163
14
15727
502
1329
101
24
351
57
9405
450
27
331
1420
3494
37
485
330
515
926
99
100
23
14
14412
3065
438
46519
61
4343
647
35
751
119
18354
9
2033
149
6555
104
14
11102
900
575
926
149
9598
76
486
185
266
1011
5
561
61
24
46520
1341
27
2939
369
1083
3494
185
15070
57
3108
13
19306
23
46524
7156
61
1489
13
24
3830
27
119
3830
2936
515
14
2347
5319
61
349
14
3751
2
24
4874
4053
57
4343
23
9953
61
3235
4166
5
377
45
13
1645
46518
89
24
11116
5580
27
46521
288
1377
91
4343
23
24
7364
27
119
46520
663
7530
133
515
646
87
14
9405
450
27731
23
24
1566
27
3494
37
485
4023
449
496
640
185
266
6324
9
32
257
58
525
7707
9
1489
13
24
3830
27
119
485
37
5700
23
17549
61
46525
46526
9
129
87
3145
3494
37
30233
9
750
24
25213
463
1840
515
525
485
149
1950
76
24
4809
3789
13
532
14
331
1165
5
2046
12632
331
27
246
3145
3494
99
100
184
104
14
14412
4051
438
46519
61
4343
647
266
1011
246
1420
3494
149
1391
24
7985
23
24
7057
91
525
2255
129
87
14
5087
246
119
18354
9
2033
149
6555
104
14
11102
900
575
926
149
9598
76
486


