258
972
23034
261
262
27405
264
61
2431
4824
558
268
269
262
27406
264
61
2584
4824
558
162
14
1092
445
9
36
1757
14
7713
9
2033
893
1950
104
24
27407
15326
8587
8900
99
1077
2
947
926
4508
655
24817
23
24
33
9
1566
438
4669
27408
27
27409
27410
7623
947
13
525
219
5
6512
58
14
331
4238
315
331
185
1750
27
579
149
319
13
27411
8057
4040
2095
23
27412
61
575
926
1077
185
207
27
13913
57
5927
34
24
965
8587
18017
288
717
2334
334
4166
7962
844
5
24
486
5
485
57
24
1956
57
23233
3753
184
14
9504
333
34
525
104
24
8587
8900
575
926
22222
272
27
27409
27410
1077
2
947
926
4508
23
334
1757
655
24817
23
24
27413
438
4669
27408
27407
15326
1308
244
3731
3098
641
534
23680
40
14
1609
34
24
8900
27414
21321
330
515
652
24
8587
9
3890
369
5193
185
4744
6531
329
1810
358
369
3098
34
1857
1153
27
331
27407
15326
27415
185
7446
333
1810
61
331
27416
19885
8567
27414
21321
330
27
331
543
2347
2440
61
183
87
3098
34
1857
1153
27
27417
515
18
1508
139
2347
3133
9970
5
27418
278
100
3748
13
1167
24
1810
167
24
1217
515
24
8587
8900
149
45
3098
27
331
119
1956
57
23233
3753
149
14
416
57
27407
27419
37
4489
27420
293
5
149
3477
3275
57
24
1217
515
9970
369
644
13
3163
24
27421
3890
64
1222
358
288
15370
23
14
4156
2083
27
119
965
1956
57
23233
3753
149
24817
76
316
486
1348
926
4508
14
25539
980
185
525
27422
331
727
718
738
24817
837
10348
185
7446
333
1810
61
331
330
17919
12295
27
331
187
912
144
1030
27423
1185
15370
27
727
278
13
639
24
367
5
1153
343
27424
27
331
119
27425
1490
8998
122
844
76
334
5335
515
330
27410
149
24817
331
5958
438
27426
5264
331
1348
926
4508
14
331
814
8491
60
331
58
6819
14
331
13608
2302
331
27
162
14
591
844
1481
47
185
27427
2306
34
27409
61
525
2255
480
19964
24
994
1757
525
1093
4508
185
24
9647
12510
655
24817
76
316
486
27
331
579
510
14
1876
13
24
174
61
285
18
14
27428
61
906
5
525
219
7633
89
14
13608
2302
61
331
330
24
5016
781
91
24
5913
2255
27
331
579
4430
24
174
83
57
525
855
5
219
69
926
149
536
14
17634
71
27
143
926
149
8773
61
219
69
9081
71
9949
5
525
1816
27429
27430
652
525
8587
87
69
9081
71
288
433
23
24
27302
27
331
1134
87
663
24
134
515
6120
27431
525
6512
5
21294
525
1483
27
331
27432
262
27407
15326
8587
8900
61
76
14
16842
9
15822
4669
27408
61
2097
61
23
24
9171
27410
149
27433
2
27407
13
27411
4810
3880
19958
9672
9
1923
27
119
844
149
10341
1481
47
256
27409
37
1757
185
1750
61
40
4538
497
14
591
844
1348
926
689
868
185
207
27
331
187
2531
846
13
639
515
27409
149
2931
496
926
1689
185
14
729
257
104
27407
15326
5
926
149
108
61
331
598
525
2255
480
61
129
87
14
27434
27
999
549
57
24
485
598
14
716
843
27435
104
24
27410
485
37
189
27
331
2686
4086
369
2043
3555
408
8234
515
27409
37
729
7645
825
812
723
23
24
27436
2532
61
20945
525
1994
5
24
880
926
1910
525
562
27
331
1947
525
897
27437
5
485
57
27409
6247
34
14
7962
19705
57
525
562
104
24
27407
15326
8900
1947
24
965
403
897
61
24
1956
57
23233
1725
14
843
27438
27409
27
331
579
149
334
27439
393
5
825
107
1996
27162
61
331
330
24
376
27
331
27409
149
14
3541
398
57
612
3780
356
61
5
612
2030
5
5987
738
133
13
27409
912
485
5
486
104
237
227
27
331
1947
525
897
61
525
1960
104
27407
15326
184
14
9504
333
34
27409
5
24
8900
7964
525
5112
27
331
1042
16563
13038
61
16031
34
1950
76
2907
5
10144
1992
825
107
15511
5
1996
91
704
57
525
486
5
1960
109
104
27416
5
27407
61
331
27407
15326
330
23
1579
376
27
331
1042
5112
87
14
1092
189
34
612
77
5
356
27
331
246
27409
27410
4508
334
8494
980
655
24817
445
9
27440
5
7623
11348
6512
5
219
947


