144
507
491
1215
293
16
30128
138
1
903
600
190
291
287
16
23247
138
1
903
600
190
65
2055
1482
1058
30
116
5
7726
5097
356
7
37
1101
3
2986
1385
9
31
2370
37
1711
980
7586
11
2903
38
143
7216
7
42
4721
2
15
13856
1249
52763
7
14643
15874
4354
17
6121
6
49
3
1711
134
153
9
45
118
112
44
175
42
1482
103
2
15
1058
1
50
7876
1482
1
32647
4
5871
1729
1
116
5
1260
215
47
12208
7
79
5
333
269
23
77
639
266
4
223
6646
103
3
1224
2
18939
5884
16
15
52764
1058
1031
5
676
7586
23
189
23
801
574
49
7
4721
1
705
3
48
4954
7
1268
52765
70
294
5
768
0
4954
1
50
10
539
3
81
37
889
1
10
3062
11
0
1030
6
0
132
12
377
2
2003
25313
1
1385
449
6
0
1224
7
52766
8514
52767
12
0
1835
17
1739
1
78
14643
47
52768
1387
14
1385
34
12915
39
1739
800
17463
8692
4134
2
52
22
16
8
57
10
1346
226
49
17
385
5021
62
165
4773
2
378
87
60
404
75
3
165
1274
1841
45
1738
24
76
29
213
69
2544
17
0
537
2
8
57
10
5
400
1216
2
104
34
75
7
42
4721
317
2213
6
0
4954
1
4
2696
67
627
7
3
124
37
52769
2
8
24
858
202
214
0
1224
86
412
2
104
929
369
1329
136
208
54
2
8
15
4353
6
2370
801
14009
1556
11
2415
49
340
1482
13
41
5
111
961
7
0
3590
172
2
2086
48
70
1
1775
5221
52770
1031
801
456
1482
112
44
574
49
20
42
1233
1058
7
79
42
4721
2
26
13856
1249
1058
7
14643
2010
676
20008
11
12058
9
7365
801
26
238
9
889
1005
10
86
1369
1058
131
25
3062
25
11
412
132


