258
23326
31175
2036
243
3018
25727
825
11909
365
4440
5
14145
37
4156
37388
484
24
2118
2434
912
73
2544
27
119
14152
9
3132
14145
2237
825
11909
24
4215
57
54
3765
5580
61
349
24
13255
1687
3204
24
1146
515
14
33876
5960
54
37389
484
16947
13
4458
23
76
24
37390
2534
6262
37391
36171
122
1687
701
37389
27
37392
33876
262
14152
3132
25727
825
2502
34
14145
104
24
2118
2434
61
40
825
11909
365
37388
484
24
5971
208
23
24
55
2544
57
24
11944
119
12822
9
2033
2494
47
23
4440
40
1949
822
57
24
1920
494
57
54
1915
23
14145
76
32946
32947
484
3031
13
243
23
1073
27
25727
912
2255
37393
330
262
1687
396
99
330
215
825
11909
316
37388
27
396
87
8094
34
223
40
23
54
474
215
87
373
14152
27
1687
162
24
485
5
356
421
87
19115
34
25727
33853
24969
61
40
58
24
55
2544
421
825
107
19115
34
37394
25727
99
905
3276
23
4593
5210
34
14145
5
1099
4262
34
14
31368
19705
2831
215
9284
54
22897
5396
74
75
54
1566
57
7764
27
24954
262
25727
99
18
4846
9753
34
14145
4533
33
890
494
61
5
19537
242
75
327
23
14
16369
2336
16407
23
10645
2036
5701
262
25727
1949
227
104
24
3032
1050
1411
1073
5
1972
742
469
16389
330
262
331
187
912
24
28590
57
32
912
1915
13
2502
34
24
4156
77
23
851
2534
1566
27
331
5349
237
28590
825
45
107
34
4440
40
34
2276
1566
1221
502
1308
45
1550
868
24
33842
515
726
76
10582
5688
912
5065
1785
41
37395
825
663
107
3706
316
37388
23
4440
1348
54
5834
855
24
1566
215
53
18182
5210
34
23
1963
27066
37395
1347
285
64
420
64
13
9261
24
1687
1088
37396
2572
16909
502
215
825
7662
133
484
9956
9
445
185
3094
2265
27
18738
262
5688
37
5065
225
41
37395
69
116
71
825
663
11909
316
37388
1348
54
83
855
6258
23
24
1060
1679
246
8875
9
243
3018
825
1804
47
34
14145
23
24
73
2544
104
4440
267
246
12822
9
2033
3132
23
4440
40
1949
822
57
1915
23
14145
246
2286
37393
383
525
688
825
11909
316
37388
484
9956
9
445
246
41
37395
825
4180
10186
91
3706
6258
5
5688
37388


