258
1523
36455
10614
3079
7039
369
7907
104
14
522
515
99
7033
2
8091
8092
57
334
11116
111
361
3127
9314
91
14
8091
111
61
7983
34
537
104
54
715
27
119
1767
1046
24
11116
2230
61
536
334
1860
5760
61
1461
3000
24
8091
111
960
23
669
36456
27
119
11116
111
99
14
30882
5267
5
87
4727
14158
5
1805
23
24
855
91
24
622
111
27
6228
6229
6230
2994
8612
262
10614
3079
7039
369
7907
104
237
522
57
334
11116
111
536
334
1860
5760
361
3127
9314
91
14
8091
111
960
23
669
36456
61
7983
34
537
104
54
715
16087
262
119
8091
111
87
719
4727
14398
24
11116
111
76
54
7662
27
119
593
1329
13
24
674
1008
133
23
8638
61
575
215
87
3194
5
29040
18
5
18
1882
13
24
2545
333
57
8787
36457
61
14
2108
1783
61
24
8091
111
87
7983
10937
24
622
111
57
11248
13
54
715
27
119
8091
111
935
10486
13
4727
14398
24
11116
111
76
54
7662
27
119
593
1329
13
24
674
1008
133
23
8638
61
575
215
87
3194
5
29040
18
5
18
27
1307
215
232
13
54
2769
61
24
8091
111
4123
13
4487
158
91
24
8490
5
5602
158
47
75
24
4515
484
1875
13
1004
158
27
119
1016
239
61
502
1410
513
23
14
1547
76
14
197
61
6400
5
14
2505
3484
61
87
971
91
14
188
2222
5
99
100
6638
4166
27
119
8632
1767
99
7199
8091
8092
331
10614
10615
7613
13
28867
24
239
58
183
309
5231
375
27
10113
13841
262
119
1016
239
61
502
1410
513
23
14
1547
76
14
197
61
6400
5
14
2505
3484
61
87
971
91
14
188
2222
5
99
100
6638
4166
25210
262
119
8632
1767
99
7199
8091
8092
331
10614
10615
7613
13
28867
24
239
58
183
309
5231
375
36458
17241
8072
9
36459
750
8787
36457
24
9535
149
14
331
36460
3803
57
24
593
912
3079
13
451
5
8834
27
119
4975
663
15279
1444
1481
91
6292
19176
61
215
330
27
119
3052
8930
34
10614
10615
87
331
2335
24
1190
61
331
1579
219
36461
8072
9
36462
750
7491
61
11420
23
24
2903
57
3527
27
119
8069
9
31688
6048
516
5100
24
36463
107
17300
1222
24
501
87
383
27
331
408
1018
45
278
1487
952
449
24
5744
57
24
111
61
1185
185
575
24
315
510
513
61
331
215
330
27
246
5710
99
1515
5369
94
3078
3079
7039
246
999
3078
3079
1060
23
8091
8092
1094
1520
183
87
2335


