259
24451
1520
2974
2426
2296
14
3466
9
133
237
2157
27
119
219
220
87
23
7749
57
500
133
185
14
5703
16781
256
14
3760
57
15049
14101
91
54
77
61
129
288
6903
91
6830
57
24
7314
19548
3507
24452
57
722
122
1293
9
24453
185
27
24451
1805
33
104
515
185
4386
40
2896
54
2534
10015
13
372
129
278
2035
818
11977
27
143
76
22878
22879
61
2039
3605
5
10216
16610
133
57
6524
23
24
2157
61
1583
57
110
825
799
101
1206
27
259
24451
1520
646
5150
13
107
14
3466
9
133
104
2974
2426
23
24
2157
22878
22879
69
174
71
87
32
57
3096
110
552
6115
6890
104
24
1029
57
24
36
1687
691
639
646
99
13
107
14
3466
9
7975
215
330
27
1687
187
912
2928
11128
61
13
24
111
23
24
4324
5
13
24
7158
3401
183
99
13
107
456
27
1687
1447
369
308
133
57
6524
61
308
129
369
45
692
1487
3401
358
639
7958
24451
912
720
369
54
16191
647
3477
18
2
5692
16065
23
5657
27
119
3008
184
14
4256
9
1547
955
23
24
2248
57
35
2414
912
2778
9
2459
14843
104
16118
5
24
225
3577
421
3401
3383
3866
3401
87
2278
34
54
712
104
24
2439
27
1687
408
704
24454
215
330
27
1687
1031
912
1607
628
149
14
2549
11491
1348
308
69
24452
71
650
133
5
7856
449
703
361
185
24
5978
5
536
1293
9
24453
27
6914
718
110
1018
515
1348
358
639
515
10792
87
2505
34
122
24455
24451
912
4918
99
45
100
623
91
24
4793
57
136
8940
23
24
5657
3036
502
99
174
158
76
144
145
3355
110
206
57
902
912
3613
57
243
27
119
2974
110
24456
24
128
58
24
4879
252
91
16118
35
4581
6112
9
33
2989
2990
825
24457
34
1085
6142
24458
24459
104
116
9
33
61
167
5552
505
23
24
632
515
215
3556
604
2469
646
27
24451
330
262
1687
628
1019
215
912
14
2508
7150
5
215
825
2528
76
183
27
396
19523
24
2544
61
215
87
14
1751
5396
27
187
912
2276
3760
13
54
9777
5
628
1019
215
4997
4361
76
183
27
1687
396
912
100
2508
1145
24
513
27
396
912
1155
14
5241
27
396
912
1236
1284
562
5
215
912
2471
13015
61
40
215
912
14
692
7150
76
183
27
1687
1307
610
769
2980
2981
69
13
243
71
183
149
14
8804
40
610
6807
158
76
14
226
704
9
2535
136
27
1687
842
628
1393
4886
628
2342
604
100
23
14
134
1030
237
69
76
947
5
11826
71
5
628
1018
1013
1019
2295
628
2342
1541
3366
76
99
61
5131
27
1687
628
2357
500
707
512
110
5
515
912
834
628
2391
104
183
27
543
3015
3016
17416
338
1030
11066
361
2241
7515
16898
27
543
24460
6787
24461
61
183
912
1030
542
361
2241
213
24462
27
1687
187
912
886
61
40
610
2354
45
2050
13
1153
515
64
334
23949
5
3337
23
24
20625
27
24463
12835
24464
2990
825
50
2974
23
24
4441
201
2521
75
243
185
1750
119
7858
62
87
24465
34
24458
24459
129
149
1391
445
75
16118
246
2974
4093
243
23
24
4441
201
185
1750
246
1427
110
369
2278
34
122
6436
76
6115
18215
246
259
24451
3577
3096
104
24
2439
369
45
692
1487
246
10282
220
3697
33
104
331
1293
9
24466
331
1400
91
3507
24452


