144
5928
2678
674
3467
20
53252
14269
12
10235
460
411
1037
16996
2248
26997
1
3511
13
603
6
4249
0
3026
9
83
119
7
11837
7
522
954
65
4825
7601
13
3
32
2164
311
77
1448
21
8093
4
2743
2431
5
247
797
12
5
7582
7
0
8601
105
82
320
2
1037
16996
2248
26997
1
3511
9
54
6
0
172
18
5996
266
17
37
1834
4369
6
72
53253
9
13
603
6
4249
0
3026
9
83
119
7
11837
7
522
954
2
15
276
10
1619
81
70
12
0
2329
6
16404
530
45
25
30
98
40
1715
9
1151
262
37
1423
2
15
7601
76
98
32
180
99
3
0
1615
3
987
5
4511
7713
2
372
2829
22
6600
1594
12
0
211
115
530
6
707
2409
4
6437
6
5
34000
2
1037
16996
13
5
973
9444
7
234
34850
4
7629
9262
18
689
15217
559
7170
1
4
477
11296
242
12
48
70
18
13540
874
6
0
172
18
5996
75
2
52
13
0
6112
6
916
16603
6
4825
6006
4
1082
160
18
34851
1928
7
1557
11
72
19003
2
15
932
583
327
36
10
5502
12
3
0
53254
1057
7582
53255
39
27
1447
10
32450
7
5
3484
12
0
1615
2
96
22
36
4873
49
120
0
833
31
5
130
36
327
10
1037
16996
2
139
149
0
7601
1209
5
565
2218
19
2394
839
5328
14836
5046
13589
0
4601
1
7825
88
8
1274
4
7253
2351
2
8
52
22
21
10
41
7
11837
7
522
954
4
30
41
1588
0
1615
11
67
85
259
82
2
1037
16996
13
5
973
9444
7
234
34850
4
7629
9262
18
689
15217
559
7170
4
1082
0
34851
1928
7
1557
11
72
19003
15
565
61
22
0
7601
10
6408
6
0
1448
268
421
48
149
4
22
21
76
29
40
10614
1459
23
0
6353
39
552
34852
59
2
15
565
22
16
8
15
932
4130
1107
202
510
2
5911
1
0
1490
76
41
29
510
2
8
8621
318
712
28387
3708
19
2395
43
3825
62
1591
6
156
2337
1997
7
11837
7
954
62
14
0
222
2337
10
3268
7
468
2
8
15
932
583
18
1564
12407
53256
22
112
0
7601
10
2910
21
171
79
226
3
1268
3
6261
62
987
5
4511
7713
11
106
3
1146
127
0
4511
115
7
0
211
2
96
22
16
8
281
21
13
2910
1
25
13
80
77
4
112
41
1
21
46
32
572
17
1283
2
57
13
23
1951
23
14
2
8
563
949
20
0
21990
186
7
16776
12
0
1615
6
53257
22
36
76
41
3498
1775
546
607
14
0
1664
10188
38
10
1122
3
20314
0
276
30
369
24470
0
7601
3
226
3
1268
11
5225
2
96
1002
12
641
6
9060
7
621
17
186
1173
2
26
3026
9
83
797
327
36
10
8093
4
2171
12
5
7582
7
11837
26
10128
127
1037
16996
2248
26997
9893
39
91
1619
81
70
162
1521
6
530


