20783
16097
65
30037
61
30038
4954
207
64
215
212
24
1560
57
54
5165
5166
30039
27
30040
215
37
11088
1274
61
24
30041
9
2033
30042
76
54
715
37
3509
5
2458
14072
8652
2
10320
27
331
12600
846
496
723
1028
13
10043
846
57
27
820
5252
47
5
107
14
111
61
331
215
750
5700
30043
30044
123
14
24946
1680
2504
27
521
159
34
522
16292
262
24519
16097
61
24
715
57
5165
5166
30039
3034
20783
16097
61
16882
104
14
5165
5166
21958
34
14
801
18
24
2947
15
2843
5165
5166
30039
1560
185
207
61
1078
4884
61
267
61
23
5165
5166
119
11418
663
289
4047
129
696
4557
215
99
8893
37
4751
331
4872
8093
61
331
3252
14
12620
4567
449
405
57
54
594
6997
10056
5
4557
215
44
908
24
2947
15
2843
5605
34
24
30039
91
2947
890
2843
91
4935
3484
3079
13
7142
5
2548
334
17026
10186
215
37
7593
75
24
30045
27
331
2186
1018
723
1019
61
628
629
2931
237
34
15321
778
331
215
1414
30044
27
331
1833
61
331
24
5700
10479
27
331
9958
61
723
728
286
61
1030
723
728
286
76
704
851
8737
61
331
16097
330
27
396
663
4727
750
24
13789
9
3504
30044
515
215
44
244
4192
158
61
40
104
32
222
663
330
215
149
14
692
3509
27
397
16097
53
5910
30046
61
8309
943
3255
6092
30047
978
30048
13
1550
1123
57
24
4918
61
104
32
222
2496
158
262
331
4188
33
13
23067
8737
1537
1284
2540
12159
25325
1105
27
331
4338
2959
61
30044
330
372
129
686
16097
44
2537
2554
122
2534
22816
185
54
2016
27
30049
262
20783
16097
61
324
23
1972
61
65
30037
61
30038
4954
207
64
215
212
24
1560
57
54
5165
5166
30039
3026
262
30043
30044
61
4051
174
207
61
334
5700
34
24519
16097
61
149
24
6557
57
20783
16097
37
27357
4954
331
3601
237
14
2913
723
1825
16783
13
1532
30050
778
331
30044
330
27
119
30045
99
4534
13
25648
16097
2
77
22547
652
57
9876
10056
215
53
13
14
695
27
742
10662
369
11629
24
7587
57
24519
16097
101
14
485
3236
13
25280
164
14
2528
34
24
77
76
791
22758
5171
1704
30051
27
162
3023
13
107
644
13
221
24
2528
2151
61
24519
16097
105
316
4047
11878
525
583
5
358
4557
158
11088
30052
5
1103
13
4975
64
334
13868
57
119
16097
779
345
61
502
988
24
30039
27
16097
12905
3250
515
185
24
1844
1650
27
331
1307
628
285
13
24
11160
12371
61
358
750
846
628
149
30053
9
12229
27
628
278
360
20611
5
628
1876
542
705
257
61
331
215
330
27
16097
6343
515
215
105
2977
13
1119
54
715
13
30054
24
1560
104
32
222
61
40
515
149
1348
215
391
926
516
6651
334
2975
23
24
77
27
331
628
1545
13
151
24
77
27
628
638
244
1028
13
1532
183
61
331
215
330
27
30055
262
24519
16097
16882
104
14
5165
5166
21958
34
14
801
18
24
2947
15
2843
5165
5166
30039
1560
185
207
61
1078
4884
61
267
4360
54
238
61
16097
4727
3957
54
715
5
123
14
217
484
605
4954
61
215
31
525
159
13
54
3062
34
14
15341
27
579
17856
868
14
756
27
331
628
3236
525
902
61
331
16097
330
185
24
1650
27
331
119
106
610
728
109
87
652
926
37
6066
57
237
124
30045
515
37
3108
13
1550
1690
868
27
331
305
607
61
215
30056
5
3469
13
16913
868
14
756
27
251
30057
4872
91
54
715
12586
3354
515
926
391
215
99
8893
37
4751
5
14
29750
663
4872
91
24519
16097
12586
207
515
215
2458
24
1271
9684
58
2375
16097
23
11055
8519
972
30058
330
16097
149
10144
61
5148
5
8238
641
14
230
5218
212
54
23265
27
251
11320
16097
935
330
61
331
628
278
13
738
61
331
5
2287
133
57
24
1547
61
30058
330
27
30058
37
2401
8346
515
16097
2057
1920
8151
57
24
30059
9405
4382
5
8346
515
331
215
87
30060
1103
13
2828
54
6965
5
13189
7549
5
30061
5
87
709
849
30062
13
4975
64
14
7351
57
54
3236
27
331
30045
3089
369
4011
13
9298
185
24
30051
2528
185
1078
2431
27
187
37
663
24
257
515
30051
37
5605
87
1481
13
6890
9
5
646
87
709
2528
2241
24
6558
37
14674
57
24
1560
27
816
24
1560
87
244
1841
91
891
2431
61
24
191
330
183
44
30063
24
77
5
1399
183
47
34
1562
27
1605
3034
262
1134
8551
2195
61
555
61
394
858
1046
935
9
22758
5171
1704
30051
61
24
582
3034
57
24
18905
30039
246
30040
215
37
11088
1274
61
24
30041
9
2033
30042
76
54
715
37
3509
5
2458
14072
8652
2
10320
246
119
11418
663
289
4047
129
696
4557
215
99
8893
37
4751
331
4872
8093
331
5
3252
14
12620
4567
449
405
57
54
594
6997
10056
246
396
4557
215
44
908
24
2947
15
2843
5605
34
24
30039
91
2947
890
2843


