258
1704
16257
119
485
57
14
635
2255
129
149
6699
13
897
58
24
4554
411
1156
4942
525
369
3621
14
15267
10625
18
24
700
13
3820
4689
34
642
16258
27
16259
6092
61
666
61
53
316
15049
2403
13
24
411
333
484
361
489
91
525
6989
9
4501
16260
2553
61
1526
61
23
744
427
27
842
331
6348
5
11879
16261
331
91
24
642
2150
24
411
412
2084
401
545
13
1813
525
562
61
24
7357
943
149
750
27
16259
6092
37
485
87
16262
642
34
16258
58
358
4942
13
6420
13
525
2403
34
442
182
806
926
149
489
91
525
6989
9
4501
23
744
427
655
926
735
34
642
13
8988
665
6092
61
2
290
16263
61
3150
61
149
944
10490
123
525
169
1724
13
642
484
24
1804
285
982
27
119
3906
1707
11852
7613
99
253
6671
665
6092
149
4942
91
365
24
16264
5
1747
5713
642
64
758
64
24
4554
1156
27
119
16265
330
355
2831
278
100
644
13
6420
13
525
1724
362
360
146
27
258
24
227
358
2084
104
525
82
2010
146
147
926
149
982
61
722
100
6699
12194
607
27
16260
2553
61
1526
61
149
561
34
562
34
8180
665
6092
91
10409
525
12194
607
23
14
331
11012
11013
331
119
498
2959
23
24
1810
87
956
14
238
91
665
6092
37
485
75
14
943
57
2393
10625
23
558
515
24
642
278
334
331
11438
331
2
361
15417
34
16258
101
24
1474
3802
34
24
7280
57
355
123
331
24
643
1185
16266
57
2102
331
27
305
24
1271
227
61
24
8789
16267
57
1747
5713
5
16268
1707
369
3302
9
2386
75
24
12417
7606
331
2275
10625
515
24
485
2831
107
3748
13
738
206
76
14
3820
515
122
16269
15
3079
101
24
5828
4285
185
10614
10615
288
3128
91
14
642
10834
13
2648
665
6092
37
562
27
10009
16270
8721
61
1037
34
665
6092
37
485
61
330
24
501
149
331
6005
752
331
61
3924
76
7669
13
597
57
3860
7464
27
396
750
374
7357
943
16271
262
331
1447
87
14
2296
34
14
9892
16272
57
24
642
23
24
3189
57
3291
16273
5
3799
502
278
105
14
821
4238
16274
1476
185
1857
5
4098
4372
23
642
412
27
331
808
16270
330
24
485
37
3820
149
331
45
144
449
3225
331
40
663
14
331
16275
13
532
133
2236
5
3438
496
640
331
27
2553
7487
665
6092
61
552
272
288
82
104
24
227
61
58
2058
89
525
1563
331
23
14
16276
2250
57
11012
11013
331
58
11016
926
149
23
14
582
7316
144
3133
58
358
105
2043
47
27
119
2959
944
515
665
6092
53
525
55
4554
1724
185
14
3824
2956
104
16277
5
750
24
16268
1707
11742
515
2553
105
799
13
24
1563
5
1142
525
76
1463
2359
27
396
105
16278
525
10428
1131
5
319
24
622
111
868
23
54
1536
9
586
215
516
4699
13
6457
525
27
665
6092
61
666
61
289
642
1587
5
149
944
10490
484
24
2956
285
982
27
579
53
183
3466
525
562
149
23
7749
40
642
638
244
4297
24
16279
57
24
4918
27
579
149
982
1348
358
2084
808
16270
330
24
331
16279
149
3330
9805
331
5
334
6939
352
44
278
2150
642
8780
525
23
360
146
27
842
24
1724
105
423
218
16268
9
331
24
286
642
765
331
9
5
45
1747
5713
61
64
183
2831
278
456
27
119
16268
11742
750
24
2255
9
57
9
316
13
331
817
1399
331
23
24
1563
5
151
24
2956
2801
64
1747
5713
1707
516
1028
13
1724
525
33
61
330
808
16270
27
1882
13
24
12417
2959
6463
61
24
16268
11742
2325
13
525
1747
5713
1707
12636
5
330
2553
105
3203
13
4699
13
331
1805
331
16259
40
638
45
16280
13
331
24
1206
13
6457
331
27
119
1724
2831
278
5910
13
107
16281
64
5179
334
6939
352
61
40
149
2053
16282
27
251
321
4554
1724
149
309
91
16268
1707
2
665
6092
104
16283
5
926
44
107
944
10490
484
24
1804
285
982
27
1707
355
2084
104
16284
13
532
525
982
27
2553
149
3218
13
562
23
3254
23
1972
58
5552
596
104
24
3150
3222
943
27
808
16270
750
24
2959
515
24
331
16285
467
331
3283
646
288
331
48
1106
2020
16286
13
665
6092
37
1535
91
24
642
331
27
396
9991
355
105
4942
13
8988
23
227
5
3633
1813
525
562
652
57
3117
11406
27
3779
288
1515
91
6348
5
11879
6635
57
24
642
502
16287
542
722
13
855
4689
1400
34
16258
61
215
330
27
665
6092
37
485
369
361
5892
91
10802
871
37
13136
5
24
1435
13371
27
13539
57
13371
16288
16289
330
262
331
16259
44
107
2257
1222
24
4948
105
15092
122
2020
101
24
10614
10615
3161
27
331
691
847
1013
107
3748
13
9935
1155
11386
101
24
16290
57
642
11438
27
331
246
1707
2831
278
2168
13
16259
6092
37
3150
82
362
360
146
246
1307
358
2084
2010
146
147
61
256
316
2403
61
926
149
982
246
1936
525
169
1724
642
944
10490
61
484
24
2956
285
16291
246
1042
6989
9
4501
61
16260
2553
61
6699
525
12194
607
23
14
331
11012
11013
331
246
2553
149
561
34
562
34
24
239
23
744
427
246
16292
87
331
45
144
449
3225
331
40
768
133
24
4878
61
2959
750


