258
463
464
3968
396
229
24
7764
57
54
688
545
35
506
76
54
715
61
22340
54
8623
61
5
1094
791
12089
6979
22341
8595
99
2114
13
1876
34
6330
13
2572
6207
104
24
636
57
5731
27
8595
61
14
6752
5
1413
9
4522
12089
6979
61
129
1903
334
533
9
506
5672
4522
185
13861
1517
61
807
54
6745
34
14
7208
370
184
91
6320
5214
12165
61
129
87
2329
34
24
4744
6217
27
331
628
696
417
14
2508
2528
57
648
13
237
820
5
628
19007
515
646
369
692
1107
1607
628
2831
45
1876
820
40
646
369
226
1107
1607
628
2831
61
331
8595
750
6219
104
24
2327
2439
23
22342
22343
61
398
57
24
4791
215
87
3621
13
1168
27
331
628
278
244
105
237
822
311
647
24
801
61
331
215
22344
27
523
485
262
2036
12089
16324
22341
8595
61
5731
61
54
715
22345
2452
61
4983
61
5
122
3059
22346
2934
14
19009
575
8595
4934
54
1876
34
22347
23
22342
22343
61
12089
185
563
1371
61
267
8595
149
9233
91
54
715
22345
61
129
87
1533
1284
170
9
14
9
6189
54
8623
5
122
3059
61
22346
8635
61
129
149
361
132
58
91
8595
331
316
1509
5253
2
54
55
568
27
22348
156
262
2036
12089
22349
22341
8595
61
5731
61
22094
76
54
715
22345
2452
8595
61
4983
61
5
54
688
22346
8595
484
10065
54
1876
34
4744
6207
237
296
23
22342
22343
61
22350
8595
1903
316
5967
64
6979
23
24
7050
5
149
4712
9
6328
23
13119
27
396
935
1789
14
6778
34
14
5887
4522
23
6585
27
187
149
123
515
4522
515
215
650
101
3804
7101
23
7717
76
24
1779
37
11740
57
22351
22352
5
149
560
91
14
8672
185
1517
57
13861
27
4360
24
3241
61
24
22353
3829
373
99
168
2002
23
24
1779
27
8595
61
54
715
5
54
5253
9
365
57
6505
369
508
1284
22345
9
288
24
3376
57
14
4539
9
1910
9427
7249
3193
289
331
119
16324
37
3548
331
27
251
5671
802
22354
2
24
11740
57
22351
22352
23
54
5887
4522
11
13
533
494
23
5672
27
742
5182
3354
650
123
14
2905
6603
19009
104
14
22342
22343
12148
27
8595
149
24
22355
3865
23
12089
10023
34
822
57
24
545
10102
6189
167
14
3232
57
16273
515
404
23
5231
3799
5
1413
3804
9003
61
32
57
502
404
23
802
27
396
4644
2
10023
23
2862
61
484
183
497
3466
515
215
149
156
101
643
23
24
501
515
516
3340
23
54
9194
27
4303
5
58
54
5672
4522
61
215
3957
3383
64
14
593
57
334
9547
3804
6558
23
22342
22343
61
22356
4954
91
791
486
129
105
1642
12148
22357
5
334
22358
3804
4929
27
16239
64
14
22359
262
22341
8595
61
5731
61
1949
533
494
23
5672
256
14
5671
802
22354
2
24
11740
57
22351
22352
23
54
5887
4522
64
16324
22360
77
262
2036
12089
22349
22341
8595
61
5731
61
22094
76
54
715
22345
2452
8595
69
22361
71
5
54
688
22346
8595
237
296
9
8595
331
485
369
24
3376
57
122
2534
13099
3193
5250
262
22341
8595
61
54
715
22345
2452
5
122
3059
22346
2934
24
19009
575
215
2291
454
57
5175
5
4934
54
1876
34
24
2572
6207
7604
6467
278
3250
704
57
372
9615
27
20388
61
24
4098
22362
105
54
2534
9427
3193
90
185
13099
502
1039
24
13253
7316
1411
791
12089
16324
22341
8595
5
54
13591
9
2033
715
22345
2452
27
119
3193
37
1876
2291
58
533
13105
27
119
20711
636
1948
87
45
24
22363
398
23
24
10984
912
1151
603
679
27
119
1047
1644
2011
655
8595
149
3269
227
185
13861
1517
27
119
3193
1039
24
3592
57
24
22364
485
5
16691
834
8595
87
17639
47
24
7683
2
24
4098
22365
515
1010
158
23
5672
27
22366
34
54
22333
23
10023
61
8595
149
3218
13
5672
185
13861
1517
23
1897
27
396
149
23
3254
2
10714
13
5657
555
34
54
511
23
14
22367
5
19283
7565
13
20657
22351
12148
22357
123
54
5887
4522
23
24
1920
8887
27
14895
262
22345
8595
61
54
188
715
61
65
7764
13
122
318
61
22346
8635
8595
61
35
744
4338
5672
262
8595
10417
24
1857
5267
387
58
1775
3254
23
555
61
21474
14
893
360
4757
54
8623
5
1036
76
525
23
14
4539
9
1910
9427
3484
3232
4576
5
715
262
22341
8595
61
69
174
71
61
6405
76
715
22345
2452
8595
61
69
700
71
61
34
858
61
484
4485
104
24
22342
22343
2905
6603
61
3354
61
563
1371
61
267
61
23
22342
22343
22345
61
129
149
23
276
104
24
227
61
6816
47
14
1442
57
22368
22369
912
7844
57
24
791
6979
5
497
14914
76
525
712
583
912
679
27
579
1770
4084
13
22341
129
935
17676
34
525
13
3613
158
23
5672
27
8595
4042
834
358
2011
23
334
4860
76
22370
27
331
628
149
23
24
35
506
57
707
5672
4522
1184
5
58
926
1869
24
767
61
926
497
1919
23
707
1915
5
1414
13
3613
846
27
143
628
17676
34
525
13
3613
846
5
58
515
610
2168
13
639
621
622
758
5
926
650
13
3613
846
705
140
257
22371
27
331
143
515
912
334
1151
679
34
14
111
707
636
5
14
729
635
893
525
636
61
331
8595
5910
27
331
842
4457
10080
183
640
27
691
1391
846
13
5672
34
562
61
2391
496
628
650
33
61
14
692
9
537
715
27
331
5250
5
688
262
2036
12089
22349
22341
8595
61
5731
61
22094
76
22346
8595
484
10065
54
1876
34
4744
6207
2281
22345
5
22341
4886
122
679
87
331
4293
61
331
40
4315
122
7316
1001
34
542
27
331
1003
583
87
334
2219
583
61
331
22345
8595
330
27
331
396
912
14
3541
571
27
2686
568
87
226
1284
594
308
912
568
1348
358
2354
24
1271
636
27
331
331
628
1018
1013
639
834
183
640
1185
1607
183
640
40
628
3330
906
23
603
76
158
61
331
22345
330
27
331
143
22372
515
61
215
1308
1013
278
64
822
3225
64
594
308
1019
27
419
628
3556
107
14
2928
103
5046
22269
1222
515
912
496
628
149
23
34
27
331
119
3193
149
7601
64
14544
24
3602
22373
1411
8595
331
622
272
27
6162
1910
262
7007
6848
9442
1802
11105
61
22341
5
22345
8595
3423
23
14
4539
9
1910
13099
9427
3193
3193
119
21464
3548
523
540
262
119
16324
37
3548
825
4180
24
763
57
6989
9
12089
16324
22341
8595
61
5731
61
5
54
715
22345
2452
8595
61
4983
22374
262
119
9427
3193
1039
10002
8595
27
742
5253
69
4051
71
480
5
5618
369
6351
1817
76
22345
37
316
3899
634
69
700
71
396
99
1413
272
91
54
55
715
20664
27
364
57
54
5253
480
5
5618
69
129
369
1094
23
122
12060
71
61
825
3235
185
24
3193
27
480
87
14
22375
9
2033
61
1413
9
227
22376
61
5
5618
87
958
64
331
14
22377
22378
9
2033
6989
9
22379
27
331
2452
663
99
316
3899
634
61
8290
5
4856
61
2
14
3240
568
129
825
663
107
3866
23
24
9427
3777
27
331
1007
369
2050
13
107
5246
104
834
2360
23
594
7761
612
763
369
61
331
24
791
16324
330
484
24
3193
807
27
331
143
417
61
23
22380
57
24
1217
515
646
912
237
2508
2187
23
612
636
61
24
1217
515
628
278
916
272
18
22381
9
2033
5
1094
14
22382
9
2033
3059
5
926
912
2168
316
3899
634
27
251
4918
515
24
3940
1066
61
45
5363
1185
722
100
76
703
516
4568
54
1185
525
11428
5
377
515
912
604
2050
13
223
40
1014
846
183
99
3366
5
628
2357
821
1735
57
183
27
331
246
2036
12089
6979
22341
8595
1520
215
825
1876
34
2572
6207
104
24
636
57
5731
246
5534
24
5182
237
296
23
22342
22343
61
9233
91
54
715
61
22345
61
4983
5
688
22346
8635
246
16391
561
34
533
494
23
10714
5
87
3778
2
1083
22383
2964
34
22384
246
1295
215
87
45
3778
2
3621
6330
13
6207
246
22385
23
14
4539
9
1910
9427
3232
289
331
119
16324
37
3548
331
246
22386
2065
22345
54
316
5253
61
480
5
5618
129
369
23
122
12060
2
54
55
568
246
2742
3423
54
316
3899
634
8290
5
4856
2
54
169
568


