19996
24613
61
1371
61
53
2079
64
1561
37
55
5784
175
276
24614
258
24615
24616
5
21462
24617
251
2889
129
53
2079
64
1561
37
55
5784
61
175
276
24614
99
100
8643
24618
1044
27
19996
24613
61
1371
61
309
24
514
35
2356
104
24
24619
1050
23
1747
20248
61
64
525
15212
77
61
24
24620
61
13682
14
2195
9
2459
17
18
24
9407
15946
27
6117
57
14
670
61
24
1546
1820
9326
13
2242
525
346
1011
2526
20630
34
24
7207
483
27
521
159
34
522
2186
14
8162
3555
579
53
2079
64
1561
331
338
55
5784
175
276
24614
61
5
35
2356
19996
24613
149
8643
24618
1044
7883
449
24
1980
61
1420
24613
750
24
7244
24621
262
331
187
37
2236
9654
13
107
389
64
24
24622
8575
5
107
14
2526
136
27
628
604
648
628
149
2050
13
81
27
1134
87
4529
27
331
1042
24620
9911
61
6279
24623
24624
24625
61
149
4934
64
24618
8720
27
4338
11344
14
24626
5
13514
1420
24613
359
262
331
3116
107
76
707
9911
61
628
1018
244
1019
183
37
1541
640
484
61
14
2913
5
14
730
2
24
2526
77
361
16240
27
331
119
2878
87
14
20816
24614
34
24
1747
20248
6633
293
24620
61
23
24627
61
1561
61
438
11245
24628
27
993
9
24629
262
1420
24613
330
515
183
37
331
9654
13
107
389
64
24
24622
8575
5
107
14
2526
136
331
579
99
100
24630
76
24
77
647
1072
5
149
644
13
6314
525
2534
123
24
5887
5769
57
24
24620
2544
185
744
507
61
2394
3567
5
24631
316
9292
27
331
628
44
244
1550
24
1994
445
707
855
61
331
926
1195
750
24
7244
24621
449
525
1698
2502
27
331
119
622
110
278
100
2508
27
4338
24
2544
61
358
16522
707
620
5
330
183
149
2508
628
149
2505
2526
27
331
251
10886
3022
23
525
2534
700
61
1420
24613
149
1644
10458
13
2502
5075
2526
40
64
926
8769
61
525
2685
2429
34
24
8162
497
6033
27
24620
2526
220
61
10045
24632
61
9468
525
9288
5
4838
525
13
676
76
24
13973
77
9
5
14
3022
149
3132
27
4873
6018
262
1420
24613
4253
525
1546
17634
34
14
13514
15177
4975
262
1420
24613
37
24620
9911
61
24624
24625
61
149
4934
64
24618
8720
7173
23
1561
87
1030
14
5513
27
119
491
4809
99
100
14
12678
1675
34
16786
13048
1030
24633
9361
61
24634
11587
5
6646
47
9
5
9
24635
24636
24637
13159
24638
27
119
1779
87
1899
91
11247
5
2097
23
4087
24
594
16786
110
27
4865
175
276
2526
99
719
5784
4967
23
24
139
61
594
278
100
23
15603
1030
24639
61
17832
61
2725
15787
5
3135
24640
69
1185
24641
71
27
5069
99
14
893
24642
13
24
175
499
134
57
24614
185
24
77
27
24643
4485
61
1420
24613
17321
24
77
23
2928
822
1690
9
13835
24
10895
1547
27
727
738
730
262
19996
24644
149
10458
34
24
5075
2526
77
61
1348
525
2685
2429
149
4598
5
926
1770
13
676
76
24
276
37
13973
2526
77
23
1072
951
796
322
262
24613
37
220
5
1382
77
273
9261
525
2429
5
24645
61
12136
515
926
99
13
6314
525
2534
579
3787
89
525
4316
23
24
6208
7079
10895
1547
61
185
24
622
83
57
525
276
27
331
579
1308
244
1095
34
1193
796
322
61
331
2464
24632
330
449
54
709
9
24646
1708
13
24647
24613
27
331
579
37
45
3108
13
3193
2295
47
61
926
2236
144
3108
13
1018
525
1017
5
1222
14
627
1410
183
24
286
880
61
515
37
185
158
61
45
185
525
27
331
331
579
37
2168
13
584
23
24
6666
57
830
24
2526
24648
831
5
3204
542
496
13
1018
5
1348
13
1018
183
5
358
226
2970
13
525
820
5
358
1018
61
331
24
220
359
27
4809
2960
3193
14
2488
57
24649
5784
24650
278
319
13
24
1698
23
175
276
2526
647
24651
27
162
555
61
14
2488
57
2842
7079
2469
34
5971
1853
24
1779
27
1420
24613
330
525
508
2179
61
2180
61
4169
926
87
4529
61
40
331
628
144
1019
237
87
818
822
7420
61
331
926
330
27
12216
24
1698
262
19996
24644
69
174
71
1520
525
508
2179
2180
69
700
71
4169
926
87
4529
34
2505
76
24
634
331
628
696
2469
5075
2526
647
24
5887
12041
27
16478
185
634
87
2236
7420
61
144
13
850
122
4671
61
850
24
9766
444
16276
27
628
706
107
15926
61
20737
27
842
237
87
1030
1193
622
2544
27
727
144
278
13
444
23
24
5314
5
2502
27
331
4360
19996
37
2025
61
525
448
369
11847
15790
122
1093
23
24
6849
8162
1969
34
24652
947
27
397
14
9428
9914
61
24
175
24653
99
105
525
613
614
57
947
2
525
17032
185
24
10886
77
61
349
14
2043
5095
61
14
2043
4681
5
946
24654
27
331
628
696
1502
7076
515
628
1545
525
13
2502
10886
76
14
17634
185
61
331
20873
24613
61
19996
37
2255
61
330
27
331
579
37
709
24655
5
628
1019
628
278
4372
58
5049
525
4003
27
842
57
2510
707
3700
2349
87
60
61
331
24
5794
4620
359
27
246
19996
24613
61
1371
61
53
2079
64
1561
37
55
5784
175
276
24614


