15
7124
117
6
54
6
0
155
331
203
362
38
10
8659
303
7
5
4589
466
7
2388
12
377
30
2452
0
16446
4828
6
0
4361
18
117
2
4992
7394
8
757
1
32517
1
492
1966
12
426
20
5
2674
11
0
9872
7142
106
362
4
22
0
5585
18
117
10
41
3
2840
2
96
22
32364
16
8
24
252
75
3
429
0
46270
1
124
25
386
2
104
352
2528
3
32
117
2
104
352
41
2528
3
32
9976
2
8
7000
15537
1
5
3345
6
7394
1
22
16
8
24
610
24
73
1118
17
885
0
4361
18
117
886
7
125
152
4
12006
386
2
24
981
109
3
1118
88
4
161
1
8
3972
66
11
1299
2426
11
282
2
9122
297
94
11
167
11536
16
65
911
14
3346
8
60
80
14233
11
66
8
15645
127
5
1884
20
5
9436
2674
339
0
569
113
7142
362
4992
7394
4
21702
7306
43
303
420
7
0
2388
13009
6
155
331
13339
16
25925
21703
1
3123
1
0
3013
6
0
5585
21704
13832
3062
27
4828
12
446
3
0
869
6
0
64
2153
362
4
22
36
10
8
2568
2426
8
11
27
198
18
1794
7416
16
2614
21702
7306
1
93
1
4
4992
7394
1
122
43
285
31
21704
13832
38
1151
514
12
88
23
44
2367
7
42
4348
195
57
30
40
146
230
150
4361
21704
13832
1151
514
12
2614
4992
7394
4
21702
7306
23
44
2367
7
42
4348
195
2
13832
2198
39
0
1163
4
574
19
1998
12
430
7
5
1137
7024
652
2
380
446
1
19
145
3062
27
4828
3
0
420
362
8
869
4
22
36
10
8
2568
2426
8
11
27
198
18
1794
2
25925
21703
1
3123
1
28
2388
22
36
1459
17
0
869
1230
114
36
253
34
342
5
198
2
8
24
322
170
2568
2426
63
110
510
20
0
844
6
95
198
1
8
36
78
0
507
689
2
8
191
4672
2005
95
12165
4828
1
12190
2
8
294
5
145
98
24
2280
11
0
983
6
95
198
2
1217
109
44
352
8732
11
0
983
6
42
2443
2
8
31991
16
21704
13832
1151
514
12
2614
4992
7394
4
21702
7306
23
44
2367
7
42
4348
195
23950
737
16
657
21
10
2008
3
155
331
1
13832
633
48
1350
3
106
12
46271
21703
22
14
27
198
34
2217
17
1601
2095
19
1600
142
45
34
805
2096
31
0
117
3
688
4
185
59
2
13832
34
5
189
1020
585
1
4
5
1592
11532
11
0
106
4
0
394
4
5
683
6
1601
17583
14
1041
37
1101
3
5348
430
5
70
320
2
1475
0
1163
1
5
9436
8486
6
18829
1
7458
9994
4
5190
30
40
803
7
0
11145
9
21705
329
6
0
403
113
362
7394
4
7306
43
303
2
2614
20
0
2674
865
8681
3
6517
88
1
23
403
1325
2033
75
140
155
331
4
0
264
3
84
0
222
2
2241
1
2245
1598
1363
11682
4
19
227
1
1588
0
569
4
2823
2399
7
5
163
6
13830
17
0
106
794
1
50
1
29
1
7
196
22
0
3162
574
127
88
90
0
1603
2
46272
16
2245
1598
1363
11682
9
38
30
1667
3211
28
125
362
9
224
3
0
2674
17
19
227
46273
46274
2
15
584
2823
2399
4
192
531
5
638
6
4148
3072
11682
61
531
403
694
7
5
638
6
4148
20
46275
9
0
5087
71
13832
1151
514
12
0
362
2
2773
14329
18
263
30
61
2303
27
4828
3
0
869
6
0
64
2429
7142
362
12
5
703
3
42
2674
12
446
2
46276
32518
1
903
1
2823
5
16041
20
0
569
7
11145
9
21705
113
5
4361
285
2614
4992
7394
4
46277
7306
2
8
24
79
34
3
226
55
4
716
42
117
183
14
60
938
17
88
1
4
24
659
159
3
1386
95
4393
4
4828
3
80
0
869
38
33
1029
162
48
1819
1
8
32518
22
2
360
1
7394
8
117
22
44
33
170
4356
31
0
17718
197
0
270
4
106
45
14
44
84
74
5667
2245
1598
1363
11682
11
0
1603
6
42
1174
54
2
3846
7394
46
32
2823
3
936
20
5
2308
12
405
918
7
5445
2
1643
1
6690
11
7306
18
2308
46
154
242
39
2188
29
40
4067
7
28
1044
2
17281
7420
16
378
0
2674
7
2388
1
362
14128
42
2299
4
15562
23
168
26
4992
7394
8
757
1
32517
22
0
5585
18
117
10
41
3
2840
11
0
1603
6
0
9872
7142
106
362
26
7000
15537
1
5
3345
6
7394
1
22
16
8
24
610
24
73
1118
17
88
7
125
152
4
12006
386
8
26
15
4361
18
145
25925
21703
1
3123
1
6
2388
3062
27
4828
3
9872
3846
4992
7394
12
446
26
96
22
16
8
294
5
145
98
24
2280
11
0
983
6
95
198
2
1217
109
44
352
8732
11
0
983
6
42
2443
8


