144
10478
2349
3343
8500
1
793
1
489
64
67
82
7
1034
39
1441
362
28
19
582
2941
1
1514
458
21
58
32
572
17
679
2389
65
6942
30
40
1258
64
67
82
7
1034
39
21
6460
106
28
19
2941
3
1821
458
44
34
4913
63
0
2709
21
10
1444
56
21
10
432
2
8
24646
8
3343
8500
1
793
1
180
362
28
5
247
15541
6364
3
325
55
112
21
10
159
3
32
572
17
7762
1108
65
679
39
41
942
28
88
2
52
10
146
187
69
37
7507
905
39
317
106
12
5
232
9
1361
10152
7
5
1923
4377
2
249
21
10
432
7
405
1
39
5601
69
5
4014
1
106
115
34110
14858
3500
2709
7
19
2389
2
8500
10
856
12
634
5324
11
3195
937
317
340
8165
1
624
119
10863
4
340
1648
2
836
21
30
2087
430
64
67
82
374
2511
39
91
696
99
3
3183
9
12
9
11256
904
372
113
21
1184
578
3
2389
6
5
6508
65
642
2
203
362
22
44
43
4668
1146
1339
12
0
679
90
7393
458
3
934
1176
635
56
8500
5197
88
28
50899
50900
2
5304
11410
8786
78
0
186
8500
10
7
2738
3
5
4267
4
2888
21
58
32
2176
49
112
21
107
41
1126
0
679
11
59
2
96
22
16
8
52
10
5686
11
5
624
2011
4
25
10
119
21
10
7
1330
11
14
2011
14
21
2249
106
4
22
1
240
939
47
2621
63
261
679
218
240
4
348
3
32
3310
2
8
52
10
3310
119
7
1330
2
52
22
21
34
5
391
448
3
1804
0
679
49
4
10
3
402
88
268
0
4267
404
88
2
8
52
692
25
10
2709
2
52
22
21
13
41
5
2130
430
45
10
7
2738
3
0
4267
11
72
639
86
21
8240
59
4
107
14
431
11
59
2
8
15
186
306
8500
30
542
1033
3772
11
1903
2178
2
52
30
98
40
4340
3
37
2470
1034
11
0
87
71
2
8500
47
776
830
496
178
82
39
21
175
196
7
5
1573
106
4512
2333
3646
20
497
247
31031
103
0
1777
2
2889
50901
1
13301
1
22
16
8
1100
21
30
1033
3772
1
92
33
2998
11
679
2
52
47
170
247
2
6270
3
9975
34111
46
32
19
87
702
6
37
2470
582
2
8
7843
59
64
82
3
389
21471
17
19
421
905
1
1485
636
10173
22
16
8
308
33
170
118
793
4
29
40
7
810
5
396
6
2544
28
0
512
6
406
45
739
845
4463
3
679
2
22629
16
8500
46
32
622
28
0
247
3264
8
6364
3
9797
4317
582
9975
34111
8
380
405
823
24
1311
66
12
108
3916
2
2607
2178
43
1654
12
0
222
132
23
48
54
2
8
203
115
679
56
66
43
432
2
135
33
5343
7
0
1252
6
72
6470
4
66
78
106
7
772
66
43
1272
0
679
11
552
1162
38
66
692
3
32
5
4267
2
8
17263
2709
13
1505
13757
4
217
3869
7
0
2714
1347
1710
3677
4
66
692
66
43
32895
17
552
38
10
8716
642
1853
2
8
65
4908
203
479
22
16
8
139
10
5
2389
17
4525
3
2714
1108
65
642
2011
2
8
104
3962
6600
530
28
0
6544
3
2917
0
679
4
4678
1939
110
44
33
2
8
104
123
252
106
679
1638
3
355
5
1004
2343
4
14
817
25
73
154
71
3
934
0
635
2
8
26
3343
8500
1
793
1
180
362
28
5
247
3264
8
6364
26
3323
106
7
4908
16
8
939
18
2621
63
261
679
218
8
26
4460
146
187
69
37
7507
905
11
3195
937
317
26
7017
34110
14858
6
3500
2709
12
59
56
21
10
432
81
70
26
30836
578
3
2389
6
1108
65
642
20
3183
9
12
9
11256
904
372
26
15
186
306
21
30
542
1033
3772
11
1903
2178


