144
6298
3752
65
235
1068
1832
30
40
5949
31
5
7997
4256
39
21
3436
247
35293
11
8
4464
944
13885
8
2
636
22391
9
761
3748
33
786
7
518
6
3231
4
375
1478
9
7734
4236
17
0
3176
63
2368
35294
7
160
1
113
21
630
2
8
15
944
1
44
361
282
4
44
2708
282
1
66
183
1
66
79
29
3
210
49
17
14
1
8
21
78
5
495
2353
163
7
19
3011
1488
2
11477
16
2368
9
529
636
22391
1
137
12
0
6922
20
160
3061
4206
17
64
1632
1
78
5
2353
163
247
2368
35294
3
246
8
33
500
400
4
4464
5
396
6
247
944
13885
8
55154
16
15
17282
2422
348
68
22391
53
137
17
179
401
353
55155
33012
51
112
21
10
5
35295
1
50
21
1243
2
89
0
2368
2353
4256
22
0
6185
76
29
617
67
8
15413
0
2368
33
202
769
6
8033
49
4
1
66
183
1
60
29
14
6155
4
24
659
662
261
247
3513
33
500
400
4
4464
5
396
6
247
944
13885
1
86
92
66
33
1
4
205
3715
3
88
2
8
14916
778
1194
2164
458
0
1832
10
5
8
35295
8
9
50
21
1243
2
57
10
123
932
5
1656
827
3
0
163
6589
63
68
22391
10
8
5814
103
8
2
6612
7
15947
1
0
1832
1115
19
7170
28
3996
14541
7
1849
160
15
685
12
17282
18
15
5473
163
7
488
4787
64
949
2181
3
0
6185
1
54
6
50
10
17991
3
0
26107
4046
6
1488
2
15
2088
15868
1
4548
475
1
2410
0
3176
55156
4
1116
3
223
2
17282
1301
5
245
6
10105
43
8431
31
0
685
1
45
22
44
76
32
32816
23
5
32061
4
1509
9
1258
7225
6
247
2368
266
576
7
160
2
15
6185
1155
25
10
5
35296
12367
120
5
8
1798
9
1076
8
495
1238
12
5
243
1092
3
0
1248
8420
6
0
772
2
89
0
4256
9129
1
324
0
163
76
29
157
5
3671
7366
62
157
0
2422
3
465
17
12
9
663
3754
2
15
4256
18
2899
22
16
8
57
10
0
4466
6
0
2892
1
262
97
1622
6
0
2793
1
14
0
4416
7
50
707
2482
43
562
31
0
2887
58
773
22049
2011
4
14
0
1238
7246
34
41
204
434
462
7
0
152
7
50
0
685
43
7392
120
0
1238
2
8
101
1787
1
25
10
0
1106
6
0
2892
14
0
2422
47
7006
4
19
2174
3
19
220
1332
7
2617
6
458
19
2887
34
4359
35297
107
41
1352
434
462
7
2617
6
0
16093
6
10105
38
1
7
0
4466
6
0
2892
1
445
14271
1106
0
1183
23
2922
2
8
6612
7
15947
1
0
1832
30
40
20
0
9115
6
257
232
1004
1068
11
1612
4
2550
19
1599
20
5
6351
1058
7
14541
1
1849
160
2
101
468
21
10
1670
23
54
6
231
2368
1068
4111
3
32
6829
12
5
30613
12785
2
563
17282
479
78
1112
16
8
930
0
237
6
136
3729
92
43
64
2181
482
7
4463
3
0
636
55157
772
2
8
104
29
100
557
1183
3
143
7
4969
3
0
35298
595
50
60
2005
2
8
15
412
565
6
0
35298
595
46
32
3579
1780
90
15
5473
1238
2150
2500
415
2
8
26
2262
1832
116
0
3176
12
495
2353
163
7
1488
7
488
26
35293
33
8
500
400
4
4464
13885
558
4
205
3715
3
88
8
26
52
1243
35297
45
0
3176
3309
5
4256
2337
26
26107
4046
6
1488
1846
685
601
8
22049
2011
8


