144
6808
2900
6038
2225
13
1664
37
358
2289
5
23172
371
5
1116
17502
5508
5
3502
7
10734
81
872
1
50
5453
562
23
8
11449
8
2
8102
6
0
3894
30
150
1172
1
1045
0
1573
4405
4424
455
0
10734
2043
12
377
415
1
17
4520
3628
6849
0
953
58
74
536
0
15783
9
8619
2158
25
10
2447
2391
11
2
294
28270
12
0
381
429
3
718
4
75
73
32
306
3221
4
11450
1
0
914
1367
23173
162
64
37357
6
0
3502
9
50
17091
10734
4
37358
9
4
55
0
108
243
2
8
17503
1
24
273
21
10
11449
1
8
15444
23174
1
37359
6
0
10734
28271
1
78
15
577
1623
39
17504
0
17502
2
297
94
11
167
8
939
13
21
500
8
16
14336
718
7
4685
23
0
1573
6
5
23172
2150
3
2800
103
12
0
10734
2043
1
3422
1307
11
5
195
3502
8
52
18
41
159
3
143
25
8
16
378
48
547
0
953
1527
23
112
25
58
7201
1307
69
0
15783
9
8619
2158
28272
16
5941
22
92
10
100
252
11
0
1573
3
84
110
44
107
1
4
76
29
79
37360
182
0
3502
3
0
108
243
28273
116
25
16
5941
161
0
17505
17502
76
29
698
28274
821
8869
16
15
953
750
25
182
0
3502
4
55
0
108
243
8
24
273
21
10
159
3
688
3
7201
69
0
243
6
0
3502
1
45
15555
0
1573
10
344
3
124
162
14
19860
3871
2
8
23174
176
14
0
1573
34
118
40
8
5
12144
184
25
76
29
40
0
1476
9
276
10059
8
2
96
562
0
3894
23
8
4577
1
6832
4
10735
8
1
1225
150
92
43
2701
501
6944
4
28270
12
0
4031
20
0
71
2
57
13
1876
3
177
37361
12
0
10734
2043
2
13110
69
0
0
17502
722
3
177
458
0
1573
76
225
4818
11
0
3894
2
3077
1
204
31
23174
18
315
1114
1
10
3361
3
14337
2
26
12000
2314
81
377
12
0
10734
2043
339
0
15783
9
8619
2158
26
10096
6
5
23172
756
3
17502
182
0
3502
1
3457
10097
25
26
5941
22
44
273
21
10
37362
159
3
862
26
6038
2225
33
1664


