258
463
464
3968
261
262
49658
264
61
2778
3192
1268
268
269
262
25468
264
61
2778
3192
1268
13727
262
251
2421
87
13
107
2940
76
360
3219
10437
64
398
57
24
643
1482
91
3762
57
4325
75
6159
32680
69
324
71
251
2421
149
902
2940
76
360
3219
10437
64
398
57
24
643
1482
91
3762
57
4325
75
6159
32680
27
1543
9361
61
57
49659
61
527
9
528
941
61
87
6903
57
316
6987
57
13128
2943
61
316
57
3932
49660
5
32
57
3743
2943
23
2507
61
24
3222
23239
329
330
27
119
13111
9
2033
87
24
55
1066
13
107
2940
101
11384
32685
61
24
4156
643
7199
58
1400
288
53
75
18822
3484
11000
32680
27
26320
11888
61
8789
10064
10668
34
23244
941
61
330
262
1687
119
23244
99
11847
5457
24
4121
6247
64
398
57
11384
32685
23
8478
13
1543
9361
61
129
149
5677
64
14
2421
104
24
227
57
24
3762
27
1687
119
23244
309
14
394
57
4121
185
534
6324
558
27
31026
20580
288
9683
5
24
3340
57
372
20580
149
309
91
24
23244
185
563
2195
27
1687
408
278
8346
61
23
7729
76
24
8799
34
3222
9618
61
515
646
87
11656
4121
34
14
16131
5483
57
802
61
5
515
183
87
23
24
1857
2975
34
1543
9361
13
107
2940
76
360
49661
119
1517
369
316
6987
57
13128
2943
185
14
627
101
3970
1411
3094
16
5
1078
6324
2507
806
316
6987
57
3932
49660
76
14
627
101
3970
1411
24
1271
4692
5
3743
2943
57
14
627
101
2584
1411
1078
16
5
6324
2507
27
9361
61
129
149
6555
35
534
61
825
3235
104
8197
10943
331
943
185
1072
4884
27
6785
3894
383
515
24
6987
3871
13
32
593
27
119
765
11
11384
32685
61
5
10070
1579
13710
89
372
1870
331
32680
331
61
372
1870
331
32680
5
819
331
61
5
372
1870
331
819
331
27
9361
149
11368
23
24
49662
7376
27
1726
1840
1341
515
9361
105
3366
64
14
2421
34
24
5820
5
3633
622
5834
27
842
14
1726
2327
2964
1609
330
926
149
1103
13
1740
1720
215
105
100
5677
91
24
6048
61
64
24
11461
37
2960
1018
45
738
33
64
420
64
2507
27
1102
610
369
1103
13
1104
1105
34
1106
1107
27
246
1543
9361
6903
57
13128
2943
61
3932
49660
5
2943
246
9149
1066
13
107
2940
101
4156
22901
11384
32685
246
20891
75
2421
9361
3871
13
2284
23
3094
5
1078
2507


