1707
369
2335
1400
515
14
6009
149
1745
23
14
5973
6359
91
1543
5199
912
571
9
23
9
3802
27
6004
12084
20556
76
24
1606
1569
20557
1747
6004
4741
1400
515
533
20558
17999
5
1745
24
6009
58
7306
445
2
24
12179
20559
1566
1535
57
462
3274
61
23
5748
5749
61
967
91
7910
5199
912
571
909
20560
4445
27
119
5973
20561
10675
515
14
416
57
24
5973
1221
24
1687
20562
9
20563
552
1086
183
87
13
151
24
9747
57
20558
609
1221
978
13
1550
24
2655
912
4552
1816
868
40
7682
1348
14
20564
650
1853
24
348
27
20565
61
24
6004
20566
3111
61
129
105
100
15790
24
5973
185
1750
61
266
6324
61
717
11157
876
57
14
982
6009
6653
76
4089
185
5538
833
27
1707
369
2335
1400
515
14
6009
149
1745
23
14
5973
6359
91
1543
5199
37
571
9
23
9
3802
58
14
5728
544
57
14
982
2655
149
717
4166
119
5973
105
2011
104
24
82
57
7910
5199
912
20567
9
2033
571
61
23
24
1696
57
462
9
185
9
24
9
6531
61
484
7306
445
185
14
1106
1687
1777
20568
27
2226
2356
14
1609
34
24
5973
3138
24
6009
105
45
100
1745
91
1579
20558
27
842
5973
20569
10438
15332
61
1011
61
330
262
1687
408
288
256
24
20570
218
14
8968
61
5
935
24
20558
2859
13
20571
61
502
1506
358
288
185
24
1494
57
14
6009
27
331
419
610
638
612
512
13
1399
542
445
1221
610
1129
12446
2403
13
1812
5
1728
542
2
6110
24
6009
27
408
1153
24
1271
12446
515
14
20572
516
1153
27
1687
628
935
1850
14
6009
20573
1817
24
937
57
24
8968
818
628
17722
18
515
880
27
119
512
880
13
1728
24
20558
2
256
87
13
444
23
1411
542
5
24
6009
27
5340
628
2168
13
24
10413
575
628
1850
24
6009
1876
139
61
628
1850
449
533
13
493
57
24
20558
23
14
8069
9
5525
5
14
20562
9
23
27
1687
579
149
23
24
8069
9
5525
76
24
20558
27
628
44
1013
850
496
926
149
2931
40
628
1014
926
149
3108
13
2854
47
24
6009
5
1550
183
868
818
610
44
1013
850
183
27
1687
119
20562
9
23
935
510
24
20558
868
64
387
64
628
2168
646
61
1775
24
6009
27
1687
4338
515
61
2185
57
24
20572
516
4174
13
703
27
691
285
995
5
144
658
185
1221
4534
445
76
24
20558
13
24
1462
10402
27
909
20560
4445
69
174
71
988
462
3274
2
502
24
1606
1569
20574
6004
69
700
71
510
445
1687
628
44
850
24
6009
912
20575
27
119
20558
105
4032
47
1579
11601
27
628
1014
183
149
373
2257
1348
24
20558
174
5
628
650
13
183
27
1307
628
658
183
33
13
612
2992
628
44
373
4192
4539
20576
2
1579
8270
27
408
935
65
183
13
24
642
34
4121
27
628
149
2928
20577
162
4399
61
6607
6608
912
3904
4929
1377
24
1552
57
95
14921
76
1549
27
6117
61
20578
1094
4180
24
1777
57
14
1494
27
251
1609
34
24
5973
330
262
1687
119
1606
1569
20557
1747
6004
288
2933
23
1106
1777
1552
5
288
5653
1414
91
642
1720
14
6009
105
100
1745
91
20558
27
119
7940
13
515
149
709
27
187
912
45
1151
34
5973
20561
61
129
2342
100
9232
24
1106
4184
185
1551
576
61
13
221
47
1155
4900
27
2819
537
104
24
876
57
24
2655
646
149
709
14396
57
834
183
149
20579
251
1609
34
5748
5749
1707
330
262
1687
408
369
832
57
341
14
6009
149
6077
9742
23
24
462
9
185
9
24
9
6531
351
27
408
1550
1193
13091
57
12469
2102
2351
61
5
612
20580
89
237
315
369
20581
909
20560
4445
149
45
787
34
2951
27
1102
610
369
45
370
11344
1105
185
237
4144
27
246
20582
3820
533
1606
1569
20557
20558
17999
5
1745
24
6009
246
119
5973
87
330
13
278
1481
445
2
462
3274
23
24
5748
5749
246
187
87
967
91
1543
5199
37
571
9
23
9
3802
909
20560
4445
246
251
544
57
14
982
6009
149
6638
4166
91
6648
5653


