258
464
618
2414
3968
261
262
10606
264
61
2010
266
267
268
269
262
55441
264
61
1656
266
267
2871
15133
3022
6967
13261
99
1805
133
104
24
883
57
7010
6752
1172
21705
5
54
791
715
2223
24520
18
122
2059
131
8697
27
36817
8961
24
1271
2102
5
24520
912
6578
34
1687
334
4975
57
56715
149
10816
4982
76
24
6468
57
8600
3219
6999
61
873
13261
23
24
2107
2871
15133
4122
27
2281
21705
61
12414
61
5
24520
61
9275
61
288
561
34
10436
24
2510
57
3622
58
24520
510
54
2059
131
23
535
27
579
650
6495
23
1972
58
21705
174
525
34
54
28043
14847
27
6967
13261
99
1805
133
104
24
883
57
1172
21705
5
2223
24520
18
122
2059
131
8697
19117
13
24520
912
10403
61
13261
330
262
1687
20885
454
34
496
104
24
227
149
334
4975
57
603
5
11553
27
27
27
6157
260
149
417
1114
454
34
5669
10667
145
635
12818
13261
6091
14
8342
9549
2213
1299
1300
57
308
185
24
437
369
3253
57
24
1271
2102
64
21705
27
1687
56716
61
29341
5
308
129
3916
2033
9143
18
185
5843
369
417
14
2697
57
3189
20679
64
14
10403
61
40
1348
24
2102
87
13
1018
76
14339
24
1156
13630
24
2511
767
104
1579
11051
104
851
56717
215
1520
27
13261
4137
14
14339
1433
23
3424
35
506
58
1914
104
1533
1284
1114
2288
18
24
1890
9816
655
1729
76
3564
9
3022
1075
15148
23
56718
27
13261
4137
14
14339
1433
23
3424
35
506
58
1914
104
1533
1284
1114
2288
18
24
1890
246
36817
8961
24
1271
2102
5
24520
37
6578
34
331
334
4975
57
11553
331
149
10816
61
330
24
2871
15133
3022
246
396
663
1805
133
104
24
883
57
7010
6752
21705
34
533
454
246
2281
288
561
34
10436
24
2510
57
3622
58
24520
510
54
2059
131
23
535


