119
3139
27844
149
133
23
1857
402
484
24
125
27845
164
445
9319
912
8840
5
750
24
110
13
7711
122
2534
20630
2
1094
185
27
258
515
222
61
185
202
4896
61
24
77
432
105
253
100
27846
61
1389
1534
57
310
5
27847
1240
149
423
23
14
27848
912
2992
5
334
13063
105
3469
4166
27
187
2057
14
467
57
14
12723
2
24
4256
1547
104
24
27849
27850
27851
3401
1185
1842
951
741
61
1222
723
6513
27
187
825
107
1596
76
14
4618
1623
57
1389
27852
185
563
1507
61
76
24
3225
2050
13
24
27853
57
237
2043
2439
27
1687
16772
183
2256
1030
2526
87
722
14
9139
76
4914
1520
27854
27855
61
24
8937
57
27856
27
2994
521
159
34
9319
996
24
8751
34
24
35
227
23
9320
251
58
2459
9
2459
104
24422
2036
9319
3018
27668
27671
61
1094
14
3345
77
220
104
24
6838
2439
61
4789
34
24
712
251
9254
185
24
7298
7240
1520
24
27850
27851
7224
87
1094
1687
27857
34
27858
251
9254
922
24
2439
9158
791
3034
27859
57
1286
1687
5474
27860
251
27861
2736
57
24
27850
27851
7224
87
14
2404
1862
64
9319
2391
13
738
89
7605
16660
505
61
8154
912
16702
2084
104
24
2439
912
1986
1675
5
27855
912
149
32
57
666
2881
20128
75
24
12570
27
691
278
100
25608
24
7240
34
1267
61
14
5995
57
24192
5
120
5291
23
513
2
4884
1835
13
4884
5977
27
1687
408
648
723
2290
107
27862
215
1520
27
27863
87
27864
27863
61
24
9587
582
2439
5359
61
3400
215
87
45
24
594
4723
34
24
1389
27865
57
15277
515
2339
237
2439
89
7683
27
10896
5
274
278
45
100
590
647
24
2157
806
3096
27853
278
3805
849
1284
515
27
10856
15277
2150
35
2414
912
2544
75
27866
149
15142
652
9319
44
45
3896
122
5077
27
1134
4581
912
2544
104
27867
825
738
206
40
24
110
369
5562
13
3896
34
122
2534
4319
27
27863
53
545
11648
34
14
220
58
24
2438
2325
4864
449
27868
122
354
27
3779
369
27869
61
27870
607
34
24
2439
104
24
2611
57
9320
251
5
183
912
449
13
444
1512
27
119
6915
57
9319
99
100
1982
14
4463
76
27863
40
24
16443
10902
2061
27
14673
4123
9550
5
24
125
2327
2789
237
2439
825
387
107
16531
5
4712
9
21072
23
6010
2526
27
9319
3320
2548
24
13444
16371
2434
58
9535
9305
2778
9
2459
23
14249
23
13444
9319
37
110
3320
122
16371
2434
3491
23
4293
172
6834
6835
5
27871
27872
69
700
71
288
316
57
24
175
9
499
3376
9319
3102
23
24
8887
6781
16673
27873
69
700
71
149
2276
57
24
124
9
3584
3376
129
623
9319
13
7514
23
24
8887
27668
27671
69
174
71
5
27874
27875
288
398
57
24
13444
16371
2434
2548
77
162
13444
61
9319
2048
24
16371
2434
9
1579
7482
5828
2480
23
374
494
27
119
77
515
6704
9305
2778
9
2459
23
14249
149
6634
76
3376
27
27876
69
2778
9
15
9
2778
9
15
71
262
27875
806
27877
61
27878
61
27879
806
27880
61
27881
806
27882
61
27873
61
27883
806
27671
61
27884
12197
262
27885
61
27886
61
27887
61
27888
61
27889
61
27872
61
27890
4054
262
24539
27891
1447
369
4789
515
9319
61
1616
61
2290
1347
278
13
5885
133
57
24
191
27892
218
24
36
27
1687
3520
2510
723
12474
834
237
26288
149
3748
13
27893
27855
3545
27
1687
408
105
14
692
5
21290
2439
45
821
402
495
27
15334
496
1508
308
638
13
19237
119
679
61
23
24
55
1313
61
1652
33
13
24
26373
27
9319
105
100
27894
2046
218
24
1016
754
61
17639
47
1413
5828
25120
64
758
64
166
6838
2497
5
10652
38
9
47
23
9320
24736
777
2438
3866
27874
27875
61
25360
27879
61
13489
27877
61
25342
27895
61
6781
16673
27873
61
27871
27872
5
27668
27671
27
1307
358
288
9314
91
3364
23
24
200
201
23
13444
183
149
14
124
3340
34
24
10021
83
27
951
32
7635
834
822
358
516
278
23
1474
159
24
1804
27
9319
120
3153
23
24
1032
206
57
122
4960
9320
251
2544
75
27866
185
2414
119
120
278
100
3067
13
850
14
625
9
2508
2439
980
13
24
222
57
438
9
27896
237
36
251
4381
7766
14
1862
4150
331
27897
1299
27898
331
1185
331
27857
34
27899
331
185
24
7240
185
9319
37
7224
1707
355
2391
185
64
24
120
23455
218
24
4374
23
3153
104
24
11460
27900
9319
37
1675
87
2396
445
40
358
373
278
18
1469
110
185
122
14413
129
278
45
100
590
1312
9319
61
24
1923
2
24
200
201
13
109
87
3581
5
9643
27
1307
27901
27859
4936
24
2439
34
1389
6324
2979
123
24
10645
9
27902
36
61
24
2439
912
3932
3245
149
14
27903
1389
2213
2979
27
1877
935
9319
278
8087
14
7124
27904
2505
274
57
20038
110
61
76
24
5510
3308
133
185
2984
61
349
26496
27905
5
487
27906
104
16421
27
119
9319
1772
99
402
100
515
1687
237
87
24
27907
2241
5715
23065
57
834
24
3104
516
223
61
3400
183
87
1722
24
4734
19017
185
3886
853
5
3223
110
4349
13
107
10087
27
816
24
136
726
692
61
24
2439
718
1532
34
16301
27
816
45
61
24
27908
1299
136
369
9866
2330
27
1295
61
64
32
758
9
7918
4855
1399
183
262
1687
3779
288
45
144
635
110
129
516
107
821
9740
76
3027
3401
405
288
2154
61
265
61
905
61
1114
27
3779
110
825
3958
24
2439
1533
3947
119
4638
57
24
4046
149
1341
23
1268
91
6838
3830
9266
27909
61
129
17934
1533
1284
4278
13818
105
319
513
34
503
1389
27910
27
119
2439
99
1195
100
958
23
24
1271
4142
64
14
1687
14497
11853
27
1687
4540
1690
2359
61
646
99
100
709
27911
27855
1520
27
3116
515
1029
61
183
87
7724
834
822
515
4293
3104
5285
2290
107
4723
34
24
26288
24
2439
2743
1981
23
27
119
4855
359
262
1687
187
87
1131
13
377
61
40
24
1634
87
515
1508
22642
278
2236
45
100
27912
27913
515
1465
149
2351
5698
11543
503
650
23
24
2157
27
4347
1636
1937
23
9320
251
35
36
61
9319
288
20965
2
3477
398
23
24
267
9
2431
16410
201
652
57
334
11555
6591
3019
57
9559
4650
27
119
2439
50
99
7918
4923
20846
104
24
1116
57
9319
37
6646
5359
27864
27863
27914
27915
1520
215
516
984
50
9319
23
9320
3170
61
502
44
107
496
24
712
5173
27859
27916
5
25385
40
105
709
7940
27
162
534
61
722
1876
47
1155
19096
15277
61
215
6586
24
2439
13
27917
8021
27918
27919
34
9559
16
27
1964
27914
27915
3138
24
2438
1999
1687
7857
5
319
34
14
27920
91
27859
27
27919
604
2011
24
110
5
663
6586
24
2439
34
9559
16
58
1511
1284
316
454
64
3034
27
162
650
27863
5
32
57
54
55
6541
76
24
2438
5209
25980
27
1687
396
2057
703
14
1806
3751
9549
646
149
9559
1469
2979
787
13
23695
23
27921
330
27915
27
1687
408
105
405
27922
419
420
27863
99
2977
503
5606
34
4727
500
4531
76
6897
16494
27923
61
129
330
262
1687
119
27924
76
27863
87
2217
27925
7807
6467
278
1481
14
1987
57
563
1526
34
14
7605
956
5
24
10004
57
2930
1359
594
1267
27
618
202
61
14
416
57
2439
274
5682
24
1986
1675
76
316
9030
57
2885
5629
61
1722
13
278
100
4936
76
14
5470
2
24
110
27
119
10443
87
704
1145
237
625
124
2439
61
349
24
7240
57
24
7224
502
1645
24
9254
262
27897
1299
27926
27
162
2545
61
1687
27857
34
27858
27
27671
61
24
2439
912
3345
220
61
17088
183
47
27
1687
408
369
23
27927
215
330
27
1687
187
912
1098
13
850
24
2439
23
237
1779
27
408
2354
722
13
1550
7880
76
6481
1229
5
707
110
278
2168
22570
27928
13
24
2439
278
423
27929
61
3400
8154
99
100
750
91
14
4855
515
646
2290
107
14
692
106
3401
24
1565
515
9667
9319
122
5327
5
11138
970
27930
24
1240
27
18453
11242
87
24
306
57
9319
912
3071
27
27668
27671
87
14
3345
220
104
24
2439
5
330
110
278
100
3431
3233
343
13
14
4793
57
2696
1229
119
791
5535
3018
289
9319
14
331
16558
331
23
334
4860
76
24
2439
37
2534
2805
1490
246
9319
1481
13
107
16531
58
2061
9320
251
2544
185
2414
246
27931
6838
2439
44
5885
133
57
24
191
27892
3400
36
246
27668
27671
1615
646
87
45
1347
2696
1229
34
24
2439
37
3345
83


