144
5641
6924
674
3467
20
56442
3802
12
11680
409
190
65
1537
9
7249
10682
10
696
3
2031
39
21
10
12775
31
5
1841
2504
761
917
21
34
2828
7
120
5
56443
2
4200
11985
369
34
835
1033
3772
11
999
2178
56
1
17
64
605
1
21
2828
69
0
11915
102
6
7286
7272
2044
35597
2
52
10
482
3
5
247
15541
6364
11
178
82
20
338
904
372
397
39
4709
578
3
54
3610
6
3195
4056
2
18939
2031
16
7286
7272
2044
11986
13
1397
12
1855
7010
4200
11985
23
0
1537
9
7249
10682
2865
3
5080
19
1028
18
195
89
0
21901
9526
498
5
11123
9
49
6278
3
1485
1186
4785
23
21
10
531
28
0
4307
2
7286
7272
11986
81
166
5949
0
905
23
5
3129
2
15
2504
1
38
30
1773
7
1507
17
0
17176
9474
712
24389
1
22
16
8
52
2828
69
95
102
20
399
322
7
0
415
123
1930
121
17
5
1537
1
1298
18296
1038
2
8
52
46
32
3585
7
0
186
47
225
17
48
905
9
4
3585
7
0
225
6
2031
2
930
121
1
0
905
13
5
3129
2
8
52
30
116
75
47
630
5
8544
4
21
46
118
1850
272
6
14
905
2
24
322
228
2365
2
101
95
1069
1
21
13
3585
20
0
537
2
8
15
186
306
129
0
2504
1
2162
1
10
13792
31
19333
7
0
390
269
4
9347
55
6
1266
3
226
225
9
3
9
225
17
11985
20
0
1574
6
19
6900
2
11985
4
19
14373
34
2828
42
152
162
19
376
917
2
16702
27631
16
7286
7272
11986
137
363
19
102
7
11915
1
7
3604
338
89
7286
7272
11986
56444
2755
5
3215
1344
28
5
4235
920
4
1
17
100
1482
12
1
7569
0
35592
363
2
11985
1
316
1
28
9036
35598
1
3604
338
1
123
3192
69
7286
7272
11986
47
1028
47
1599
111
72
4274
24291
4833
39
21
7431
0
4669
2
27894
1
7286
7272
11986
2828
0
700
47
243
1310
17
0
1344
123
1561
549
3
7335
11985
1687
63
0
251
4
225
2
11985
2543
5
697
9
4065
1537
4
1930
3
5228
59
45
0
2504
921
3
7335
59
268
21
2284
2
52
10
9463
31
3670
14
21
34
1923
120
5
1033
4056
4
93
7
0
195
2
15
186
10
78
21
61
93
374
5
1132
391
2
1485
4785
78
11985
16
8
3063
0
81
146
82
1
66
43
5
13436
3302
4
66
1687
1156
75
47
2574
2
139
10
0
1476
276
6
80
2
8
308
1930
0
583
114
21
10
91
3743
991
66
1
41
128
8699
289
14
66
34
79
13376
9
25680
19
376
917
2
8
15
2964
9
50
10
1397
12
1855
9
9022
12
10413
2057
7
14861
12
522
314
81
70
2
27719
16
11985
498
0
891
5
11123
9
49
23
21
10
1311
3
178
82
7
5
247
3264
6364
397
15113
10525
1
4524
1
22
234
7286
7272
11986
4
19
1079
43
3392
20
0
71
2
96
22
21
306
105
5081
18101
123
1130
12986
3
177
0
266
2
258
10525
176
16
8
52
2755
5
3215
1344
28
5
4235
920
4
1130
39
88
2
135
1130
3
0
195
4
0
3308
213
69
0
700
47
243
2
8
15
583
1
7
37
1101
3
429
0
195
28
91
1923
1
2828
0
700
47
243
1310
17
0
3215
1344
2
8
52
1561
69
0
937
4
309
3
7335
0
3308
7
0
225
2
8
15
3308
2543
5
1537
28
19
4071
1
15533
25
4
22
35
24
46
1537
15821
2
89
21
921
3
7335
59
4
39
118
5
333
1578
1
0
3308
622
77
3
0
1856
243
4
2284
2
8
15
186
306
7286
7272
11986
1667
5
943
1038
1655
6
67
85
72
5902
2
15
195
34
118
40
2719
5
132
421
2
1429
5169
1
2788
1
22
16
8
15
26566
210
49
5
15910
1480
6
19
690
2
581
2848
30
5436
56445
2
8
7286
7272
11986
1
5
179
35598
899
2774
1
22
21
58
84
1939
0
222
7
0
222
1081
4
58
41
12985
7010
216
11016
2
52
176
16
8
15
905
46
41
4713
59
711
2
8
3077
16
7286
7272
35597
2243
3
0
338
13496
689
63
0
4056
26
4200
11985
498
891
5
11123
9
49
23
21
10
1311
3
178
82
26
7286
7272
2044
11986
8707
905
23
5
8
3129
8


