2604
825
4093
183
37
55
9
1541
30045
112
237
2157
76
10886
3376
1172
2465
5
41160
27340
3477
398
23
334
11943
112
27
119
744
16
3528
825
2457
14
1744
2604
4488
1744
2118
11955
104
24
5381
7413
3274
1050
23
31697
61
1747
2604
61
183
149
4934
185
202
27
1744
2604
825
107
38652
57
110
2
24
9303
5
57
169
5409
61
655
1744
2118
825
16142
57
372
2
24
557
57
24
9947
27
18905
30039
331
1172
2465
69
174
71
5
9577
41161
37
41160
27340
825
2502
23
24
55
9
1541
30045
2544
184
23
2604
20885
9
227
30045
993
9
7659
2465
825
50
1744
2118
61
655
3440
37
316
9
227
30045
993
9
7659
27340
9
129
149
3132
23
1747
30092
9
825
68
133
1744
2604
27
331
628
1835
997
1735
13
107
14
398
57
24
30045
37
55
2544
23
2604
61
331
330
9577
41161
912
1478
2237
27340
27
331
5048
2
1747
30092
5
722
13981
23
24
12077
2241
36863
2604
7862
23
31697
1195
61
628
1835
3438
2848
13
107
398
57
237
2865
836
27
331
5165
5166
30039
331
222
8974
2465
149
8350
18023
449
24
2157
20474
262
331
628
2391
2237
13
5163
1744
2118
23
24
55
30045
2544
23
2604
61
331
215
359
27
331
187
825
107
707
55
3613
13
24
9303
61
5
628
718
45
848
13
1361
13
24
2868
57
24
2544
185
5
445
24
2959
27
331
162
6659
13
2465
5
27340
61
30045
18899
61
5781
15492
5
21472
825
663
17401
349
267
9
2431
30045
2464
57
24
10098
6720
41162
57
24
9048
41163
61
2780
19994
11069
8789
34115
41164
5
24
8162
37
3148
4902
41165
41166
27
119
2544
825
1550
513
256
24
9989
8702
57
12077
2241
36863
69
41167
71
2604
61
24
30045
5
41168
37
1362
10886
5342
5
356
39619
3777
515
99
2950
2768
35805
2
4504
2787
2846
647
535
27
119
30045
485
11
91
24
6646
5
791
110
5
9766
825
663
107
11942
23
5021
356
39619
4759
5911
24
632
349
24
11876
57
2999
575
2907
5
775
718
761
61
1451
1185
2502
23
5480
76
14947
5
8663
26476
57
1747
2604
5
24
41169
7670
37
29346
3111
57
1747
2604
515
825
996
5474
41170
23
24
356
27
30045
2464
57
24
10098
6720
41162
57
24
9048
41163
69
700
71
825
107
104
24
744
16
11943
331
119
30045
99
3366
1131
13
1503
24
2544
57
10886
23
2604
61
5
628
1835
3432
13
1550
237
1462
1431
57
2505
612
55
2544
185
24
9303
61
331
330
30045
7203
11076
10548
27
331
2686
110
278
100
10347
3707
23
237
6828
61
5
704
57
703
2391
2237
13
3992
24
21910
30045
824
5
24
1638
57
612
2544
76
128
23
2604
27
331
5401
1284
4983
110
2
2604
278
2469
23
24
30045
647
260
57
41171
5
316
9
227
30045
9968
41172
41173
149
13966
23
2507
27
119
191
99
6359
815
185
24
9303
647
15307
5
23
1972
4032
1579
55
2964
23
31697
27
8545
61
30045
41174
99
1163
13449
2999
13
761
61
1451
1185
2502
185
24
9303
27
5401
1284
4983
110
2
2604
278
2469
23
24
30045
647
41172
41173
69
174
71
149
13966
23
2507
246
6830
825
1550
513
104
1747
2604
37
7413
3274
1050
185
744
16
246
119
3528
825
2457
14
1744
2604
4488
1744
2118
11955
246
1172
2465
825
68
1744
2118
76
41160
27340
41175
1744
2604
246
30045
9766
6720
41162
5
34115
41164
825
107
23
1848
246
5401
1284
4983
110
2
2604
278
2469
23
24
30045
647
316
9
227
30045
9968
41172
41173
149
13966
23
2507


