144
9232
16456
293
16
31371
138
1
608
409
151
291
287
16
35590
138
1
591
409
151
249
25
10
443
7
3648
1
35
13959
22448
10
9190
11
91
0
87
1384
9
2573
1140
5958
611
2
5523
64
1612
192
1
64
4694
611
7246
29
204
25
2234
784
3
25195
0
2138
7
5
67
1848
6653
1
371
5
412
9
2573
495
684
2347
3
0
10688
3143
2
27273
8400
1
835
1
4
11829
15364
1
793
1
444
0
419
196
6
64
82
14484
21794
0
3722
2138
1
4
800
633
42
1892
611
12
3031
2
297
94
11
167
20537
85
142
16
924
56480
4694
611
7246
11352
8
13959
11215
8
31
2780
5
495
9
684
1373
77
0
424
64
82
2161
74
4420
17
121
16
65
170
28
0
3648
10688
1373
1
1045
6113
4677
15624
18023
12849
1
7092
31
1786
6852
11686
16
15
495
9
684
1373
6
11277
2461
12849
39
42
87
4130
7
1429
18
471
1366
16
10688
18
1373
6
11277
319
19
5491
12
12849
53
609
21
58
192
325
55
25
18
41
23
2131
23
58
32
2183
51
1336
17
1112
1
68
8400
22
14
0
64
82
21
4
68
15364
444
12
42
1234
10
5
13455
6
361
2
35
57
10
79
385
1374
3
27010
21
22
1
1453
14
0
64
614
12
0
2138
7
42
456
71
2
35
104
309
31
2780
12
0
7502
1
80
132
12
33614
2
5815
25
1182
49
91
1
60
29
3
1911
114
60
929
319
48
447
47
71
62
34501
35
13959
56481
21
176
1
10
19
7897
611
23
5
284
53
4
170
13
51
2
5758
3
0
1234
1
21
34
369
1436
0
611
35
1297
6
25123
15
7375
1
68
8400
22
1
43
2931
280
62
19472
28
2022
2
35
1429
4
26146
33
2570
3
277
108
1
280
6
3271
28
95
83
56482
21
22
2
35
135
1123
0
196
3426
511
1
4
44
43
300
10195
3
32
7
54
6
95
56483
15
412
9
2573
611
10
303
12
5
5882
22974
1
319
37
56484
6
1264
5123
1
429
9
4618
19770
1
4
205
83
9
10075
35609
2
56485
4297
16
27273
8400
1
93
1
4
11829
15364
1
122
1
614
64
82
12
42
611
13203
2175
16
334
42
611
18
13189
1
0
3523
9
428
5264
6259
3
10688
18
7751
363
6
1119
2783
308
382
213
5
427
7
121
16
12849
4
11277
116
0
2175
253
68
8400
10
1614
374
0
710
119
68
15364
5005
0
12791
47
27266
1
609
0
64
58
1704
4090
5865
2
23435
5
495
9
684
35
13959
22448
2362
3
32
717
7
4633
2
15
7375
43
80
247
4620
53
16035
13482
1
4606
13482
1
6058
8400
1
56486
3492
1
4
56487
1543
51
4
125
3262
1894
10149
56488
4
737
9
2098
2
15
148
717
548
1
68
8400
22
1
10
0
13437
1
113
125
6
0
5190
33
7387
42
1040
1429
7
0
13899
2
52
22
25
10
717
497
0
5087
1989
17
3482
1532
1
4
28
5
1076
937
2
334
6232
269
6
1163
4
11821
1
0
611
10
617
2
35522
1077
16
15
21839
4760
3
11277
39
21
56489
69
0
8
5201
8
20
11755
11927
15
20897
16
191
311
7
0
10688
1373
1
11277
1535
17
0
98
9
3722
1264
4420
21839
68
8400
1
38
13
648
3095
611
20
2386
3523
422
1
22
21
4
19
2780
1079
34
300
11648
6391
3
0
7751
363
6
1119
2783
3
2029
2
9915
42
3212
3
0
56490
7751
1
0
247
266
43
867
3
938
55
376
4
619
55
14515
6
0
1892
2138
2
35
65
245
6
53
0
10688
2564
51
43
2831
3
718
25
4
1487
63
6458
21
22
2
15
495
9
684
35
13959
22448
1828
0
10767
28
0
611
1
50
1657
0
12123
8065
6
1786
6852
23
12849
4
2609
2678
23
0
29812
11277
56491
2
28876
656
16
68
8400
22
14
0
368
1663
548
17
12849
4
11277
10
10149
3
611
1
114
25
10
5
1076
303
2289
541
832
4
717
12297
56492
16
15
1504
8
13959
11215
8
752
201
16502
3
2254
4
10
0
87
1384
9
2573
611
3
32
1140
5958
657
0
4297
202
213
5178
3723
3
32
344
3
256
10688
47
2793
1
68
8400
22
14
21
4
68
15364
34
1806
20
235
9
10688
4871
418
278
90
11733
42
147
3
3031
1
4
34
202
6411
37
5178
35
56493
35
135
22
79
84
6458
21
22
2
35
281
44
929
5630
17
25
1
14
47
56494
68
8400
22
21
2526
0
267
2142
2
35
24
659
5362
60
107
6458
45
2139
14
25
10
5
2163
702
2
294
6
302
1152
1
42
611
30
12598
125
56495
2016
3
128
1503
35610
2
238
9625
395
16
35
139
13
86
3387
12
86
169
1080
307
56496
10688
47
35
13959
22448
34
37
1834
201
16502
1880
1
4
35425
67
85
201
56497
4363
2
32985
5110
16
11829
15364
10
1614
0
54
2765
0
27266
6
0
2702
26
9883
22091
27273
8400
4
11829
15364
444
64
82
2780
495
9
684
8
13959
11215
8
26
13151
1264
5123
1
429
9
4618
19770
1
35609
1
4
541
9
142
7375
3
326
55
1090
10688
2138


