258
2006
4159
119
24467
21018
4321
57
8444
225
24468
24469
278
799
1228
159
58
21706
6671
515
21018
412
369
401
1169
27
119
7604
8847
14673
99
330
515
8444
5
622
7599
718
45
1153
24470
13
16356
24471
27
119
10625
87
398
57
334
24472
3751
3621
1857
2951
185
1579
1398
185
24470
61
1185
496
24
9113
2403
331
5285
1148
27
331
521
159
34
522
8126
262
8444
37
3463
1677
3634
87
958
64
331
14
582
21018
1156
515
825
444
24471
89
1864
331
680
23
1114
146
1185
1511
2590
15840
18634
1573
331
119
13360
740
2804
912
8789
7164
3918
24469
330
515
215
3119
13
1153
24473
13
6867
24474
5
164
21018
607
13
144
1114
146
27
1791
516
278
122
3023
130
2334
122
918
12713
91
24
5603
502
516
1681
218
24
90
2
14
1317
24475
76
183
24476
23
14
8222
24477
27
24478
1155
64
24479
369
663
1950
185
24467
21018
3625
27
2520
14
5728
515
1520
496
87
3778
61
24
24472
5514
24
331
24480
57
24471
13
308
34
14
11133
27
331
1134
87
23656
23
14
24481
586
262
331
816
334
6348
2971
2801
18521
23
8289
76
14
10741
1185
622
5605
61
24472
516
24482
24
18521
13
107
23
24483
57
14
3104
5843
61
5
13141
61
24
4046
516
45
980
362
24
18833
18548
57
24484
1185
4290
5843
27
331
119
9113
99
330
515
183
516
24485
24
10373
3359
57
1478
24470
147
237
506
61
76
3027
582
1444
23
513
10813
91
24
1029
57
5392
27
16089
24486
61
24
1605
1606
3509
129
13479
14
3804
6558
13
17814
515
24
24472
87
9742
9204
14
10373
1433
185
24470
61
750
24487
24
582
1444
288
334
239
185
10373
1153
57
24470
27
331
187
37
14
8762
582
1106
12645
2496
308
13
1728
10573
5285
1148
34
3104
12453
61
331
215
330
27
8444
99
3818
24
3634
1099
1550
405
227
27
331
10353
3463
1677
89
10373
1153
825
1550
405
346
57
494
64
610
8822
24
9677
5
848
34
24
9683
24472
1444
5
16704
61
331
24
3952
99
1195
7176
27
8444
87
4238
449
2590
24470
13
16356
6492
13
1579
1864
61
5
87
1015
13
4048
24
9677
13
221
183
14
9427
61
24
1565
37
5171
99
3138
27
618
122
880
262
3918
24469
330
2815
57
331
24488
5
18731
5409
18634
1573
331
149
370
24489
61
5612
515
1533
24470
9
10813
24
1540
515
825
107
1399
89
7024
333
9
288
23
24
9382
6057
162
54
6248
1392
13
23207
61
502
149
53
1857
505
237
506
61
3918
24469
65
334
5335
185
24
9953
9
1893
1565
37
6626
23
1268
9
349
14
14708
13
24467
5342
27
24469
330
2815
57
331
24488
5
18731
5409
18634
1573
331
149
370
24489
61
5612
515
1533
24470
9
10813
24
1540
515
825
107
1399
89
7024
333
9
288
23
24
9382
6057
27
24469
53
14708
13
14
8444
37
331
3463
1677
331
77
6534
133
24
24467
2815
123
54
1392
13
23207
27
8444
3529
3463
1677
64
331
14
582
21018
1156
515
825
444
24471
89
1864
331
680
23
1114
146
1185
1511
2590
15840
18634
1573
331
27
22125
262
3918
24469
330
8444
87
1875
13
2533
5
4090
9677
34
21018
24470
869
23
24
1392
61
24469
330
8444
105
53
1760
8892
13
1579
21018
333
23
1268
9
349
9558
2414
21018
23
8903
4744
9687
61
14067
331
35
1034
331
21018
7815
23
24
8980
61
5
24490
4563
24491
23
2846
575
14776
44
107
5080
159
91
11532
18830
61
1155
64
12641
5
3527
27
396
935
359
262
331
143
646
87
1533
24492
13
799
27
331
119
3463
1677
77
87
253
1941
2815
612
24488
5
18731
5409
18634
1573
61
5
610
369
23
24
9382
6057
185
7363
741
5
4884
27
331
1134
954
14708
13
3463
1677
99
100
1487
13
68
13
4786
5175
18
1348
1864
718
5928
13
278
122
6492
11250
91
24467
27
251
3291
2959
10625
3068
32
45
9
24493
5496
23
8444
37
20987
61
91
10663
24
7604
8847
14673
37
7587
13
1433
1478
15840
1148
361
8459
18
4744
20371
34
10373
12453
27
1134
10616
65
8292
24
700
13
1681
1478
24470
34
24
12453
57
7150
11193
61
24494
1185
24495
22537
27
187
663
61
24496
61
3748
8444
13
10728
14
24467
9
1893
21018
333
9
641
24
1444
288
23656
902
27
162
54
1392
13
23207
61
24469
4411
16131
449
24
3293
57
3463
1677
2815
5570
89
334
5896
9
24369
21018
333
61
1204
27
331
24497
726
398
5
14775
76
24492
27
187
912
45
14355
331
61
215
330
27
24469
285
185
13
3934
515
8444
516
1875
1950
185
24470
331
641
610
444
183
700
331
5
183
11590
331
1465
515
87
2236
1950
34
1864
27
331
331
830
305
515
222
831
610
1058
9
159
185
183
76
4227
13
1456
183
89
334
1347
2523
4228
331
61
24469
359
27
246
7604
8847
14673
99
6671
515
8444
5
622
7599
718
45
1153
24470
13
16356
24471
27
246
18532
87
398
57
334
24472
3751
3621
1857
2951
185
1579
1398
185
24470
61
1185
496
24
9113
2403
331
5285
1148
331


