258
463
464
3968
261
262
13953
264
61
2010
266
1268
268
269
262
38047
264
61
2010
266
1268
38048
262
27387
12199
61
2842
61
2
33447
38049
14
549
133
57
18
1389
28922
91
3091
515
926
4995
3225
34
6976
3976
322
251
24171
21525
331
38050
331
14
4877
5
11457
38051
133
57
837
1389
28922
91
2496
525
926
105
1413
1245
1276
57
3976
61
14
2959
944
902
27
27387
12199
61
2842
61
38049
525
549
26388
24238
18
14
1272
57
316
5
14
170
494
91
2496
525
926
4995
322
34
8491
61
11989
61
10532
5
5267
3976
27
2461
3222
943
944
515
12199
663
4898
13
525
583
5
15238
9
2033
1093
129
663
391
926
149
3233
27
842
23
1217
12199
99
604
4508
2
1193
163
57
3976
5
149
2590
24
3212
926
38049
133
57
525
549
13
3531
185
14
331
16208
5
15308
331
10543
2217
525
1506
27
119
2074
3866
1553
3609
13
18044
1030
34320
61
331
14
10321
1576
331
5
35488
1030
26047
5327
61
24
2959
944
27
12722
525
13
316
494
5
1413
454
23
5672
3255
92
9331
8721
330
262
331
7637
1245
13534
57
3976
502
288
704
14279
35849
23
334
1761
61
13
1153
24
2033
9
12231
10541
61
13
35501
525
27
331
119
11917
185
24
33
57
24
2655
149
38052
5
38050
76
24
1989
57
334
25752
21525
27
331
12199
61
57
38053
6036
61
33447
61
7355
525
219
5
22164
20940
64
24
952
5
2366
57
525
7549
288
556
6931
27
12199
3138
926
638
45
6046
515
665
24238
105
14
38054
57
3976
40
3255
9331
330
215
331
638
45
1104
34
14
67
331
515
12199
638
45
639
515
24
593
149
331
3573
449
3976
331
27
396
330
665
24238
61
9192
61
149
14
331
38051
331
129
105
4644
331
652
926
149
776
2
334
32797
2349
57
3976
331
27
6902
262
12199
22164
23
2959
64
525
10940
57
722
3976
288
556
6931
396
359
262
331
727
2193
515
926
149
185
525
2534
27
727
12443
525
652
57
515
27
579
105
709
485
27
331
396
330
12199
149
5670
91
331
10455
331
5
24
1217
515
665
24238
648
57
24
6576
64
485
2057
646
149
331
14
835
3551
57
3236
331
515
149
7918
23
525
502
12199
331
12895
5
35849
510
3275
57
331
27
331
727
750
525
18
14
1272
57
316
5
14
170
494
14
3232
57
17051
10940
61
331
24
6558
359
27
246
27387
12199
750
525
549
26388
24238
515
926
105
1413
1245
1276
57
3976
806
8491
61
11989
61
10532
5
5267
3976
246
119
11218
9
893
663
4898
13
525
583
5
15238
9
2033
1093
246
579
38050
24238
133
57
837
1389
28922
13
3531
185
14
16208
10543
246
3255
3529
12199
64
331
334
25752
21525
331
5
6998
525
34
316
494
5
1413
454


