258
30406
8531
5
972
22795
261
262
25006
264
61
741
534
558
268
269
262
52493
264
61
741
534
558
1605
4773
1099
107
4995
13
1687
52494
24
52495
61
2648
1409
763
5
2297
1687
12081
50952
61
3849
3850
3851
99
1196
27
119
6558
61
4485
23
1857
34
24
55
227
647
54
52496
2401
89
24
2905
149
784
61
807
14
52497
75
24
5483
57
308
5860
1687
801
91
52498
27
12053
278
1196
515
24
3851
2401
912
10904
4031
52499
14
48167
11110
833
655
2931
455
13
5800
14
1687
10885
52500
4166
5387
23
502
1205
308
912
23136
369
52501
705
257
27
6243
262
1936
14
1389
52502
9
21099
37147
23
7058
35
2356
3849
3850
3851
330
331
12081
11685
331
4166
4995
13
107
11401
76
5160
262
3849
3851
330
515
24
3207
105
1510
14
331
52503
34
22599
331
515
516
2296
582
4773
13
1123
183
1539
32
4539
13314
57
24
2401
14038
1687
11971
2108
52504
61
349
33462
5
24
3207
27
1539
32
9
5
9
14
9
170
4142
369
4249
13
452
57
1687
52505
11258
91
24
2722
27
3849
3850
3851
330
646
149
14
10882
1687
185
24
3207
515
7280
1018
45
278
1106
52506
61
5055
20540
502
1393
4180
24
1444
27
999
57
24
31389
215
5514
149
24
885
57
11843
876
57
24
11842
57
8890
23
14
864
4122
61
502
288
45
4334
23
24
1611
2905
40
44
107
2537
10149
4166
27
331
52507
331
262
3849
3850
3851
149
94
14
4093
57
12470
13
4081
104
24
257
9
402
52508
61
7601
64
331
32
57
24
3604
1096
815
57
24
506
331
52509
262
251
29536
2956
1724
13
7273
37
11588
69
324
1775
320
71
149
334
5127
57
24
2296
34
582
1096
4773
61
3849
3851
330
3849
3850
3851
149
24
14669
6377
104
14
2328
185
1096
5
24
3207
23
465
61
575
215
8409
387
58
24
885
57
54
2401
35
632
27
27549
262
3849
3851
99
100
6182
34
24
4793
57
8041
185
54
4291
844
2401
185
834
13
2528
76
24
3207
396
750
5556
3886
1389
50138
621
515
215
149
15790
13172
23
941
1687
76
38059
40
747
13
2951
1193
321
185
54
594
7067
10451
34
14
582
8455
13
107
52510
91
3802
27
1295
61
215
638
2113
5800
24
3071
4602
91
24
3207
61
502
215
289
14
1687
1362
52503
34
52511
61
586
4166
3762
384
1687
52512
1187
64
358
5449
23
52513
27
119
6558
1196
646
149
1687
334
3551
57
12081
50952
1221
16002
9656
13
1439
3762
75
3816
13847
3849
37020
515
953
256
14
2401
185
24
1726
912
6938
6632
27
1687
119
3375
833
6483
25035
13
24
3802
5
61
1348
358
1018
45
61
358
369
6120
6925
101
24
52514
215
330
27
1687
162
818
420
64
24
3207
87
5794
61
646
99
100
1221
5
34
3096
646
553
1221
14
10882
515
7280
1018
45
278
1106
1310
27
331
1447
87
45
503
14
7749
57
801
91
1002
61
40
663
57
334
52515
10403
61
5
709
5483
57
18671
61
91
52516
742
10056
61
104
24
1956
57
23116
23
7058
61
650
64
3830
13773
4934
358
105
3806
13
1399
23
513
24
11275
33020
57
54
2401
34
14
886
582
3853
61
76
24
6439
13
1190
17210
57
47
13
1389
10807
61
3023
24
885
57
6351
17480
5
3911
4927
8540
1221
40
2241
1870
3842
27
52517
262
3849
3850
3851
11250
54
402
10117
2401
185
833
9764
35
2272
246
1819
25674
185
11842
57
8890
10503
2296
34
582
1096
4773
61
3849
3851
330
123
1389
52502
9
21099
7058
37147
246
396
149
4485
104
334
898
836
575
215
330
331
12081
11685
331
4166
1393
1029
246
331
1447
87
45
503
14
7749
57
801
91
1002
61
40
663
57
334
52515
10403
61
5
709
5483
57
18671
61
4205
52518
6558
359
246
396
330
3849
37020
501
5209
3207
87
331
52503
34
22599
331
246
3851
2401
6182
34
503
722
32
844
185
24
3207


