258
10290
260
261
262
27226
264
61
145
891
558
268
269
262
55779
264
61
145
891
558
251
5065
2514
37
562
99
100
4273
91
54
448
129
621
65
47
32
57
122
31968
64
215
2494
3867
13
897
27
55780
37089
61
2213
61
87
1094
185
24
10542
58
3981
24
2865
15428
9
24
55
57
1579
1211
3029
23
255
9
91
14804
23
15075
27
55780
87
14
41705
41706
17438
806
5284
1502
1470
20201
11989
5
8572
3071
27
119
503
840
34
158
288
15162
31968
64
215
4000
34
9421
621
257
27
618
24
10542
262
55781
55782
17438
55780
37089
61
324
76
54
485
61
87
1094
185
24
10542
58
3981
24
2865
1058
11989
12380
23
15075
678
262
55780
37089
7909
8737
123
14
2327
2328
2065
54
2255
61
2179
5
3809
2518
55783
61
6258
37
594
186
12380
8628
55781
41706
87
334
29256
4706
4382
2540
24
1816
1493
55784
12409
1284
2360
502
20072
40108
24
31968
61
8933
5
2075
4996
24
7410
13
20620
6068
27
119
4382
61
6068
13610
104
7764
1185
1920
2133
61
524
24
25806
57
36077
23362
2664
61
103
2868
5
1290
1354
167
14
2360
2128
61
55785
57
12884
61
14543
55784
61
9217
2316
13877
5
22668
1185
47669
57
9421
27
55781
55782
718
107
1789
61
40
1222
24
31968
15763
13
1155
334
2366
515
14
8518
37
562
87
3203
4047
1099
5558
13
5056
14
12380
27
9136
14
15162
87
15878
652
308
76
55786
1393
278
365
31968
6807
13
2297
24
6825
11989
44046
24
582
11989
76
42653
27
331
408
288
6005
735
34
334
10833
61
735
34
14
1724
705
257
61
331
54
571
6851
330
27
258
24
227
57
24
4046
23
3192
215
149
3296
76
24
11281
57
14
37579
5
14
474
9
11989
5603
27
396
149
8459
13
24
320
23
15075
185
4386
3192
145
2
54
82
23
11035
6258
5
105
24
4046
145
1267
147
27
331
1312
158
61
145
1130
13
107
14
2549
57
14
539
346
61
331
359
808
37089
27
331
119
12380
149
54
35
3317
61
331
330
2617
55787
55788
61
24
5087
23
2479
57
54
4014
27
331
119
320
516
45
278
14359
185
54
448
1222
183
105
45
100
334
13135
14705
27
331
3809
2617
2518
55783
61
6258
37
594
186
12380
8628
61
330
262
331
55780
149
253
5958
1411
538
5
7090
1348
610
14359
27
396
149
2797
23
14
1779
57
837
32620
35918
27
842
215
87
14
1189
2063
27
408
105
14
77
57
2424
5
215
650
218
27
331
55780
149
539
185
316
6987
262
365
57
54
448
105
38303
4089
3085
61
5
122
31968
288
2523
1284
54
61
502
87
9683
34
14
2046
12380
27
331
816
610
105
1487
10833
15182
23
6258
61
24
4047
516
45
278
13
8900
13
2797
15182
61
331
808
37089
330
27
331
408
369
108
5
19250
515
610
5
24
4047
288
644
13
442
55780
27
331
396
5
55789
2255
55790
105
709
6102
449
621
18337
14
11989
13
1813
122
627
27
331
187
149
409
3466
496
610
105
13
1018
23
3023
13
1813
612
688
61
331
926
330
27
1134
1185
455
262
2617
55787
55788
8074
834
24
4046
825
223
27
396
105
330
24
12380
149
55780
331
35
3317
7239
77
262
11598
104
24
55791
4040
1956
2035
14
4683
4046
2590
166
10573
18784
104
625
76
14
11989
361
3068
2
621
426
5
935
14186
89
55780
27
119
3982
510
1015
13
190
4615
11598
104
24
55791
4040
1956
69
55792
71
2035
14
4683
4046
2590
166
10573
18784
104
625
76
14
11989
361
3068
2
621
426
5
935
14186
89
55780
27
119
3982
510
1015
13
190
4615
27
331
119
5909
285
758
61
24
448
288
644
13
996
320
58
493
1267
61
331
359
2617
55788
27
331
119
55793
3366
758
76
55780
27
408
288
644
13
3051
24
17503
2
158
316
1267
58
24
4046
27
331
55780
149
407
2
320
58
14321
1267
27
143
637
54
2820
57
562
99
2474
4912
1221
215
718
2502
2526
5
2115
54
4563
1221
54
14108
1156
553
5242
5
215
87
361
55794
104
82
27
55780
61
552
2179
55795
1734
54
603
34
12
2526
2439
61
330
262
331
628
1835
3458
1735
57
707
448
27
691
65
846
122
31968
818
628
44
761
27
1585
628
718
151
47
76
542
185
4563
33582
27
331
569
237
149
24
55
3982
57
1579
1211
23
255
61
4047
377
183
825
2765
5449
334
11273
652
57
24
2296
34
316
15182
104
14
227
76
24
23474
4089
3085
27
246
55780
37089
20449
2
41705
41706


