144
10478
2349
293
16
30229
138
1
406
460
151
291
287
16
51719
138
1
406
460
151
378
87
12311
1
261
13230
628
58
143
767
2080
42
2051
677
10
79
140
0
2323
2
89
261
34256
799
6
626
33
882
2795
4349
116
3
233
79
109
0
541
551
2
14181
1786
629
1
896
1
5550
64
187
4737
346
12
277
13388
4
2795
1442
1
86
25
829
79
109
0
541
551
2
2413
1442
13
20
568
54
6668
7
2573
4
73
1380
11
5
4120
72
17986
15
1333
6
626
1358
5
34425
4
5167
12541
119
216
332
5
51720
1
37
5167
4
5
17574
5143
386
2
1643
1
5
3472
6
1472
4679
3529
12802
4
10854
6
10954
233
109
44
76
32
1773
23
5
3150
2
32356
10499
16
14181
1786
629
1
896
1
30
4459
5
245
6
626
1556
1
50
233
7880
3
0
541
551
1
173
48
6779
6
10669
4
3293
51721
16
139
1333
6
9016
3697
829
23
10499
23
0
541
551
51722
16
930
0
1841
1072
1
48
6779
6
14416
4
3697
206
233
541
1
45
25
13
882
37
2286
2795
4436
52
22
16
8
581
4349
3932
1674
1
23
119
24
3379
24
19365
3
16563
110
13
541
3
0
237
6
95
1650
2
24
84
141
429
268
24
29
4698
14
17
277
6
95
4349
2
8
24
256
1712
23
5
3912
3
1014
277
1442
1
45
95
4349
33
202
79
5
4557
6
5
1818
2
15
783
13
118
157
23
5
7777
6
110
10
1517
20
5
1787
638
7
71
1
86
0
710
13
5
4235
11
350
4
5
6907
13
5
4235
11
4436
2
8
15
2239
6
626
10
0
4198
11
0
1807
47
111
1333
1
38
13
5
1912
2486
12931
2
52
921
16
8
24
1364
12
626
4
97
2167
114
25
2925
5
128
425
196
7
95
142
20
0
638
2
24
322
5
1912
2486
12931
4
455
17
14
496
5
1660
2728
4
0
2644
6
2163
129
212
265
1828
24490
4
12778
2
8
8422
1
92
33
100
6907
3990
62
17810
7
0
22076
4349
4
0
1807
2579
319
5
2144
2134
59
147
2
52
176
16
8
26030
12
5
2144
1727
121
5
4826
1491
3
147
127
4
1727
0
3356
3
256
5
2911
6
5371
50
24
76
141
256
12
5
8711
2
24
4030
1125
54
62
64
187
12
277
4436
2
8
57
47
3576
147
4
189
269
9
125
4349
154
499
71
2
7011
238
8721
175
121
12
1307
55
6
1596
4
44
29
40
95
3289
6217
388
150
2
8
33224
16
139
1442
1045
5
2009
6
15072
4
13381
1699
76
6846
49
3
72
14054
56
786
34426
16
15
1807
30
61
469
19
619
20
4436
5
10954
10854
1
1472
4679
12802
4
25412
18970
16
14181
1786
629
13
11598
19
4349
7
160
18
7011
238
8721
28
208
215
1
173
48
1442
6
5
12541
9277
1
2058
6
34425
4
9016
23605
1523
4349
675
5
5616
972
3794
51723
1181
3
32
1284
7
5
51724
4
4346
6
3999
10669
4
26450
1572
7
5
1906
6779
2
15
22076
12601
73
32
214
20
0
7011
238
8721
7
160
1
113
68
629
30
5
7695
2988
28
436
870
3
484
314
2
15
5389
1807
1
28
3410
1
407
25414
1
11519
22882
3379
17
5
6907
4
24372
3
5
2144
116
28
15395
62
4716
2
33162
3
3654
16
1786
629
5550
64
187
4737
346
12
277
13388
1442
51725
9
7004
16
139
4436
6
5
2009
6
19152
1699
12422
7528
4
15257
58
154
140
64
187
3
1046
26
1786
629
1
896
1
28
3410
1
407
1810
1
1828
22882
3379
3
1014
0
22076
628
6
626
26
51726
1358
5
6779
6
10669
1
9016
3697
1
5
10854
6
10954
4
1472
4679
3529
12802
26
15
1892
1556
1
50
33
4459
1095
28764
4
4716
10324
1
73
1380
11
49
3
72
17986


