65
174
3564
11
0
6123
8
342
403
8
6
13884
9830
7
9778
30
116
5
2781
3594
6
10005
10857
1592
7
0
4590
14
33
273
3
32
792
6
82
83
1
301
3
577
15259
2
2636
354
0
1979
6
49697
1
22033
1
5
15430
4
2957
6
10541
9609
3
5
16907
50
10
33766
792
6
82
320
4
123
4715
340
5
7448
2
57
33666
0
49698
3791
14
44
29
115
0
342
16907
330
23
0
857
283
1
50
23
40
0
2239
6
487
19454
543
19645
75
4
1775
26525
140
0
18867
49699
329
6
4590
7
9778
11
1297
6
82
2
871
75
448
25
0
857
283
1213
5058
1
39
2595
5972
562
9718
18703
2645
17
6198
9
4
3102
26525
87
116
3912
3
25
28
22034
16908
16775
3
916
1253
13303
6
1268
7
26526
2
1475
123
6232
49700
29
15406
0
4590
11
0
2595
16907
1
19898
3
29
1824
11854
2026
0
19076
4140
6
169
49701
7962
866
8
2
238
199
24791
158
1273
14
0
403
10
7
725
330
23
0
857
283
6
0
7049
1762
1
4
408
37
2595
16907
12312
5
1462
49702
49703
1
49704
31
5
670
5690
2
13202
16909
1
1975
6
19
11418
7
631
1518
15
513
15382
1
22
14
487
19645
75
78
59
6
0
6441
22995
16907
4
219
12
17
158
67
18323
5463
14
5
6441
28
0
403
2
9464
158
78
59
14
54
8
6441
15218
8
28
0
403
6426
5
487
211
4
12266
272
9
996
1
272
9
16814
126
2
15
126
43
123
12099
11
4986
2
3531
19645
75
61
1365
1785
0
222
804
3
37
49705
1
301
3
5
17993
559
365
2
16909
22
14
487
75
78
59
6
5
676
6441
7307
24719
31
5
16907
330
23
0
49706
1
4
366
3
29
14045
530
6
199
5
242
12
19
10600
7
7203
9
775
2
89
16909
202
310
0
2424
6
19
932
325
4
285
430
7
12939
2
297
94
11
167
65
911
6
683
218
139
1948
6
1988
76
32
5
20461
6
5
7307
1115
7
0
8174
283
6
9778
792
6
82
320
13203
16
15
4098
1989
204
31
577
15259
163
49707
49708
113
0
283
1213
15
7049
1762
494
14202
360
1
480
15159
8
262
2096
3
5297
130
9
116
9208
9
458
44
32
28
13884
9830
1
15
857
283
6
0
7049
1762
62
4310
9
29
40
10468
2
5223
98
2
49709
69
29054
6009
81
215
1
5
577
15259
174
115
0
22033
6
599
8267
7
0
1705
6
5
6441
18
3614
14
1638
354
3
32
792
6
82
83
2
15
577
15259
18
2983
3521
395
16
8
15
8032
6
3281
26125
43
27832
28
0
3883
2
1398
67
18181
4051
1839
640
1
17
686
21407
2
8
135
675
1988
13020
3017
53
180
49710
51
4
49711
7145
5411
6975
17
6928
1
49712
998
1
4
49713
2
8
15
148
3700
7300
7723
28
0
640
13
0
251
6
110
14995
10020
445
32
8
5
43
9
49714
1
8
2692
13584
5
49715
7
5
4268
1
3806
349
2
8
19660
1
0
49716
445
32
1785
3
49717
873
593
14
43
5
1384
6
1531
9
33767
142
7
49718
2
8
852
3
13202
16909
1
1988
49719
6
8226
4952
0
2156
3
0
403
18
1647
7307
1
50
10
1115
7
0
1705
6
0
6441
1762
2
52
562
0
12684
16
8
238
132
105
6
0
33768
266
38
592
109
400
49720
1477
69
37
2119
1381
4
1091
103
105
6
97
148
1338
4
25164
49721
2
8
135
175
0
995
99
69
0
12941
232
7
0
6032
3
495
17
88
4
1980
42
126
2
8
1754
48
2809
224
1
967
1
41
996
3708
6815
996
126
45
0
501
49722
62
8226
2
8
9740
218
513
24947
13202
16909
53
93
51
395
7
7203
14
21
34
658
0
26527
403
562
31
22034
16908
16775
7189
90
2
1336
3
3461
1
21
1974
0
403
34
40
5
8486
3
0
6441
1762
14034
3
8912
18
49723
38
13
137
53
122
51
4138
33769
4
49724
1
64
67
8912
33770
1
7
19
664
3
1231
88
2
15
17993
6441
1762
13
67
20110
1
21
22
15
342
403
1
521
3
32
412
6
1451
1
30
21255
64
1701
428
12
13464
2
22035
17237
8
18867
13884
9830
8
62
8
0
857
283
8
25
23
0
18848
6
0
23586
15218
33771
4
83
607
3845
26528
7145
599
7614
2
1523
607
758
92
494
2027
5
1462
6441
9
3892
7307
2
221
43
61
13148
6
5
6441
3836
105
223
7
0
403
4
4249
88
3
1014
272
9
6441
1
272
9
996
2785
1
49725
0
540
16
15
283
1213
15
7049
1762
2
15122
152
1
25
30
40
2779
150
22034
16908
16775
87
116
3912
3
25
7
5
26526
723
3
916
1253
13303
6
1268
2
57
1784
0
17523
1213
15
6663
49726
1
120
50
3461
32530
8226
77
5
514
7
37
3069
1236
6
4986
11
3836
42
13885
2
15
87
4318
6
0
403
224
7
16908
16775
8
1745
723
3
916
1253
13303
6
1268
7
18649
1
56
21
395
14
25
46
8
9600
1934
7
15998
8
2
18821
354
1
428
12
19
7225
1
14
0
403
10
7
0
1252
6
22036
9
50
10
123
1
4
1053
98
1
49727
1116
2
8
2067
24
29
12624
607
6
128
3960
4
2411
49728
1
8
21
395
1
8
4
6
2131
5699
2899
77
88
1
4
6
54
7
1787
1
180
49729
1
4
7
216
49730
49731
1
63
50
24
14637
597
231
82
150
1
248
80
48
71
116
6483
63
25
1
4
49732
14
25
2984
398
62
851
230
8
6125
28
14
704
6
49733
1
62
699
197
49734
4
25405
13239
2
8
788
2214
33
0
607
63
48
1787
4595
1
14
158
2354
3451
11
49735
1
25
46
9600
1934
7
15998
1
4
5636
25
7
0
49736
6
97
5104
4
8467
1
0
13198
6
97
1390
1
4
0
1173
6
97
9427
2
8
22704
192
1
7
7203
1
13202
16909
28815
0
569
1
4
1974
28
3461
14
25
10
102
3
0
12684
6
0
6441
1762
2
7719
7
0
26529
12569
12
460
903
1
6998
1
6848
3
19
6530
14
21
76
41
1750
0
5087
2424
108
85
0
725
14
25
10
15896
31
16707
6032
1
5
8
11225
33772
1
1338
23
5
49737
6
21675
9530
1
22037
69
0
1264
11862
6
0
10857
2
8
52
176
16
8
1315
10596
2424
85
48
24
73
41
355
1
114
1
23
24
29
1458
1
169
33
44
38
29
2779
11
0
7049
1762
18
283
1
3570
31
13148
6
6198
1
4
60
188
3
325
25
49738
12
136
505
2175
7
409
2
8
318
1271
29
40
14854
1612
192
31
0
49739
49740
1
771
6
0
17993
3182
6
33773
4
5993
53
49741
51
1
38
763
0
403
4
0
3189
13066
76
32
18496
7
398
82
112
0
394
254
41
4319
3
1231
25
1
2880
49742
364
2
15
776
3594
496
39
1471
28
0
422
6
5407
4
0
577
1801
11
33774
24967
33775
53
26530
51
2534
77
0
22036
1252
7
5
501
953
1163
13000
6
5491
26531
20
0
640
3
1014
5
3992
3598
2613
6
0
49743
3623
0
4590
15918
2
49744
42
1196
1
0
5541
310
110
1088
3
32
130
9
116
16545
1486
14
33
273
3
163
5
4913
403
24227
11505
17
49745
16478
31
0
4590
2
852
3
2693
1
13884
9830
62
0
8
857
283
8
13
412
6
1451
4
30
40
2779
55
31
26525
4
6198
12293
150
22034
16908
16775
87
116
3912
3
25
7
5
26526
723
3
916
1253
13303
6
1268
2
15260
31
48
2693
1
32491
4
13884
9830
12931
2160
29971
2779
4976
28
747
5286
3
503
11
0
174
20
49746
3
256
42
5491
10018
1128
3
12059
0
4159
898
6
22036
2
3063
0
733
6
5
149
1
0
26530
4
422
6
5407
6667
2534
77
1205
4027
724
6
4159
7
42
6358
9
2446
22535
4302
2
22038
18
1140
9
5560
628
1207
1471
3
8
177
8
162
0
4159
15918
3
0
640
1491
1
4137
156
530
6
2595
12137
62
996
9
24307
13773
2
8
15
22038
547
4199
1196
1474
163
0
1053
6
670
12137
14
73
32
28012
23
2595
2760
428
12
42
49747
12637
1
912
4
6052
1
8
22
2754
660
422
9381
2680
14995
1
38
531
0
774
2
8
104
206
202
32
344
3
812
458
156
6
261
33
13884
9830
1
62
458
0
6123
403
388
9420
1
45
60
73
1474
177
7
0
49748
1196
530
14
92
10
5
14959
4366
1252
17
5
996
11468
2955
2
8
982
12517
987
650
111
16410
69
0
1531
9
13505
3373
6
48
3451
22569
1252
2
8
139
10
54
6
0
87
278
14
5491
10018
1
6011
914
14252
4
6117
53
22038
51
34
40
157
3
8921
2595
10857
2
5650
16
15
422
6
5407
4
577
1801
11
33774
24967
33775
174
2543
48
3992
3598
49749
2613
50
56
4827
332
5
130
9
116
24227
49750
7
925
15
1471
87
2534
77
0
329
4
1397
0
33776
53
235
51
1
4
123
43
344
3
8
177
162
8
3
0
640
1839
53
1857
787
51
15
1504
1828
6
0
1128
43
3
987
2336
39
10348
1
765
9222
4
11
4031
49751
14252
2
3769
748
0
2457
1649
329
1
22038
11787
31
2093
55
1795
769
5491
26531
3
0
640
277
200
2
15
422
6
5407
4
0
26530
174
29156
0
22036
13066
17
23
169
23
575
9
713
5491
26531
274
4027
6668
14
19621
49
23
67
85
146
1261
1989
120
0
1600
1234
2
13884
9830
30
545
5
1647
754
7
2782
513
21574
2
22035
17237
25
23
0
18848
6
0
23586
15218
33771
4
1033
364
6228
77
0
82
29
562
4521
30200
4
26528
7145
599
7614
1
973
3
0
342
403
18
540
2
360
1
100
8914
6
0
5379
6
0
403
30
388
40
1646
2
281
729
1
0
3594
6
13884
9830
58
32
9941
3
0
49752
6
4913
2127
199
23
33777
33778
1
50
3618
6980
11
1297
6
82
268
33779
3
3102
1069
7
14305
31
513
8626
49753
14920
2
26
577
15259
174
15643
69
9778
13066
3
233
11
0
26527
8
857
283
8
2645
17
1451
26
8299
599
8267
50
44
354
3
32
16302
6
18703
1115
792
6
82
320
26
513
24947
7
0
7715
22
75
521
5
6441
1762
2171
223
4
34
272
9
6441
2785


