364
36860
1140
9918
129
288
343
13
2648
4979
123
24
1049
9884
278
100
6555
185
15070
57
361
7745
9817
27
119
43
61
129
369
391
13
107
2
8760
61
105
13682
693
76
24
101
9
434
3952
13
223
104
24
932
57
14719
7224
61
502
87
343
13
4093
2213
2542
27
368
35153
185
24
966
58
122
4927
6561
9754
87
330
13
278
100
3283
23
334
8509
418
91
36860
61
502
99
100
6182
58
13024
13
5736
1487
274
34
24
9884
27
8078
262
364
36860
1140
9918
129
288
343
13
2648
4979
123
24
1049
9884
104
24
932
57
14719
7224
61
324
61
278
100
6555
185
15070
57
361
7745
9817
119
3952
61
502
35
632
3818
183
44
45
2597
1579
10681
6557
57
36861
9918
167
24490
23459
308
13811
61
935
4792
24
642
5
1428
22198
15667
27
119
43
61
129
369
1519
6324
5
507
61
3366
34
326
3248
1170
5
516
278
100
398
57
24
6828
13
331
20397
331
24
966
23
14
4233
13
8974
183
2
8035
2367
27
1707
902
383
358
288
1950
76
948
2
24
1428
22198
15667
655
321
425
288
53
185
122
8329
9754
27
8594
1702
8707
20096
28259
61
57
1202
3248
1707
61
330
262
1687
251
6458
9
2033
111
149
6555
185
207
1371
1078
558
104
2778
5977
185
15070
57
3077
57
8329
4773
27
1687
251
7713
9
2033
111
149
6555
185
202
2195
1078
558
104
36862
185
15070
57
3077
57
8329
4773
27
1687
119
7509
91
1428
36863
15667
857
24
19131
1140
425
658
133
91
24
8509
116
104
932
57
14719
1050
23
15908
34
24
5176
1049
2526
2542
27
1687
1202
3248
1707
369
1950
76
948
2
1428
36863
15667
5
24
43
5449
23
2946
3796
321
20580
91
36864
18609
122
8329
9754
27
18236
262
251
3355
5781
7176
515
2423
8169
133
401
182
825
17045
1611
4156
1140
1687
2686
10089
13
451
5
1140
5923
27
119
6688
7790
21555
6401
99
289
24
225
57
36860
13
748
4121
13
542
156
27
119
1565
37
8789
7164
3955
36865
825
738
484
24
7165
185
891
2978
61
24
1271
257
64
6688
6628
10647
11055
187
3522
808
36865
331
2504
484
24
7165
1671
27
7614
2388
19311
330
262
331
119
6401
825
1359
1579
989
643
58
24
975
5
28778
278
1636
27
331
408
2391
2237
13
24
642
5
8090
1950
76
36860
13
16356
14
5309
5
2827
9884
27
331
408
825
107
13066
36860
33
13
221
4149
515
24
6239
3955
36865
53
13
24
6401
185
207
369
2848
23
1751
123
24
9884
27
331
408
278
309
14
835
1479
57
1366
2
273
57
24
1857
185
122
12094
76
36866
408
278
689
1508
185
13
36860
5
825
1359
13
1018
818
27
331
1687
3779
7509
3193
515
24
8509
425
104
24
932
57
14719
7224
369
1950
64
737
27
1687
408
1359
13
223
2673
76
612
3707
13
16356
14
5309
5
2827
19236
36860
902
383
24
36867
1061
129
288
6555
516
278
100
4723
34
1140
123
24
1049
9884
27
251
1609
330
262
1687
397
14
3340
57
612
30369
5
3572
425
61
1508
316
43
288
6816
47
27
1687
408
418
34
2958
2960
61
2079
57
5739
61
8899
5800
5
8840
418
27
1687
36867
87
14
36868
5
369
4723
34
20319
1140
61
349
1536
10931
5
19204
2788
922
24
966
27
1687
119
43
105
45
2859
185
24
558
36869
119
8833
726
58
1543
5199
902
3863
13
331
738
58
331
36860
34
24
3862
57
24
1049
1140
36870
61
502
99
719
24
19231
57
2243
7838
5
642
13
9688
12376
104
9884
9903
27
378
185
14
3613
13
1904
61
24
3463
5856
36871
24
1203
34
331
5519
47
13
24
19340
331
23
759
2528
76
24
16558
174
91
24
1409
1140
3952
27
143
215
330
215
7149
215
149
331
2246
331
515
215
44
2597
54
9825
13
1415
1611
8169
33
2
1904
91
24
1029
57
267
27
8958
2237
262
808
5199
4451
1611
7838
104
36872
2237
10573
4618
23
14286
8464
61
1904
187
650
64
24
8058
9635
515
36860
516
1248
1579
1389
36873
5360
11133
34
22902
24
1049
1140
4046
27
396
330
262
331
5329
37
107
3466
61
1222
36860
1018
244
21538
122
6524
610
825
738
58
542
34
24
3225
13
221
4149
515
358
442
3896
34
24
1203
9896
515
278
100
3793
23
27
331
1307
183
149
1196
941
558
105
1510
24
331
36874
975
331
61
808
5199
807
334
36875
155
57
496
105
100
6599
61
349
6261
24
2083
185
227
5
185
3558
27
331
5329
37
45
1724
237
24
7634
5
36874
975
61
183
87
14
2508
987
34
612
1566
61
331
215
359
27
331
1833
61
646
369
2524
5
24
1203
278
9716
47
13
24
19340
5
628
121
542
34
183
27
5329
37
45
1724
183
14
36874
975
61
157
37
1724
183
14
2508
975
27
1170
262
17590
642
9176
24
5058
331
1696
185
24
1049
3274
331
1307
183
726
13
24
975
610
278
13
107
2472
34
1193
36876
27
408
278
13
221
4149
358
369
5309
5
2827
975
27
331
628
121
5
24456
496
24
1203
278
456
13
1431
23
5
628
1019
358
728
2931
334
3563
1086
27
331
816
646
369
321
2171
610
278
13
1550
61
57
2510
610
825
1550
542
61
40
628
1019
24
4887
2831
107
34
36860
13
221
4149
515
122
308
369
646
13
5736
1487
1140
27
331
842
24
8090
369
2505
14
15706
511
27
11766
23
709
3259
2210
183
1410
13
5736
14
5309
5
2827
1049
9884
61
610
825
1018
183
27
331
16721
262
3154
3954
12359
10253
69
174
71
330
24
8058
516
14991
331
704
4447
36877
331
23
36860
912
6524
40
215
8279
2403
34
24
1565
37
8789
7164
3955
36865
69
700
71
13
26795
409
36878
23
262
1856
57
24
17590
8060
369
1253
1145
24
1783
57
24
1049
3274
27
5401
333
9896
105
13
107
13966
23
58
36860
4942
13
5736
1487
1140
9918
246
119
43
61
129
369
391
13
107
2
8760
61
105
13682
693
76
24
101
9
434
3952
13
223
104
24
932
57
14719
7224
246
119
8833
726
58
1543
5199
3863
13
331
738
58
331
36860
34
24
3862
57
24
1049
1140
36870


