11716
6559
3900
0
5010
2060
5
1710
3465
12
470
31
13117
79
105
230
90
21
10
434
3
1101
5
2992
4
1688
2252
1548
2
15
172
4
1542
1501
47
35
1905
40306
10
4863
5
2583
1
289
6559
444
64
230
7
286
17
16313
5146
118
105
347
320
4
1552
5
5096
1948
6
550
1
45
19
7604
93
476
4
2060
6393
3946
2
8116
6
299
47
3007
2195
6525
29
40
3449
157
3
3568
261
2060
4
27510
0
29763
6
0
7892
1212
2
1343
297
94
3
718
6559
55
6
5010
2060
40307
16
11716
6559
30
6881
28
0
5010
2060
7
2152
3291
6
4599
16
6559
592
14726
421
12
48
70
20
0
160
9118
2304
10995
9
2222
53
7892
51
9
246
18
1542
18160
1501
734
36
58
1947
2060
23
36
10
1326
975
40308
53
9763
51
9
4495
10
1846
55
39
4464
19
3053
7
0
5018
1363
1010
7
1810
48
215
29764
779
9
2723
53
7892
51
246
18
425
610
11
18160
5218
7
10995
9
2222
18
3874
1200
55
12
701
1741
12
446
434
3
1574
709
2
5168
523
53
9763
51
9
970
8
151
172
1501
13530
2060
17
2784
863
40309
4844
53
7892
51
9
9575
1200
55
6
246
18
266
18
14788
11717
1086
3
8245
12
846
6721
7487
2682
53
4512
51
9
970
8
1542
3186
16314
107
41
1024
3
2152
39
248
19
15595
805
2
2382
2097
53
7892
51
9
4832
55
3
8245
12
353
8498
6721
5076
40310
53
7892
51
9
118
831
0
1688
736
1
10
1670
3
1548
49
4003
40311
53
7892
51
9
572
17
23807
2178
4
41
4069
40312
3672
53
40313
1
639
736
51
9
216
17
23807
2178
1
1275
10
2515
45
30
118
6109
494
12
4701
24246
4785
53
7892
51
9
14789
639
736
4
1887
736
1542
3186
16314
30
4832
127
5604
7
2152
3
1364
12
19
1349
9
49
3
0
2699
2401
10996
9
4250
3231
9
10997
53
7892
51
9
1552
14789
5233
86
118
2721
11717
1167
1
455
17
558
20642
18161
53
7892
51
1542
3984
736
1501
292
40314
46
987
125
194
9
735
40315
4
20642
18161
13
1973
3
4017
7
0
20521
736
11717
77
0
368
872
1
45
0
200
5458
130
7
683
1
24246
4785
1
30
189
22
0
2060
43
41
7
19
35
237
20643
2
6559
47
18162
13
216
10964
11
3290
246
47
2739
6
1216
20
24247
727
2
29764
779
9
2723
1
0
1545
11
18160
1451
7
0
3874
6
111
145
2304
10995
9
2222
1
30
40
680
3
2056
55
17
5
93
1574
709
4
172
2226
736
1501
5394
40316
118
1565
7
0
40317
736
11717
2
6559
47
18162
817
14
1
6
0
105
2521
38
413
1542
1451
12
35
3051
40318
20
160
190
1
118
189
6592
4445
20644
13
323
2
2152
526
782
1074
1
292
40319
1
22
16
35
221
47
100
1332
60
929
3946
14
11716
6559
734
21
58
32
13117
2
104
929
128
3946
11
24248
104
692
129
194
21
404
3
32
323
2
35
24
659
662
92
46
32
125
3946
75
1
45
92
33
2688
6
400
2521
13393
6559
1
1280
1
30
4832
3
764
20
19
550
1955
20
10745
7
24249
29765
7
1010
1
699
85
1024
3
2152
1
39
1085
7393
12
506
166
21
13
41
7
205
511
1705
2
57
13
2157
21
1407
40320
0
2992
736
12
302
3
355
59
178
20645
1176
2082
11
0
1688
736
12
437
1
45
5839
4832
3
40321
0
2060
10259
39
6319
17
19
1286
1
13554
16315
1
4
257
16316
1124
771
3126
2363
2
6559
22
7
5
565
16
35
24
29
204
0
1905
595
3
9659
28
0
5010
2060
2
15
20646
24
34
64
347
320
10
5
425
10964
11
121
2
5946
13
497
419
323
7
24249
29765
45
24
252
216
333
347
3
124
99
3
0
755
24
10
20
7
190
4
151
2
1343
6559
55
6
5010
2060
20120
11
2152
16
20642
18161
46
118
154
196
7
0
639
736
11717
119
24246
4785
53
1839
51
30
1200
55
35
24
228
404
3
1985
0
5010
4008
3
95
1542
4
353
6721
45
0
770
13
627
5
333
347
253
760
11
121
23
95
265
13
1191
121
25
47
41
1309
3
1035
29766
6559
13
170
1
967
1
18163
3
4017
7
0
2992
736
4
1688
736
20
0
846
6721
7
23720
7
522
1
4
257
16316
694
1065
2187
21
46
1085
1499
0
454
621
39
3851
55
6
0
2152
1661
3444
4
160
17344
2060
7
612
347
2
318
1212
647
1201
1
13
4855
18164
3
24250
21
445
29
1667
7
2152
453
173
18165
40322
40323
1
793
1
38
30
389
29767
40324
11
2992
736
48
70
2
6559
30
959
118
29767
40325
1
39
21
945
3
0
1370
262
19
5412
242
7
0
160
9118
7
555
1
45
10
2157
3
32
35
40326
7
550
7
0
1520
90
1029
2309
5146
2
380
235
6
0
172
16
6559
413
64
1542
40327
7
160
7
190
26
6559
29768
1
30
40
2055
17
2095
7
612
347
26
4064
1065
20
550
1568
3
8245
12
846
6721
26
4460
1329
3
4017
7
2992
4
1688
2252
7
2152
26
3442
232
9
1709
2521
29
369
1200
55


