258
6092
40163
251
3357
9
2033
1605
14841
3788
393
99
1077
5
316
819
288
4817
58
301
44961
185
24
2439
7152
44962
123
104
14
5261
104
24
1385
57
2003
23
7803
61
642
377
27
29202
44963
61
14
393
104
16486
4809
1956
61
149
4410
13
24
320
58
14
3193
91
5065
20340
44964
2291
449
44965
202
27
251
111
5
14
893
61
365
23
122
10003
61
288
663
319
13
24
320
61
40
7639
27
1420
44963
1077
6329
58
7520
104
27387
5377
44966
7628
27
4404
262
1707
377
29202
44963
61
14
1605
14841
3788
393
61
1077
2
334
8812
20237
57
24
2222
7152
27273
1920
202
29202
37
2179
330
207
2356
37
20340
44964
5261
149
24
55
926
105
1541
100
13
27
579
149
14
44967
104
16486
4809
1956
23
1605
14841
119
166
40056
640
104
24
1385
57
2003
23
7803
123
14
6586
9
133
3193
34
24
965
20340
44964
27
396
9439
54
169
3193
61
4011
34
202
2356
1707
750
34021
9
3484
515
704
166
3235
13
278
30250
185
27273
9
14
11500
11906
163
57
24
2222
7152
44968
6693
44962
27
1420
44963
37
2179
330
24
20340
44964
3193
149
24
55
5261
926
105
1541
731
27
119
20340
61
129
149
6764
445
24
1146
8419
34
54
582
3693
76
14
6586
9
133
3193
61
4151
54
5987
58
4033
57
24
897
57
32
57
54
128
27
331
599
5
1643
13
372
23
8638
700
1094
27
2686
4086
738
133
13
723
61
331
215
330
27
331
44969
61
421
820
44970
44971
3555
331
202
37
44964
3193
104
24
24
1385
57
2003
149
9439
655
642
3244
47
122
643
646
27
1420
44963
61
2
7823
61
1605
14841
61
149
14
34169
104
16486
4809
1956
23
1605
14841
27
1420
44963
37
486
958
525
64
361
2
14
331
692
485
331
44964
61
24
5065
1563
4162
5168
61
4151
133
54
1738
34
24
128
129
30250
5
7176
262
331
3933
61
421
262
11766
4723
3555
331
119
1385
57
2003
99
100
8533
23
24
139
34
45
12885
7152
1153
365
810
5
922
24
966
27273
87
14
2222
7152
515
87
5726
11622
23
6643
9
5291
91
128
104
4162
41265
1185
44972
1185
1563
4162
10351
27
27273
87
14
44973
163
57
44968
9
1185
44962
9
515
87
1502
822
1533
10454
5
11500
1284
24
14665
163
57
24
7152
27
187
718
107
12079
76
8026
1185
32758
5
87
5291
44974
1185
20628
185
24
44975
27
44976
718
35
166
13
190
4615
5
718
2581
10829
11149
57
12473
31169
5
17361
27
119
7152
718
663
384
6480
83
9
4790
5
838
23
4606
57
44977
14
506
27
44968
718
12648
76
24
4163
7410
13
25797
1816
5511
27
162
1404
597
61
237
718
384
22694
5
15911
10834
5
1347
474
239
5
13077
27
119
7152
99
14
835
44978
61
502
718
1493
11149
57
22078
64
758
64
29269
5
19035
34
4615
27
7804
1319
99
1542
12079
838
64
13
1720
24
7152
87
34218
61
3400
405
4163
278
1341
515
358
497
6177
185
183
27
331
579
149
692
61
525
448
288
692
308
61
331
525
549
11076
3667
750
34021
9
3484
27
119
7803
7559
341
515
334
26733
7658
515
926
1142
316
4301
7985
24
4250
9096
57
24
7713
9
2033
893
129
149
319
13
24
320
27
11594
663
1142
14
44979
57
669
11906
23
525
12590
27
119
111
61
129
149
958
64
361
23
54
10003
61
149
330
13
107
26057
5557
76
320
274
27
2281
57
24
3296
20237
5284
369
4431
23
2317
4382
27
1707
377
2185
57
24
44980
129
30250
2193
621
622
27
44968
87
965
104
9062
61
4162
41265
5
10351
34
1579
44981
7410
13
221
372
129
22067
183
2245
11823
5
3867
13
24
1651
5
24
4229
27
1295
61
183
718
663
278
1169
22594
61
349
8572
10957
61
474
10834
5
1347
13077
27
3641
7250
61
24
5261
11893
515
988
1385
57
2003
61
1725
14
376
586
515
331
451
87
14
908
44982
331
34
24
1565
27
331
999
6348
99
10074
689
868
5
612
2030
738
133
13
122
485
5
486
34
122
189
27
1134
710
87
101
643
5
610
369
1875
13
1950
76
125
948
61
331
24
376
1869
27
1134
87
45
24
55
227
24
1385
57
2003
23
7803
99
105
3071
76
1579
37739
2590
7156
104
10351
61
24
7803
10876
341
27
162
5657
1972
61
24
1032
44983
5346
8533
24
966
34
45
33682
128
6266
23
1804
922
129
288
31376
44984
19629
61
2276
2222
7152
61
2
12283
27
162
3192
1972
61
24
966
149
5696
159
34
14
257
58
33173
1142
2818
10894
8244
6571
5
5184
7123
7277
23
24
4305
1547
484
2050
18906
27
119
6202
9
2033
20340
44964
61
129
39116
9006
1563
4162
61
149
73
24
1146
8419
185
54
582
3693
185
207
2356
246
29202
44963
1077
58
301
44961
185
27273
104
14
5261
104
24
1385
57
2003
23
7803
246
119
1605
14841
9
4448
149
14
34169
104
16486
4809
1956
246
364
819
288
4817
61
40
7639
246
11594
1142
44973
7156
5
4301
7985
185
32
57
24
5284
246
20340
44964
61
24
5065
4230
104
552
3193
1420
44963
20237
61
9439
54
3368
24
256
2356


