258
463
464
3968
1307
183
726
13
24
16786
61
24
3193
1393
738
185
820
3208
57
2510
61
646
37
14
4396
24872
27
119
16786
99
330
515
183
646
87
14
5815
515
2134
5264
47896
44
107
2469
185
334
11971
257
13
266
35571
2831
1021
5097
107
4011
13
1805
24
351
185
2544
257
27
1295
61
1193
829
13
2502
24
2134
5264
185
14
257
622
1284
47897
2414
516
278
13
107
53
2842
4615
23
8822
27
119
3193
1393
738
185
262
2906
27302
1185
7880
44
107
23
24
5004
34
2134
2414
61
266
35571
21742
21631
262
47898
1050
61
502
825
4093
47897
47896
1462
751
87
361
289
24
55
1541
331
6481
5097
47899
61
331
24
8202
9955
5
9953
9954
825
855
445
23
918
57
18
12607
128
185
266
15
47900
120
262
15393
5097
1423
47901
278
100
1542
34
128
515
825
2581
47902
61
28392
61
47903
61
620
30715
61
2739
4976
61
5
5092
61
94
622
6492
16786
3988
2004
3989
6
47904
99
330
14
227
12795
99
100
3366
133
1222
1021
5097
5602
14
1292
23
24
2134
5264
6218
27
8202
5
9953
369
4011
13
9956
445
24
2134
5264
23
326
24531
61
1605
6414
61
104
47905
8592
185
2414
61
266
35571
27
11701
9
4623
23738
1724
34
24
5815
57
27302
185
515
1987
61
40
24
16786
99
2114
24
2544
44
107
2469
185
1193
257
2
4386
61
5657
23143
13
3354
61
266
13515
9
1185
183
44
107
4534
33
1347
321
27
816
646
87
334
8494
3714
515
4186
24
33291
351
13
14
5158
61
935
24
191
99
36876
6993
13
47906
24
2544
34
14
1245
1987
27
331
408
516
2296
507
4615
13
1454
24
2544
227
61
331
808
47904
330
27
331
408
2296
2842
4615
13
1454
24
257
27
331
251
24872
515
1805
24
6605
237
632
65
5192
14
3317
13
3466
24
7224
61
40631
5
10931
4348
23
14
331
670
13556
27
331
43332
262
4338
14
24872
1805
24
1605
1606
6605
76
14
2922
57
27302
505
237
632
61
24
16786
5
125
4948
369
2931
47907
1243
13
9402
34
14
24872
185
24
257
57
24
2544
17420
836
262
1605
6414
37
47898
7224
825
2502
4093
13
24
2134
5264
185
266
15
187
510
2195
4615
34
14
1306
47908
57
27302
2
24
7224
351
27
331
27377
104
24
7224
825
107
2472
13
1454
27302
23
24
10931
4348
61
47909
2788
5
185
24
1698
5
185
612
39376
752
30712
61
18281
330
8787
8671
61
10053
57
24
2134
5264
5583
6401
27
331
408
825
107
3539
13
1454
27302
182
27
3779
4759
825
5428
919
57
4606
57
6802
13
1454
1533
2537
218
24
6605
61
1720
358
728
2050
13
24
2134
5264
61
2276
836
61
1185
11380
9
7871
1050
27
119
9427
87
515
3096
57
703
23
24
1605
1606
5
1605
6414
351
369
15291
13
183
27
251
24872
718
1805
104
1193
227
61
40
515
1308
244
1020
308
2831
45
107
644
13
1454
1145
1185
2526
45
107
644
13
107
2469
27
119
3604
87
13
107
3539
5
278
24
347
23
513
5
107
644
13
3466
24
27302
47910
27
331
331
408
1028
13
221
4149
515
24
4156
4413
639
515
237
6605
99
10347
11073
5
347
13
444
237
456
61
18281
47911
330
27
331
187
37
455
1533
1284
4062
308
515
167
24
1217
515
24
1146
37
3700
836
87
2050
13
107
109
61
610
373
639
834
13
3466
27302
27
408
151
24
17140
3098
705
257
5
1376
3098
594
1267
27
408
706
1018
14
692
1086
2134
5264
632
64
758
27
18281
119
3193
1393
738
185
262
16389
21224
61
14
3022
76
9653
12417
61
87
1481
13
31508
24
1873
104
24
124
47912
7207
3193
27
3779
10108
600
2457
47913
5
9239
1347
76
144
316
8712
9239
21224
99
1487
47914
4951
13
2250
24
3019
6927
7850
262
2134
5264
2414
44
1550
513
10091
1411
4386
61
5657
4504
5
3354
61
266
2778
61
1489
13
36876
6993
246
16786
40407
57
3104
5909
425
5097
5004
34
266
35571
61
331
1114
1185
2424
607
14
257
331
246
16786
99
14
35242
57
36876
6993
23
513
2831
2286
14499
5605
17925
246
2173
2276
3714
87
1622
13
4180
24
3714
4011
34
3354
5
87
1481
13
1805
144
32
1185
316
1267
484
24
2134
5264
185
266
15
246
119
4986
2544
825
107
184
23
326
24531
61
1605
6414


