119
1093
57
14
489
2097
5157
17949
99
100
3218
13
316
494
23
5672
34
8840
714
7549
5
5744
12161
27
17950
2557
4023
525
4145
202
104
2780
2781
3804
2959
27
119
17951
9
2033
2557
149
6555
23
266
922
14
17952
4319
185
15070
57
16821
3212
7260
23
1463
2359
37
3584
27
12216
13
3254
262
17950
2557
61
6727
61
324
23
139
17953
61
149
3218
13
2154
454
23
5672
58
7568
3253
13
8840
714
7549
5
5744
12161
1517
11710
485
2079
262
17950
37
571
17954
2557
69
174
71
5
525
8852
15445
2557
69
700
71
288
17955
23
24
5159
57
17956
11703
23
2780
2781
27
842
23
545
266
6585
61
15445
2876
54
469
13
897
251
1713
3283
515
665
2557
149
23
7997
57
5231
6542
8840
2062
27
8341
454
58
525
7707
61
17950
2557
17957
7988
5
1663
868
76
525
4501
61
8972
14
17958
17959
61
502
12867
185
1072
15
1348
2963
37
17960
17961
525
23
2780
17962
27
2557
1789
13
13944
868
185
515
6018
91
17963
14
7163
37
1536
76
525
4984
9
17964
61
40
642
2103
525
159
190
1267
147
23
17952
61
2780
8457
13971
1840
1341
27
579
149
13878
185
7549
1517
23
1072
5
5682
14
3253
11571
23
744
61
7306
24
1679
34
525
6468
237
632
27
119
893
87
24
1093
57
5200
5990
5157
7296
17954
2557
61
129
149
15082
2876
91
54
469
5
3104
4068
23
6585
123
14
7180
27
397
398
57
525
11571
2528
61
2557
825
3531
2154
454
1778
2132
61
857
91
166
494
331
5673
27
119
17951
9
2033
791
5157
7338
663
1393
3896
1533
1284
2947
10807
23
17965
13
316
1711
61
17966
5
17967
27
8269
262
251
2041
131
133
24
1240
3299
2
2780
17962
5665
57
17950
2557
61
349
334
17968
5603
69
174
71
5
14
714
2327
69
700
71
17950
2557
149
24
4927
17969
57
14
4396
5744
12161
4046
515
3138
4606
57
5284
251
1857
62
17970
13
2557
37
501
459
525
1021
829
9
2540
185
525
7155
13
17971
61
502
926
99
100
5557
76
647
4399
27
1882
13
24
3509
61
2557
99
100
3477
398
23
7152
322
10094
5
87
331
15518
17972
27
331
331
10005
2557
821
822
4995
14
2248
9
47
1724
5
237
501
99
4952
183
61
331
1857
62
16740
17973
598
23
14
6468
17974
27
17950
2557
37
8852
61
15445
2557
61
1077
23
1073
58
3269
14
9616
6578
23
7717
13
525
571
37
2882
897
27
119
14215
1542
23
17975
32
57
24
55
2457
9
675
6640
9
11090
11703
61
9226
24
2007
17976
61
5
3564
9
967
14
373
965
2780
2781
7121
2439
61
119
17977
17978
27
12609
17979
562
262
162
1900
61
1189
9
562
14215
10385
17980
69
174
71
5
17981
17982
69
700
71
3423
23
14
53
9
34
9
3484
3441
1893
185
24
763
57
24
2557
14215
17983
262
119
1045
5071
185
24
2540
57
24
17984
331
17985
6640
9
11090
2457
1045
61
9226
24
2007
17976
61
407
23
17975
162
1900
61
122
679
149
17986
23
24
3441
17987
6640
1036
1189
562
14215
2451
17980
5
17981
17982
27
17950
2557
37
1588
61
15445
2557
37
688
972
61
87
370
3269
14
17988
9
13
9
562
6578
34
3319
24
2255
57
54
635
1093
76
14
4380
7998
23
17989
23
427
27
246
17950
2557
61
6727
61
149
3218
13
2154
454
1778
2132
61
857
91
166
494
331
5673
61
5
926
1393
3896
2947
10807
23
17965
246
2557
87
24
1093
5
9058
61
13823
61
57
2780
2781
1509
11734
17955
17954
5
15445
2557
246
162
6585
61
17950
2557
37
8852
2876
982
525
571
123
10020
246
15445
2557
37
688
149
3218
13
14
562
23
5672
34
9535
13
897
54
695
76
14
4380
7998
23
427


