20417
87
244
5291
11871
64
14
1169
4290
27
842
14
635
1197
676
1820
149
539
45
107
1745
1348
215
149
20418
91
175
9
20419
20420
64
215
2516
185
908
57
14
20421
655
4603
34
520
27
20422
20423
61
6324
61
5
14
1060
57
486
105
423
13
24
924
23
24
1032
57
20424
23
527
9
7074
12641
37
20425
8422
13
1550
876
57
15907
61
1489
13
119
1007
37
463
4698
27
12663
262
20422
20423
61
6324
61
5
14
1060
57
486
105
423
13
24
924
23
20426
13
1550
876
57
15907
390
262
842
1348
20423
4412
47
185
908
57
24
676
61
215
14942
24
20420
9
5570
158
89
14
20427
842
58
20428
47
2334
32
1595
20423
61
2
20429
61
149
719
13
5498
47
5
4919
24
1065
20420
61
3223
20430
20431
20432
218
54
1816
27
18410
8577
20433
20434
61
2010
61
330
262
331
999
67
215
149
6484
5
3432
5
24
1462
215
18419
89
14
233
57
434
5
149
1717
700
445
24
908
57
24
1619
27
331
408
1663
18
40
215
149
18623
5
610
44
244
444
1015
818
610
1770
10490
34
442
27
331
1843
1844
750
20425
2716
7245
215
686
166
43
13313
47
2334
24
1619
27
20435
20436
750
24
7279
262
331
628
850
32
57
24
43
3195
11258
54
12249
40
215
638
45
1644
14942
24
20420
702
54
219
27
331
396
330
24
1462
987
646
149
14
6552
2340
61
5
24
111
433
434
5
906
159
27
808
20435
12908
104
24
316
486
61
129
3469
13
107
23
1025
61
13
444
445
24
676
64
387
64
1243
27
331
10487
11167
14
434
20437
5
1399
133
24
434
185
24
111
61
331
330
808
20435
27
20423
149
935
4410
13
320
61
575
215
149
279
23
14
796
18796
9576
27
251
320
1609
330
262
331
5401
1284
895
4807
57
54
1816
87
3127
15814
5
637
215
87
373
2257
215
87
91
709
1506
133
57
7749
1521
27
331
2015
1222
215
9287
61
3821
99
456
7459
1187
13
54
1816
27
331
396
87
361
2673
20438
27
331
3627
133
57
7749
262
20423
149
4410
13
320
61
40
4508
895
1299
1300
18796
13
54
1816
251
1609
34
24
20439
924
330
24
19372
15907
502
689
218
288
965
76
7908
61
129
3613
13
1550
520
27
187
87
1341
1347
681
477
10754
3613
24
924
34
876
61
5
3096
13313
185
24
15907
331
20440
13
444
226
2919
27
1295
61
24
1609
149
3466
358
1812
13
20441
308
2
20442
2334
24
351
575
24
15907
369
2072
27
331
842
646
369
405
61
349
272
61
129
19306
89
24
351
13
2502
167
24
1217
610
221
183
2471
3466
183
87
244
3748
61
331
215
359
27
246
3689
377
20422
20423
61
6324
61
149
1802
89
14
434
233
58
215
14942
20420
246
16391
1805
76
24
765
57
449
20430
20431
5
1717
13
24
1675
246
2013
274
23
20424
61
12641
61
1399
447
133
76
14
434
20437
246
20443
13
320
61
40
4047
377
20423
87
45
133
57
7749
1521


