144
6895
2349
65
676
14531
30
40
881
11
5
1400
7
0
466
6
5
2887
260
13619
1
106
310
209
2
4305
3190
11
375
11989
1
2844
1
161
44
33
16366
12
0
3410
329
6
407
1810
39
464
6
0
270
364
6228
7
0
704
4
7
1137
35666
2
15
270
29
40
763
41
3
2156
59
23
106
2428
59
8
5
1116
130
8
2
56714
22454
5489
1
137
93
1
10
115
6056
3
193
20
27
2887
260
7
19301
1
1121
1810
2
375
11989
1
122
1
13
521
3
29
40
5
3967
20
0
646
20
0
71
6
0
193
52
13
404
7
2602
17
0
466
6
22454
56715
1
2796
1
38
10
115
420
20
56716
1928
1
11443
2870
1
19301
1
1121
1810
1
632
12
437
166
2
22418
203
310
21
13
61
404
7
2602
17
5
645
2011
7
3410
2
68
11989
1
38
13
28
407
1810
1
10
521
3
29
40
2412
20
0
2887
260
90
36
10
285
2
4481
5647
21289
23831
1
973
0
818
11
0
404
130
11
22418
203
1
22
16
8
221
29
98
40
364
6228
6
375
11989
7
3410
4
35666
4
60
29
362
12
0
640
323
3
8921
59
2
8
375
11989
13
5
1116
130
4
21
1026
3
32
115
4
432
23
5
978
6
17686
2
8
52
13
404
11
5
645
2011
7
0
3410
329
23
168
23
11
0
466
6
22454
5489
7
19301
4
24
354
14
75
323
7
48
487
329
183
59
4
206
168
183
113
21
13
2
15
265
6
5
6722
9
83
211
10
115
20
5
2887
260
7
19301
1
1121
1810
203
29
763
0
270
41
3
2156
375
11989
1
137
93
2
203
29
40
1444
55
2795
6600
19074
20
0
2887
260
8
57
13
1584
22078
14
767
38
30
214
48
130
62
30
156
597
63
19
5823
992
0
106
98
4
2750
282
110
44
183
2
8
930
767
38
445
32
1408
11989
14361
0
106
1
24
58
161
241
2428
212
1794
1
48
13
5
128
1116
130
1
21
1026
11741
90
21
73
1797
3567
1162
2
8
24
354
11989
3024
5
1350
3
0
1454
270
4
3278
75
171
41
2156
59
2
281
44
84
177
59
44
171
2987
6616
1006
2
8
5968
17
597
73
61
965
0
4455
12000
3290
12
56717
56718
62
15802
10009
12
19883
17534
7519
2
8
407
1810
203
18
2077
8047
1
1986
5647
3819
56719
1
22
16
8
104
33
346
3426
17
136
1732
7
22418
203
3
923
8921
4
1348
48
1845
2
8
34625
362
33
91
5532
3
337
0
493
4
3
987
17890
2
8
360
1
0
337
6
0
270
13
5202
7
48
493
2
52
30
9529
7
48
329
4
24
58
6770
767
38
2417
59
3
965
106
1006
2
8
26
4305
1580
607
14
466
1400
375
11989
30
40
214
26
281
2324
0
193
6
5
211
7
5
2887
260
7
19301
1
1121
25414
26
6077
10
0
646
18
6722
9
83
13619
22454
5489
26
203
1750
21
13
61
404
7
2602
17
2011
7
3410
26
3460
78
41
3
2156
11989
1
22
3
29
40
2412
20
646


