8764
831
1250
278
7176
515
24
11410
57
15685
15686
44
1315
14
14529
11459
61
40
1607
5831
369
361
1805
818
1131
99
4411
6222
14
8483
27
1585
32
1060
57
12470
99
5209
515
316
6078
1129
15687
9
14
415
57
15688
1221
9922
15689
15686
18
24
1985
61
3924
1348
13737
5189
27
1322
3283
515
1347
2330
15690
57
334
15688
289
15691
105
334
15692
1426
185
15693
27
1477
15694
9831
15695
149
658
13
24
8491
57
24
15689
69
1363
395
71
61
183
105
709
1426
185
24
12272
61
502
5719
24
4091
12001
11492
11501
15696
1308
45
9670
76
24
15697
15698
23
24
15685
1447
369
503
1487
15699
23
3440
13
8023
15700
14
5769
57
24
1566
912
15701
61
1232
3820
27
15702
57
80
15703
57
15704
5
24
1153
57
15705
399
278
1515
14
3926
5189
23
24
5831
57
15699
61
502
369
15706
34
1449
5159
27
3809
1965
15707
57
24
1956
57
15708
61
129
11
24
1319
3634
61
330
262
1687
408
855
14
5485
23
712
494
3208
610
4975
15709
119
1319
61
784
23
24
1320
15651
999
61
1142
515
255
99
15710
401
2347
15689
15686
13
8023
15700
704
1579
15701
27
15711
5831
278
894
64
122
15712
15713
288
15714
18
5
122
15715
1449
8051
1745
91
15716
27
13784
4729
278
7348
515
24
346
57
1611
15699
278
15717
18
24
35
666
494
27
1250
1019
24
15685
15718
87
1330
13
3559
6840
15719
5
358
13667
515
23
712
14168
1099
278
13
2391
104
15720
1185
620
15721
27
119
1344
91
24
3729
293
57
7807
4810
69
15722
71
23
8890
61
12487
61
15723
24
15724
1342
2
35
506
515
2330
15690
57
15725
9
2276
15726
9
369
2275
13
2649
11410
15727
69
15728
71
575
12774
15729
122
15693
18
24
1985
5
2075
1067
27
1477
622
4729
278
1196
515
15728
9
2674
15730
23
15689
15686
1099
799
2
15731
3559
15732
13
15733
1185
15734
64
14
3340
57
4827
13
15735
61
24
582
1344
1142
515
12774
23
24
15693
15736
15728
105
837
15737
4748
57
15738
15739
64
14
1060
57
1123
15693
61
594
57
502
7639
24
1985
27
1134
768
5719
515
24
15687
369
1286
405
622
1211
57
14912
15740
23
12774
515
23
1456
5063
13
15728
61
1489
13
24
1344
61
784
23
24
15741
57
15742
27
1687
408
15387
156
23
237
1344
515
15687
369
4091
5562
13
107
4723
34
15743
15728
23
15689
15693
515
288
4518
2957
13
24
7210
57
15744
330
68
8764
15745
69
6889
71
15746
61
13094
3770
57
14509
4827
15747
104
15722
27
119
582
15748
61
15694
9831
15695
61
99
709
1426
185
12774
331
4033
61
502
87
3604
13
122
15749
34
1449
27
8920
330
515
24
280
15750
99
3027
64
334
9529
10144
331
15685
5309
331
15748
5
334
11971
13
372
344
57
15751
15686
27
251
1363
395
57
6840
15752
87
324
1877
10645
61
646
278
100
835
9868
57
15699
2
15728
27
15753
24
384
87
48
13
15754
237
2536
647
12774
369
6282
15755
57
7581
32
9
188
57
704
15701
13811
27
2693
278
5457
14
346
57
1243
1755
61
349
15738
15739
61
15756
15757
61
5
15748
4827
27
8288
1342
3084
515
15728
87
2674
8495
13
15687
349
15725
5
15691
61
502
1099
15758
15731
14963
15759
27
4636
76
12470
2
24
15760
2916
15761
3111
61
24
1232
8581
24
450
57
2195
15689
15686
23
166
13896
23
6114
12487
1411
1372
558
5
3192
1268
27
305
621
1845
61
24
1141
10070
190
15686
89
166
3085
15762
279
76
15725
61
32
76
15691
5
32
15677
27
1447
149
14
694
15763
23
24
2146
57
704
24
15685
15686
104
24
2205
57
1985
61
502
87
10911
94
15693
123
24
15764
454
23
1605
327
27
119
2051
15685
9
15765
262
1877
10645
61
646
278
100
835
9868
57
15766
12774
69
324
71
2
15728
27
15753
24
384
87
48
13
15754
237
2536
647
12774
369
6282
15755
57
7581
32
9
188
57
704
15701
13811
15767
23
5657
1268
61
15689
5831
23
24
1123
15686
1770
13
5547
64
1622
61
40
5831
23
24
15726
9
279
15693
5910
13
15763
27
258
3192
1268
61
170
57
24
15726
9
279
15686
288
769
76
8322
15693
515
369
10911
57
15728
27
569
24
2213
15748
9
279
15693
23
24
6646
1344
813
14
1851
1299
1300
15728
15730
5830
61
24
1345
2936
515
23
122
558
1344
61
12774
23
15748
9
279
15693
105
14
822
5138
15728
15730
5830
57
5847
1299
1300
27
1031
505
15685
1067
9
445
392
123
24
3924
6481
5
10832
1985
57
1972
9
555
61
1330
24
1345
13
1730
515
15764
13737
61
23
12302
76
15687
61
1099
2502
14
511
23
24
15768
57
15728
27
1687
1477
610
278
15387
24
15769
57
24
8289
1411
15687
5
15728
23
237
1344
61
712
1319
44
442
15770
24
14912
15740
515
87
4723
34
13012
15771
9
11348
15726
15772
13
15773
330
3809
15746
27
1687
6984
610
718
10292
24
1875
4815
57
15689
15774
162
14
4233
13
1728
24
15775
15763
61
12470
9631
1687
15776
14661
13
15777
12774
23
465
23
5657
13
15778
1607
15686
646
1018
45
3083
13
107
5310
91
24
1687
2649
11410
15779
515
87
15751
15685
5831
23
622
2846
27
119
1319
5407
13
2468
15766
15685
15721
5
15780
185
14498
64
758
27
1250
104
24
15781
7804
5
15782
1322
15783
69
15784
71
9631
15777
2575
14661
61
2706
144
15785
8080
15786
13
24
15787
57
15699
23
15788
61
15789
61
484
4181
542
89
24
95
27
187
87
24
55
227
1155
1581
5816
57
2740
278
100
1129
34
14509
15790
27
1687
15791
2502
14
15706
511
23
24
9636
218
14
2801
15721
333
34
15792
61
502
1356
15701
2427
185
13
5547
15793
330
15784
283
3965
2617
15794
6787
15795
61
129
87
2267
47
24
15796
15797
3634
27
1687
251
3291
15784
1344
2057
15685
15721
23
15798
3407
718
68
13
14
15780
5547
57
1371
1299
1300
27
1687
1468
32
188
57
24
1449
610
1406
15799
185
15721
61
40
15689
5831
1145
24
1146
369
1228
652
57
24
8985
15800
15801
5
5679
15802
15803
27
119
1319
825
663
2391
104
24
15804
57
15705
15735
185
15699
91
15790
2740
515
3076
104
7107
76
9032
3580
57
1162
1129
399
27
1250
104
24
15781
7804
5
15782
1322
15783
69
15784
71
278
9631
15777
2575
14661
61
2706
144
15785
8080
15786
13
24
15787
57
15766
12774
23
15788
61
15789
61
484
4181
542
89
24
95
246
3729
1956
1232
278
5209
515
316
6078
1129
15687
9
14
415
57
15688
1221
9922
15689
15686
246
15805
15690
57
334
15688
289
15691
105
334
15692
1426
185
15693
9
3924
23
6481
15806
246
9136
15723
14
3240
1344
515
1142
2330
15690
57
15725
9
2276
15726
9
369
2275
13
2649
11410
15727
69
15728
71
246
15728
1755
13
12774
15729
122
15693
18
24
1985
5
1067
246
12952
5719
15687
369
1286
405
1211
57
14912
15740
23
12774
515
5063
13
15728


