2403
3
6449
16
292
524
46
1101
3
3986
1427
6229
7
0
2115
6
209
18
1464
1339
31
17254
3
1364
12
0
2330
4
2937
292
524
46
1101
3
3986
1427
6229
7
0
2115
6
209
47
1464
1339
31
17254
3
1364
12
0
2330
4
2937
2
27926
9
349
2190
7462
17
1848
3454
133
173
678
11
5
2494
968
11
1187
4
5361
3473
12195
133
29
40
9921
28
208
149
47
927
47
12995
2
294
4518
81
166
532
12
733
11
97
237
1045
7
5
2177
31
9
1464
4
487
8474
1
3305
2354
0
660
3
585
75
47
1066
4
637
559
256
1
3273
5
35
36802
47
27927
4
4723
31
0
4703
3797
4
775
1427
1644
1
13
61
91
19667
2
2242
1
418
17174
3646
20
11365
2364
2733
1
4
54
50
46
2940
0
122
6
4519
3
1220
2081
1
0
798
4
108
270
825
1
46
32
20
0
664
6
0
956
47
594
1238
2
15
751
564
47
782
2268
1
160
2245
3880
779
1
397
2033
59
61
3
35
27928
102
0
27929
14
21
46
448
5
3074
12
299
47
242
7
0
2278
31
4976
3305
14
58
27930
19
4603
7
537
2
101
37
3069
1101
3
36803
19
27931
4
185
36804
0
4518
1350
1
68
524
1273
21
10
661
3
0
961
6
3305
3
7799
3263
21
46
402
19
7164
3
1126
37
7
1239
55
1651
31
5242
112
21
10022
7
785
2
68
779
22
16
35
24
181
25
47
128
650
14
92
171
32
22900
7
75
47
6145
1
14
60
84
141
29
5
5786
6
0
1081
60
34
17
0
14204
17362
113
60
273
60
43
159
3
124
5
3074
4
123
25
10
5106
19668
103
0
1639
2
35
788
24
659
662
0
751
564
4
0
956
33
1584
11366
7
42
7164
3
29
5
3074
2
57
47
159
3
1342
1
45
2842
79
3
27928
14
827
102
1
125
3305
58
32
5
205
36805
6911
3305
58
41
32
696
653
31
0
956
1
150
0
4246
8149
6876
3
99
25
2
2242
1
0
3161
3021
58
337
5
19669
1598
50
58
4487
94
0
27932
3
2032
2552
4
1322
2590
1
38
58
154
5
425
759
31
8530
127
5
3074
50
5236
989
270
337
2
36806
16
4518
81
166
532
12
733
11
97
237
1045
7
5
2177
31
9
1464
4
487
8474
2
3506
1077
1
2455
3474
1
17363
120
5
703
3
4339
7
5980
119
12
0
487
1464
618
4903
681
10
81
166
2187
6
1272
407
8531
1
54
6
97
22901
8075
3017
1
45
539
4518
3
17364
97
1124
17
5
989
200
242
4
2276
0
4246
8149
69
5
14205
1455
2
101
487
5474
357
0
264
1
4518
10
2850
0
7165
7
42
36807
22902
1
4
10
539
3
226
373
3
5303
0
681
1016
6
0
1651
2
7166
7
80
105
6
0
1248
1995
22
44
539
0
1064
9
2278
423
3
84
419
85
388
90
7
234
0
704
4
264
5474
4
7
407
8531
2
15
989
4518
1045
7
407
8531
1
50
30
40
681
150
0
9490
4
10
477
31
292
2552
28
2581
268
21
734
21
10
14206
3075
7
359
1
2744
25
4896
5
645
1350
3
80
1995
2
65
4518
1416
22
16
35
104
1347
20
0
128
568
3
355
681
5
4351
1958
7
407
8531
119
1075
0
7165
5
4351
1958
7
0
2920
22903
36808
6
36809
221
13
1073
1976
7
681
5631
14
4518
1088
3
32
27933
49
0
2626
5981
14
58
32
539
3
226
3
0
1248
3358
423
7
0
2762
9
877
6
5
3744
7462
956
2
1427
17110
22
25
539
3
177
2226
62
67
17365
5305
184
2
15
423
34
539
425
6030
1
150
0
3017
10023
397
43
81
2185
7
746
1
20
0
36810
6
3987
1109
47
394
2
6627
1
4518
7792
3
1804
49
63
639
3017
2
26
22904
7462
17
1848
3454
9921
28
927
47
12995
26
139
1358
678
11
5
2494
968
11
1187
4
5361
3473
12195
26
2242
418
17174
3646
20
11365
2364
2733
46
32
614
12
26
65
4518
36811
10
81
166
1410
28
0
423
5778
37
6031
493
39
2824
9491
1064
9
1229
685
4
2858
799
478
2
820
1810
3818
1961
10633
116
5187
12
461
63
8532
22905
1
2170
1936
12
514
4
831
77
75
28
2531
17
5
971
2
15
1709
6
0
4518
848
1
38
327
3
29
36812
3984
1170
7
0
27934
329
7
0
389
9
49
3
397
47
5474
1
2579
14
21
5044
2701
122
9
3210
1562
1
173
0
944
3239
328
2


