258
32301
9975
261
262
34485
264
61
608
266
267
268
269
262
34486
264
61
608
266
267
251
2255
9
57
9
32
129
149
289
1687
19136
9
34487
91
276
34488
87
1094
4136
14
2797
64
14
908
32301
18573
9110
27
34489
34490
61
2265
61
105
600
100
19775
34
525
124
1009
5
1751
26641
9
40
58
15899
166
2111
61
926
3832
926
149
14
982
34491
34
24
6822
23990
27
119
316
2391
818
5631
515
1347
34489
912
4501
2465
847
244
3204
542
757
9
5
99
10859
520
57
24
18905
9
1893
29446
34
54
2534
695
27
34492
262
34489
34493
105
600
100
19775
34
525
124
1009
5
1751
26641
9
40
58
15899
166
2111
61
926
3832
926
149
14
982
34491
34
32301
18573
1585
5
935
262
34489
61
174
1094
5
700
484
525
1290
9
189
61
1520
1348
926
4132
520
57
525
1290
189
4228
2334
5592
4326
1770
18239
525
34494
185
525
9128
13
24
6822
3022
34495
262
34489
1520
1347
525
4501
2465
8838
23818
13
3204
525
757
2
32301
18573
1585
34489
87
1950
64
14
7150
15932
1058
58
361
4113
47
91
32
57
24
1566
37
512
9110
5459
27
34489
61
2
34496
61
1787
61
330
262
331
628
1825
600
105
10442
18
24
880
628
132
61
1348
628
149
23
276
308
1129
13
377
628
132
1030
14
19136
27
331
4338
628
105
707
853
627
1543
61
1094
374
61
628
1399
185
19772
57
1290
61
5
628
638
244
2236
1541
278
227
13
2954
76
707
2504
27
331
579
5910
262
331
842
1348
628
5145
47
76
707
4068
628
2114
183
149
227
34
14
582
846
27
331
628
4300
707
4008
2060
61
5
2859
2540
1533
57
334
6828
76
707
221
9
47
27
331
628
12326
4126
707
2146
2584
1816
23
25248
2220
61
818
628
149
753
13
1248
1290
5
2242
24
34497
662
515
628
1689
27
331
4303
24
1292
262
34489
1520
926
1399
185
1290
58
24
7764
57
525
688
61
5
650
13
7056
525
2146
2584
12795
15667
262
34489
149
4113
47
91
16923
2452
34498
9
5
1094
4063
525
2797
13008
13
107
32301
34489
2859
933
876
57
525
582
2391
185
5538
833
61
502
65
525
4372
334
6939
11391
262
331
628
4132
520
57
707
1290
189
5
1760
582
395
185
34499
61
5
628
2168
19772
57
4326
3223
846
867
2496
846
515
628
132
1030
32301
18573
27
331
305
55
61
628
2236
44
1013
850
183
2208
61
40
1348
628
2859
19323
89
2146
890
662
61
628
1770
13
3043
183
1533
9
5
648
1607
45
1153
183
13
707
3275
3555
331
34489
149
4494
91
16923
2452
34498
9
5
1094
4063
525
2797
13008
13
107
32301
27
842
361
14
982
34491
34
6822
37
18043
730
99
1579
34500
9
5
34489
99
100
9168
185
8306
133
76
525
486
9
5
1347
12908
104
91
9531
3495
128
61
58
24
1047
912
10066
27
579
330
262
331
628
1018
1019
183
912
13015
1348
308
1018
14
169
1550
1348
628
584
139
9
358
728
2765
3108
13
3865
133
496
32301
18573
87
2931
23
1787
27
331
34501
262
34489
5960
13
2995
496
24
3022
87
47
13
5
34502
525
2391
34
223
187
37
32301
3555
34489
1520
525
9128
13
1420
18573
99
1347
11
13
525
361
17489
9168
185
8306
133
628
629
14
7420
9
2628
730
262
34489
1520
525
582
395
99
623
525
532
24
331
1189
525
156
579
5910
262
331
251
12909
2182
846
23
14
3268
625
5
1414
1222
215
44
4658
846
14
2795
9
1348
628
330
709
8815
61
215
12908
104
846
262
577
951
12474
3494
3495
12919
723
3555
577
331
2015
707
4501
2465
8838
23818
27
34503
850
582
876
57
32301
185
24
3207
5
377
262
577
1307
638
723
1018
237
6517
778
577
331
628
603
1667
496
32301
912
47
13
5
34502
525
2391
34
223
27
628
2342
2168
19772
57
4264
2381
13
525
61
5
628
2342
1347
2168
14
2412
19538
1030
24
32
926
517
23
24
2097
34504
522
27
331
628
2245
64
3400
707
582
395
99
623
846
532
24
1189
846
156
27
628
2357
14
7420
9
2628
730
5
628
1028
515
13
799
1853
23
707
223
27
331
1312
1189
262
9409
32301
18573
6405
34
14
858
123
14
7247
57
10842
37
724
104
24
25059
2095
23
1605
1606
32301
18573
104
24
119
34505
900
23
941
69
174
71
5
69
700
71
104
24
32649
255
4178
19805
555
23
7822
61
5789
5790
246
34489
34490
61
2265
61
2
1787
61
149
33644
449
525
6279
1009
5
1751
26641
246
4338
2189
1290
1142
308
9271
525
13
6822
3022
32301
18573
246
6739
5
4494
91
16923
2452
34498
9113
246
32576
1347
525
4501
8838
23818
13
3204
542
757


