258
463
464
3968
261
262
29770
264
61
2213
266
1268
268
269
262
40032
264
61
2213
266
1268
19759
9
20303
331
2222
23990
331
40033
40034
105
14
4089
9
7157
6841
515
149
166
607
24
1106
9816
1348
926
7983
1745
1747
11950
5601
40035
40036
23
14
1805
9
5
9
1876
27
40034
61
14
7501
9
2033
20113
61
149
1914
14
1073
9657
40037
1817
4478
1604
23
9577
11950
5657
265
1348
926
4430
15273
9
2033
40036
12247
868
2
24
40038
2233
61
575
40036
1001
61
5
2072
1914
61
1489
13
642
27
40036
61
14
571
57
166
61
1077
104
24
348
27
251
1844
129
7918
334
4044
20858
1724
1145
608
23802
857
40034
82
5
958
525
64
361
1687
2236
40039
521
159
34
522
20891
262
40033
40034
61
324
174
185
525
1002
499
5
700
61
23
525
9007
858
61
87
6903
57
1775
24
348
57
14
2390
1805
9
5
9
1876
6824
23
24
897
57
14
758
9
1969
9577
5601
4139
730
262
40034
330
185
525
1002
844
515
926
87
14
331
2222
23990
331
129
37
331
40040
331
24
725
806
331
525
499
99
647
100
32918
4024
262
40035
40036
149
24
7164
5601
104
119
40041
6603
37
40042
806
215
149
1745
1920
3354
296
23
24
1805
9
5
9
1876
1687
628
2357
1644
144
256
14
1536
515
144
1805
14
111
185
4478
40043
24
111
330
185
20858
12555
61
502
288
407
902
27
1687
397
420
64
628
639
61
104
237
227
61
926
1393
278
1745
1691
40034
825
1094
107
2940
76
27949
9616
27
4303
24
838
57
24
950
2401
288
1969
61
40034
149
503
2940
76
1775
24
348
57
14
2390
1757
27
40034
18898
2151
64
14
331
9577
11950
14466
14277
40044
331
24
15927
331
185
525
1002
844
27
579
149
301
1914
82
58
525
3289
104
21749
11950
61
14
3268
5
15214
61
185
24
2356
57
24
1719
27
999
57
40036
37
760
99
7593
14
11350
75
40034
64
758
64
21749
11950
5
1579
3089
7358
515
24
2439
3748
525
13
2795
23798
655
104
223
27
40036
37
17792
99
663
7593
14
11350
75
40034
5
21749
11950
27
40045
571
262
40036
87
324
76
54
715
5
316
635
272
12731
262
36736
324
207
296
10663
24
5601
37
1816
2
24
348
57
24
1805
9
5
9
1876
40046
778
40034
61
324
104
525
5665
7317
484
525
7707
207
296
808
40036
149
24
7164
5601
104
24
898
40041
6603
362
24
4319
5
149
185
54
880
13
223
104
24
227
515
215
149
4430
27
1882
13
642
341
61
40036
149
1717
1793
2769
89
24
4319
912
31952
1348
40034
7983
1805
158
76
525
1536
27
1797
262
1134
6570
27804
61
129
2937
13
107
1324
61
149
26961
23
8993
159
24
635
893
5
4850
24
4927
2102
119
1844
129
857
40034
33
13
525
82
330
515
3858
8780
525
5665
61
24
635
893
2168
133
57
525
1576
61
2104
24
1183
13
14
40047
61
5
285
89
525
5665
27
1307
355
2084
104
525
5665
61
358
330
23
122
2401
515
40034
105
40048
6270
5
21768
57
7157
27
579
149
324
91
10842
9577
361
11
2
525
5665
89
2946
61
40049
40050
40051
525
855
27
40034
87
324
23
617
23
525
9007
858
61
18764
525
680
89
8173
546
525
855
27
1882
13
2960
61
40034
87
2
7059
16936
17727
5
99
100
14
393
104
1561
4450
1956
27
119
1956
750
2952
926
87
370
45
15545
104
24
2573
27
2281
40034
912
1002
5
592
4142
278
100
32918
27
1421
481
61
24
5781
1785
57
24
40041
6603
61
1725
14
376
586
515
808
40036
149
1687
14
7712
416
57
612
77
5
825
107
8618
40052
40053
262
119
5601
3366
104
24
175
9
1029
40041
6603
4319
900
23
9577
11950
8006
1533
6465
104
262
40054
27
246
40033
40034
61
1011
61
6934
2267
82
2
223
104
175
9
1029
3268
246
40055
4430
7164
5601
40035
40036
1920
3354
296
5
409
7682
348
246
6570
27804
129
1846
4927
2102
857
40034
13
525
5665
655
2394
20858
246
40034
6555
34
10467
24
348
40
147
717
2947
5430
7988


