65
4988
38
494
4632
1945
6763
30
93
19
179
1028
47
263
5
1193
2485
158
609
21
13
41
0
244
6
0
284
2
13202
35
48147
9301
1362
19
46
3
355
0
13152
5082
3
64
9
70
9
83
15229
12832
90
21
239
81
484
20
0
512
6
5464
2
15
16486
34
4632
27
145
19008
12832
1
1127
9
227
6
14135
26284
4
1227
6
952
4930
438
163
2262
11278
1
11
418
82
173
120
0
878
2
8901
16
8935
4278
19008
12832
4
4988
9963
9301
2047
0
5149
48148
48149
1288
155
331
48150
24188
7
2782
727
7
600
468
7
155
331
283
57
192
574
55
0
244
10
216
130
45
9301
941
0
442
23
112
21
43
19
220
2
101
9301
47
46
1997
20
3312
30384
47
372
1
21
10390
3
27
23
19
35
48151
4
131
14
21
48152
80
7935
21
34
289
27
2
89
0
985
6
15229
47
1193
2485
4
0
279
21
498
27
145
29
41
40
116
270
39
5
2804
28
19
2395
2
378
0
71
6
19
193
9301
10
907
201
48153
53
72
23490
51
371
59
0
48154
5996
130
7
0
172
2
48155
16
13202
9301
17
1945
6763
20
13697
18
48156
7
2310
7
522
3127
15
1193
2485
76
389
69
0
1628
4
76
32
157
3
503
11
1864
62
3
79
143
15229
8569
2477
11
0
936
6
27
142
2
57
34
40
364
14
480
41
91
27
244
48157
34
40
35
1444
55
0
754
6
244
150
0
638
15229
10
2719
69
19
48158
139
531
3
3868
21
10
0
1970
45
25
192
574
55
0
541
244
10
1901
16873
1
5
321
8218
24977
4
566
6
16873
1140
2654
509
16873
2
16873
34
4632
12832
11
64
82
45
56
44
1047
49
36
78
59
14
36
10
1326
4
14
9301
10
0
244
2
2475
4
263
16
19008
12832
10
214
20
2051
17
27
305
290
15229
7
155
331
7
522
468
12832
4009
27
263
3
448
59
35
48159
4
498
0
6275
0
1269
540
48160
14
1181
3
32
5
9870
3
19
412
540
2
96
61
3717
2658
27
361
11
9301
31
324
16
35
24
322
1726
3
29
552
38
48161
498
121
361
4
33188
337
453
4
13
61
0
447
14
24
361
2
788
2928
66
1
48162
16873
967
366
5
48163
1146
2362
25
10
19
442
4
6966
11
412
1330
2
52
61
4178
19
540
10
210
12
0
878
6983
1
23
25
34
40
93
103
2
18421
16
19008
12832
1
93
1
13
214
17
27
1127
9
315
1
2305
14135
26284
1
7
336
2466
1
665
1
7
359
1570
2
9963
9301
13
214
122
17
2232
10192
16749
7
155
331
7
405
2767
15
155
331
507
689
364
14
0
3082
30
98
40
5940
48164
5905
1
6
155
331
537
839
26285
48165
22
14
2246
11
126
38
33
41
212
220
30
40
617
90
7
0
321
89
36
22
16
35
57
206
32
79
37
1864
1193
1
45
25
4388
109
21
10
5642
3
48
211
2
35
221
47
67
3
25
13393
378
0
71
6
1945
6763
47
193
7
4469
1
9301
10
6401
54
6
0
266
36
10
2263
23
27
200
315
2
899
1189
16
9963
9301
2050
7
376
6
5
656
3934
7
555
4469
7
1389
1522
1
665
997
91
67
85
316
82
27
1113
21
34
5
2341
36
26286
9
5536
1
4627
4
785
2
52
10
0
782
1074
6
1550
4
4271
5097
839
48166
50
592
39
1632
18454
4
21454
48167
1
5711
5337
2869
4
3608
393
2978
2084
2
52
1082
1
786
4
574
140
2957
6
1771
173
20987
21897
4
570
33189
2
52
10
61
5
4917
14286
7
0
256
6
31032
48168
1
62
3322
21898
20
568
6815
17
2738
2
1100
21
202
669
9301
61
4632
1546
1214
4
10
214
17
5
2216
6
1338
223
2
3446
16
48169
24977
1901
16873
13
214
7
3312
1
155
331
1
17
263
15229
7
436
468
318
193
10
434
3
7628
12510
28
843
651
2
52
93
64
126
1
48170
4
48171
1
234
10984
38
43
234
3861
28
407
1019
4
960
17
59
7
155
331
2
12832
1
2934
1
492
1090
28
4973
4
395
5
245
6
237
9
1406
9793
2228
7
0
6016
2
96
669
26284
7
1686
1
45
44
5481
105
82
192
2
26
22736
9301
1362
19
46
3
355
0
5082
3
15229
12832
1
314
26
52
34
4632
27
145
19008
45
239
81
484
20
0
512
6
5464
26
4000
574
55
244
10
216
130
45
9301
941
0
442


