221
43
105
1248
2689
20
4355
12
426
166
9
54
289
23
5
1235
1
4
0
108
64
7343
184
2
502
224
28
374
3
1663
5
5618
1203
127
435
7
0
4927
238
370
2335
9
368
87
2334
1
687
37
650
1981
20
3406
2158
3
2488
0
2584
2
2307
1
3314
18
2567
31706
44424
77
0
105
1248
21452
992
28
0
525
2
10958
8308
532
3
3317
0
873
363
19
44425
329
45
10
41
17251
11
25
629
6342
10
3463
3
355
8308
0
2776
6
0
1685
23
21
76
41
124
19
844
184
15
25472
8718
11
44426
23
10958
8308
12140
55
6
19
1235
329
45
4282
629
6342
1
2505
44427
7343
6064
184
2
249
5
3341
1881
19
329
66
1860
59
23
37
44428
561
4
23
19
730
10
12
19
1942
311
21
76
141
124
19
2083
184
4
0
873
312
59
2
31707
31708
53
93
51
1
7372
4
4657
1423
11635
39
2004
2513
532
3
3317
0
873
7
19
329
2513
9
2197
12
0
640
9
1527
3
4503
0
873
99
1
45
6342
213
25
122
311
23
25
10
74
6695
44429
311
28
6342
23
21
3745
2004
2513
0
222
152
2
2513
10
12
0
898
549
19
220
1235
329
56
0
873
312
19
2083
2
861
19
730
12
19
2083
21
76
141
356
25
4
6342
10
122
41
3
355
5
1235
23
25
392
32
5
6695
2011
2
2247
2151
445
188
3
4739
12
21452
15009
23
13779
408
5
705
358
0
222
152
56
435
342
20
857
2387
3032
2
6342
10
61
3520
1284
17
5
536
1106
3
547
3
0
1235
2074
56
18722
7372
16509
6124
4654
2
57
10
5
16711
1
632
1377
4
5
536
6989
2
6342
10
3520
1284
11
0
1235
358
4
213
25
3463
311
31
1075
5
1167
2061
26
221
43
105
1248
2689
11
629
6342
3
465
17
26
18722
7372
16509
6124
4654
4
25
10
7034
289
23
5
1235
26
2004
2513
532
3
3317
7
0
329
45
25
10
41
6695
26
6342
10
61
3463
3
355
10958
8308
0
2776
6
0
1685


