258
463
464
3968
261
262
42203
264
61
4884
534
1268
268
269
262
42204
264
61
2779
534
1268
2906
448
11264
185
361
1245
278
1717
133
24
594
1474
3059
5251
237
506
23
33229
57
405
821
32355
42205
27
305
306
166
42206
288
901
33312
237
506
61
34
5127
27
143
515
912
144
24
634
27
618
24
7079
83
650
1155
133
9
57
9
174
1698
12846
64
42207
5
42208
27
521
159
34
1751
2580
820
31307
111
133
262
569
745
34
24
594
965
3059
5251
57
1268
61
24
1490
42209
5980
3858
405
57
24
31023
119
3054
1490
42209
1399
609
122
2580
57
24
594
1474
3059
5251
57
24
506
58
22537
170
14
5720
448
27
569
24
6325
42210
6511
57
4140
574
1145
2718
405
1622
838
3401
4004
61
1683
61
3136
61
2563
61
5
42211
908
94
542
3401
183
663
554
405
42212
27
119
8342
1142
515
104
306
166
448
133
57
24
170
14
5720
105
901
122
582
3059
1022
1030
33312
61
42213
61
42214
61
5
20981
27
143
372
369
144
14
2347
57
24
22455
634
5251
27
1003
688
24
1536
262
305
306
166
448
901
122
760
58
24
36341
10321
1565
23
1268
119
11256
730
5251
2581
42215
61
42216
61
42217
61
5
42218
27
569
405
3083
15157
61
819
94
24
9337
5251
278
14
1629
11915
13
542
27
30825
61
34
1313
61
42219
3224
57
24
7514
1267
57
4380
23
21593
27
4865
183
2831
107
2936
61
183
912
185
24
730
2580
27
2444
87
1013
144
14
4546
5
39206
19838
40
663
14
29667
9905
912
3584
27
187
912
185
24
627
2580
27
364
34
32
262
1312
7079
61
30825
149
901
64
32
57
24
42220
3059
5251
57
24
506
27
143
42221
149
32
57
24
627
5251
162
6659
13
33312
61
622
1449
2674
5251
2581
12539
61
42208
5
42222
27
29141
288
663
14
965
16160
27
7718
185
24
11256
3584
2580
288
42221
61
42223
61
5
42224
69
704
634
71
27
4540
24
908
5251
23
42209
912
8342
61
24
2611
5251
369
144
14
12336
104
24
42220
5251
57
1268
27
119
2805
2580
1492
1013
107
407
641
11055
1295
61
24
908
5251
825
5562
107
24
5251
610
850
28401
47
4275
1030
42225
61
19071
61
18118
61
42211
61
5
19225
27
119
2580
57
31023
5251
61
185
24
622
620
61
87
5562
13
444
365
849
5
22455
27
42226
820
42227
2444
42228
5371
42229
42230
21982
24866
42231
33312
42222
42221
42232
12539
42233
17190
42214
39124
23550
12110
17240
42234
42235
42236
42223
42237
25378
42238
42239
42240
42241
42224
42242
20981
42243
24968
42213
42244
42245
42246
42247
42248
820
42249
42215
42250
42216
4401
36357
42251
42252
42253
42254
42255
42218
42256
42257
37685
42258
2007
42259
42260
42261
42262
42263
42264
42265
42208
42207
42266
42267
42268
42217
42269
42270
42271
42272
42273
42274
30825
42275
42276
42277
42278
246
305
306
166
3059
634
288
5251
33312
23
1268
61
1817
76
42224
61
12539
61
20981
5
42238
246
162
24
730
7104
799
1155
42279
64
42250
61
42208
5
42207


