258
463
464
3968
5
4577
2905
261
262
40871
264
61
741
1372
1268
268
269
262
40872
264
61
741
1372
1268
1178
11666
2959
99
7342
76
334
6319
320
515
3119
13
765
14
8278
9
2033
40873
730
13
5183
21617
58
525
448
2114
13
1728
24
14490
27
119
2959
6671
515
24
448
331
13702
718
45
40874
24
1779
37
3079
13
2648
24
730
61
8314
40875
61
5
334
5700
149
12427
6939
61
3373
40876
18
525
61
64
758
64
24
7410
13
221
310
11835
34
525
27
11594
104
40877
7670
37
7628
1014
8314
37
40878
87
40879
40
1520
926
825
1067
2241
21617
27
119
320
285
13
2959
58
24
485
2114
13
1728
21617
5
3163
8314
76
2685
23951
61
1155
64
18088
5
32761
27
1134
87
24
169
227
24
2959
99
7342
76
24
320
27
17665
262
251
2959
99
6671
515
40877
40880
7628
61
324
61
23
6319
718
28214
21617
13
14
8278
9
2033
40873
3976
17438
58
525
448
2182
24
322
119
11666
2959
10625
61
1725
35
632
61
35070
14
6558
37
829
515
330
515
7004
24
448
2
2540
310
11835
34
122
1093
516
1550
868
122
700
27
331
569
610
1643
24
15195
57
24
448
5
1014
542
13
107
3339
5
9839
61
610
369
31507
13
28824
13
24
15195
57
24
448
61
331
24
11666
2959
7606
598
27
119
13702
5
3241
57
24
448
847
244
24297
24
3079
57
24
1779
13
2648
24
318
61
24
2959
330
27
187
663
1599
515
24
18689
2831
107
7360
700
868
27
4475
40875
61
24
730
37
571
61
330
24
485
3806
13
2430
316
494
57
14490
34
8314
35
5932
40
2182
23
3094
652
183
149
2540
525
997
4703
27
8314
7738
525
448
13
1728
24
21617
5
358
3806
58
14
2508
2528
57
16935
61
40875
330
27
119
485
61
273
57
334
40881
40873
356
61
28042
3096
38714
57
9800
562
5
87
10655
4797
27
691
761
185
14
12597
5
17484
14
1493
1650
438
24
1696
57
1799
23
33340
2916
61
449
4983
2313
7022
57
11160
27
842
320
948
278
330
515
358
369
28417
5
4774
36374
13
221
4149
24
730
18789
6124
4014
27
691
330
24
730
37
3582
61
40882
40883
61
87
334
9440
163
57
2639
9
40884
40883
61
40
646
87
14
175
823
5830
76
322
27
40885
262
8314
40875
69
45
324
71
5
525
485
369
40873
61
5
122
13702
765
542
13
5655
9677
5
405
13534
57
9800
5096
27
691
663
638
45
1028
13
850
8314
1470
119
11666
2959
2936
515
14
5188
34277
2959
13940
1142
515
8314
87
45
23
22696
5
825
1067
2241
21617
27
119
10625
330
515
655
317
718
6737
310
322
3426
57
24
1310
61
272
1018
45
278
372
1271
3079
652
57
122
1127
5
22874
13
221
1147
11835
23
14
12173
6703
27
569
1779
4773
748
448
14
2508
2528
57
3487
1348
183
726
13
12923
310
322
34
122
272
61
515
37
45
600
602
1348
24
829
44
107
14
710
57
562
1185
897
27
36927
594
1502
825
2554
24
1804
1348
4047
1019
24
318
37
562
87
23
7749
5
646
37
14
692
3317
515
24
14490
361
1196
825
223
61
1489
13
1793
310
40886
27
246
8314
40875
37
448
13914
525
21617
23
3094
1348
926
497
401
4703
5
7738
34
542
13
1728
246
7628
285
13
2959
61
586
926
516
1067
2241
24
322
246
943
6671
448
331
13702
847
244
24297
24
1779
37
3079
13
2648
525
246
10824
99
1094
100
12427
3373
40876
18
24
730


