7501
9
2033
5285
4602
185
2244
57
9090
9
3170
4122
20725
1280
57
2151
185
1481
104
941
20697
76
14
4623
57
2609
258
7329
941
261
262
55425
264
61
1656
4824
558
268
269
262
10866
264
61
1656
4824
558
569
1523
25313
23818
76
24
2605
57
14988
55426
23
24
7477
61
5285
28373
28374
99
1399
24
52324
3442
13
6035
91
4603
76
14
55427
185
525
855
27
119
7501
9
2033
5285
9
57
9
24
9
987
87
24
2244
730
57
237
751
37
9090
9
3170
4122
61
502
149
2876
23
941
20697
27
466
18700
91
54574
7479
76
21962
2696
4301
5267
9
9570
5
11536
4301
33163
34244
28373
2057
926
105
709
2349
91
55428
24
2109
9
1647
11492
64
758
64
14
29442
5
14
55429
36807
185
24
6517
27
55430
28373
28374
718
107
719
4603
76
14
55427
185
525
5267
23
237
751
37
9090
9
3170
4122
119
5285
3522
23
24
13779
57
7901
5
582
1142
549
55431
11712
129
970
4602
34
24
4122
2244
27
5115
2244
57
9090
9
3170
55432
600
4128
14
55433
1185
32
5267
1294
4157
61
5
237
87
24
45452
10689
13
1987
27
28373
4151
237
858
57
2151
185
1481
104
941
20697
76
14
55434
36807
119
5285
4151
1508
1280
57
525
185
24
6517
722
14
4096
2482
76
334
29524
69
12893
71
5
1083
14
2763
69
8670
71
1307
12551
55435
10508
24
2244
215
1129
334
5267
14785
13
12941
14
55433
655
7273
8261
4157
525
5267
76
14
2109
19907
34652
27689
27
119
5285
61
129
970
2287
23
24
6248
5618
37
5619
3193
61
65
525
28922
1002
4221
14
19306
5043
57
24
6517
91
4232
520
57
525
3431
47
1015
5
2211
76
24
2609
27
28373
87
144
32
57
533
3376
2876
34
24
46986
13100
9090
9
3170
1190
27
5298
2244
3376
2581
4861
3081
61
6412
55436
61
11772
55437
5
55438
55439
27
331
628
708
237
48256
55440
331
28373
4151
13
525
28922
4221
246
7501
9
2033
5285
4602
185
2244
57
9090
9
3170
4122
246
20725
1280
57
2151
185
1481
104
941
20697
76
14
4623
57
2609


