258
1041
7336
34
119
464
185
2414
10561
10562
5224
3361
912
1488
2
10565
61
123
502
358
1004
2425
2426
104
2436
2437
61
87
14945
515
1407
87
1243
23
24
4441
201
3401
5
215
4997
107
8850
54
110
57
183
185
2414
1680
27
119
5797
7198
825
156
107
22834
1348
358
1550
185
3348
2992
3349
912
2426
104
24
1050
57
10572
27
842
10562
503
99
13
2391
13
24
33
1029
57
35
36
3401
1348
54
83
2048
1413
57
122
230
360
192
13
1004
24
5189
3401
34
1607
2276
1090
44
107
185
24
2062
27
13032
262
10561
10562
1520
3361
37
81
104
2425
2426
35
36
623
3382
1407
87
1243
8682
262
10562
1520
215
825
107
8850
54
110
57
515
2865
81
104
24
1050
57
10572
185
2414
6525
262
119
5797
7198
825
156
107
22834
1348
358
1550
185
3348
2992
3349
912
2426
185
2414
3361
7639
10565
4441
201
10565
35
506
58
2548
1413
57
122
35
360
192
61
40
496
2542
288
358
778
51883
262
5535
16
9
15
3361
69
3192
1526
71
51883
262
3361
916
9
2459
3150
932
69
3192
2154
71
51883
262
4242
2426
2459
9
16
3361
69
1072
2778
71
51883
262
3361
15
9
2459
1202
10210
69
1072
741
71
51884
262
3361
16
9
2778
5937
932
69
1072
2978
71
1687
628
648
183
69
8424
10565
71
149
10995
1138
27
6152
2938
129
5120
846
5
358
648
183
149
1469
1299
1300
45
51885
215
330
27
1687
842
646
87
709
1155
1017
23
2526
27
187
912
503
6197
1299
1300
27
1447
87
600
24
5815
57
14
5921
1185
1465
4293
652
57
24
880
610
2502
23
327
61
5
515
4063
183
2236
796
27
187
912
24
11603
575
421
718
1004
2938
2359
27
1687
1307
3356
3349
149
104
5493
61
183
149
821
61
821
1098
34
14
2611
77
13
738
13
24
9301
9302
5
1004
5493
27
187
640
625
705
890
494
27
1687
842
610
4174
449
372
4293
192
705
36
23
327
61
575
646
87
14
1025
3340
27
1687
1031
4063
237
191
818
796
5
8363
13
421
1145
24
19101
3356
3349
87
101
102
13
2468
185
1543
7531
912
531
61
5
10562
4169
54
3000
346
718
27
1687
691
278
13
2837
5138
61
709
51886
215
330
27
1687
628
718
45
850
4242
2426
2050
2276
506
2241
361
23
24
200
201
27
1031
516
107
2236
1021
34
542
27
842
358
2296
13
56
17639
47
131
821
387
5
515
87
1021
34
19237
143
10562
87
2456
34
14
420
1533
15003
531
23
24
5748
326
237
36
27
1687
628
639
496
610
638
35
506
149
1225
27
187
149
51887
215
330
27
1687
1585
628
1028
14
36
515
87
14
2549
16661
61
45
4529
1030
35
14062
14854
262
10562
1520
215
5120
331
496
610
638
35
506
149
1225
331
40
215
3119
14
331
16661
331
36
237
246
3361
1004
2425
2426
16
9
2459
104
2436
2437
35
506
23
1029
9
57
9
36
1876
13
5429
4441
201
10565
246
1687
628
648
69
8424
10565
71
149
10995
1138
61
331
1520
10561
10562
246
3361
1785
262
331
1447
87
600
24
5815
57
14
5921
1185
1465
4293
652
57
24
880
610
2502
23
327
331
246
3361
1423
2426
13
24
1050
57
10572
185
2414


