8449
37470
99
750
54
37471
10599
10308
110
13
2051
185
641
5657
484
215
718
442
542
133
76
582
7521
27
10308
278
27338
24665
34
14
346
57
110
64
358
2391
13
3010
122
34097
9
10526
2438
27
5937
3018
37472
21406
87
14
1389
26248
6557
655
37470
37
1713
34
14
174
9
33
99
719
158
2382
37473
37
37474
37475
27
37472
21406
69
700
71
87
14
1389
26248
6557
34
8449
37470
64
215
1577
13
3010
54
239
21406
1899
5937
185
14
2801
6862
23
24
2157
61
40
44
107
185
54
880
13
527
941
37470
61
24
10308
1785
61
3577
215
5150
21856
76
14
4093
57
37476
3376
13919
947
27
396
825
663
1248
50
10022
17076
5
3022
15033
11805
16092
61
129
369
2267
445
185
5396
7508
23
24
582
506
27
37470
330
262
331
408
696
53
2971
34
14
346
57
10580
5
610
278
100
537
104
316
1185
166
10580
2
82
5
3609
27
691
278
13
226
1284
610
278
27
331
842
610
369
4539
3458
64
37477
37478
99
100
133
2352
27
11305
62
37474
37475
87
24
4868
57
14
1389
32448
2979
4233
91
10599
10308
37470
825
1248
15033
11805
16092
69
700
71
13
5396
7508
23
5657
331
408
278
19793
515
5704
9886
47
908
27
1031
825
748
703
2276
36246
27
331
408
369
663
23
34
166
1185
1413
174
15787
64
628
516
1030
14
2685
174
9
37479
64
387
64
1243
27
331
119
110
2296
14
6933
5
759
133
27
691
278
10466
1005
27
628
696
750
542
13
8220
23
646
5
610
278
14
692
3317
57
14418
14418
24
2438
23
24
169
170
57
24
36
27
331
408
728
2456
13
444
32
57
372
18
24
1804
23
24
55
540
57
3133
23
24
6862
3036
27
331
8449
37470
87
2456
13
1358
405
8064
13
54
239
23
24
5657
6862
3036
10308
4093
1955
185
11801
7314
2456
34
14
81
13
11391
122
823
7180
27
119
527
5617
61
129
663
855
1382
4441
201
37480
3380
5
1530
10293
18
24
5539
1272
61
6247
5146
104
237
1679
57
35
36
5
37470
87
2456
34
14
4541
27
396
359
262
331
2226
36
183
149
752
227
34
24
2439
27
119
25107
639
358
2296
13
107
104
122
512
18
237
435
1272
27
331
246
8449
37470
87
537
13
1358
14
3018
13
54
2438
23
5657
246
10599
10308
225
99
53
37472
21406
14
6557
246
37470
825
1248
10022
17076
5
3022
15033
11805
16092
13
5396
7508
23
5657


