30638
12966
4101
30
2453
509
2116
18
179
12687
1
38
327
36
3624
0
393
31507
17
59
23
37
398
9
70
9
83
567
1
3
6261
20
19
762
2100
3082
1
301
3
607
2
7874
11
0
962
1
761
117
10
840
3
356
3
1249
31
2116
56
21
10
5
3964
20
512
178
1
33
7349
9830
16678
3
1032
23
5
2209
1
301
3
6012
2
4101
1
384
1
327
21
10
3080
31
2116
11
452
82
4
14
0
916
6
7444
78
59
21
981
165
3
1034
11
0
936
6
19
142
112
21
78
767
63
25
2
17687
16
12966
4101
1
137
397
17
19
117
1
30
881
5
2100
3082
127
2116
18
1617
1262
21
10
3080
4
481
28
0
4157
1538
18
298
171
29
3543
59
3437
218
4101
18
2395
33
7349
2116
18
179
12491
9830
16678
1
93
1
3
99
59
1
301
3
607
2
4101
1243
27
327
2116
20942
17
59
7
0
393
18
1557
644
1
122
1
52
30
98
881
5
2100
3082
127
0
4157
393
18
1617
2
57
13
5
586
6
9085
11
4101
38
175
3
0
938
23
0
87
2668
2209
20
5
644
7
1557
1
113
2116
10
603
6
10659
5529
9
83
651
6664
3813
31508
2
57
10
0
222
186
276
113
16678
1002
55
63
1265
5
247
4101
7
0
4313
17
0
1538
2
8
24
1477
7
4
44
43
7
0
4313
1
8
258
16678
78
0
186
1
301
3
5
365
28
0
71
2
8
249
24
408
25
24
408
1482
12
0
898
31
0
4313
558
4721
1
8
36
22
1
1453
14
36
11539
2116
18
4
4101
18
43981
2
852
3
6012
7
0
12491
18
412
1458
3637
36
22
36
76
74
177
110
10
2621
7
0
4313
45
76
1487
2116
3585
2
258
16678
18
220
198
1002
20
0
186
276
7
50
2116
10
2853
6
80
591
1577
2
4101
13
1329
3
4794
14
509
2116
18
1771
3657
31509
24421
4
31509
29514
3657
34
5
2102
3
1231
59
2
360
1
19
327
29
40
11039
31
217
373
3
0
98
7512
4157
393
2
7085
16493
1
3123
1
0
1127
9
227
4
145
6
64
6
2116
18
126
1
9042
4101
12
470
2
96
180
0
17521
8
25374
8
4
22
21
10
2215
6380
2
96
78
6012
12
470
16
8
57
46
32
923
4913
1
4
46
84
739
1
739
3
43982
509
18
3217
6179
2
8
2116
18
1617
30
180
0
327
8
6550
4
11587
8
119
8815
2116
30
22
14
4101
13
8
412
6
7331
915
915
915
8
2
89
4101
30
40
371
19
276
253
2
52
532
12
0
1287
1991
48
149
11
5
5869
772
12
459
21
13
627
653
98
4
3
24435
19
327
2
52
131
28
0
512
6
452
3
140
591
1
2116
8
2546
707
3788
12
121
4
680
121
3
1957
707
3788
12
59
8
2
4101
78
1287
2116
4005
59
14
8
234
6
282
58
165
3
1034
11
0
936
6
136
630
8
112
21
78
767
63
110
44
34
617
386
2
1354
0
31508
276
21
43983
1243
14
21
34
388
40
13643
62
43984
3834
31
0
1538
2
4580
82
6
932
762
16
4101
1
137
122
17
2116
23
5
4497
1
22
28
0
512
6
452
3
140
591
2116
8
2546
707
3788
12
121
4
680
121
3
1957
707
3788
12
59
8
9138
19
4148
16
4101
1
122
1
78
2236
31510
1
93
1
14
21
756
3
677
19
4148
63
0
932
12621
39
248
19
220
198
64
82
320
4101
1
98
5
235
1178
17521
38
30
614
17
11869
11870
4
3125
14452
1
22
21
34
74
602
226
3
1281
17
110
34
510
3
59
2
8
24
22
110
24
2157
4
24
22
110
24
10
344
3
161
1
8
21
1159
2
8
1754
452
82
83
1
28
132
54
6
0
762
1
509
78
121
14
60
1174
277
108
4
48
10
361
1
48
10
37
5681
6
136
361
2
191
123
21
58
1405
25
49
17
8
45
112
66
388
812
767
110
60
33
500
234
6
136
630
4
8866
58
32
77
8
2
8
8
139
13
41
5
276
6
31511
1915
2
24
29
202
4913
54
638
6
110
509
107
3
121
1
45
24
10
17998
4
9531
1274
1129
4
15034
3
1190
14
25
10
707
762
2
8
52
22
248
19
220
284
64
82
320
116
59
225
49
3
0
2883
1
23
21
22
21
76
74
185
1734
63
129
21
981
474
112
5
5032
13643
19
305
567
2
8
24
351
5
244
4
24
492
5
244
64
4
5
272
82
320
3
48
1338
442
567
4
120
0
87
542
187
6
19
142
24
2837
69
64
3184
31512
1
4160
3184
31512
1
8
21
22
2
8
378
14
547
1
24
34
100
961
110
10
159
12
2
191
11
0
87
71
7
95
142
1
24
467
3
7801
14
95
1274
22511
4
22569
3603
63
110
509
107
3
121
445
32
5
863
4
2842
24
252
3
1450
3
3419
63
25
2
8
52
30
348
5
21385
186
3
1207
59
3
1630
5
632
43985
18
758
127
2116
18
1617
1
158
609
0
7230
30
1317
11
24607
3
1630
199
327
2
15
1617
18
1564
1
3325
31513
1
30
3268
4101
18
327
2
101
5
565
31513
22
16
8
139
13
5
247
130
38
30
3827
20
568
1165
182
18675
77
0
424
316
82
4
22
7
2701
3785
14
509
2116
202
107
711
3421
3
59
62
17
59
2
8
836
1
743
146
82
39
509
30
1317
1
48
2598
4
499
9
85
9
10597
758
30
40
116
2
8
2
4101
22
0
3937
6
4345
199
5
270
276
10
253
400
11
25
3
32
63
279
2
8
15
961
14
24
58
143
80
6
48
49
4
210
1308
1
95
227
1
95
198
1
95
1600
117
162
48
1631
8457
4
4253
702
80
11
279
13
31514
1
8
21
22
2
8
24
382
960
7
4148
4
13759
11
903
82
4
24
516
74
1125
216
638
7
14
558
24
351
202
159
3
165
184
17
48
11
0
11286
6
279
2
24
351
202
159
3
32
16679
11
279
2
387
18
41
159
3
1342
2
8
4101
18
3082
496
23
0
232
1709
644
6
509
2116
18
1746
10691
1
31515
1
1575
2
15
644
13
696
31
0
1538
18
145
4
126
38
758
31515
4390
2840
7
19
193
11
18397
3
5969
4
19407
2116
18
1195
1
570
10395
1139
2
9459
16
2116
18
276
10
2655
31
4101
20
0
393
18
1557
644
1
137
3790
186
1
77
12621
327
14186
16
4101
1
137
23
5
247
567
1
10
2745
31
2116
38
34
59
1032
7
2701
1938
27651
12966
4101
1
38
10
123
903
1
3827
7
0
1885
3245
8535
14
21
10
178
56
21
649
2116
11
0
87
71
7
19
5212
1
3027
1
440
2
924
82
192
1
21
10
5
2887
20
2116
18
25375
6575
11
0
87
6
125
43986
3213
3795
2
52
78
4637
21
1305
5
1266
17
2116
12
2701
2646
28
0
4028
6
452
3
591
1
20
25375
1
23
168
23
8314
7
1389
1522
4
20
3277
7
4186
4083
4
5280
2
249
348
31
2116
18
667
1564
1
1067
11722
43987
6075
1
458
21
981
388
40
13643
31
0
1538
4101
2605
16
8
13976
41
1
8
90
61
13589
5267
14
2116
34
388
3834
59
7
5
2743
5178
152
2
249
1113
2496
2660
1635
1
3780
15439
31516
1
2164
4101
18
1063
1
21
2605
16
8
24
351
1191
66
1
739
388
510
2
8
31516
123
22
1
301
3
5
155
331
1143
1954
20
0
71
16
8
308
352
324
739
388
510
56
66
43
8298
1
8
3
50
4101
2404
16
8
24
181
385
109
14
58
2115
121
49
2
8
360
1
5
179
12491
20
25375
38
3827
20
0
644
23
5
2209
11
0
3542
1
22
36
34
214
2116
21239
4101
7
0
4313
20
0
6575
2
89
4101
1243
388
248
5
4313
17
0
393
2
9957
89
98
4101
13
1262
509
2116
107
7
725
31517
59
1
77
5
894
6
452
82
2
101
37
772
17
1287
1
4101
1
98
384
1
5885
2116
8
5
43988
4
5
284
707
29099
8
38
28
0
4028
6
452
3
140
591
8
2546
707
3788
12
121
4
680
121
3
1957
707
3788
12
59
2
8
52
22
14
2116
78
59
0
932
762
10
8
37
5681
6
136
361
2
8
4101
176
1
4697
459
21
498
110
21
327
98
10
5
2351
3637
16
8
139
13
41
5
276
6
31511
1915
2
24
29
202
4913
54
638
6
110
509
107
3
121
1
45
24
10
17998
4
9531
1274
1129
4
15034
3
1190
14
25
10
707
762
2
8
89
21
22
21
10
202
1031
279
3
4060
0
762
120
0
644
2
8
221
10
100
279
1
92
10
100
240
66
392
4051
2
240
509
1
56
21
58
1071
3
121
90
261
457
43
159
12
1
4
21
58
448
121
4139
558
25
10
1046
20797
4
21386
2
57
10
74
156
1378
6
0
2883
12
0
391
1
21
58
754
326
17
121
4
1001
121
11
261
11513
2
8
26
12966
4101
1
384
1
13
6934
5
2100
3082
127
0
420
393
18
1617
1262
21
556
82
6
762
26
4101
1
38
3827
11
2116
4
1243
179
12491
9830
16678
18
530
20
19
1557
644
1
13
98
1514
27
3
185
59
26
25376
22
36
408
0
4157
393
17
0
567
1
3015
23
5
3964
11
2116
1
7
0
4313
17
42
4721
12
0
898
26
4101
131
21
34
74
226
3
1281
17
0
762
56
21
1002
20
0
1557
644
512
903
26
2116
1511
161
4101
18
327
33
2984
119
19
1617
4004
88
8
6550
4
11587
8


