144
2697
1583
293
16
28277
138
1
999
409
151
291
287
16
22695
138
1
999
409
151
203
7
6947
29
40
10671
606
710
1222
209
3
688
3
7448
5
211
38
219
740
119
15670
1054
7
0
403
1
37
949
22
2
17509
2062
1
2064
1
28
155
331
283
1
10
81
7
1698
17
27
117
12
409
793
1
0
132
36
10
2528
3
1412
102
39
64
347
7
3400
2
65
106
949
22
811
43
8972
1222
28
140
6947
18
23176
4612
9
0
403
18
1248
15785
113
36
10
2412
20
5
3541
2
297
94
11
167
580
7448
16
17509
2062
1
5
6156
9
83
145
6
64
247
2443
1
207
103
11
6947
12
409
691
4
30
150
4715
2
527
117
81
306
28
27
12
409
793
8203
11
3654
16
271
2062
1
5
9973
1645
1
34
698
12
0
919
3
5863
947
6
0
2595
264
19862
16
15
81
71
27
117
306
28
27
10
12
409
793
3442
106
1662
29
61
40
17510
3
3189
10072
3
325
686
5951
4
3628
1
0
949
22
2
52
1002
12
641
6
9060
1
7
621
17
394
1694
14
1344
2100
8622
28
1535
3
3258
340
2735
17407
2
3400
18
747
28278
546
1725
4209
1
364
14
106
34
2550
14
2062
34
6259
3
6420
1
7202
1
28
6947
12
409
414
4
123
37377
12
3
3319
1
1089
1
12
409
598
1
90
2582
3
6947
12
409
835
2
203
43
450
3
2805
0
1164
11
27
703
3
0
846
2760
1
0
365
22
2
203
43
61
450
3
325
0
2665
6
5
447
36
34
40
8033
17
12
0
2945
1
28278
364
2
2266
36
219
740
1
0
145
9
6
9
64
78
117
464
14
36
1502
3
154
125
1712
20
17511
2158
1
5
168
9
330
3365
5527
63
5
2777
184
28
23176
14
23177
0
4938
17512
28279
2
96
10
123
2528
3
2212
6391
102
4
10
1973
3
2855
7
155
331
283
12
426
1241
2
527
6656
1
173
27
3401
4
391
1
43
115
7
27
471
2
15
87
106
949
22
811
43
3278
41
344
3
1370
27
31
27
2941
391
2
2062
18
315
4
566
43
6391
3
6947
3
1405
0
818
2
527
64
2443
1
808
485
4
697
1
84
41
183
42
145
13
740
1
27
566
292
17513
22
12
302
2
17514
16
65
1106
6
0
1004
17
0
3541
1
7
2547
1
113
17509
2062
1
5
155
331
283
211
1
93
80
27
8623
90
36
2575
37378
16
17509
2062
34
204
799
7
23176
2761
4
633
88
3
27
2075
1780
90
36
4715
2062
34
1502
3
165
12
0
919
17
5
427
45
1182
49
159
31
888
56
0
427
76
74
143
25
2
96
10
350
653
3
10521
27
12062
6
6055
1
27
117
22
2
527
315
1
2160
2062
1
3635
11
269
20
7849
9061
1147
2186
7
155
2433
12
0
14339
3
1804
27
49
2
19863
14340
7
3400
22
14
19
227
107
41
163
49
11
0
795
2
35
104
79
188
3
325
27
4
124
27
102
37379
21
78
0
11452
2035
28280
28
19
102
7
0
6681
2097
4612
6
0
13009
397
2
28281
669
16
271
2062
137
17
27
315
1
2160
241
0
295
30
40
669
11
591
82
37380
16
271
2062
633
5
695
6
799
28
3400
12
27
2075
1063
1
173
48
54
6
37381
15
10000
315
61
115
55
14
19
227
47
3401
1
1482
1
391
19864
1
4
701
2046
43
115
7
27
471
20
5
3541
7
37382
1
3400
2
15
3541
47
1040
78
6082
811
14
21
34
81
214
27
81
12
302
166
2
68
2062
78
2861
689
14
27
5060
13
1505
1876
1
4
14
0
145
3
64
37383
1049
1527
3520
2167
17
27
142
1
4
159
103
0
5056
13
1631
55
9
6
9
1452
11
27
2
52
4
271
2062
47
566
1
292
37384
1
33
1973
3
2855
7
3400
31
446
1241
4
46
722
42
818
13226
31
487
694
2
135
22
14
44
46
61
233
7
2037
3
177
112
271
2062
5106
3525
37
709
4
10
1129
3
143
965
17
88
2
15
5226
315
22
14
21
47
40
669
3
27
11
67
85
591
82
1
1453
14
19
361
11
27
13
35
8624
85
25
13
11
156
1845
8
2
52
78
28282
16
35
308
29
86
169
2650
159
162
212
1516
1
66
84
141
183
110
3
181
1
66
84
141
183
110
3
354
1
66
84
141
183
110
3
1347
1
66
84
141
183
110
46
226
55
6
11453
13227
16
271
2062
395
16
8
13227
1
6947
876
8
12
48
604
241
0
81
604
633
10
28
409
316
1354
27
81
333
230
7
0
28283
264
1
271
2062
1502
3
251
3
0
17511
2158
1
5
168
9
330
3365
5527
14
23177
0
4938
17512
28279
1
3
154
125
1712
1
27
145
1
37385
17513
1
78
0
2697
1583
2
3462
7
3400
13
3951
838
4
6947
13
5
3744
1161
403
11
12282
1
609
92
33
1061
113
223
58
32
3036
3
1605
159
1054
20
166
2
15
17511
4
0
1137
17511
2158
1061
29
40
28284
4
33
102
3
1910
3574
1
9903
4
28285
2
271
2062
18
427
1
37386
3821
1
78
0
155
331
507
689
14
0
23178
211
1
38
2050
20
37387
7
4
4624
118
6828
1642
1
30
9907
90
340
1869
2
258
3821
1993
27
427
30
9907
4
76
32
2280
5467
7
0
17515
264
2
1914
12
5
1613
16
68
2062
13
2447
77
3
3400
3
185
487
811
818
11
19
227
674
429
16
271
2062
78
27
145
12
27
81
132
7
6947
36
1502
3
703
0
17511
2158
45
1552
27
795
99
26
17509
2062
1
2064
1
5
145
9
6
9
64
28
11452
2035
1
219
12
105
9
149
919
3
3400
26
15
9973
1645
10
2528
3
1024
17
5
427
1
38
1376
55
20
0
81
9
977
26
19752
3
1103
795
28
6947
3
7849
37388
241
566
4
315
1412
3
1201
3
2489
818


