15
265
6
37
13777
3026
9
83
38
93
19
102
3113
230
320
4
202
945
30
40
115
8742
7
5
25541
339
5
2344
733
2
12574
7302
2325
18931
78
19
117
21
10
159
11
5
1097
339
19
2388
1
155
331
1
102
12
488
834
1
45
107
74
226
99
2
318
117
309
5
8920
818
7
0
487
643
1
1869
75
6
19
7973
50
116
25
504
11
59
3
1190
2392
2145
2
12574
7302
2325
18931
78
19
117
21
10
159
11
5
1097
339
13
2388
1
155
331
1
102
12
488
834
1
45
107
74
226
99
89
106
22
437
19
265
34
40
658
20
5275
727
6723
1479
1
79
64
724
28
19
102
2
4478
16372
1
2325
18
32756
1
78
2861
691
16
8
52
10
86
8612
1
4
112
66
43
2598
21
58
1629
17
66
11
269
79
14875
66
4
324
24
361
66
2
8
52
10
77
542
3860
1
45
21
34
0
1516
6
5
128
194
1676
447
114
6
19
7973
1
4
2696
6
75
107
74
1190
14
4
92
228
1026
3
32
5
537
79
109
37
26046
3928
2
203
1400
21
15125
69
5275
727
99
7
2762
9
488
4
213
20901
2
15
5896
3678
20
0
71
1409
13450
76
61
29
6060
3
19
193
2
65
1634
7
0
3756
1224
78
15
155
331
1623
0
265
10
115
339
0
398
1587
4
224
49
17
0
7739
2
18931
47
117
4
280
1031
5
201
2992
5001
112
21
10
115
1733
2
318
117
309
5
8920
818
7
0
487
643
1
1869
75
6
19
7973
50
116
25
504
11
59
3
1190
2392
2145
203
22
19
265
34
40
658
20
5275
727
6723
1479
53
137
51
1
79
64
724
28
19
102
26
2325
18931
1
316
1
93
19
102
7
2388
1
155
331
1
12
488
834
26
52
107
74
505
1
8139
5
8920
818
28
19
117
26
318
265
10
115
7
5
25541
339
0
5275
727
6723
1479
26
203
22
21
206
29
1477
69
0
1247
4
213
32757


