144
7139
160
11
1112
861
18375
8700
5173
93
1
122
4
528
48
149
1
232
1004
1837
33
3851
55
80
0
876
4493
3
143
662
42
908
1512
2205
2
191
11799
30
40
1015
3
5
3770
9378
9172
3
143
662
97
1482
20975
80
0
122
1120
48
236
2
23966
0
6922
18
1545
4262
1
3546
30429
33
14932
17
8560
41668
4
17795
913
7251
7
48
1004
876
1784
1333
2
30430
16
11799
206
473
124
30360
31
0
2211
6
7978
4
401
24662
45
0
18375
1333
829
207
0
586
14
53
1007
1
72
2450
1
6168
1
72
775
1
4583
1
72
1579
1
6592
1
72
2537
51
221
18
61
2688
6
3546
41669
7
41670
2381
4
5252
972
9
3794
13651
7
2722
20976
17810
4
20690
1011
9
30431
2
8192
0
30432
3366
653
11
216
236
1
11799
30
6859
1226
9886
13290
5079
17726
17
5602
7606
13652
4
3538
30433
3473
6413
2
3479
1138
16
23966
0
6922
18
1545
4262
4
7251
1
11799
29
17474
0
1333
412
6
913
7251
53
6592
1
72
1627
1
6168
1
72
2537
1
3355
1
72
823
1
4583
1
72
6828
51
30434
876
16
8192
0
30432
3366
653
11
216
236
1
11799
30
13481
41671
4
20977
9411
17
7606
13652
4
18376
53
4583
1
72
5841
1
6592
1
72
2537
51
41672
16
15
3047
20978
48
236
13
2931
13118
4
92
18
67
9411
85
66
73
5855
5
41673
20
53
2826
1
72
2622
1
1767
1
72
2537
1
3355
1
72
823
1
18377
1
72
1913
1
2586
2826
1
72
2450
51
30435
10977
33
289
5
16100
7733
11
2025
241
181
189
621
8032
7
14392
4
41674
17
232
243
41675
3
1985
125
345
1423
2
294
8944
1068
476
46
168
183
1
48
236
18
9411
226
7
18378
2
788
458
66
352
39
5
3143
41676
1
5
13481
30414
62
5
20977
2826
1
11799
30
25
1372
2
1169
118
29
11799
3120
5
3387
111
1333
1
44
29
881
5
111
2167
2411
3598
3086
50
44
610
46
383
0
1964
211
47
165
9
3
2726
11
24672
0
1899
5233
4
876
41677
6
5350
403
142
2
41678
35
29988
6
0
41679
4
10474
12
0
2559
25
46
32
803
162
18379
17
24673
28
1068
4
0
3789
5021
643
17
5
3630
1724
6
4523
30436
173
6701
1
17808
1
41680
1
8078
1
30437
4
12296
80
1912
3
1016
42
20979
547
12
403
142
2
6495
24674
16
30435
10977
1
199
23
12418
4
4211
1
33
289
5
16100
7733
11
2025
53
1007
1
72
2881
1
2826
1
72
6673
51
9003
2381
16
15
236
18
1545
2381
4583
30
40
11352
7
20977
1
119
15720
1011
9
30431
33
0
237
152
3
764
2722
4
7013
7
2025
53
4583
1
72
5841
1
235
4
6168
234
72
1314
51
26
11799
18
18375
908
175
2623
6
6922
12320
26
30438
6
19824
4
9384
9411
26
30439
197
72
41681


