65
43333
4308
6
22988
4
5191
1
0
31208
43334
7
212
2309
4
0
31209
66
33
7
361
2
3965
8886
43335
23
66
31210
233
653
3
1265
0
7300
6
212
18248
1
4
212
1516
31211
1
42
3076
19784
212
274
273
2
89
5
7781
7
212
15014
4
5
1083
7
18590
1080
7
0
265
73
517
66
67
13031
3
1029
37
3784
6
43336
4633
1
1909
161
2
65
111
5956
625
6
3540
1459
0
178
2557
6
361
9
8190
1
533
1
25176
1
8733
4
9823
2
297
94
11
167
65
111
625
31
1829
587
12720
30
1459
0
178
2557
6
361
9
8190
1
533
1
25176
1
8733
4
9823
2607
317
196
43
348
3
1046
5
5956
1146
3
2805
42
1470
3603
2
15
2155
1
31212
31
1829
587
12720
1
43
21265
69
178
2557
2
18322
43
348
1294
63
42
1138
4
2341
1
7
554
3
12948
0
1525
361
30
12
5
447
18
433
20
277
986
2
25177
570
4129
25178
1
38
6264
17
0
625
1
78
1112
0
3948
10
3
4678
112
92
33
12010
2557
6
361
1
129
75
474
4
110
2317
3
88
43337
2
96
22
16
8
57
18
9403
3
2623
14
48
54
3751
7385
73
32
1175
94
69
199
12010
2557
2
8
939
18
67
1
277
986
206
32
31213
4
31214
23
3540
2114
69
5
573
1
4
225
410
142
4397
386
2
8
25177
570
4129
43338
22
0
410
2557
6
361
1525
12
136
433
1
1298
730
983
1
5
1521
6
1060
4
941
4092
1080
18591
12334
16
43339
191
0
2155
2135
6
0
2064
341
3371
648
7
5
573
1
64
134
153
9
62
43340
75
9
43
115
3
32
2691
986
54
2
43341
31
3432
22988
4
707
5191
1
2950
2734
31
3540
1041
730
983
53
384
134
153
51
4
5
1521
6
13302
53
2729
134
153
51
2
31215
1
25
18
364
14
120
48
390
986
6
1829
1
234
266
4
223
1014
67
6
0
345
9606
18590
4
43342
2
294
5
768
67
85
272
9
3511
134
153
9
2734
37
1048
7
42
15014
2
570
25178
78
1112
16
8
1366
496
8190
9
60
29
80
809
25
1
25
18
43343
9
66
79
474
25
2
8
43344
13
5
400
152
3
3845
25
1
0
71
56
66
516
74
429
248
345
2
8
104
115
75
472
3172
3
1616
1
92
13
5
1378
75
33
412
12
361
2
8
43345
13
41
400
20
48
986
1
23
75
18
6145
3270
12675
2
8
191
43346
1
75
4619
3
124
43347
7
0
390
2557
6
5
573
2
8
139
13
114
5676
7
18590
773
5
1083
7
43348
1
50
73
1948
43349
4
773
5
19844
2
8
18591
43350
16
43351
294
0
2553
5191
1727
152
3
2163
67
63
54
216
1
0
8854
986
43352
4
5
295
2212
3
1349
42
573
2
12720
18
625
1834
140
105
134
153
6
3371
7
573
33
648
20
986
64
2
15
265
11448
43353
180
43354
1
50
1361
49
664
1526
1
4389
18592
6
3432
6373
4
7119
0
1830
6
6508
65
679
2
15
4752
1593
43355
7
5
1299
6
8
596
9175
8
1
113
75
73
181
6
305
1162
85
42
18593
573
2
14870
9
146
134
153
6
0
625
4344
2734
5
1521
6
1060
119
966
134
153
364
5
42
1120
9746
34
40
43356
1792
2
8
2867
1486
1
25
3034
2731
557
3
0
547
113
66
33
533
212
573
1
497
66
183
212
1079
1
8
570
25178
22
2
8
308
206
325
212
1120
9746
13
228
4035
1
4
66
352
41
344
3
1364
2
8
57
73
61
32
717
2592
1
66
352
5731
887
8298
1734
63
0
108
447
2
191
92
13
5
1378
6
596
9175
1
113
66
474
2199
12
361
2
8
18591
43357
16
43358
3514
2550
458
0
108
447
13
8
122
8
1
986
105
1244
5
295
3
1332
458
0
8
573
8
1403
13
122
2
8744
77
0
594
6
0
2809
4
10936
9359
7
0
573
73
667
3
5
1083
7
4092
1080
1
364
31
918
134
153
6
217
317
196
7
0
625
2
16288
54
5676
15014
1
119
986
64
11448
8028
14
7119
0
1830
6
6508
65
679
2
2867
73
61
1525
730
983
1
4092
1080
4
1060
6861
570
21266
22
16
8
15
439
986
13
56
25
3477
67
645
1
66
454
1734
240
48
13
67
645
85
24
273
240
1
4
240
24
183
66
45
113
33
66
20
7
212
142
1
84
60
188
0
222
457
240
1
4
240
73
60
1313
48
55
240
2
8
308
2212
3
177
14
66
31216
14
447
69
212
142
2
8
18591
43359
16
43360
96
22
48
3495
17
986
146
1
113
75
661
49
1045
0
8
541
66
8
2417
0
87
541
1083
7
4092
1080
4
9175
2
8
139
986
3322
17
0
4353
374
129
60
80
210
12
136
237
902
1
162
637
559
60
13233
136
630
23
168
23
136
799
3
143
25
1032
23
609
850
13
1226
1
8
36
22
2
12446
49
1274
4475
3603
6
1685
4
1735
9876
7
414
134
153
6
4344
2
570
21266
22
16
8
17301
2557
105
4
146
177
37
1048
7
4092
1080
2
8
3332
268
98
25
30
40
2214
1
3603
6
5133
4
91
2167
2
8
89
0
67
645
0
573
3477
1
0
67
75
2973
1
240
13
25
110
24
181
25
13
240
218
8
8
27396
4
4092
73
31217
1403
7
1713
1678
1
1298
31218
4
43361
140
0
573
2
8
18591
31219
16
43362
89
112
5
295
73
1431
0
1966
8704
6
0
87
146
2557
1
0
1745
4
368
986
1
9823
1
3512
17
25
1735
1080
6
1193
4
12386
2
12720
115
713
134
153
6
11533
34
1561
48
986
1
4
928
134
153
364
1299
7845
23
5
768
2
31215
1
43363
9
5
2131
11490
443
31
266
4
223
120
43364
9
20019
3603
6
21267
2
15
1745
986
1
9823
1
3512
17
25
1735
1080
6
1193
4
12386
39
30004
0
1966
8704
6
5
573
1643
15859
9
443
120
31220
9
43365
3603
6
21267
2
8
139
13
113
60
177
5
541
755
6
43366
1
8
570
21266
78
1112
2
8
104
115
0
265
11448
2214
9606
50
2134
3540
2921
2
104
2734
5
541
1378
6
21267
1
4
5
1378
6
240
66
29
213
95
99
4
24
382
213
11734
240
2
7992
12966
1
3762
11
43367
1
22
16
8
2307
20
12720
1
60
352
1497
11
5265
6
792
6
2482
4
1628
6
240
7844
240
2327
274
70
23
5
768
6
497
3
183
234
0
2299
4
5311
6
136
464
2
8
8
657
361
254
74
29
5
2810
672
1
136
2555
18594
571
1893
464
12
0
966
1185
4278
18581
735
11
5
1369
573
173
1966
16634
1
3751
4673
4
637
2019
133
1075
8357
0
237
686
1893
4
419
3957
2
8
26
12720
625
1459
0
2557
23
8190
1
533
1
25176
1
8733
4
9823
26
16288
54
5676
15014
1
119
986
64
11448
8028
14
7119
0
1830
6
6508
65
679
26
2867
73
61
1525
730
983
1
4092
1080
4
1060
6861
26
16635
364
5
1521
6
13302
1
1735
9876
1
23
168
23
31221
5133
90
4432
0
2737
6
986
178
26
25177
570
4129
21266
22
277
986
73
32
8
31213
4
31214
23
3540
2114
69
5
573
8


