3361
219
220
10561
10562
87
7004
54
3680
8705
515
24
2439
718
1018
24
3104
215
3119
64
215
30872
24
73
57
24
5657
6862
3036
27
119
26976
9
2033
11817
99
53
709
3515
57
24
1217
215
87
15049
13
321
18360
54
2438
1462
751
76
3276
14
10779
61
40
215
5120
401
834
1098
24
1985
4939
718
107
27
12465
3608
3325
30873
87
24
111
2940
76
24
6155
57
30874
10562
37
15195
61
5
24
16443
5120
215
825
278
13
5449
8518
27
3361
1785
10561
10562
87
3009
13
1415
23
582
110
23
24
5657
6862
3036
30875
30876
87
1391
445
123
3361
37
2459
9
2459
2554
76
10293
9
5797
7198
278
1872
1533
192
1284
1193
622
77
23
24
4441
201
237
36
69
2978
71
396
330
76
14
1994
262
331
1833
61
610
1028
24
512
136
23
24
1146
821
9740
61
4369
9
537
61
215
718
9284
3276
61
215
718
1876
61
24510
27
331
842
183
37
1098
61
821
1098
27
408
369
1950
61
628
718
3204
723
610
369
1950
821
1131
27
1831
610
2050
13
1415
23
1463
778
1831
610
2050
13
4658
158
61
2984
158
778
408
825
850
61
183
19017
185
818
3096
1022
27
331
25153
5350
57
110
369
503
787
185
2984
806
9550
5350
57
110
61
723
2296
13
4658
542
5
183
3862
14
1842
806
9550
110
61
358
3958
1511
652
358
369
14
63
1185
358
278
2168
405
452
5
723
1019
723
369
24
12497
129
718
1415
542
13
723
5
19965
542
159
27
331
816
723
850
496
711
23
5492
5
6783
9
22651
30877
1652
32
880
5
935
5535
738
5293
24
622
880
61
5
515
10486
2540
1022
2191
27
331
408
369
1950
821
1131
61
821
1131
27
187
37
45
1166
61
40
610
825
850
27
331
3361
2296
14
74
22839
13
8063
3534
10470
5
10567
10568
69
700
71
3361
37
166
10580
61
349
30878
30879
69
700
71
278
503
242
190
3276
1411
542
10562
37
3017
6858
87
45
1098
13
2382
76
54
77
722
242
503
2584
3276
23
122
55
1526
10215
4441
201
192
57
24
36
61
5
24
1217
515
6879
3534
10470
61
10567
10568
5
30878
30879
278
11475
144
190
1411
542
87
334
359
4814
27
842
1414
449
24
3293
57
9815
54
12230
765
61
215
10479
262
331
119
16185
880
13
1150
133
14
2347
3071
23
918
57
74
87
13
738
5
4658
27
331
1585
24
700
1623
61
24
700
136
129
3285
3276
2467
109
5
2931
183
1594
868
9
10792
87
537
34
24
1271
61
818
183
37
14
2482
27
1447
369
45
3096
61
40
610
825
1812
27
331
816
215
2881
334
17907
848
185
24
6862
918
61
10562
99
104
306
309
226
2108
185
947
76
166
110
343
13
4699
13
1986
27
16673
11814
61
129
2311
334
10254
23
2414
37
2459
9
2459
2554
104
1530
10293
61
87
1622
13
676
185
202
5
44
1521
107
787
34
2272
37
2158
13
2425
932
61
637
1382
6866
10255
30880
825
2502
709
398
104
24
16080
1050
27
10562
330
262
331
30881
11814
87
2050
13
676
8262
27
396
2256
822
226
27
119
60
87
24
1211
57
60
610
718
704
4005
13
2292
27
187
37
2050
13
107
7894
34
14
655
652
215
12337
54
10254
10492
61
40
24
1187
13
24
16474
87
45
515
124
27
10255
30880
69
13515
174
71
99
100
6671
133
34
24
2544
75
2425
932
185
1605
10098
37
7314
331
187
1577
1021
652
183
37
30882
61
818
183
19017
834
723
4361
76
24
8638
27
2819
496
628
278
719
61
30881
87
2471
2246
515
215
87
2050
13
676
8262
27
396
5120
183
37
2050
13
10493
61
40
215
87
2969
13
738
206
61
818
215
87
537
692
27
331
10255
30880
61
6339
61
610
369
2050
13
738
76
24
1444
27
1447
369
9550
1444
9
215
1577
2829
902
5
87
15049
13
444
133
5
15049
13
2502
652
215
5960
24
3317
13
2502
27
331
842
610
278
100
11248
14
1842
449
1508
24654
5
610
369
2050
13
738
76
24
1444
61
818
641
61
628
1019
183
37
4386
61
215
718
45
1347
676
61
818
610
369
2050
13
151
158
5309
27
331
2318
61
1751
9
15787
11828
2992
11829
5
8915
11830
369
1622
13
5183
1986
1462
3354
58
59
2
14
20863
2345
5
14
10250
2536
13823
76
24
7519
14
632
206
57
6218
27
246
10561
10562
87
15049
13
7006
54
3361
2438
23
5657
246
5797
7198
369
23
2296
57
2276
3018
76
3534
10470
61
10567
10568
5
30878
30879
79
503
190
3276
1411
542
246
3361
855
2425
932
23
24
4441
201
185
1605
10098
37
7314


