258
3929
10756
5
463
464
3968
1307
24
1267
444
3288
5
24
5097
15764
61
3096
57
703
709
3259
23772
372
129
278
1794
34
14
582
562
23
24
22662
27
1295
61
2540
1155
14
1454
718
1644
996
703
1533
25101
61
1489
13
1319
27
251
1344
57
372
129
4534
13
14
12404
1566
1142
122
4748
57
15958
288
4224
1284
372
129
105
1794
23
24
3000
3001
27
143
2805
6918
2
4094
4948
3193
834
20598
3603
2453
47
5
174
35
506
61
10467
24
41986
11459
61
175
3628
5
14
1719
23
1563
9001
27
9525
3787
262
1134
540
1099
2391
108
61
40
1232
278
1142
515
372
129
1454
13
24
12404
718
1029
47
1533
25101
1284
1222
358
105
12321
104
82
27
3311
41987
13524
26769
2
24
3052
12051
57
5848
1615
834
837
14
5769
57
5561
4639
76
125
13177
23
5492
285
82
35
506
27
162
704
61
41988
174
5492
1778
58
14
562
23
22662
4942
13
761
47
13
24
725
27
162
14
3833
1344
61
1956
57
6127
1141
132
104
23279
22195
2
26518
61
11936
61
6258
61
13358
61
3424
61
5
5742
2
24
1428
61
129
14718
13
5492
61
15246
61
14692
5
41989
23
1713
57
14
582
562
27
119
22195
288
1414
834
108
358
288
185
14
4638
57
32
13
890
4982
76
30382
308
129
12321
23
24
7485
2846
27
187
149
3283
515
24
22195
288
1511
108
61
79
17582
133
57
493
61
4982
76
24
3940
57
21402
27
143
24
1948
149
1347
5138
34
3603
76
22195
1413
1299
1300
1511
108
1284
372
33
23
41990
27
2617
1543
41991
5725
24
5128
13
1550
3229
57
2668
1411
22195
5
372
129
12321
23
5967
57
636
61
450
61
6919
61
4747
61
5739
5
4797
13702
61
13
221
4149
1508
4566
638
45
41992
24
838
27
11884
262
618
3940
22195
288
1142
13
278
5138
23132
1284
24
3940
23
122
582
1566
396
330
262
331
119
3604
768
2
24
2667
87
515
308
2
7485
255
129
26647
13
11035
255
369
1511
108
1284
24
41993
23
7485
255
27
331
618
3940
24
22195
288
1142
13
278
5138
23132
1284
24
3940
23
122
582
1566
61
343
13
5138
4747
4748
27
1427
3240
4729
3084
515
1508
4566
516
3340
23
14
5138
5538
9754
5
4748
57
15958
27
1295
24
2886
61
502
825
107
8739
104
24
1611
41994
3111
37
6248
2328
23
14992
185
202
3283
515
25749
718
10855
5538
2489
5
221
308
1511
108
27
119
1948
149
1347
5138
34
3603
61
76
22195
1413
1299
1300
1511
108
1284
372
33
23
41990
331
41995
1981
718
107
14414
13
622
32466
57
308
37
41996
5538
2489
61
1440
57
41997
3633
76
1310
34
122
15958
61
331
330
2617
41991
27
331
8440
1193
841
41998
1310
288
19214
91
4362
1310
22354
2
24
1533
5781
14414
4790
57
5396
25749
185
32
37
562
27
331
2249
24
5828
5040
5839
34
1155
25749
369
12478
61
5
25749
40614
23
237
24912
278
2950
835
32466
27
331
119
2667
23
237
2886
61
1204
61
6101
6102
449
1720
25749
23
237
24912
825
3340
23
6076
15958
34
24
22195
27
331
246
8920
2
24
1956
57
6127
132
104
23279
22195
246
691
288
1414
834
108
358
288
185
14
4638
57
32
13
493
246
41999
4982
76
30382
308
129
12321
23
7485
2846


