16432
278
4934
515
5721
3022
2454
50665
825
996
24
2439
104
24
1029
57
24
5392
2134
201
36
5
4458
7058
32341
27
119
7501
9
2033
15033
61
129
446
2334
24
348
23
16607
172
23
267
61
87
133
57
6524
76
24
24757
237
506
5
24
2439
278
4942
13
12950
158
13
1862
14
582
2528
27
331
408
638
1690
610
44
40
215
3119
13
824
24
7058
10543
61
331
16432
37
2526
5781
1785
5
3608
29984
50666
750
14
128
6245
104
24
42190
1050
185
2272
2356
27
16432
278
4934
515
5721
3022
2454
50665
825
996
24
2439
104
24
1029
57
24
2134
201
36
28441
11871
64
32
57
24
18043
15284
23
24
2544
61
50665
2469
5
242
75
24
32341
23
24
2118
6603
4525
208
104
24
56
57
35
36
23
7058
27
16432
9
3132
50665
61
129
650
218
24
2439
37
8623
1156
61
242
1656
216
23
54
55
1751
36
57
2134
201
61
349
24
24757
331
503
29198
23
122
4973
9
6518
252
91
290
38902
23
1372
27
119
7501
9
2033
61
129
446
2334
24
348
23
267
61
87
133
57
6524
76
24
24757
237
506
396
285
185
13
10903
14
513
23
24
327
2438
34
24
267
7637
17391
32510
61
6832
54
10102
5888
185
24
1941
13
7627
61
40
149
14
2639
9
2505
416
57
24
2438
27
50665
61
129
99
100
2104
16432
37
346
360
7216
34
24
582
36
61
825
107
24
2107
175
9
499
136
13
14865
2
2134
201
13
24
32342
27
5565
273
57
24
50667
327
2438
20055
122
5162
23
24
32342
23
267
61
349
791
16432
1751
9
33
4481
50668
61
5
358
278
647
100
1899
91
791
6582
40922
50669
6210
16447
27
50665
825
107
24
2107
175
9
499
136
13
14865
2
2134
201
13
24
32342
246
2454
50665
825
996
16432
24757
61
24
2439
278
4934
246
50665
825
16392
104
24
1029
57
24
2134
201
36
246
119
7501
9
2033
825
4458
32342
83
7058
32341


