119
1032
57
11160
99
799
133
75
24
485
57
14
9044
9
2033
627
129
149
1745
104
24
680
57
14
642
798
27
11345
11009
149
2876
982
91
334
798
144
316
7404
58
24
3485
11346
24
627
61
129
149
1083
14
2895
61
2505
23
14
2083
76
54
2179
185
4824
2010
27
119
4044
1724
57
8555
650
2
1463
129
750
24
11347
24
2895
149
331
2765
6542
331
5
24
2895
9641
1802
133
13
107
14
2639
9
11348
11349
2895
27
742
485
7593
14
9626
897
11350
5
1094
24
1032
99
1718
91
586
24
635
627
4942
331
13
11351
343
4014
13
1790
60
27
331
521
159
34
522
119
1032
57
11160
99
1725
14
352
13
24
9626
897
11350
7593
91
24
485
57
11345
11009
69
702
71
11345
61
2213
61
149
2876
982
69
702
71
91
14
642
798
316
7404
58
7520
185
24
348
1347
3400
24
627
149
1083
14
11349
2895
119
1032
99
330
515
11345
69
702
71
4942
331
13
11351
343
4014
13
1790
60
331
1348
215
149
2876
91
642
798
2441
11352
119
1032
663
5778
23
122
352
61
8514
91
11353
61
515
11345
1077
652
57
331
24
5689
57
11354
1185
11355
622
1284
11356
27
331
119
11356
87
642
798
2441
11352
27
2742
901
64
14
11357
23
24
485
37
10186
23
11345
37
2179
11358
61
3970
61
129
149
11359
91
334
798
64
926
1663
1795
24
1816
57
525
469
10490
331
707
3059
469
61
358
1745
707
3059
469
27
331
119
355
935
11360
24
635
730
5
2333
525
23
24
33
57
14
2438
1536
27
305
709
222
149
11345
417
310
311
641
334
4901
3516
185
14
1317
1806
8041
2084
61
837
360
146
58
24
2882
27
119
6922
315
61
2
24
987
642
8988
185
24
348
13
1348
11358
87
319
159
5
11360
13
24
7210
57
24
3516
129
4952
55
11281
61
149
433
185
522
502
24
1032
149
3249
6130
13
5361
183
13
24
1857
27
11345
37
485
69
702
71
7593
14
9626
897
11350
23
5657
251
642
11361
2805
104
24
227
330
24
355
648
24
2895
149
1189
5
515
358
638
244
639
11345
61
129
149
1507
331
741
577
5
2196
11362
61
149
818
635
27
1707
288
663
45
750
515
24
1724
57
8555
650
2
1463
129
750
24
11347
11345
149
14
318
5
515
24
2895
215
105
149
331
2765
6542
27
331
119
1032
23
122
11363
663
3138
13
278
709
7334
57
11352
37
11364
6823
5
341
215
105
1129
7126
765
5231
607
23
24
139
27
4360
24
1032
37
352
61
24
485
37
5700
61
11365
1603
61
330
185
4386
806
331
628
1018
1014
515
14
9044
9
2033
318
1077
11366
104
24
680
57
11160
642
355
5
628
1018
1014
515
9550
355
2831
244
278
100
4039
13
2242
24
4316
27
331
246
119
1032
57
11160
99
1725
14
352
13
24
9626
897
11350
7593
91
24
485
57
11345
11009
246
11345
61
2213
61
149
2876
982
91
14
642
798
316
7404
58
7520
185
24
348
655
215
149
1083
14
11349
2895
246
119
1724
57
8555
663
5778
515
24
2895
149
331
2765
6542
331
246
368
185
24
348
663
11359
11345
37
2179
11358
61
145
61
64
926
1663
1795
525
469
37
982
1816
5
935
11360
525
246
119
1032
99
330
515
11345
4942
331
13
11351
343
4014
13
1790
60
331
1348
215
149
2876
91
642
798
2441
11352


