338
283
449
4288
4866
30
0
148
717
431
7
486
1
301
3
336
2836
814
1883
8900
2
283
15035
0
10524
20
0
4861
1749
12
302
17
3868
77
4866
47
594
6934
39
5
717
236
4
5
389
6
231
8923
7
42
81
398
593
2
89
8900
890
0
906
6
159
11
99
9
3
9
99
3537
589
328
4008
1
2440
0
8511
6
5342
6042
8684
53
26082
51
1694
1
29
116
0
9443
47
431
0
6708
7
172
486
2
338
283
449
4288
4866
30
226
182
514
262
42
993
1035
35673
336
2836
250
449
1883
8900
890
4866
30
0
148
717
431
7
486
35
15
6708
551
3
84
7
0
229
13
313
0
993
99
9
3
9
29254
8900
22
2
35
57
47
504
511
901
25
7
0
87
242
45
159
99
9
3
9
99
30
300
40
14
706
67
717
2
35
380
0
2536
6
5
396
6
0
8519
24
858
34
17
741
1401
53
3048
51
77
0
82
7
1281
6
0
11267
6
0
1086
1
0
6708
196
6
0
431
13
0
236
39
1
3
688
4
84
99
9
3
9
99
8475
7
5
128
717
1285
2
35
135
858
115
25
717
3
1251
784
3
14
755
311
56752
5136
4604
5
72
56753
1226
12
283
23
168
23
5067
12
42
1086
4
1833
1051
39
44
732
3
10619
17
0
111
26082
1694
1
4
8900
131
0
1168
6195
210
158
67
906
12
4457
2
15
3455
444
5
3495
72
3113
736
12
5285
584
9783
7622
4
4100
81
535
7
5
356
14
30
40
3451
10468
133
1071
14
30
696
67
5994
12
4866
2
35
8674
46
233
20
110
5342
6042
8684
13
159
3
934
3
282
7
0
208
333
19164
8900
22
2
35
387
47
21893
42
1051
785
2
35
104
80
29
3
124
5
706
67
29864
17
136
1051
4
0
335
14
60
934
7
4
143
3070
3571
98
85
388
90
114
6
14
1316
26005
2
15
72
3113
736
444
12
5285
584
9783
7622
4
4100
81
535
30
40
499
85
1369
56754
338
283
335
233
12
23
44
33
3900
602
216
3465
7
42
2631
11
0
1285
993
35
308
858
213
3
356
335
55
3
1014
2752
3
185
66
934
335
7
4
14
30
2694
116
142
4
0
431
5
305
706
67
717
14
25
10
34772
3323
458
21
283
171
2610
17
4866
1
8900
22
16
35
10323
1
24
84
2
281
21
47
6624
430
81
70
1
7
19
87
70
1
123
2842
0
1563
46
2610
17
59
4
32755
0
1086
699
85
1972
59
2
387
47
0
152
653
2
35
89
95
118
1976
13
282
450
3
143
142
128
717
11
88
12
302
4
3
722
450
3
21014
336
2836
33
340
17158
15461
12
302
17
5
7354
709
1
45
8900
22
21
76
143
25
99
90
0
267
6
0
236
39
25
10
1878
2888
21
58
1947
0
936
6
0
618
2
336
2836
250
854
17158
15461
14409
55
6
0
1203
127
3183
283
81
872
26
1883
8900
890
4288
4866
30
0
9688
431
7
486
26
9443
449
13
182
906
262
42
993
1035
35673
26
4866
10
8660
17
901
99
9
3
9
99
1285
4008
20
0
4861
26
89
1
1245
612
745
30
214
88
56755
1791
184
28
0
3057


