513
9863
30
5435
920
853
1484
4
5975
9
18664
7
67
85
201
6828
341
7
146
347
9
45
14
1216
13
159
3
2914
0
466
644
6
789
2196
18
603
1693
1
301
3
6539
7
0
276
2
895
5275
7288
4273
8846
46
225
186
12
488
485
1
64
82
39
21
719
303
2196
420
20
5
1602
3942
908
23
21
5723
1623
9
23118
25471
12337
2
8846
13
4709
41
578
31
1164
6
33957
2
657
0
1163
6
2196
254
41
1384
7
513
9863
1
17
0
868
2964
627
3
5
373
17
1222
6
19
2308
1
8846
18
6539
0
18910
6
0
611
9
28
0
990
6
75
1265
25
7
9380
1
3
0
1382
25
13
1931
4
2876
13561
9
46
2914
0
4370
6
0
1540
2
297
94
11
167
9998
17
466
16
895
5275
7288
4273
8846
46
225
186
12
488
485
1
572
17
1163
420
8
513
9863
8
789
2196
20
5
1602
3942
908
64
82
320
15574
420
16
2196
10
1365
1408
8846
465
17
1623
23118
25471
12337
8
15
611
46
32
37
1092
1
8
8846
18
1635
1
15439
4528
4758
375
1
78
1188
1518
2
8
24
181
156
276
17
1710
6380
30
37
1092
17
3918
5
1540
2
24
382
34
88
7
0
424
1
4
711
14
30
1710
796
1120
750
25
504
3
1804
5
1540
2
8
8741
33
1670
12
42
31050
1
4
0
610
44
183
739
63
0
276
44
63
3
1487
4
2947
5
3550
2
101
151
1
5
891
1209
0
14278
554
7509
6539
4
117
464
4
605
28
1359
3
0
559
1
13470
3838
559
6003
2
8846
18
6539
61
342
5
1228
3
29
0
644
622
55
6
1602
1
113
75
33
1303
9417
63
2196
18
804
1
91
19
102
349
2
15
75
18
7897
16
513
9863
800
413
37
5243
1879
3
313
0
2092
12614
2876
8
7469
2196
13
5
3056
7
169
75
18
1069
1
8
778
57374
1
5
5407
1020
2668
1635
41
3693
17
0
276
1
78
1188
2
8
10546
3
0
725
14
48
2138
30
5172
3432
270
1120
1
25
18
22249
14
5
2616
1540
73
32
4069
4836
2
8
380
488
314
1
151
1
8846
1
896
1
303
420
2196
1
2537
1
4
2196
18
427
1
244
9
6
9
54
1
12706
35025
1
1314
1
20
5
1163
908
339
57375
6845
1
1602
2
2196
34
40
450
3
185
8846
465
17
19
27061
4
34
204
59
3
1649
1779
2
513
9863
13
428
12
2196
18
8330
6
0
222
540
2
15
4609
4
35610
0
604
30
489
73
41
32
5909
62
1243
2
15
18518
15012
9
6313
5691
69
87
242
17
5
1825
201
34856
341
12
97
2012
872
20
0
820
513
920
853
1
50
10
5
585
11
5
409
1489
2
26315
16
18518
15012
18
57376
6
0
632
2854
9471
789
2196
53
93
51
30
2290
4584
1776
8
15
2138
30
383
5
6084
7078
1
8
6298
57377
1
251
6
2357
6146
20
7056
10274
1
22
6
0
611
18
1216
8
57
7532
2206
0
585
672
4
41
31
5
305
2
144
37
4239
990
2
8
57
30
40
4549
11
231
7954
1
173
2092
12614
4
2092
7875
11
2442
2585
2
89
0
611
3657
12
97
87
872
7
1456
1013
3657
61
4475
5
6348
478
1776
63
17320
1
17
3738
11381
509
3019
1262
25
3056
9
57378
2196
1
119
2529
57379
22
57380
43
240
41
1123
3
10829
789
2196
18
3740
7756
2
240
8
1762
24280
136
1721
1
1225
136
27063
1
8
0
179
7369
3975
4
54
9
71
3253
9
3154
10275
1
5
22699
6
0
57381
14864
2695
2192
1
395
12
27
461
946
2
26
895
5275
7288
4273
8846
46
225
186
12
488
485
26
9998
17
4594
8
513
9863
8
789
2196
64
82
320
26
8846
18
1635
18
354
0
15611
6
0
611
513
9863
46
143
25
472
3418
3
1804
37
35139
1540
26
15
611
30
369
10107
201
6828
341
20
0
631
920
853
26
4460
4549
11
231
2476
4876


