251
893
129
3138
13
278
100
20952
89
2372
926
105
417
7764
91
14687
21522
99
769
525
7180
13
4014
34
24
3059
926
3793
82
13
24
1428
2
24
2787
331
8505
331
27
119
893
61
57
1879
1611
5
14687
13120
61
8409
2
941
13
24
2787
1566
23
1972
58
5557
13
36393
14122
27
4338
361
331
5270
331
5
3981
331
14
2532
502
24283
7764
331
61
24
893
4634
13
24
1428
76
24
14965
129
99
1404
14889
27
119
893
1400
13
278
391
926
149
7734
5
65
7764
23
14684
27
579
99
769
14
6633
943
2051
13
4014
34
24
3059
627
926
3793
33
13
24
1428
58
140
24
2787
1566
69
394
395
71
2249
454
24
3059
149
319
89
5538
4014
61
76
14
6558
8841
505
237
506
24
627
107
1186
132
58
91
24
1779
27
119
893
61
129
648
926
149
54
14912
2255
167
7685
2826
4043
4394
61
1694
24
829
61
40
99
769
334
12417
104
24
6633
943
27
724
14
6558
6671
24
893
2831
45
278
1193
398
23
24
318
37
24185
167
331
2456
75
840
331
215
149
525
688
27
119
2959
944
834
24
893
8409
13
14684
23
1972
13
3994
331
52113
322
331
926
648
516
442
525
36393
14
3059
27
4360
361
750
91
14
1611
10332
515
926
149
45
6534
14
318
61
24
893
4634
13
14684
575
61
256
331
14
2532
502
24283
14
7764
331
61
926
149
8739
76
24
318
27
331
1042
1779
57
1027
104
515
222
149
515
926
5910
13
840
75
840
515
183
2290
144
107
24
501
515
926
149
24
3059
912
2255
27
331
579
2396
525
1009
13
704
57
24
52114
23
24
622
3001
61
331
14439
3850
5797
330
27
162
558
24
1047
4634
13
24
1428
575
61
167
525
4759
61
24
627
37
450
4508
343
13
1404
14889
27
47889
13
450
412
11258
9976
18
834
24
893
5
24
318
288
2674
61
5
24
627
149
27112
13
24
4014
57
28779
448
27
119
893
769
525
12417
104
24
6633
943
902
58
10823
23
14
331
11399
331
880
1795
5538
1061
4338
9028
334
12417
13
81
33
2946
57
24
318
61
24
893
149
958
64
361
331
11399
13
5538
1061
331
27
3255
27810
52115
8721
750
24
2959
24
893
331
1850
24
1146
218
14
8743
5
5244
9
52116
19625
27
331
187
149
6671
24
627
107
1186
4911
34
91
125
4948
61
14
829
502
24
893
5
525
1106
77
6573
27
1295
23
14
3833
10625
61
14439
3850
5797
902
330
122
4759
105
331
709
1189
5483
57
4228
331
27
331
628
4082
515
1508
1356
4798
57
12417
278
709
1189
5483
57
4228
185
12417
27
331
119
6558
53
8934
16285
1342
61
502
5793
1324
24
3096
3071
23
24
880
23
502
237
893
4322
24
318
912
12721
27
331
246
3617
8409
13
14684
34
331
52113
322
331
13
36393
23
1972
246
42136
926
149
7734
5
65
7764
167
10332
2496
4394
246
579
3793
24
331
3127
3045
331
627
33
13
3440
23
558
246
4810
1061
11258
9976
18
834
24
1047
288
2674
246
11702
334
12417
13
6096
2946
57
627
129
87
45
525
14912
688


