251
6044
45925
129
149
8401
35
632
99
417
7764
13
2978
44683
144
1267
484
739
27
45926
65
7764
13
24
1581
27699
1671
61
1511
1284
32
632
58
7520
104
525
582
82
104
24
7198
7576
37
29046
116
23
41253
61
1747
5713
27
999
57
45926
37
44683
149
45927
40
16978
377
24
6825
493
42206
369
23
692
450
256
122
2255
37
360
9
2277
5774
27
45925
45926
65
7764
13
2978
44683
104
24
7198
7576
37
29046
116
23
41253
61
1747
5713
119
19448
44683
288
3132
58
45926
285
218
14
360
9
2277
5774
1671
45926
61
648
13
107
1519
32
61
149
2104
89
24
1435
35
632
58
14
45928
129
105
100
3066
24
18977
389
926
149
2612
7734
27
14488
377
183
149
539
45926
149
2104
23
1348
926
149
61
23
227
34
24
9706
5774
27
7198
7576
37
35880
24612
2008
27387
45929
330
262
331
119
1581
6732
87
23
1981
1151
61
40
34
818
3096
13
5429
24
7764
87
27439
27
331
16771
7741
87
821
13912
1347
34
6061
23
692
450
61
818
34
334
45930
6044
1030
45926
183
516
278
100
3924
9706
27
331
9149
227
3097
5291
278
14578
31158
61
818
183
37
1243
45926
1099
253
278
105
14
6732
61
167
361
818
635
2151
27
331
187
37
1131
45
13
532
45926
37
679
474
9
20017
61
3458
104
237
227
57
506
27
999
57
24
44683
149
45927
40
493
57
24
44683
369
704
23
692
450
58
24
360
9
2277
402
5774
45926
61
391
13
107
1519
32
61
149
2104
89
24
1435
32
632
505
61
58
14
45928
129
105
100
3066
525
389
926
149
2612
7734
331
842
183
37
752
13
2422
237
87
45
14
3270
9
45926
149
14
6044
129
99
100
218
2471
334
2326
13
1645
5
748
7764
13
818
3096
44683
27
331
579
87
539
515
1463
389
525
5
2104
525
89
703
64
183
87
5562
515
3096
1533
57
525
44683
516
278
12560
4394
27
331
7198
5291
748
7764
13
334
3940
57
166
13
190
44683
27
23133
31158
1502
3340
23
175
5803
57
45931
27
1882
13
7198
7576
61
24
1146
37
2704
6732
149
3132
23
24890
1348
14
11422
9831
45932
18977
65
7764
13
1526
44683
27
7637
288
45927
27
246
44686
288
3132
104
29046
116
23
41253
61
1747
5713
61
1671
246
999
39855
149
45927
40
24
6825
493
369
23
692
450
61
16978
377
246
618
3940
61
6061
5291
748
7764
13
6732
57
1411
166
5
190
44683


