144
4833
2566
9506
210
59
55
6
19
8544
307
281
48
4741
13
541
1
25
332
37
6384
83
864
130
350
109
21
18
202
157
5
8787
6840
90
2
52
13
214
1708
450
3
26797
9
454
0
5871
21725
69
684
109
37
34367
4264
1
319
0
5664
4959
2
4947
4948
3875
1343
65
26798
167
30
40
633
12
461
1045
37
2524
130
450
3
26797
9
454
5
8787
6840
57
107
74
147
1
114
0
8787
6840
13
37
3035
21725
1
4
21
10
319
0
6793
14
171
165
7
5
5664
11857
1213
733
1
25
254
74
147
2
788
21
2865
311
2
191
311
2
15
26798
167
10
633
12
461
31
4968
9
83
51548
9622
1
28
51549
1
1010
1
4
30
86
416
40
1305
743
2669
278
2
238
2130
633
16
8
387
13
41
37
34367
4264
62
51550
3
29
3
2056
0
6793
1239
1962
1239
5232
3
454
25
307
8
871
75
4084
3
1039
10563
4
123
20828
0
1977
11
41
500
97
431
2
14741
5775
51551
62
1821
156
105
9
70
9
83
129
25
926
307
8
1094
22
16
8
51552
31
266
4
3951
157
31
223
558
79
109
24290
4
442
9964
2
8
26
1914
13
214
1708
450
3
26797
454
0
5871
21725
26
1213
733
1
25
254
74
147
2
788
21
2865
311
2
191
311
26
26798
167
10
633
12
461
4
1305
51553
278


