144
4833
2566
293
16
23261
138
1
483
484
151
291
287
16
26051
138
1
483
484
151
65
1590
1040
2185
3
1800
19
2664
18
142
39
5
2512
469
3
5348
25
7
19
5555
3
8
4713
25
5
7770
8
11
53711
7
19
1255
2
5118
5429
1
3281
1
4567
5
5530
5611
34964
140
0
2757
6
105
9
70
9
83
1052
26567
19234
90
3439
3
5348
27
7
600
2
10404
509
4
10748
3068
306
42
1590
18686
7
4179
4
1933
55
3
325
27
2
5118
5429
53
93
51
1
38
532
20
12645
3476
8
372
1
572
17
1298
4001
3
105
9
70
9
83
1052
26567
19234
53
122
51
249
68
3068
219
726
3
5429
18
5555
7
53712
1
12645
1
21
10
1549
56
21
408
19
2512
1272
0
5232
17
19234
11564
28
25
2
12645
3476
8
372
306
68
3068
4
5429
20059
4
0
1590
959
3
1927
2
15
25834
53713
1130
184
17
0
34964
170
3566
3
27
1897
4
10
115
7128
7
1681
5508
5
195
2
68
4
271
3068
1
808
2297
4
1280
6486
1
1933
0
53714
3
20532
15842
7
12645
113
36
10
115
3
29
1640
1897
579
2
96
61
556
3546
3152
1038
3
27
1897
4
34
5
501
615
12
27
1611
7089
2
68
3068
78
0
186
14
56
21
1151
0
917
3
0
5555
21
115
5429
3737
0
1590
28
5
5232
2
10404
509
4
10748
3068
306
19234
18686
7
4179
4
1933
55
3
325
27
12645
3476
372
306
68
3068
4
5429
20059
4
0
1590
959
3
1927
5429
22
21
34
2457
3
19022
0
1590
28
5
1639
7
19
5555
8
11
5
333
269
8
90
5625
25
56
21
219
3
1266
52
22
16
8
15
1590
18
225
10
53715
4
25
592
2327
28
193
2
24
10
1549
1
24
79
76
74
354
25
2
52
34
5
2545
12
19
225
119
500
25
2
8
5429
78
0
186
21
7445
0
1590
3
8
4713
27
5
7770
8
114
36
887
159
3
0
2587
7
19
1255
2
52
22
21
34
2457
3
19022
0
1590
28
5
1639
7
19
5555
8
11
5
333
269
8
90
5625
25
56
21
219
3
1266
2
5429
490
1298
5818
1029
3
37
913
56
21
532
90
17779
324
25
10
5
8
128
10053
551
3
84
8
45
1243
450
3
922
0
1590
2
3476
3040
48
4
5429
10
763
21
58
32
1311
28856
2
6208
6
0
3828
2978
3390
78
59
16
8
104
33
662
21
10
450
3
922
0
1590
4
46
905
12
14
2536
2
8
5429
10
443
12
11493
2149
4
10
1122
3
505
3
186
208
149
11
4156
2
26
5118
5429
4567
5
5530
5611
140
0
2757
6
19234
0
1590
26
15
14190
9
83
1
28
53716
1
123
469
3
5348
27
7
5
5555
26
89
56
27
1563
306
27
18686
44
1933
55
3
325
27
26
509
3068
1
2162
1
20059
17
5429
4
0
1590
10
4822
26
5429
490
1298
5818
1029
3
37
913


