144
4151
14693
287
16
54985
138
1
414
460
411
249
0
2868
9
4334
782
6
0
4597
2010
3
4247
66
7
3701
3
185
59
1357
5
333
503
14689
21
2919
28
0
612
618
14
25467
0
14261
1919
1
38
58
74
2953
20
0
880
218
238
35254
3251
21087
0
1683
17
234
844
4
23
168
23
21616
27
8
10487
8
201
3684
1
36
61
959
3
124
888
432
2
7306
22376
9
22377
327
36
10
2249
31
5
130
1262
3
32
0
2868
11300
9
7
3909
6
0
2782
5505
3612
292
9731
12
0
2945
146
187
320
2
9801
218
16
1495
292
54986
1
38
10
11300
7
23
4597
782
12
460
399
1
13
22
3
29
40
34852
7
5
5033
4379
15
669
1454
348
11
0
3251
18
619
1
17254
3
4247
27
1
8
158
112
25
46
454
353
1320
5828
8
2
52
123
3025
14
21
58
1412
3
26349
3
6846
19
111
2285
12
5
321
765
953
4
934
27
99
3
0
321
828
36
34
3
84
10
5644
59
0
201
3684
3
185
11
2052
4571
2
52
123
482
27
5
897
2987
4
2473
20140
5835
8
14689
907
2034
8478
277
1
50
21
22
21
489
28
8
0
612
618
14
25467
0
54987
14261
6
6619
8
9
158
609
0
321
10
41
3451
553
7
0
765
6043
7
6619
2
191
61
0
501
978
14
1495
9731
13
669
2
24362
16
17871
49
11
984
249
401
22376
9
22377
219
3
1357
0
14689
25
1172
44
43
21736
4
36
10
10906
432
2
96
1159
3
811
14
44
34
226
28
27
10487
292
8822
9731
4
14
609
36
34
27
5632
20
0
2230
6
42
8
573
8
36
10
7363
6
19
28562
39
37
478
167
1059
17
59
2
852
3
15
1044
1623
1
1222
6
0
2427
13032
738
5
130
17
5
3700
7452
3
9731
2
401
22376
9
22377
9
38
20
48
71
369
4248
28
27
737
23
5
4527
3251
20
14906
54988
26974
5046
9
22
36
123
54989
27
10487
4
10
2187
14
21
10
38
21
22
21
10
4
86
17072
0
279
2
21923
364
14
92
10
5
5033
4379
500
0
7543
113
75
34
40
2249
31
5
130
8195
3
32
1495
9731
4
1514
88
3
1386
279
62
185
59
3586
5
7215
2
89
480
0
811
4
559
1191
0
3251
14
36
10
196
6
5
4379
1
36
805
3
354
25
4
170
2094
14
0
361
197
27
4
0
4597
814
13
541
2
8
1978
76
5
54990
304
29
86
194
3412
20
97
10668
218
1319
36
348
1
1453
14
0
130
38
366
3
32
9731
10
4086
9722
0
559
69
6849
21
10
5
54991
3
402
1842
9
24041
1157
3045
4
8
1231
42
361
8
1
301
3
0
26349
1143
2
96
61
22
14
112
4228
3310
27
1
25
58
794
27
10487
3
8
226
3
14906
8074
8
2
203
7
54992
482
418
362
3
703
401
22376
9
22377
3
688
3
6477
27
14
36
10
0
583
6
37
708
4379
4
14
0
130
47
35255
8
361
8
10
7
725
5
152
6
29480
27
55
6
27
6121
2
360
36
805
3
354
25
4
13
648
450
3
1251
279
12
461
86
14
27
8
1470
361
8
73
226
3
54993
3
124
27
23
3025
2
96
13
648
55
12
2149
2
26
1523
5033
875
365
44
29
40
2249
31
552
1262
3
32
0
2868
9
4334
4597
814
26
35254
3251
7404
3
354
3539
5
4379


