8126
3295
57
2425
2426
2290
1028
13
221
4149
358
2422
122
8127
1221
58
3348
2992
3349
37
110
288
417
14
8128
8129
8130
104
2436
2437
27
2520
24
8131
8132
57
8133
8134
5589
8135
8136
61
110
349
6092
8137
61
8138
6580
5
3343
3344
288
417
14
1876
218
23
24
5424
6511
57
8139
8128
27
842
128
2296
45
5336
449
1347
1533
947
104
24
8140
57
8141
9
652
24
4111
149
1399
185
76
24
1751
8142
57
3356
3349
27
2425
2426
37
77
57
3376
288
417
14
8128
8129
8143
58
2189
104
82
13
1955
8144
8145
69
700
71
44
8146
47
64
2426
1451
24
8147
8148
502
4128
8149
13
24
8150
119
680
9
185
7858
1785
61
129
8151
445
704
136
5210
61
65
24
24
8152
24
4305
3189
58
361
4007
91
24
2439
37
833
77
515
183
516
45
8153
1193
4031
57
60
27
251
2426
4855
750
8154
262
331
119
4310
2
24
833
77
105
24
6553
27
691
369
600
3108
13
532
8155
6841
34
612
8156
1145
24
1146
5
237
149
34
24
2425
2426
8157
27
331
119
110
8158
13
4199
183
5
288
6484
5
8159
449
183
27
187
149
2928
3189
1221
5
1533
57
14
8130
2236
9
628
629
45
4149
24
1785
516
4297
1193
1533
947
27
331
2425
2426
769
16
9
2459
75
8160
104
2436
2437
23
24
4441
201
104
24
4581
119
8128
8129
4111
149
1399
185
76
24
1751
8142
57
1785
3348
2992
3349
69
169
2
700
71
618
54
592
844
61
8135
8136
61
1893
23
1317
8161
61
598
449
14
725
2467
602
27
331
1877
628
149
14
318
628
603
8139
8128
5
704
8162
61
331
215
4042
27
331
7173
23
3396
27
628
1835
600
14
821
402
8163
4381
57
2425
2426
7173
6603
5
1129
13
761
821
1015
13
2426
2526
1050
27
628
278
144
100
1414
13
8164
704
24
110
27
331
119
4111
510
513
507
4615
58
3356
3349
37
43
769
16
9
2459
104
82
13
1955
27
119
8165
359
262
331
187
2290
278
100
14
692
880
13
3466
122
6256
27
331
2426
807
24
4195
35
266
5
183
87
787
23
1371
2846
349
8166
61
8167
61
5
8168
27
6092
8137
324
123
122
252
91
1955
64
3356
3349
37
8169
906
4539
246
2425
2426
105
8170
2
8133
8134
5589
8135
8136
246
187
8171
24
8147
8148
57
6764
8150
5
2590
8172
5
8173
246
119
8128
8129
8130
105
24
8142
57
3348
2992
3349
246
8174
109
34
1533
2425
2426
2108


