246
46
1227
0
5136
1553
834
846
6721
7
5242
1
17
0
1706
3
32
4127
20
12196
357
0
2875
2
5136
47
6378
3260
734
42
595
12
446
262
5
64
9
132
935
7
46377
1
5257
4
25
817
246
46
1227
0
46378
1212
11
0
87
71
150
97
21721
7
1870
2
375
18369
47
182
834
243
33
0
2788
846
3455
1
248
2176
3486
12
4818
7
81
417
47
368
7
14471
2
246
1394
14472
14473
53
439
122
51
6866
0
2918
39
2501
1268
7
0
5136
3915
468
368
15
1383
796
486
528
822
778
18
727
46
32
4261
11
0
5242
1553
834
6721
15
2632
1755
47
796
486
528
20
822
778
47
727
46
32
0
4261
11
0
1706
1
17
1662
61
428
20
10920
4
12247
14283
2
46379
623
3
32
157
3
1227
9366
675
9565
10030
47
32561
1749
1
0
5642
328
5432
3
822
778
47
727
7
4908
2
2044
1967
1
38
10
2943
5136
47
4521
561
20
0
1870
182
834
3132
39
1435
178
731
1
22
16
35
294
246
1394
1
24
322
2671
14
5136
30
2956
822
778
47
727
11
0
5242
18895
846
6721
2
35
24
29
100
1685
0
1706
46
355
282
0
1683
3
163
0
1737
6
136
3943
2
35
24
58
61
109
3
16208
80
217
553
7
2907
0
1706
3
246
1
24
29
202
34
0
1683
3
326
7
5
102
9
428
1706
86
0
702
11
136
18895
1086
171
32
1176
721
4
24
610
14
0
7955
10354
0
1683
90
9177
32562
12
19
702
6
508
7
0
1706
7
1870
1
79
64
82
90
21
734
430
23
5
1852
393
20
3915
1686
1
1967
176
16
35
9919
11
246
7
0
18895
3132
7
1870
10
1
20
0
71
1
0
46380
638
6
95
142
2
246
1113
1394
2044
1967
10
2943
23
5136
47
4521
561
20
0
1870
182
834
3132
35
24
923
658
508
1706
486
13
1274
410
3
1260
4675
1893
2
9919
7
3703
498
121
400
702
4
5
87
4122
6
0
3131
4
1105
6
508
11
212
264
7
0
3132
6
5
1706
2
35
1754
95
547
6
1106
1
24
115
0
702
20497
2
24
73
170
1714
14
1299
66
124
56
457
33
159
168
23
60
2651
1391
0
1706
2
35
104
1117
342
3
5257
1
0
12023
4961
1
7
0
2335
9
368
1
45
9355
99
17
5
400
174
1124
7
0
439
4
1455
242
326
9
103
229
1
2501
1268
4
24
10
6608
511
3
2277
5
3355
9
46381
1967
1
38
116
19
412
246
2012
0
262
70
1
176
16
35
5493
99
98
24
58
161
14
5
561
5531
1706
486
23
390
23
44
73
13
5
2904
196
6
5
561
47
1831
2
35
101
95
276
24
10
344
3
256
95
702
6
1870
7
0
1686
18876
7
4753
17
0
1113
246
28364
15
14074
13
92
11
0
246
1108
6
5242
3
12255
0
2748
8931
6
2640
7016
1
6683
25944
1
1901
4888
4
1011
1
38
3340
0
2918
81
70
7
14471
2
1765
18
1560
46382
53
93
51
3340
0
2918
56
21
12940
246
1553
834
18
7
14471
7
526
1967
176
16
35
11269
0
1706
81
70
7
14471
30
958
14
60
29
125
400
3630
1788
11
246
4
627
162
0
571
2
6410
60
73
722
48
755
6
1216
17
80
6
136
1831
46383
1383
6208
4445
5429
22
39
0
2593
16
35
24
58
109
3
2928
0
5136
519
4
19
1074
2892
11
42
337
2
35
104
5186
48
3539
56
68
46384
1588
822
778
47
727
81
484
4
21
10
128
1503
9
41
79
63
0
172
1108
3943
45
61
0
4644
1503
1831
2955
21
115
2
35
104
413
0
18895
3132
7
468
4
526
1
4
1561
0
2335
9
3132
7
411
86
4410
0
368
726
11
0
87
71
750
1378
2
35
57
46
14218
136
111
246
4511
4454
17
97
3948
6
1408
3
355
247
1
5389
335
0
237
18896
3
3822
42
412
46385
18369
47
174
33
648
7
0
1087
6
6389
11
0
1668
18876
7
25490
1
17
246
14932
17
3141
1
14529
4
10329
7
0
5230
6389
726
1
12
102
6009
1
3
32
4127
7
359
2
26
15
1383
43
4069
3
1227
0
18895
846
6721
7
5242
26
246
33
1043
3455
39
4424
0
2918
7
14471
81
70
26
15
1706
3957
99
3
1870
4
10
61
413
31
246
7
468
26
15
2291
1706
46
154
242
7
4
140
0
2875
329


