9003
6995
8258
5490
17
2315
10183
1
17
79
5
17767
6
3855
38332
7
0
4308
53
112
66
73
51
1
4
66
382
213
2315
13367
2
294
541
9
142
38333
4
7807
165
1
44
84
74
228
226
2959
85
48
1
1728
41
112
60
352
1359
3482
2902
912
9
114
2315
12392
4
7876
765
12141
1
425
4074
2931
2
191
19
4074
33
1657
2
308
382
1131
214
125
6
88
7
868
3478
199
23
12146
7754
1560
2
2315
13367
53
528
51
13
562
23
0
6995
8258
6
765
1633
4025
7364
12
2424
7
8259
2780
8957
2138
8
5899
8
1
137
17
54
6
2315
13367
18
4074
4025
7364
497
3
10836
17
19
3734
1
12
2424
2780
5899
1
207
120
353
1320
2740
8
828
217
425
650
3262
56
44
3465
49
0
4074
7
7754
1560
9
217
43
95
2785
1
8
21
131
9343
2
4460
21
12
569
218
1213
733
21
10
2
8
24
143
5
547
6
91
92
11
385
109
14
2
982
33
2478
1633
1
907
5265
6
792
6
1642
2
24
351
92
3
143
662
14
56
5
771
131
1
240
20120
25
49
307
240
100
54
1104
59
253
5731
2
8
52
30
8
2483
4074
8
9
112
66
73
84
199
5
551
9
3
0
237
7
0
656
2
8
1786
6852
53
38
3430
7
12146
7754
1560
51
10
8699
20121
2
52
18
810
5
11548
430
1
4
5
541
12036
1
17
5
5549
11
683
2
8
191
4025
7364
53
38
18
800
40
2780
3101
353
1320
11549
5899
51
1624
19
38334
2
52
18
213
5
541
1333
2
20122
24
351
12
207
17
75
109
14
44
352
300
3050
7
942
110
24
29
3
161
2
8
2315
13
627
55
6
0
14520
11
19
220
3766
754
7
5
111
695
180
20123
17642
1786
6852
4
19
1721
317
12
54
6
2315
18
4074
7
12146
7754
1560
2315
1
2764
28
160
45
98
428
7
8201
1
13
627
55
6
0
611
172
14520
11
19
220
3766
754
760
9
20
0
9115
6
5
111
695
180
20123
17642
1
5494
19
2175
357
0
172
3564
11
1473
4
1072
9
38335
4123
765
10184
2
57
18
5
1084
6
10837
10838
17
3807
1
50
445
2685
109
5
11550
961
11
5
438
695
45
23
25
2317
13
810
5
7563
9
2931
1763
3
2315
18
15985
11
2381
5295
6859
17
8976
5602
9656
2
57
18
41
253
23091
1346
2
3240
92
18
810
5
706
6
1222
6
2015
1638
450
41
3
3465
42
220
948
103
1
4
5
130
38
2965
21
18
1257
7200
450
1
4
2036
1
3
124
3
10836
17
5
8208
15986
9
8536
2
89
150
21
3899
49
17768
25
140
5
1267
1
25
254
74
154
1403
253
1753
2
2315
13
5
179
38336
430
45
19
5549
11
80
457
765
309
20
5
247
512
2
8
24
34
37
10813
1914
17
5
38337
1158
20
0
512
6
452
1
4
92
10
100
2415
99
2
8
144
485
21
34
19
87
27564
27565
1442
6
683
7
19
844
7
0
745
6
5
1036
7564
2
8
24
1477
424
5
260
12
0
152
3
164
274
132
4
2205
14
92
43
28774
9116
7
48
23536
7564
2
24
10
5386
31
25
2
2315
30
40
6505
868
10184
150
0
512
6
485
8
380
0
81
132
6
3334
164
24
12393
49
0
5062
3
1821
0
1040
112
24
76
1160
25
103
59
2
52
3294
0
28774
55
4
22
1
240
8625
25
240
2
24
382
202
4913
14
1299
2
2143
24
981
213
5
1036
7564
1
24
404
5
257
54
2
1437
24
309
3918
49
1337
6272
1
38338
2067
14
18
129
25
309
2
8
57
10
74
1093
23
5
656
8218
1
45
56
21
224
69
5
431
396
6
1337
6272
4
786
5
333
12
21
467
3
3203
21
76
143
5
576
28
500
110
21
2526
2
836
21
10839
5
174
6
1638
1
4
386
44
17769
0
172
11
2497
1473
6923
6
8208
10184
2
8
221
18
170
37
4035
396
6
3364
55
92
1
8
21
131
2
8
104
352
1820
3947
457
7
3141
20
0
977
1
4
5503
13
9403
2
15
425
4639
33
7
1249
1
2237
4
1304
1
113
10185
33
2874
3
503
1297
6
792
11
5
1442
9
2842
72
4301
62
72
6617
11
5
3734
2
8
5373
44
1
28775
1
1221
140
42
425
4641
218
8
871
84
1
3860
2
590
125
1
261
33
79
38339
2
89
0
645
10185
29
1600
8700
1
13992
2
8
939
18
0
5191
11
2315
218
8
57
18
63
1272
48
1442
6
683
1
28776
0
1442
6
1984
23
25
10
1
317
25
2206
3
5900
25
2
4461
66
73
1442
386
0
1600
804
16
1751
63
0
447
38
58
29
2367
7
0
937
1
38
2505
239
7
25
2
308
73
1698
0
5817
4164
2
57
18
128
8916
2
8
52
473
4746
19
1633
20
23537
4
332
9
4
30
614
17
4864
38
183
67
85
21
46
388
84
63
110
25
10
109
3
4290
0
4452
2
8
387
73
32
2286
1076
2
8
788
129
254
54
165
63
17661
5
3101
353
1320
765
937
218
15
87
3805
332
282
2
57
1250
2315
3200
103
3
28777
7
7853
6
385
180
5
23538
9
8
5382
5
1036
937
14
18
41
194
67
85
5
17770
12
6889
8
2
2315
254
74
1450
5
1415
6
864
53
8
57
18
2090
129
416
66
73
124
17
619
15987
8
51
1
45
127
80
0
3324
21
3503
430
7
5
15988
83
4144
28269
7
9354
20
0
128
937
21
10
350
11
39
1265
25
7
37
83
1818
2
2315
18
4074
29
532
7
3478
199
23
12146
7754
1560
23539
1
25
829
109
5
13368
83
6623
6
13369
2
8
38340
1
168
1
24
981
448
25
67
13368
1451
1
8
21
131
1
0
8260
170
28778
2
8
38341
43
5382
20124
1246
157
31
0
8956
1
4
24
29
5
1818
6
54
204
7
522
17771
1
39
0
3407
6
38342
2
8
139
737
2480
9
1022
1111
13
41
23
3449
330
23
605
28
0
894
1
199
23
217
20
38343
4
38344
1
45
1638
354
25
3367
5
1185
986
7
0
868
1
2370
4538
14
0
513
1539
76
1017
103
1509
1036
3178
9
1150
2
139
1787
23538
13
1505
12100
1
131
2315
2
8
15
4538
6
97
683
9
0
1818
17
97
17299
9
8651
0
2343
162
0
2352
2
8
15
14395
725
1
6
733
1
13
14
48
13370
1442
6
683
30
40
5074
4613
7
5
5822
18
9117
11
0
424
1913
82
2
3250
4996
2315
13
472
7
2113
23
21
18
531
3
25
4
867
3
5516
25
2
8
24
29
74
40
48
2831
150
95
897
166
1
8
21
131
2
28779
1
0
2466
9
1950
3242
3
48
804
254
74
1342
2
15
5822
1
38
254
74
1608
12394
3403
31
0
725
21
18
1853
17
5
130
38
1624
1786
6852
1
131
5
38345
8
28780
1
28781
8
56
2315
2010
3
1160
25
2
2315
800
7805
4074
11
0
2780
6
0
611
5899
2
52
5143
11
37
1600
6743
6
88
3
32
6854
28
19
102
7
8201
3
0
207
7
5294
9
20
0
752
6
5
3387
72
463
341
15
1625
2465
2315
1621
67
4
67
8920
23
21
3558
0
968
2
939
18
25
882
907
218
8
15
3071
18
0
2940
1
8
21
11294
1
7484
55
14
38346
9
2104
38347
1
340
48
6624
19672
1
73
165
11
7
5121
6
72
7474
2
89
28781
13
41
11
28782
1
4
2315
13
680
3
517
3207
9
1258
2
8
57
18
2287
1
8
21
11294
2
8
89
20
568
24
183
25
18
92
2
24
183
14
48
13
95
656
1
45
0
541
5549
11
121
13
7
0
2631
2
191
24
115
25
2
8
861
37
1072
12
0
3088
5705
1
609
1
21
923
3503
9
4
8035
49
11
1
38348
1
72
7190
9
216
23538
1
17
0
610
6
14521
25
4
1045
25
7
5
765
1352
2
939
2317
56
21
1512
48
797
102
3
19
9513
218
3600
1
25
18
310
3
29
14077
10186
1
6
733
2
380
0
132
21
18
434
3
10626
25
357
5
4167
1
158
21
13
5225
19
23540
2
8
139
76
8701
1
8
21
131
1
23
381
2150
3
15989
7
2
8
281
25
254
1
24
445
23
168
29
2256
0
72
7190
7
0
4167
2
8
20123
17642
2150
12
384
555
1
259
826
12
20125
15
279
1972
844
7
48
656
13
3431
6103
2
2315
30
800
7805
4074
11
0
2780
6
0
4025
7364
611
5899
2
52
5143
11
37
1600
6743
6
88
3
32
6854
28
19
102
7
8201
3
0
207
7
5294
9
20
0
752
6
5
3387
72
463
341
2
8
135
404
125
1504
1036
1633
9
14
18
109
450
3
325
316
38349
3711
2
1437
66
29
0
964
6
606
4
12395
2
38350
254
74
226
4076
2
8
378
102
21
18
330
11551
23
17150
1914
4
19
8557
2136
3
32
810
0
1359
547
2
8
2866
70
24
84
5
765
163
7
3486
4
44
882
1386
0
3124
1539
77
3
3586
0
1633
2
387
2472
810
5
8896
7
95
15990
305
1381
2
8
191
110
254
19
227
143
6
19
5549
218
8
3600
1
36
254
74
1016
25
2
104
29
721
4545
3943
11
80
0
4074
4
36
2094
14
0
2397
3364
1
4
80
95
774
2829
1
764
55
6
0
260
2
89
36
73
1221
5
3734
2
96
1704
30
3
8668
4
17772
88
112
24
351
184
12
5
919
1
86
36
18
810
205
20
25
2
57
18
5
17773
6155
3
29
2
8
20123
17642
2150
12
506
384
555
20
259
826
12
20125
53
20126
4281
2537
51
26
2315
13367
30
300
40
10124
31
8208
38351
26
52
98
750
5
576
28
19
5549
1
6518
4074
3
611
2180
26
38352
14
29
1890
19
4074
675
12146
7754
1560
4
5899


