10770
22047
37
1225
8999
57
22048
2171
2291
23
12473
172
104
290
291
37
27
143
23
668
172
61
183
149
24
1955
21812
129
7936
158
185
64
215
1841
54
2768
1034
1876
27
162
166
3133
61
24
22049
9
2033
2182
445
104
704
1011
10215
4441
201
4798
23
54
4233
13
4568
3225
34
4085
1322
27
10770
22047
1841
14
2768
1034
1435
1876
23
11281
57
4085
1322
331
413
1431
99
100
1586
183
13
799
82
27
1134
87
82
61
331
22047
330
104
170
9
227
123
1955
37
916
9
2459
22050
75
2974
27
331
119
8638
5
6709
628
696
813
185
237
238
99
100
2471
1502
5
2471
1098
5
886
61
40
628
696
105
707
715
5
272
5
707
2002
77
278
100
3330
22051
27
691
696
2072
846
2050
27
331
119
8638
515
628
696
813
87
455
22052
13
71
2938
1652
218
13
850
14
1689
32
5131
776
2
3976
1185
4339
2
3976
61
818
628
1028
13
442
1812
5
442
1415
334
1029
13
3976
27
119
791
1955
62
1841
54
8999
104
290
291
37
1050
8160
128
6237
158
58
54
1225
8999
1145
705
4441
201
1675
331
7173
99
100
707
562
40
646
87
562
58
2526
27
1134
99
100
334
1225
824
27
143
628
840
13
3531
405
227
5
2391
33
185
183
5
12342
3858
183
32
257
27
143
628
629
4149
628
706
2391
33
185
183
76
2508
22053
27
331
6952
9612
22054
149
94
24
791
77
9
78
129
6796
22047
13
290
291
37
61
76
22055
22056
663
23
1848
27
10770
22047
1663
2768
2313
23
6324
1267
13
705
4441
201
2439
61
4126
1411
9757
5
1851
2313
14
257
34
4085
1322
1428
27
3116
532
133
1533
1366
3613
22057
27
3116
15197
3210
331
22058
1389
1479
331
13
22059
69
1312
5127
61
331
22058
1389
890
331
71
27
1335
723
718
15197
4205
4816
3587
61
24
5009
718
107
1142
104
22057
27
246
2036
1955
62
1663
2768
2313
23
11281
57
4085
1322
246
22060
24
1876
2535
705
4441
201
1675
104
290
291
37


