258
463
464
3968
261
262
51832
264
61
1507
891
558
268
269
262
46498
264
61
1507
891
558
1486
635
634
129
81
3225
23
14
51833
5973
2290
1153
183
13
4658
4335
1185
192
27
842
37495
51834
61
4884
61
3921
54
2460
23
51835
61
6372
61
91
18337
54
2947
2768
5398
13
122
1093
61
28373
61
15
61
129
87
5121
40878
27
37495
330
262
331
628
1545
13
748
183
13
542
27
628
638
244
639
496
13
1018
76
183
27
331
19747
262
20885
9
506
9
2033
37495
51834
61
324
174
61
11617
2947
2768
5398
3225
13
54
2897
61
316
9
506
9
2033
28373
51836
61
324
700
61
129
149
4001
76
40878
14
2347
454
495
9525
81
262
119
3370
2048
24
3225
23
14
51833
5973
8050
91
9149
51837
37657
923
28373
37
2255
61
51838
51836
61
12318
23
24
290
3348
3801
9
4595
1348
37495
10952
525
76
54
6173
27
842
926
3818
926
604
648
37495
516
81
27
331
396
330
262
331
6914
822
41099
825
2947
2768
4658
28373
778
331
27
628
629
1294
30634
91
158
27
3116
1431
47
5
15197
54
20511
1184
87
4529
27
331
119
51839
61
51840
5
1793
622
775
105
100
5812
3225
34
36104
34
4489
331
4085
61
14
4156
6048
4249
13
1319
61
34
1533
1284
14
506
1347
3400
358
638
244
639
2938
76
24
3582
27
3113
331
2863
262
37495
61
700
61
10952
28373
37
2255
51838
61
174
61
76
54
6173
58
215
2048
24
3225
17665
262
28373
87
253
3981
21617
34
525
40878
61
502
149
13610
23
1072
33324
262
119
775
3320
24
11527
11556
104
24
1806
27
251
125
1435
17948
24
20396
187
149
244
641
15648
4942
13
14733
28373
37
344
10428
4820
515
24
3370
37
448
510
525
13
290
3348
7670
37
7628
575
926
149
4001
76
15048
40882
40878
23
11055
187
87
24
594
1474
163
4001
23
272
5
99
14
1298
1299
1300
14733
5830
27
6580
28373
87
1094
17138
758
13
322
61
502
926
825
278
13
1359
34
449
316
9
5
9
14
9
170
494
27
37495
37
20396
99
433
24
311
57
51835
11199
23
25469
61
502
17948
24
3370
37
2947
2768
27
251
111
23
7144
99
663
781
13
37495
5
16429
158
76
2947
1469
27
5881
15105
61
14
1609
34
9149
51837
37657
923
61
502
8050
24
51833
5973
61
330
262
331
187
37
144
24
48838
1017
515
215
37
100
2505
704
2157
34
525
27
331
331
408
2168
28088
22111
1348
610
944
27
628
1018
244
639
1193
14856
9
17012
129
516
1018
237
27
331
37495
51834
61
4884
61
11617
2947
2768
215
2048
23
14
51833
5973
13
28373
51836
61
15
61
324
61
129
99
24005
246
37495
51834
61
2
51835
61
6372
61
331
11228
331
2255
57
730
76
20396
246
2947
2768
17948
91
2639
9
16301
6048
51835
11199
23
25469


