1134
87
24
508
469
57
24
500
1611
4059
129
1663
868
2
122
2425
7160
1563
13
8040
13
1510
331
19399
20910
331
27
21202
43517
61
6324
61
87
391
13
278
423
13
24
5017
9
7474
1566
35
506
13
7180
76
8035
1060
8112
61
5
87
1094
1377
2
1905
13
24
1428
27
364
3133
495
54
468
5904
16006
5
43518
61
365
2584
61
129
278
265
5091
1411
542
61
26884
133
57
122
16231
123
24
2356
316
3133
495
5
12571
14
1941
13
13348
27
691
369
935
648
13
278
8409
43519
13
8040
5
289
122
448
13
377
262
331
408
2354
45
2467
33
331
27
521
159
34
522
14465
262
21202
43517
61
6324
61
552
468
5904
278
857
158
13
8040
61
87
334
5589
104
33455
24
36467
5
99
3469
23
7812
6465
10149
91
4606
4166
618
24
1876
262
16006
69
174
71
5
43520
43517
69
700
71
61
129
35
2157
6599
265
5091
1411
542
61
174
122
5880
82
23
24
6666
57
24
2356
5
433
14
1941
13
13348
61
484
22141
24
8404
13
8040
1605
6465
278
3283
122
469
21202
105
6599
405
14461
34
54
7410
13
43521
5
11909
24
36467
61
502
2859
104
24
636
57
360
27
2906
57
24
11703
61
10149
91
13812
57
4606
185
7812
61
3193
158
5391
23
28135
1853
3440
5
1347
23
20444
61
575
215
99
2048
5414
57
1145
1389
5415
27
162
32
1045
215
3529
834
215
105
2859
33455
5433
2
24
4797
767
2
24
636
57
360
27
162
24
522
61
21202
61
129
149
3132
23
2814
40
4534
13
327
1348
215
149
1519
363
61
1520
262
331
1307
628
650
109
13
24
1428
515
37
1348
1022
2168
14
2549
1533
11033
27
331
1003
571
4032
14
276
23
11558
61
183
149
2471
11033
27
5220
1267
14
632
610
1129
13
738
27
16772
1413
4615
14
257
27
331
4386
1129
13
107
612
257
445
27
331
396
3545
834
215
6139
2
4033
32
844
57
24
36467
14
257
331
13
360
1185
190
4142
331
61
8282
183
64
331
14
8999
331
27
143
91
24
636
57
145
215
105
43522
24
1016
767
27
12647
215
3577
215
2168
477
104
2195
502
331
623
158
821
822
331
13
331
444
226
331
104
183
27
2952
19523
515
215
663
99
14
318
27
842
6329
58
24
522
149
971
35
2157
215
7682
13
8040
13
7180
76
8112
27
43523
262
21202
43517
6307
449
54
562
23
2814
5
935
24
1428
61
484
4043
215
477
104
2195
1707
22901
262
368
288
719
1775
24
1563
27
119
1581
33
5
918
17645
288
18741
76
22022
13445
6492
5
272
37
17539
4335
1707
278
330
24
4059
331
6120
3447
14
1206
13
2786
5
24
356
331
27
2617
43524
43525
61
5555
61
129
623
7492
24
2482
34
24
5712
3111
57
3440
61
330
122
469
11
2031
104
24
8787
43526
32501
23
8261
15472
61
575
24
28215
571
149
330
13
8164
24
36467
27
2617
43525
61
2
43527
61
2425
61
330
262
1687
21202
105
14
692
10489
5
1129
13
68
2031
104
14
125
9157
123
21494
27
628
750
158
515
215
105
24
23357
57
14
692
6292
5802
61
3924
64
215
44
43528
24
36497
2617
43525
330
43517
105
750
158
215
105
100
1241
6407
23
2814
61
5
737
13
1306
54
4729
104
14
3733
23
17190
27
842
215
330
24
393
105
734
647
24
522
149
971
35
2157
27
1687
628
8779
215
21202
105
423
13
43529
64
628
278
45
719
158
647
104
24
9157
1185
1145
43530
61
215
330
27
1687
396
149
45
9211
104
704
23
54
6703
27
628
847
1013
1014
54
485
44
107
433
47
23
1407
1030
13390
162
24
522
61
21202
1520
54
571
5
622
485
273
718
704
43528
24
36467
27
396
330
215
2859
33455
183
14
844
104
14
227
1348
215
149
1507
5
215
44
43528
24
1016
767
91
636
57
145
1221
4033
104
1060
7994
58
276
1185
9157
190
1267
14
632
27
396
330
215
2859
18020
622
272
104
24
636
57
2584
5
43531
24
5712
19301
767
705
890
1267
13
442
183
817
23
54
1027
27
2617
43532
638
45
639
24
557
57
21202
912
485
27
187
87
45
3466
1720
215
87
24
469
330
13
278
1921
24
4059
13
1510
14227
8125
27
246
21202
43517
61
6324
61
87
1094
1377
2
24
1428
34
2050
13
8040
13
4458
8112
246
11041
571
57
32
87
14
229
5168
129
43522
24
36467
246
396
99
2048
16034
23
24
1428
5
663
23
20444
61
16184
1389
5415
5414
246
396
7682
24
1428
35
506
5
54
5904
16006
5
43518
61
365
2584
61
857


