4338
15454
494
57
503
3059
634
23
24
35696
485
61
709
32
648
24
1462
7210
516
107
14
730
27
842
935
34208
6134
149
3132
61
13
24
3310
57
448
22741
5
3325
27
579
87
24
55
730
23
360
7363
57
35697
61
129
278
1013
6796
14
416
57
24
5865
3219
13
24
485
647
24
7764
57
34208
912
2508
9
2508
3246
13576
23
35698
27
589
35696
61
307
61
14
3355
3634
4560
61
330
262
1687
628
638
1013
532
133
496
610
288
722
104
24
8914
652
628
1545
183
13
107
14
2021
27
1447
912
14
1842
57
7079
185
707
83
57
24
485
40
2185
185
3325
912
83
27
34208
6134
87
24
55
730
3132
23
24
35696
485
647
35698
61
324
76
448
3325
5
22741
3325
35696
37
2508
7308
7515
61
174
61
5
7308
7833
61
700
1687
628
3556
1869
515
24
3219
57
24
3059
726
1533
2
24
5786
83
818
610
638
1013
5928
183
27
1003
583
87
32
57
166
634
61
54
6666
469
99
2168
166
634
61
818
646
87
45
14
730
23
35699
22741
5
3325
61
307
61
14
3355
2722
5600
61
2
35700
61
6084
61
129
663
278
14
166
9
506
9
2033
688
61
4961
61
330
34208
99
100
1687
21624
35701
91
2670
647
525
7764
35
751
27
589
35696
330
262
1687
9939
1622
183
13
107
2276
627
27
408
369
704
2236
108
5
10792
87
12940
4301
1022
27
1687
628
1019
704
612
485
369
3632
361
644
13
3048
23
24
4301
4813
34
14
1292
27
4961
5960
525
401
5
2236
1577
58
31664
1877
24
7764
57
808
35696
37
2508
9
2508
3246
61
24
1364
7363
23
24
35696
485
278
3866
262
259
69
35702
9
11446
71
61
7515
69
22557
9
13060
71
61
7833
69
12525
9
10714
71
61
8449
69
34638
35703
71
61
808
35696
149
3132
23
20105
5
24
35696
37
7651
318
4961
149
3132
23
555
27
34208
6134
61
324
87
24
55
730
23
24
35696
485
13
107
3132
647
13576
23
35698
1134
467
1046
259
3322
61
3325
37
2508
2508
35704
61
1083
54
571
8449
61
76
54
7833
61
54
5014
571
61
6266
5
54
2508
7308
7515
61
700
589
35696
330
262
331
408
369
704
2236
108
5
10792
87
12940
4301
1022
27
579
37
3769
21624
27
331
1042
6922
4271
87
53
47
57
853
4301
35705
5
662
27
579
99
4301
31028
23
525
1547
5
4348
57
4301
27653
12515
27
331
628
1019
704
612
485
369
2236
3632
361
644
13
3048
23
24
4301
4813
34
14
1292
27
331
3325
87
6602
5
215
2403
525
54
577
853
479
577
27
4961
5960
525
401
5
215
2236
1577
58
525
27
577
34208
149
3132
185
4824
2431
104
10756
35706
7175
61
23
6084
61
2188
608
3583
2213
31806
27
589
35696
359
262
331
579
650
2236
182
27
628
149
1867
1145
24
2083
185
24
1750
296
61
935
650
82
5
3832
628
149
23
5774
5
183
149
16490
2471
182
27
331
579
149
3132
4205
1229
7764
5
926
149
3132
23
525
1229
10934
89
24
35707
8766
61
502
149
2236
796
34
707
583
13
850
9
183
37
2150
13
107
539
27
331
628
1019
24
7764
116
944
1533
449
525
361
14
730
1284
1644
6261
525
3555
331
628
1019
1222
610
105
100
1193
147
926
516
244
278
100
3132
23
24
35707
8766
27
331
579
37
15003
23
104
82
2236
758
5
926
253
13400
4884
3583
890
31806
27
331
408
728
144
818
108
13
278
14
5635
853
485
5
610
2245
1088
539
27
331
246
34208
6134
35696
87
24
55
730
23
525
485
3132
647
35698
246
3325
5
22741
35696
288
23
1306
2021
76
122
3059
730
246
993
122
485
5
486
1622
515
24
582
7210
516
107
14
627
246
1882
13
589
35696
262
331
187
87
692
13
3048
23
24
4301
18644
331


