6254
87
1481
13
4568
24
5137
23
8040
91
3223
316
19390
5
14
77
57
1962
22514
13
24
25260
9
7474
1566
27
119
1454
87
9550
13
4568
12883
1411
14249
5
4772
515
288
253
2329
175
18
6254
37
1875
2002
34
3989
25261
8072
9
17168
37
25262
6418
27
6254
330
1671
183
149
2522
13
3307
22514
13
8040
23
501
183
4995
13
2648
1579
9896
5
3051
1240
2
1579
2804
8807
4618
23
24
12404
9574
57
25263
27
25264
262
5797
25265
6672
2
14
1071
23
25266
25267
9
25268
23
24
1032
57
25269
27
119
829
13
3307
316
8944
19390
13
8040
87
4149
13
4568
12883
1411
14249
5
24
4772
64
24
25270
5923
185
24
4374
57
8040
27
2520
434
262
1178
395
4487
2
6010
1767
407
91
25271
1840
7245
502
1046
25265
5721
2
17754
23
14
25269
12007
27
3989
6216
1520
215
87
2246
14
4098
12632
718
107
1142
13
1029
24
25272
57
2278
23
8040
842
405
2603
14641
1850
24
737
19231
64
14
3466
8802
13
24
2572
5
1579
2603
19402
515
14249
516
45
17406
1193
2734
1203
5133
13
1029
24
9860
5685
11379
185
14120
5602
23
8040
27
3989
6216
61
1461
25273
9
4137
76
8944
3989
19003
19004
23
5165
25274
61
4745
61
1671
61
7149
365
4781
288
1950
185
14
331
4098
5579
331
13
1728
24
25270
27
951
4943
149
53
57
24
616
515
278
24887
24
316
2846
1185
185
6254
37
19390
4734
27
842
23
496
44
107
14
1862
57
2541
61
358
3806
24
8089
308
2831
4330
122
2534
4929
27
4338
316
4615
57
6307
185
24
4480
57
24
25275
5859
8114
61
3744
1411
24
316
43
373
3469
12075
27
25276
607
262
3989
6216
61
1461
25273
9
4137
76
8944
3989
19003
19004
23
5165
25274
61
4745
104
24
25275
8114
27
6216
330
365
4781
288
1950
185
14
331
4098
5579
331
13
1728
24
25270
13536
61
122
1105
3856
14
16139
3289
34
365
2846
64
358
25277
24
5483
515
6254
37
3017
24071
23
24
8036
326
44
2167
89
5832
5017
27
25278
262
8089
3989
25261
8072
9
17168
99
100
6903
57
13300
1101
23
24
8036
326
76
54
7185
9860
11379
185
3295
999
155
4855
149
11420
35
2356
64
3091
24
8944
22514
288
361
1391
13
8040
652
24
24064
4789
24
1202
87
8659
13
25279
24
2426
17391
1170
5717
91
25280
11658
13
1203
2175
27
1843
5815
87
515
6254
87
2189
14444
23
24
7116
8089
6418
37
7410
13
5509
922
772
34
822
849
27
331
408
1393
2648
133
11638
61
331
15236
4053
19003
25281
61
14
7163
8944
90
765
8789
61
149
11420
64
586
35
2356
27
331
408
1492
244
15729
24
25282
5
825
13318
542
2
24
10948
5314
1222
9683
61
331
215
359
27
6254
553
32
57
8040
37
594
25283
19402
5
99
6586
25284
1581
8043
57
6300
5
155
1240
27
1295
61
24
2572
99
747
13
12249
4678
9
17168
21497
23
398
13
1790
14
25285
7180
23
502
6283
61
6254
5
819
12249
32
83
5
3699
5
18756
8073
3752
12249
24
622
27
4816
35
632
61
24
25282
3250
2572
1400
515
183
149
3223
1318
13
442
21328
47
17168
37
4929
27
7100
3085
2615
4803
308
278
1077
23
7464
515
24
4744
4789
87
13068
89
5832
5017
27
25286
262
8089
5602
25287
14
12007
57
24
7074
1032
57
25288
25289
76
14803
434
185
3094
2978
61
3319
890
18733
349
14
635
730
61
14
15790
1060
330
246
25290
825
4568
12883
1411
14249
5
4772
246
6254
2522
13
3307
22514
13
8040
13
2648
9896
246
14796
377
183
1046
6254
825
45
17406
6334
23
8040
246
6216
1520
215
87
1950
76
19004
13
532
4098
5579


