3291
16
4518
4681
11447
3752
3196
0
423
397
262
19
5255
81
149
13351
7516
11447
3752
35
34479
4518
397
17
37
3217
16745
15130
20
0
423
4
0
4688
38
840
934
63
19
15107
2
68
3752
10
1410
31
0
255
17917
2695
81
149
39
1298
12732
20
0
423
47
1059
31
4429
1052
4251
23
35
51882
380
0
222
132
21
61
213
9050
7
37
9020
17
2275
2017
689
2969
509
16970
2
2241
21
22
21
58
1629
23
37
1805
7516
268
208
70
47
846
3075
5474
1
892
21
46
35
51883
1065
5
423
848
2
101
5
51884
9162
6175
21
78
0
749
21
10
98
1734
6
317
49
1163
1
1453
14
35
509
16970
445
32
0
87
16804
1
112
25
13
141
95
220
423
51885
2
318
4748
817
14
178
6
0
608
4279
31304
4242
7
746
29
98
13242
298
17
0
2747
2
68
3752
13
952
17
423
464
45
19
10570
9
7350
270
3885
29
40
0
1416
6
1073
26202
3
4279
47
3021
23
25
2865
3
11585
5
67
1421
270
787
2
674
215
21
7734
4601
6
5803
31
6589
14
1607
1469
13
482
3
35
8362
8362
51886
2
52
30
61
17976
223
17
5
695
6
28994
3176
1
173
324
16
35
24
79
84
141
181
44
2493
374
0
16267
51887
9
5
5222
1183
14
14805
531
3
19
15107
2
249
1052
4279
4251
20
5
6786
935
81
437
2658
44
43
253
2112
3
35
2493
374
0
51888
68
3752
2658
16
35
15
471
13
412
6
51889
15
12367
10
1413
23
5
3129
45
7734
5
559
1666
1
1303
23
68
3752
123
312
68
16970
77
0
251
17
5
4279
1059
1238
363
0
6786
770
7
5
1263
63
5803
2
26845
16
4518
7516
11447
3752
22
37
770
3
3568
223
7
4171
10
8
412
6
34480
8
90
1840
6989
6
2275
441
2969
509
16970
53
93
51
9702
423
1077
2455
3474
22
68
3752
47
8557
34
35
22790
6003
6
0
423
47
1717
1059
1
4
21
10
1410
28
0
423
79
64
269
39
1075
19
23295
1918
23
4279
47
1480
479
2
101
0
424
4279
30
2671
7
91
10268
12499
2
89
0
3021
13
450
3
5665
5
67
645
787
7
0
389
9
49
3
208
70
47
846
3075
5474
50
25
890
25
76
313
2
18291
16
4518
1077
2455
3474
1
137
1
30
22
21
13
8
2426
8
3752
30
93
0
423
68
3752
1
37
7516
11
1810
4
0
12085
150
1686
1
397
22
0
35
155
51890
10
35
41
228
122
11
121
156
31933
2
52
22
21
58
722
3
337
4279
1
45
805
3
2810
55
1433
23
37
1805
208
70
1
324
16
35
7459
161
51891
2
101
5
565
21
22
16
35
24
29
809
11
125
71
98
14
0
155
4279
13
41
228
122
11
121
4591
2505
85
155
681
10
122
11
0
6587
1166
15
10305
6
51892
1319
51893
68
3474
1
38
4390
5
1589
17
68
3752
7
9142
1
22
21
107
41
188
3
177
19
83
427
2548
55
6
0
423
10259
23
21
34
41
5490
0
1718
6
5661
62
5803
2
52
22
16
35
24
659
128
2426
25
30
226
3
48
1
21
47
40
17
282
11
414
82
1
21
47
2367
7
0
846
3075
150
1686
1
21
1584
639
134
153
890
7
850
4279
2050
11
4
21
47
40
5
205
1
9455
7516
11
282
2
57
47
5
2426
349
6
3882
2
35
828
0
457
11447
30
22
29
41
40
1413
7
27867
45
44
29
80
40
6037
21335
28
0
1248
1515
4279
13
450
3
2276
55
558
743
850
21
30
22
30
40
1413
23
5
3129
2
35
24
84
141
188
3
177
59
23987
55
6
0
423
558
60
929
128
536
1
5803
1
5661
1
60
58
141
9111
711
109
8488
1643
1
5
4279
6163
397
3005
39
371
4283
7456
3
35
5614
14709
120
5
1402
772
2
1541
9
1667
16
4518
556
557
7709
56
16602
34481
1478
1
137
1
9581
157
0
2922
877
8
5614
8
120
5
1402
772
34481
1478
1
5
6163
7
3592
1
1155
21
10
41
2858
23
21
34
51894
7
0
5729
2
1354
5
438
772
21
22
16
35
20545
24
322
41
2
24
109
5614
75
2
24
29
40
3
0
336
15249
2
24
29
51895
42
20916
2
24
109
5614
17198
51896
397
1
21
22
16
35
249
24
10
1073
49
1
17
126
28
4310
1
25
10
810
5497
2
308
76
141
448
88
588
123
45
1708
66
73
98
2
35
24
188
3
3148
3
767
14
10
8431
2
57
13
41
385
66
46
1487
121
161
10489
35
24
188
3
3148
3
767
14
10
8431
2
57
13
41
385
66
46
1487
121
161
10489
26
11447
3752
35
34479
4518
397
262
19
5255
81
149
26
34482
12732
20
423
1059
31
1441
1052
4251
8
34480
8
26
4460
61
9050
7
9020
17
4688
509
16970
26
1279
22
21
58
1629
23
37
1805
7516
268
208
70
18
846
3075
5474
26
51897
176
21
10
1734
6
317
49
1163
4
8
509
16970
445
32
0
87
16804
8


