258
6889
47441
9
47442
261
262
10301
264
61
1371
744
1268
268
269
262
47443
264
61
2195
744
1268
1312
47444
13051
61
183
149
603
104
55
1774
27
1687
628
2357
2471
334
6167
1066
5
16010
610
4633
139
24
1563
61
628
600
4483
57
2797
24327
926
1520
27
1687
408
105
612
82
185
24
4939
5
935
628
1850
334
13063
34
119
21991
1385
23
24
2886
27
628
4553
612
1535
3516
5
330
61
2344
727
278
13
1532
612
1563
23
166
3133
3555
2346
396
330
61
2344
589
13051
61
723
278
13
107
16131
27
2346
842
628
2357
45
515
1211
57
893
104
704
61
5
215
638
1532
183
23
515
19694
119
47445
1094
1028
14
82
26968
122
272
912
1376
5
369
4935
24
374
9
8700
2930
1221
23
24
1696
57
47446
61
144
528
57
20220
1221
34
1389
16
5720
27
2811
3268
2185
262
47444
13051
76
525
688
20000
104
119
21991
1385
104
47446
61
20219
61
502
105
100
967
91
24
5531
11114
485
34
7363
47444
61
2424
61
5
525
583
8449
61
6784
61
129
988
334
2229
1828
3104
61
4936
24
1563
2
24
5531
44550
485
61
129
105
967
183
34
7363
27
162
24
990
61
922
24
9598
1547
61
87
14
1687
44552
47447
2
24
55
5531
11198
61
502
516
278
100
1129
13
11099
44552
3407
27
47448
5
2131
1129
13
107
53
23
24
3403
5
5169
185
125
3184
27
119
5531
485
61
502
87
512
1969
34
13409
1155
64
17477
6423
61
10087
496
610
1094
639
64
47449
61
91
21942
19215
2545
47450
76
13789
3607
44851
27
4303
237
61
24
4006
1687
47451
105
100
1129
13
1759
1193
1211
57
42020
11096
27
119
485
149
663
24
55
13
1456
2131
9
2540
89
14
3152
9
1291
3104
818
515
12940
5
986
2131
149
709
849
144
34
24
5006
27
691
638
237
91
23022
44552
3407
104
4224
3862
27
47452
1267
262
119
374
8700
2930
922
20220
663
4128
14
44552
11517
2
14
5531
11198
5530
5531
61
3022
57
13036
9427
6632
5534
162
5535
5
4613
57
5646
3809
2007
61
87
24
6646
18695
13
24
5531
485
17248
27
579
99
7976
185
834
822
525
485
5960
23329
27
419
183
87
668
515
525
485
912
791
82
87
1094
967
91
334
8350
18023
3399
61
129
45
503
99
14
47453
990
5
47454
1751
57
45302
40
10902
43719
34
122
12682
556
3722
5
99
17636
14
990
57
95
33179
27
119
6553
57
5531
33546
722
100
361
53
23
122
1563
87
2386
13
47444
912
272
1221
15989
61
493
61
47455
61
190
61
5
20000
61
32
27
842
358
663
4295
24
1563
23
1579
2534
700
27
47444
1520
122
486
369
600
3381
13
3613
27
187
87
709
12474
61
64
16153
2
24
6168
2146
57
122
16231
646
87
14
3515
24271
515
3890
2
24
9672
16216
4549
159
13
14
2239
8766
5
18715
351
27
119
9672
16216
1981
99
14
24626
3036
76
7095
57
24
990
27
5199
5797
61
11737
3608
57
18342
1569
9451
20220
61
1520
262
331
119
21991
1385
87
32
57
24
594
729
5
4293
3861
628
278
719
799
13
4939
23
20220
18
24
139
2347
494
331
1687
187
912
5635
13
4925
23
24
4546
5
2995
24
7445
23
24
7473
91
24
41803
47444
1520
27
1447
87
14
1581
14010
1814
13
24
10175
8700
575
61
47444
3545
61
1687
610
8838
193
76
14
929
57
928
1348
24
272
278
423
13
35989
27
1312
24
272
61
646
87
14
37857
7416
13
2502
76
23
24
990
64
758
64
14
5512
61
45
13
4943
24
166
19917
57
1810
24
47445
2534
23
2488
27
119
47445
278
105
24
1563
61
502
4692
2
47456
61
33086
43270
27
143
1222
358
638
1013
2296
13
1454
34
47029
61
358
516
1481
449
31533
24
220
1563
89
14
582
3403
27
47444
1520
262
1687
628
603
1625
9382
5
628
2342
456
14
1842
57
2930
42523
18
24
494
27
1003
2495
912
14
38164
818
515
912
623
61
5
628
3556
603
13
1018
405
1533
42523
3625
625
24
272
369
47457
7659
5009
262
23305
24
791
3089
369
186
34
1533
1284
17477
6423
8815
13
24
7338
13
24
47449
17248
5530
5531
1036
23
5534
162
5535
397
334
14396
57
834
47458
525
47459
57
24
1563
99
100
61
926
3724
47
525
583
912
1344
61
502
99
45
100
20209
27
162
22380
57
1579
1058
17348
61
24
47460
9
4305
3449
5
8276
11234
221
183
3083
11604
1348
4982
13
24
3189
5
47461
18323
23
24
557
57
24
1563
27
5199
5797
61
11737
3608
57
18342
1569
9451
20220
61
1520
262
1687
119
21991
1385
87
32
57
24
594
729
5
4293
3861
628
278
719
799
13
4939
23
20220
18
24
139
2347
494
27
1687
1307
628
47462
24
3541
2079
13
4010
61
183
4063
122
2881
3189
47
5
2245
1030
24
1563
87
3438
796
1221
502
183
87
27
397
387
64
723
584
47
24
1608
61
723
639
183
87
334
6133
1563
27
1687
11750
1579
13034
139
61
24
1845
57
119
21991
1385
87
1088
1642
9
58
1221
47446
1696
99
1167
13
704
10039
57
20220
4205
24
47463
61
1924
723
13
444
13
24
116
57
2321
23
493
146
27
1687
187
663
99
5231
47464
61
502
87
3431
20698
5
20698
1508
1267
5
14
124
47465
23
24
4939
27
1687
408
278
6586
14
540
57
698
23
24
351
104
449
1389
16
5720
61
818
628
1835
2246
237
1563
825
1532
182
27
1687
119
6646
4939
5
2157
5097
87
749
133
14
822
1533
841
3340
23
4238
4656
5
2289
47466
18342
1569
9451
20220
61
47467
61
47468
47469
246
5565
8700
20220
2930
23
24
4939
34
1389
10807
246
119
21991
1385
23
47446
625
8254
13
24
5531
485
246
13571
373
4128
14
1687
44552
47447
2
24
55
5531
11198


