258
463
464
3968
261
262
9034
264
61
2265
891
1268
268
269
262
55586
264
61
2265
891
1268
10385
3605
769
54
12417
75
14
5017
9
10938
802
902
64
7606
383
14
45707
3254
4522
75
24
791
29253
5359
27
119
11666
4517
57
24
4873
943
34
13347
29288
383
3605
37
802
185
2978
6987
57
5017
10938
5
10938
75
5454
61
349
9219
61
596
61
7466
5
2590
318
7838
27
1031
4063
158
24
55
791
219
57
1779
560
91
334
5396
2959
647
47068
9003
57
7012
4781
58
24
2362
2118
3623
27
12160
262
2036
29253
5359
10385
3605
61
174
61
104
24
4873
943
34
13347
29288
34
54
12417
6463
104
119
28901
902
61
575
7606
383
54
45707
6578
34
10938
75
5454
396
1094
2881
2074
24
557
57
54
562
1778
2132
61
76
24
1428
94
24
14715
9558
13
6314
24
560
5017
2958
27
816
215
87
1391
13
3440
215
87
1622
13
107
14
331
7104
251
331
15815
10581
503
34
14
15390
1140
5672
61
76
14
3958
13
24
1611
7181
57
47
13
1389
12607
14
506
27
119
2959
37
10625
902
726
1533
1284
14
754
58
3605
623
21497
738
185
14
40764
47069
1853
5017
9
7474
13347
29288
61
7455
61
8180
5
47070
13812
57
4606
57
1205
5284
27
331
8082
7464
331
262
47072
3255
6649
47073
8720
330
3605
105
13386
5
47071
24989
10938
2101
91
14224
23
13347
29288
47072
3255
6649
47073
8720
330
3605
105
13386
5
47071
10938
2101
91
22705
2426
20385
5
17590
8060
22705
5717
21497
61
655
5363
758
24
5350
57
10938
358
288
11540
27
331
777
14442
5843
149
13
4722
8035
27
8082
7464
149
39662
22989
75
18733
76
24
5843
57
2540
542
6066
61
6066
515
646
516
107
1533
7464
1222
358
5910
13
13189
61
331
215
330
27
331
43685
5
24
5396
356
288
663
6066
515
3208
24
47076
5
24
47077
9707
288
2011
61
4606
1533
13685
61
25750
61
13337
5
11409
57
18733
516
4180
27
331
3605
61
2744
61
960
23
14
5641
10186
61
5046
2657
2137
61
5046
36711
5
5046
9
55587
55588
61
7427
29793
5911
24
2277
9
402
4150
57
24
11666
6463
104
24
55589
4754
3843
2959
23
119
28901
27
119
2959
1142
3605
4952
48
11281
13
21497
23
13347
29288
123
515
1566
37
7652
5832
5017
61
502
174
334
7348
6471
308
982
484
1579
9684
23
10714
27
13913
1533
288
174
13676
23
14
10948
515
497
1969
34
1579
1401
12676
61
64
4987
14120
3085
7441
445
24
17842
57
122
5284
5
8302
122
3085
331
16221
89
3295
27
119
21497
10087
11157
5967
34
24
25750
61
9558
5284
24
3532
57
331
402
45121
331
1185
331
4539
45121
331
9
722
122
680
7441
445
1185
122
7935
11025
445
702
24
20868
27
9618
330
215
1129
24
12424
2
818
9
289
4089
28223
47074
23
24
10948
5314
13
13776
3605
37
4328
61
502
3866
10961
5
759
24
21497
27
1936
3605
37
1413
9
506
4044
801
61
7606
944
4198
2
13347
29288
18733
129
105
100
13676
91
21497
1185
129
105
719
122
1015
2670
489
27
691
663
944
4121
2
10502
5357
2983
61
129
149
4863
449
4089
28223
3605
149
6903
57
722
1391
13
525
4319
1547
27
579
958
24
12748
926
309
64
537
1030
331
3139
47079
27
331
331
18453
47079
331
262
5357
2983
87
719
1083
24
5521
361
7137
23
104
24
4873
943
34
13347
29288
61
575
926
149
4863
449
4089
28223
3605
149
6903
57
722
1391
13
525
4319
1547
162
13347
29288
37
4368
46399
61
5284
288
34574
27
331
187
37
14
17
34
846
75
55590
61
331
330
10984
55591
61
61
129
769
54
4224
174
12249
1348
21497
7475
183
445
76
334
15497
27
331
628
629
108
10385
3605
87
1778
2132
34
1851
494
652
628
629
14
593
57
24
5017
27
331
331
55592
1393
1728
23
2604
61
818
628
629
821
108
18
24
829
61
331
215
750
24
4577
2905
27
331
305
2744
61
628
1018
244
639
1720
215
825
1541
20620
24
2801
90
515
628
1018
20620
27
331
808
55591
61
129
902
5063
334
6048
515
55350
5017
55593
61
330
3605
37
6578
2396
14
13314
40
515
405
4291
308
373
761
76
17853
5
622
4238
947
2
24
5017
27
1427
761
23
55594
8439
76
853
1506
13
2002
122
775
27
12054
5017
262
162
237
3094
890
61
21863
394
858
61
7838
2
24
22705
2426
20385
5892
91
3605
2115
23
14
2854
9
47
9095
104
122
4618
185
24
8970
57
46399
61
13347
29288
119
1381
33
82
262
7512
10962
104
14
965
7223
29267
23447
3048
1969
64
14
2632
34
4098
4099
13
2995
24
5182
57
902
37
12417
14455
3605
87
24
55
791
219
57
1779
560
91
334
5396
5017
10938
2959
647
24
2362
2118
3623
5
2272
37
5494
149
6796
64
55595
14
582
6257
57
16272
34
6256
57
1779
27
1295
61
183
663
3469
13
3109
55596
15338
57
55597
104
316
5396
11374
185
3000
3346
57
119
28901
185
24
5218
57
1348
3355
948
718
2002
32
83
23
2276
1566
37
5832
5017
9
334
1190
1146
4781
1393
4082
1222
358
44087
18
8110
21497
23
8040
27
119
13347
29288
11666
5584
11640
14
6997
266
10625
91
24
4450
9155
13148
34
24
791
55598
69
55599
71
61
502
330
515
13
3382
14
3965
99
13386
5
47071
14
2102
61
24
410
99
13
107
8495
21783
104
11540
14
2102
27
162
515
501
61
24
791
8789
57
274
57
24
55600
4156
8462
149
15379
57
40757
5
47075
22152
91
15340
33877
5602
1347
3400
215
105
1391
542
7935
5
622
16969
27
3605
37
501
3469
13
5512
24
55601
33
1795
14
4224
8894
57
14945
34
6467
27
742
3509
8211
515
24
316
51481
278
5347
331
6308
19529
55597
331
104
5396
44457
27
816
3605
105
100
11372
91
24
55600
13110
331
628
11291
377
24
17403
516
278
100
1245
61
5
515
21958
87
1511
1284
890
7327
69
190
2313
71
868
2
237
21958
61
331
12295
47080
330
27
842
5396
3802
5589
6092
55602
61
57
15105
7304
13656
1956
23
11160
61
6319
61
330
24
10625
331
55603
24
8808
331
58
24
55600
2959
105
53
10955
4781
129
2002
21497
822
1533
1098
27
842
12295
47080
61
3605
37
68
155
3509
61
8211
515
3605
105
100
11372
652
57
14
4793
57
486
23
175
2999
27
19117
13
24
19424
3125
18
2175
75
24
6418
23
8040
61
808
47080
330
262
331
842
34
316
1590
14715
61
316
273
57
24
1170
5717
9
6254
5
12641
9
25261
17168
516
278
100
2940
5
13878
91
24
4450
9155
943
27
1031
87
45
2298
4140
652
57
4098
1107
27
331
20382
10385
3605
105
64
486
1193
57
24
360
5703
273
57
24
1170
5717
820
237
501
628
11291
377
516
2765
45
278
105
24
1150
57
26866
183
105
27
331
7860
8040
87
45
14
416
57
24
4450
9155
943
61
503
24
1170
5717
574
24
2959
13
3911
44
1315
44842
646
27
143
3605
37
120
23
29248
4411
8163
13
24
791
14240
129
149
147
6327
6328
24
1566
37
5359
27
119
821
6553
57
5396
11374
99
799
101
434
1853
2604
27
119
29151
99
100
6903
57
7011
9
13647
47081
23
14176
64
183
39557
597
75
1579
5359
5
7163
5359
27
331
1134
87
1306
5396
47082
61
331
330
31883
10669
61
791
6209
5781
57
29248
37
3052
40695
4139
27
331
119
29151
149
1481
47
34
47083
61
13
29933
542
5
444
122
347
27
331
3605
37
469
9
23
9
3802
3501
47084
330
215
149
45
5246
91
24
14455
27
331
2819
257
32
707
134
99
100
515
24
801
57
808
3605
149
10448
91
24
7122
515
107
9
24
7304
7122
61
331
215
750
24
4577
2905
27
331
1134
149
334
5396
8697
27
331
4716
2787
3752
369
3020
10017
2
24
29151
61
502
99
503
1541
11372
47083
27
246
19833
18533
791
29253
4781
802
185
2978
6987
57
5017
10938


