258
15260
1544
261
262
15261
264
61
2265
1372
558
268
269
262
15262
264
61
2265
1372
558
15263
15264
6092
15265
99
2048
54
13154
1106
2051
13
164
54
6989
9
715
37
7546
1178
4965
15264
129
1129
2787
3802
13
1761
13
7121
54
6989
9
715
57
14
1389
15266
10073
7546
99
2048
14
15267
501
13
8963
24
3225
91
1389
15268
27
14764
9
3815
6092
15265
61
1851
61
32
57
3440
37
594
2046
2060
8021
61
10341
3138
101
331
4448
331
2787
3802
54
4965
1565
638
244
15269
13
158
27
143
167
361
2268
34
54
331
12528
5
15270
331
4556
13
15271
54
80
14100
2
24
10073
11374
61
215
99
2048
54
10349
1106
7180
27
999
57
24
1566
912
908
485
7606
330
515
331
646
288
837
709
15272
13
502
215
149
45
3539
13
738
331
23
54
7180
13
164
159
54
15273
9
2033
6989
9
715
15274
912
10073
5729
27
1477
926
7149
215
149
1586
331
13812
1222
45
919
57
10331
57
2125
331
5
1414
34
334
11432
57
1389
15275
5720
61
215
149
12072
215
149
1512
1284
15276
61
76
7596
15277
57
1389
428
5720
61
5
330
54
6989
149
4039
13
503
144
18
1389
15
5720
27
4338
14
10349
8965
515
1663
47
331
15278
331
1106
3862
57
1533
1284
1389
2778
5720
9
5
123
502
808
15265
331
4727
15279
331
54
7508
13
5896
5
15280
4941
54
11073
9
215
149
35
506
1599
13
748
54
6989
9
715
3225
5
11073
1586
1389
7584
5720
27
1295
61
23
14
10625
902
515
11432
149
164
91
47
13
1389
2779
5720
91
24
943
57
2393
27
162
14
3308
829
9
502
5292
14
10774
15281
1411
485
5
10373
10662
9
24
2959
6671
24
10073
6558
105
100
286
13
331
15282
24
15283
677
331
5
11432
589
15265
190
941
15284
967
91
1198
515
525
6989
9
583
149
330
13
1123
27
779
3802
6976
61
3849
3850
15285
61
330
262
331
5340
24
568
5145
159
61
24
583
10381
13
334
15286
57
1453
61
57
5458
15287
57
15288
5
15289
61
23
3023
13
15290
54
715
57
525
15291
15292
27
331
15293
542
87
24
15294
57
1565
3802
3774
23
334
5456
13
10861
54
12737
5
15295
11007
27
816
24
3802
5186
158
818
13
1018
183
6122
24
779
15296
6558
912
15297
7508
13
10861
15298
331
27
1295
61
54
1590
15299
6463
149
6780
91
3849
3850
15300
61
129
330
24
10073
6558
105
4140
100
331
286
331
13
15301
24
1198
515
967
24
15284
76
808
15265
5
13
7669
122
11073
64
54
27
2015
3400
808
15265
105
100
1142
13
107
23
1123
57
24
1198
61
24
10073
6558
4140
105
709
6439
13
532
515
215
149
4456
4039
13
24
15284
358
967
1185
13
15282
24
15283
677
5
11432
542
13
54
6989
9
715
27
15302
10073
262
15274
15265
922
941
37
2393
943
23
334
505
2959
2504
3849
3850
15303
61
129
105
24
6224
9298
61
3806
24
12417
9
502
149
3793
91
166
1198
515
2534
14
12289
57
3903
5
698
23
941
1586
1389
2779
2979
9
2831
107
3748
27
15304
14
15305
10015
13
11457
10754
61
24
6558
330
515
372
15306
13
6862
11073
13
1198
34
14100
1159
1185
6591
1452
12453
331
718
45
4377
24
1106
1310
57
122
7280
23
1511
108
607
331
27
119
4091
14119
540
477
23
15307
5
105
1413
272
61
1094
704
2911
61
5
2045
334
331
15308
10543
331
641
122
10066
23
2336
27
808
15265
750
24
10073
6558
215
4995
1389
15309
9
506
13
761
185
5
54
6989
330
926
4700
1389
15310
9
506
13
151
2151
5
24
272
23
24
4255
13
502
358
288
15291
27
4360
54
1400
515
215
149
1389
428
2979
23
3245
61
808
3850
15311
1142
35
506
515
808
15265
149
1586
331
15312
820
104
306
1389
15313
2979
331
5
105
100
371
24
2959
12146
331
64
14
2544
331
13
252
1185
15314
54
6989
9
715
15315
27
808
15265
61
129
149
901
64
32
57
24
166
594
6695
2060
43
23
3440
23
1073
61
149
663
1599
13
3896
11213
57
1389
15316
9
506
34
621
57
54
1413
272
61
1817
76
122
1409
276
1388
5
310
3839
27
15317
34
24
166
1198
515
4936
24
12417
7149
515
122
11073
638
45
15269
13
808
15265
40
369
331
184
23
3236
331
34
54
272
5
24
272
57
54
1413
7300
23
2604
61
101
14687
15318
6242
3802
27
808
15265
61
24
2959
944
61
309
14
11556
57
1389
5430
331
15319
3225
331
2
54
14687
571
484
215
1077
23
4596
61
5
215
1129
515
3212
64
24
10081
2111
185
502
215
1163
54
4965
5
2930
10383
27
2520
6242
3802
23
14684
61
54
571
912
897
174
808
15265
64
219
57
54
485
61
76
14
4887
13
1153
54
545
571
912
3225
13
2391
58
54
7300
5
122
272
61
54
1106
77
9991
27
1295
589
15265
912
10662
278
600
7149
515
24
1198
61
5
24
11073
358
6314
61
369
331
1469
1504
967
5
6736
331
91
525
6989
9
583
5
515
358
369
10616
54
331
15320
15321
27
331
246
6092
15265
61
2268
34
361
331
15270
331
61
87
32
57
3440
37
594
2046
2060
15322


