258
8396
18168
261
262
16293
264
61
905
563
1268
268
269
262
8177
264
61
905
563
1268
251
562
9
1030
61
9642
15889
37682
24
2146
5
1290
57
14
624
111
87
24
2107
8044
23
24
2572
8729
912
42760
13
8974
24
1146
912
1249
27
4777
26816
733
57
15517
1141
278
7539
24
11140
19447
61
7429
44898
27
187
87
14
1236
5285
57
14
15889
37682
24
1271
77
53
23
558
1221
1794
91
44899
44900
57
44901
61
4777
61
5
3770
57
15720
2001
104
4777
26816
27
119
505
19447
61
9810
44902
61
87
7581
24
2146
57
14
111
37
620
61
5
10911
57
37682
1142
1817
18437
27
521
159
34
522
162
24
19942
262
119
44903
37682
87
24
2146
5
1290
57
14
111
5
9288
2590
533
44904
6736
7935
1687
251
1236
1576
825
1119
34
1533
15841
61
849
15842
5
849
4623
57
44905
330
6889
44906
61
14
44907
393
23
15720
2001
1950
101
44900
27
1687
44908
5
2001
838
3193
515
1236
1573
278
14
4224
3958
57
10789
61
502
87
14
44909
1129
13
9055
834
822
3828
87
1949
34
44910
2281
20402
369
398
57
14
7301
9
3733
61
17958
2947
1507
5720
69
1389
41718
2979
71
3634
5445
91
4744
22415
44911
44912
7175
5
24
2918
57
22415
1322
27
44913
369
8363
6181
13
14959
652
57
122
7410
13
22067
853
3828
24679
13
14
4224
44914
5830
1284
622
2621
2571
27
27187
61
358
3235
23
6279
1265
57
7408
61
16602
5
9029
61
1924
34
1793
11134
27
691
663
29957
705
4396
44915
351
57
24
1146
5
369
10194
57
44916
14
6279
4623
57
13737
23
365
1285
5
9341
2715
27
42545
24
44917
262
8920
278
100
2815
24
1188
23
14
2239
8766
61
2522
183
34
14
562
23
24
1289
1486
2571
369
1142
23
9621
9890
2715
61
40
405
278
100
1142
23
2767
8906
1012
546
1252
1191
27
44918
3738
23
24
3634
369
44919
733
23
25198
7448
61
24
1956
57
2097
5165
5166
61
24
1956
57
11247
104
9907
61
5
18004
1956
27
44900
37
77
87
1071
24
37682
1816
1540
61
44920
19947
34564
5
4048
1123
1124
27
44898
87
20745
5
901
58
24
37682
44921
44922
61
14126
34
44923
37
44924
37682
27
44913
61
76
1687
44925
27309
2
1687
44926
5
1687
44927
397
76
1579
26835
61
237
19447
87
23
24
11140
1679
61
494
868
2
1153
23
2715
27
251
582
11140
5285
253
87
101
20193
104
4777
26816
37
6624
260
61
575
44900
37
7175
34
21651
44928
44929
5
1881
87
1893
27
1687
2686
4227
34
44898
37
712
87
515
183
825
442
2294
834
24
33133
15740
57
1155
2655
2141
76
44930
251
124
2187
22238
1411
24
1236
5
14578
20402
27
44898
87
137
91
14
44931
44932
8222
44933
11158
61
23774
24
14578
1540
288
44934
61
44900
330
27
44935
278
663
100
1732
185
11306
37682
76
19596
40
646
87
373
822
1319
13
107
456
23
515
351
27
35058
2940
262
119
44936
9
34926
87
4157
23
14
1628
42770
2664
5
87
137
47
76
14
11158
515
44
35
47
13
1793
454
162
365
597
61
24
37682
1393
17484
185
122
2534
34
454
1185
849
104
14
227
64
9644
5562
1492
244
107
644
13
8065
5
7118
24
20402
61
1185
6867
6439
4190
27
1687
44898
2057
1579
7410
13
19942
44937
655
2987
14
2381
5704
2504
5
44938
64
24
2685
44939
44900
330
61
5612
515
24
19447
87
12947
644
13
6546
61
2077
61
5850
61
5
13849
28747
5128
27
1134
9642
4046
23
9621
1229
367
87
253
14
124
1431
1795
21236
24
1153
57
1508
2694
27
119
37682
1816
9011
57
14
34598
2002
10533
76
17078
6646
9640
26822
502
1123
24
15720
7935
515
369
1129
23
28789
76
334
26341
44940
61
1185
11152
9
1893
44941
57
24
2587
37
1816
61
2867
24156
4709
27
543
709
6114
15926
1156
61
37682
2053
1153
14
44942
13581
7596
13
1123
4709
5
718
1306
7317
15759
27
251
9556
1344
185
14
23833
9
1921
1123
1156
87
23
2541
502
825
2075
6867
24
6646
44943
18408
27
397
76
24
14578
1540
61
44898
37
2664
87
38652
57
14
12884
12662
57
42770
61
44944
23
32
37
620
27
187
28295
24
1628
37682
2664
5
87
7918
18
14
25493
9
9386
1188
1057
24
9006
42376
57
24
19447
27
1307
3031
61
24
2664
37673
5
9288
76
24
19447
61
537
44945
44946
99
100
14
2508
824
13
2113
9941
24
44947
5
23833
9
1921
15889
44948
44900
330
27
1687
14499
99
401
3096
10587
5
610
288
644
13
532
405
57
542
40
3096
373
5449
27
408
840
13
532
14
15740
13
1359
185
237
8999
5
1505
24
6825
44949
119
74
57
24
19447
37682
87
13
513
5244
9
11306
61
9642
13411
23
2715
34
24
12453
57
7706
5
15790
24
1455
27
162
6659
61
1579
622
4183
825
107
1241
39515
562
61
9633
1289
11228
61
5
15790
1289
5930
27
119
37682
1393
17484
185
122
2534
34
454
1185
849
104
14
227
64
9644
5562
1492
244
107
644
13
8065
5
7118
24
20402
61
1185
6867
6439
4190
27
8126
4183
57
24
19447
37682
44
2581
7444
1203
7706
61
11230
4965
38234
61
5
15790
24
1455
27
119
6553
34
14
15889
37682
149
44950
91
24
4744
22415
44911
44912
7175
5
24
2918
57
22415
1322
27
44913
3235
23
6279
1265
57
7408
61
16602
5
9029
61
1924
34
1793
11134
27
691
663
29957
705
4396
44915
351
57
24
1146
5
369
10194
57
44916
14
6279
4623
57
13737
23
365
1285
5
9341
2715
27
1486
2571
369
1142
23
9621
9890
2715
61
40
405
278
100
1142
23
2767
8906
5416
546
1252
1191
27
44913
278
20756
1817
185
1289
5930
34
10331
57
494
61
1347
484
28114
1910
185
24
2682
27
691
278
2575
12246
23475
23
122
44951
13
20864
1185
44952
122
23865
484
358
1406
542
27
246
44913
369
8363
6181
13
14959
652
57
122
7410
13
22067
853
3828
24679
13
14
4224
44914
5830
1284
622
2621
2571
246
44898
61
24
15889
37682
87
137
91
14
44931
44932
8222
44933
11158
246
119
2664
87
53
57
14
12884
12662
57
42770
61
44944
23
32
37
620
27
187
87
7918
18
14
25493
9
9386
1188
1057
24
9006
42376
57
24
19447


