33142
7304
30709
20697
23
33143
23
1968
7304
1605
1747
5713
61
278
901
122
582
3132
5784
10250
61
33144
9
502
14137
13
33145
23
24
326
2787
33146
5779
119
7764
57
14
5784
33147
10250
99
29885
24928
8257
61
64
24
346
57
33148
23
24
95
278
33149
91
1114
1299
1300
23
24
139
754
27
33142
7304
30709
20697
23
33143
23
1968
7304
1605
1747
5713
278
901
24
582
3132
10250
61
33144
69
981
251
9
33150
9
33151
71
9
502
14137
13
33145
23
24
326
2787
33146
5779
27
618
2414
1526
1372
61
24928
288
19161
13
1423
122
18902
6659
13
24
33147
12462
61
1913
2276
635
5786
10250
61
33152
61
129
149
3132
505
237
506
23
744
27
331
187
87
600
4369
13
850
2568
185
14844
609
5
5363
515
358
278
14
20933
1015
13
122
636
61
331
330
8915
33153
61
14
33147
113
104
33142
7304
30709
20697
27
331
119
1328
369
253
4800
13
2533
14
7316
61
64
33154
87
821
17626
449
24
582
10250
27
331
119
33155
9
2033
33144
99
100
4598
6153
76
525
2255
61
33156
61
129
105
1195
417
7764
13
374
622
33148
27
331
579
99
14
821
14905
1992
1795
525
11577
61
331
808
33153
330
57
24
824
2255
27
10609
33156
61
622
33148
1099
1500
11302
122
10250
58
7764
27
331
162
24
139
610
278
105
13
620
4568
14
540
57
33148
9
3458
1222
183
37
14
55
227
2343
61
183
87
2236
29509
5
358
1018
244
639
496
87
2050
185
61
808
33153
330
27
331
4338
605
7764
358
144
584
868
5
996
24
3059
27
331
842
2088
24
4598
402
9
6512
10250
61
33144
61
149
4286
21127
91
525
2255
5
24
33147
12462
27
331
119
55
257
358
369
3132
24
557
57
24
12462
369
2236
17626
5
704
799
18
27
331
408
278
2213
622
33148
5
358
2169
122
219
133
13
278
14
2391
9
183
638
244
1550
14
402
227
34
24
10250
830
33144
831
13
444
1129
13
542
27
331
119
33157
2787
2655
99
1949
525
55
2347
1267
2815
133
525
33158
9378
64
926
149
4105
33159
23
24
22662
5
33160
47
13
525
8923
2343
27
119
33157
2787
10250
99
1949
525
55
2347
1267
2815
133
525
33158
9378
64
926
149
4105
33159
23
24
22662
119
29885
24928
331
14985
34
122
169
10250
237
506
726
64
24
346
57
33148
23
24
95
369
14825
1068
61
1775
503
12607
174
23
24
1146
27
5745
13
331
13664
34
7449
15088
331
5
5472
4173
22390
122
12456
61
808
33153
330
331
2075
610
825
1029
47
76
14578
5
14578
4663
6654
57
33161
27
331
331
413
7764
34
14
2571
1155
64
24
33147
515
87
14129
14
15763
23
24
95
5402
87
752
61
64
183
2531
13
33162
75
12454
61
331
330
808
33153
27
119
33155
9
2033
33144
99
100
4598
6153
76
525
2255
61
33156
61
129
105
1195
417
7764
13
374
622
33148
618
2414
1526
1372
61
24928
288
19161
13
1423
122
18902
6659
13
24
33147
12462
119
29885
24928
331
14985
726
64
24
346
57
33148
23
24
95
369
14825
1068
61
1775
503
12607
174
23
24
1146
246
33142
7304
30709
20697
23
33143
23
1968
7304
1605
1747
5713
12492
169
33147
10250
237
506
246
119
5784
10250
99
100
901
33144
246
1042
2255
33156
99
417
7764
13
374
622
33148
61
15640
13
107
821
14905
246
2318
61
33148
23
24
95
369
14188
61
76
503
12607
6825
23
24
1146


