258
11793
15606
261
262
15607
264
61
608
266
1268
268
269
262
15608
264
61
608
266
1268
1605
1536
3197
369
15609
64
1409
4656
15610
445
24
5859
6186
13
12853
47
164
9
1623
10028
27
1447
288
15611
582
15612
23
5657
1268
1221
334
15613
1299
1300
204
185
5657
558
61
1489
13
2805
6918
2
24
8930
57
9664
15614
5
15615
27
119
692
56
13
24
506
650
6960
2
14
15616
1299
1300
5547
23
1409
3197
61
76
10406
3091
515
1864
129
105
1399
445
12940
14
582
1536
278
100
15306
33
89
15617
91
124
15618
2
13415
27
15619
262
1605
1536
3197
369
4724
64
1409
4656
15610
445
24
5859
6186
13
1550
47
164
9
1623
10028
61
24
8930
57
9664
15614
5
15615
99
330
1110
262
119
1076
15620
149
32
57
24
512
9
4935
1540
35
751
61
1348
582
1536
3197
2384
91
15613
1299
1300
4982
13
24
3240
506
119
512
9
4935
1540
35
751
288
24
1076
15620
5
14836
61
5
2303
912
2304
5
15621
27
6720
15622
61
15623
912
15624
8789
7164
61
330
262
1687
119
582
1536
4939
99
2859
24
506
15625
27
15626
91
14
8294
204
23
1409
5100
61
24
4939
717
1579
15627
10583
751
57
2868
76
2406
3102
13
15628
91
24
2525
10028
185
5605
27
1687
1477
610
1018
1013
5928
13
850
4396
2868
123
1268
61
610
1018
5928
183
13
107
15629
1936
24
506
646
149
663
14
204
57
2707
4884
1299
1300
185
3197
57
15630
5
9640
354
27
15631
1369
61
3608
57
24
15632
3052
15633
15634
3111
502
879
5435
1536
15635
1853
24
1428
61
330
262
1687
119
582
1536
4939
5923
13
5056
758
167
5772
5859
15636
27
1687
408
663
9921
405
15637
47
5100
2
11733
129
278
1399
445
12940
14
582
1536
343
13
5859
15638
15639
262
119
692
56
13
24
506
650
6960
2
14
15616
1299
1300
5547
23
1409
3197
61
76
2303
15621
37
15640
965
246
15611
582
15612
35
751
61
334
15613
1299
1300
204
185
35
506
246
6570
56
13
506
650
6960
2
15616
1299
1300
5547
23
1409
3197
246
2811
9
4935
1540
288
1076
15620
5
14836
61
5
2303
37
2304
5
15621


