258
5869
5870
261
262
5871
264
61
1526
744
558
268
269
262
5872
264
61
1011
744
558
119
2255
57
14
1413
9
506
9
2033
627
5873
982
58
215
906
89
24
1252
750
1671
834
926
149
1687
5874
2217
5875
27
3703
5876
5877
89
5878
2715
2
14
5879
484
54
5880
1009
185
2414
4896
27
119
448
61
5881
5882
5
5883
5876
61
365
1764
23
58
158
40
288
1103
13
5498
122
688
5
5884
9
91
105
13
5885
542
133
58
1793
146
27
521
159
34
522
3703
5876
61
700
61
324
76
54
448
5881
5882
5
5883
5876
61
76
54
2179
5886
61
174
61
185
54
5887
5888
5889
1713
262
842
1671
5890
105
13
1029
122
4556
13
532
24
1816
57
3703
61
700
27
5891
288
5892
91
642
355
104
24
348
61
174
5893
279
24
540
34
1229
5894
655
5895
807
14
1713
34
24
627
61
129
149
5896
5897
1348
215
906
27
5898
1420
5882
61
2154
61
598
185
525
592
844
262
1687
5899
2217
720
61
707
474
61
5900
5
562
5901
5902
579
5
808
5876
61
1114
61
57
5903
61
5005
61
105
100
76
3703
5
54
443
5904
1221
5886
61
166
61
5
32
9
506
9
2033
4358
1221
185
14
5879
515
87
1793
5905
2769
402
5
5906
89
24
1229
104
5907
9
185
9
5908
23
1715
27
119
1714
5909
5910
5911
24
2356
5
5912
104
55
3189
1671
64
3703
912
5913
485
686
2
24
5914
61
40
5915
289
445
24
1713
545
1671
1680
27
5916
5917
61
1712
5918
1785
34
5748
5919
61
330
262
1687
408
2342
105
334
5021
1713
5911
35
2356
61
24
1920
4615
57
237
296
5
156
237
1680
5
278
4157
705
1243
351
515
610
718
1019
57
27
5920
34
14
5921
262
251
893
87
5922
64
24
1713
5923
34
1413
9
506
9
2033
3703
5876
104
5907
9
185
9
5908
23
1715
58
215
906
89
24
1252
5
149
3300
868
123
14
5924
5925
5926
5927
174
104
24
348
23
5907
9
185
9
5908
61
1715
61
438
575
1413
9
506
9
2033
734
1687
397
723
516
5928
183
912
45
692
2108
34
24
485
61
1030
183
912
45
692
2108
34
703
27
691
288
821
5929
119
2715
445
5907
9
185
9
5908
278
821
168
5930
61
5
1347
1348
24
5925
87
133
24
351
87
758
1969
34
1579
1169
5931
27
187
87
5873
3703
149
3300
868
91
24
5932
5925
61
502
718
5498
5933
57
360
5934
27
5935
5936
57
5937
5938
330
262
1687
1307
24
5925
1308
5939
5
5940
646
61
183
912
821
61
821
1006
5
1590
27
187
718
5941
334
1509
445
54
2769
27
331
187
912
14
821
61
821
1169
5331
3703
105
100
140
54
5942
5935
5
5943
5882
61
129
761
23
5944
185
24
1715
5945
61
655
54
448
105
14
4539
217
23
1706
61
2
502
358
105
144
4634
185
2414
27
5898
14
5946
57
664
149
174
104
24
908
57
24
5947
76
14
714
515
1869
262
1687
3116
612
5948
853
3703
61
704
612
603
5
5949
61
5950
5951
5
5952
5953
4046
262
5954
745
34
24
500
627
383
358
369
1094
537
34
14
1816
5955
4227
24
3370
516
107
1142
2257
397
215
686
1714
5192
1359
122
1713
34
54
5956
912
1816
61
808
5882
330
262
1687
408
144
1028
158
33
1221
610
369
704
5957
27
1687
727
604
1019
1465
1030
237
87
2050
13
2191
13
723
27
1687
187
87
14
3554
1634
5363
707
5956
87
133
646
5958
61
704
5959
396
359
262
1687
396
87
14
3331
627
1221
215
5960
5961
24
5962
27
1687
3703
1129
13
1724
703
2344
5950
5951
5
5963
2346
652
610
761
109
91
24
1252
27
742
2343
5
2495
369
2236
164
47
61
358
369
3330
5957
27
408
144
1028
612
3059
5964
3703
912
3246
359
262
1687
408
1028
158
33
818
610
718
56
24
1462
1679
57
24
5965
2532
27
187
87
144
5966
27
408
369
704
5557
13
799
13
5967
76
496
99
640
27
5968
2535
24
5969
262
618
2414
2356
1714
1061
657
76
5970
61
5895
5
622
5192
89
24
1920
4615
251
642
5
1894
1055
288
663
2933
23
24
1713
5
1714
4046
5
321
5971
288
759
76
24
5972
5973
104
55
3189
1687
408
516
1030
13
4457
1714
5192
34
704
122
5974
5975
2388
5976
61
57
3859
5
1715
1707
61
330
1671
262
1687
305
608
5977
23
24
4896
24
485
285
185
13
24
5978
76
3703
5
122
316
622
272
27
1687
305
405
222
3703
1545
13
738
5
850
24
1252
27
5349
215
5979
445
24
937
57
24
5947
5
285
89
24
1229
27
1687
396
105
503
1876
133
14
540
57
2769
935
5980
23
27
396
285
101
5
638
1013
799
33
5981
396
359
262
1687
251
1714
4046
149
935
807
76
24
1712
61
5982
5
1751
2002
57
1894
1713
5
1714
5970
27
5983
288
133
156
104
55
3189
27
3703
5979
445
24
5947
449
1469
1012
2
24
5984
5985
2995
262
1707
5
977
288
185
1650
9
91
537
133
34
24
853
627
637
24
3293
57
158
361
1142
2257
58
818
402
23
24
1229
288
1094
667
331
5349
104
237
227
610
278
100
1103
13
5986
3703
27
2686
4086
61
573
5
5987
738
133
13
54
5988
2006
5989
61
14
416
57
24
5907
5990
5991
5992
61
149
32
57
24
55
185
24
348
27
396
330
262
1687
187
149
14
2236
5993
5
5972
1774
27
119
448
57
24
627
288
365
646
1221
358
105
144
100
31
133
57
24
1229
58
5994
23
13
1813
122
688
27
1687
1447
149
14
5995
57
1025
5
5996
5997
27
1687
5998
5
5999
105
6000
14
1842
57
1252
1229
40
358
638
1013
738
13
320
27
6001
1610
358
288
1090
5
638
1013
1028
13
996
122
6002
1856
57
24
5982
1713
24
2715
104
5907
9
185
9
5908
23
1715
575
14
6003
9
2033
318
149
1341
500
104
608
5977
2414
2356
6004
262
119
627
906
89
24
1229
61
502
87
1969
34
1579
168
5930
119
853
627
37
448
6005
978
13
532
158
5
105
13
107
279
34
1229
5894
23
122
4556
1769
412
2054
24
1229
218
24
257
5
3863
13
5973
218
24
2356
13
532
158
61
58
215
906
445
57
14
5947
119
356
87
23
1025
64
237
1150
57
315
87
821
1296
34
515
351
2994
262
5954
278
289
445
24
1713
34
14
500
1413
9
506
9
2033
246
3703
5876
5979
445
5947
89
1229
104
5907
9
185
9
5908
246
119
1413
9
506
9
2033
105
100
185
2176
76
54
485
246
742
448
4995
310
322
34
1229
5894
58
3108
13
532
158
23
1252
246
1769
412
3366
218
24
2356
13
1812
13
532
24
3370
246
5938
1724
445
1713
34
318
37
1816


