258
32301
9975
4865
926
2290
2391
23
24
485
880
61
28373
28374
128
2296
1013
25539
133
144
1521
27
119
6458
9
2033
5285
99
100
4113
4603
76
14
14760
7734
11592
13
5285
525
1588
912
1804
57
26225
2242
331
162
19818
331
27
28373
43647
50321
525
1687
50322
5
7076
1145
64
926
31
2881
655
10956
104
183
61
76
525
701
5666
12670
5876
34569
133
57
525
9096
27
28373
28374
13974
162
19818
3645
9
1921
26225
50323
23
496
4123
13
107
14
4319
1547
119
5285
132
14
853
17692
40
8158
13
107
3632
722
14
27428
61
5
57
2510
4603
76
525
701
5666
12670
5876
61
129
7427
34766
23
525
9096
119
43324
9
1030
5285
8158
13
107
3206
101
14
1047
57
11536
2412
50323
76
42758
669
50324
5
3469
13
107
536
709
4707
76
525
4008
7970
5
50325
27
4816
23
501
723
728
23
1193
3259
449
183
61
28373
383
13
24
1460
515
926
149
45
3915
27
119
5285
61
129
970
4634
2
40818
575
926
623
3320
525
508
2179
50326
912
169
526
483
61
330
262
1687
1003
503
3059
87
50327
28373
912
1588
61
5
24
5600
1778
162
19818
61
502
12772
21914
3645
9
1921
26225
2242
61
39159
50328
8158
6602
13
278
525
186
4635
19784
525
5324
61
586
262
50329
1577
6201
23
612
50323
61
32
57
162
19818
37
50330
27
1687
5876
61
24
12670
1099
107
525
503
3059
61
40
28373
10503
612
2220
718
107
874
76
1185
2241
14
50331
50332
50333
45340
69
12893
71
5
28373
28374
69
8670
71
288
324
933
185
334
35811
1686
64
358
37819
47
23
14
4319
15495
104
24
22474
8871
1678
35
751
50334
13
107
681
414
647
14
1341
10066
76
3442
9059
10845
61
28373
87
1219
45
10823
1030
4800
14
485
87
185
525
1027
700
1094
27
579
149
719
133
38412
104
24
3291
22474
1045
3615
76
512
549
5
1382
5285
50333
45340
27
28373
5
50333
278
100
2074
14
1842
57
227
609
38683
5
658
185
24
175
50335
23
941
18
24
4581
61
575
358
105
14
7079
331
2356
133
76
405
57
122
622
186
9442
27
20121
183
14
2356
13
2422
61
28373
717
14
858
57
2151
76
50333
61
5285
8577
291
50336
61
50337
11813
61
9039
1072
29663
5
32301
18573
27
246
50338
6542
27428
13
3193
445
4635
37
26225
11134
246
41934
39159
50328
11134
331
162
19818
331
7479
4623
246
28373
663
105
5666
12670
5876
23
525
9096
34
876


