258
7397
29025
34
2952
20731
3022
7264
3667
51545
99
902
19261
24
5435
308
129
278
4494
24
10532
44497
20396
5676
58
215
1725
334
12417
13
442
1813
54
2255
37
562
27
1570
9
3376
5
14
4093
57
9427
3484
3376
17073
1778
24
3022
57
119
1539
3715
3601
277
61
58
215
3283
54
2255
5
331
512
549
331
61
35447
51545
149
4001
76
24005
27
11594
278
750
24
485
525
512
840
87
14
10532
44497
12380
61
14990
24
8389
9
2033
13
4204
54
15049
11571
27
119
1435
8915
4479
750
2952
24
4182
53572
12417
99
18285
5435
15162
1862
9
39
23
24
35
632
9
14
40986
1299
1300
5547
185
24
1271
632
35
506
27
20731
3022
7264
3667
51545
750
2952
215
99
100
331
20043
331
91
14
8820
23
308
4455
8915
4479
37
10532
44497
20396
5676
58
215
807
334
12417
13
532
14
15162
34
54
2255
35
632
119
8389
9
2033
4151
54
8815
13
308
129
278
253
4494
47
61
40
4705
1533
13
4180
10186
61
4043
358
278
1521
13
532
14
112
34
54
2255
35447
51545
61
129
99
100
4001
76
24005
331
628
629
1294
20043
91
308
37
11553
61
331
7264
750
2952
27
331
2281
846
5
707
2343
288
18
24
5375
13
4192
449
1508
80
10794
23
3027
15182
9
1193
32
57
24
308
129
99
4494
47
58
956
612
679
44
1029
47
7138
14
562
27
331
187
912
417
703
1465
841
13
6858
185
104
14
2236
1098
227
27
842
610
373
278
14
402
880
13
738
27
331
1003
2343
87
32
57
4606
57
308
129
369
373
735
34
24
2108
515
14
2870
15162
99
100
1142
27
331
187
912
14
2236
886
227
5
610
2342
2168
14
402
437
206
61
40
628
825
107
14275
8915
4479
705
1431
57
24
880
27
331
2692
372
14275
7264
37
531
61
369
53573
40041
37
15941
24837
5
2223
53124
61
129
4151
13417
128
13
1862
47
27
20731
37
8182
12220
5
5273
53574
278
663
4151
1275
57
2786
76
14
4182
53572
1862
27
143
24180
9031
61
2006
12220
61
9399
277
61
16003
21185
61
4481
41595
61
16003
18856
61
8915
2996
5
9059
53575
61
278
663
289
185
122
128
13
4975
13
442
1813
24
763
57
372
735
34
14
10532
44497
15162
27
665
51545
61
7754
61
324
76
7264
64
14
318
61
285
13
24
4047
14
2347
3133
495
61
312
57
1634
25799
27
6108
3283
926
105
4719
593
13
24
4089
3976
7264
61
334
503
318
61
330
215
87
5957
104
54
2255
37
23913
27
119
11176
9
2033
87
370
23
320
5
87
3880
11033
21617
1587
14
257
13
1812
5
3163
24
4751
20731
3022
7290
4478
330
262
331
727
278
100
818
168
628
603
723
4348
4182
53572
27
331
569
7264
912
6989
9
4501
7515
53576
598
262
331
28004
168
53577
61
610
369
704
109
34
723
27
331
15941
24837
2325
133
505
237
506
61
13417
308
13
1862
47
27
579
330
262
331
628
144
648
1221
577
187
912
818
1166
61
1607
1308
1013
421
1018
237
778
577
331
628
149
2471
1089
515
635
25107
369
818
53578
185
24
5676
3400
27
331
628
629
1294
20043
91
308
37
11553
820
842
610
373
278
14
402
880
13
738
331
9
7264
3667
51545
331
16651
185
25107
61
144
1862
47
4166
5
7390
89
14
13260
3555
628
2357
2931
183
61
5
628
144
840
32
257
628
278
24
3317
13
1813
14
562
27
331
2226
632
7264
807
54
12417
34
10532
44497
15182
13
799
2237
5
1813
24
562
57
54
2255
61
129
87
2278
4089
3976
27
119
8915
4479
1490
1668
409
256
54
12473
11571
185
1134
4883
61
5
24
1435
99
902
3283
515
53579
308
278
1899
24
5676
4166
23
24
139
374
1267
9
14
40986
1299
1300
5547
4982
13
24
1271
632
35
506
69
1348
144
53580
308
4494
47
71
27
618
24
257
57
54
1134
4883
12417
61
53581
308
4494
47
1221
14
18500
1299
1300
5547
4982
13
24
1271
257
35
506
27
23895
27335
665
51545
61
7754
61
149
4001
76
15048
53582
24005
503
14
2347
3133
495
61
2108
515
1802
7264
912
1146
1687
16137
27631
27
20731
3564
9
3376
61
349
8182
12220
61
324
61
278
4151
122
2002
34
24
4182
53572
12417
143
5273
53574
1899
20731
3376
139
5
1501
61
349
2006
12220
61
9399
277
61
4481
41595
61
16003
21185
5
7290
4478
61
23
14275
122
3564
9
3022
7264
53573
40041
3022
61
15941
24837
99
1253
525
2002
34
8915
4479
61
2394
185
525
128
13
1862
24
10532
44497
20396
5676
11594
750
7264
5
54
485
35
632
515
54
2255
37
512
840
87
14
10532
44497
12380
13
1812
5
3163
24
4751
7264
3469
185
11846
37
1134
4883
13
22864
308
13
1862
47
13
24
8915
4479
10532
44497
5676
23
14
4233
13
442
532
14
15162
34
54
2255
119
3144
9
2033
172
5600
330
262
331
1003
2343
87
707
512
549
61
628
629
5957
331
396
750
2952
61
330
262
331
628
2245
1294
12685
700
1094
61
40
704
628
718
1018
757
2
361
646
34
2343
87
13
1812
13
4568
10093
57
24
8915
4479
5676
61
3924
13
635
308
129
369
822
1533
5562
13
738
2334
15197
5
1813
14
562
27
331
1312
24
15162
61
183
912
2765
144
14
501
57
1461
373
34
14
2347
4615
655
24
1632
23475
369
319
133
57
122
4089
27
331
842
34
846
61
5
34
775
1030
9129
61
183
912
24
2187
1411
722
707
2343
1145
1185
45
27
187
912
1690
27
331
6580
15182
1519
2584
13
1114
369
24065
4995
91
24
8915
4479
1435
61
502
3890
24
1428
10532
44497
5676
27
119
1435
3924
5150
635
43
13
799
2237
61
64
358
2354
24
594
5562
13
15197
40
503
221
47
3970
1299
1300
57
24
5676
27
7264
330
262
331
6569
723
13
705
414
1066
129
99
1899
24
5676
237
632
5
28409
13
1813
24
562
57
707
2343
5
819
23
24
1271
134
1221
723
369
704
2219
27
331
408
1094
2236
2296
1533
634
13
1862
47
64
358
2354
818
53578
185
24
5676
1221
818
9143
61
1425
444
851
25186
61
14215
5
760
185
4767
5
609
610
825
1813
763
27
331
5599
5600
7264
4151
54
12417
34
14
10532
44497
15162
34
54
2255
61
9028
24
4182
53572
13236
7630
53583
61
10282
57
18816
23028
104
8915
4479
61
330
262
331
2186
14
632
183
912
100
27
331
187
912
100
3438
53584
13
850
24
8565
57
2002
7264
99
105
2
128
61
3564
9
3376
61
486
5
9339
61
129
278
17073
1778
158
104
237
1098
227
5
750
14
1269
4413
57
10331
449
24
3334
40
562
9
3060
4975
57
18337
1632
23475
27
331
31269
5
128
2
704
166
57
1508
965
1046
278
1899
24
8915
4479
10532
44497
5676
61
349
7264
3383
61
1302
358
44
32
257
1813
14
562
2
4089
3976
27
187
912
334
1225
5
26327
5127
13
107
7306
635
308
27
331
1007
1519
2584
13
1114
5
23
692
450
718
4458
24
8915
4479
5676
109
27
727
718
663
2002
8915
4479
912
53585
223
91
18337
13
7264
912
32542
844
27
246
7264
3667
51545
807
54
12417
4182
53572
316
3133
495
246
396
3283
54
2255
35447
51545
99
100
4001
76
24005
246
11594
278
330
525
512
840
57
823
87
14
10532
44497
12380
246
842
24
8389
9
2033
9427
3022
5
622
485
273
369
45
14
112
246
7264
99
4705
308
13
1862
24
8915
4479
10532
44497
5676
246
1877
9028
54
12417
5435
308
4494
47
23
32
632
9
14
40986
1504
5547
185
24
1271
632
35
506
246
396
330
262
331
628
629
1294
20043
91
308
37
11553
820
842
610
373
278
14
402
880
13
738
331
246
2693
369
373
3108
13
532
14
112
34
11176
9
2033
61
665
51545


