221
33
19454
6
7884
3189
5535
6269
4
1134
24311
561
1560
8334
39
0
584
1327
5
841
4373
386
2
6269
1
761
4848
17
235
9
3905
5711
3879
2282
1182
128
3717
48
8105
1
10
137
20
0
6177
9
329
841
770
17
0
24312
12
446
166
2
852
3
40455
1134
1
0
64
444
0
1152
7
373
9999
4
2154
3160
1
609
234
2479
3
1183
12
42
573
2981
2
221
33
19454
6
7884
3189
5535
6269
4
1134
24311
561
1560
8334
39
0
584
1327
5
841
4373
386
53
137
51
12
446
166
249
44
806
20
0
495
3097
3
2776
5
4950
329
232
164
9015
1917
1
8334
20229
31
0
3165
9
83
18
243
4
592
12
2731
29851
23
36
11420
3
1341
1996
2
8334
1
896
1
1002
20
0
770
1
45
41
63
19
1277
1
4
6269
574
94
2096
11
3785
2
4000
7
0
166
44
43
3360
1359
23
44
2367
94
20
5
1639
1
892
44
43
6436
3
1065
13118
7
42
265
787
2
6269
1
38
13
907
37
1834
201
14684
1
10
434
3
32
669
81
215
1
45
2282
1182
42
573
20
0
267
6
417
48
70
1
79
230
39
0
295
482
55
42
897
20693
2
6269
1
38
13
907
37
1834
201
14684
1
10
434
3
32
669
81
215
1
45
2282
1182
42
573
20
0
267
6
417
48
70
1
79
230
39
0
295
482
55
42
897
20693
378
0
71
1
0
2386
2368
5711
22
0
267
6
0
105
9
70
573
10
8
10909
4
12198
8
9
45
98
6269
30
310
2282
1047
49
17
27
55
6
0
1211
120
5
851
9
977
448
4
107
41
158
355
27
8
5
225
9
3
9
225
8
2
1336
63
0
677
9
49
1
36
78
101
29852
861
2567
40456
12
7283
307
689
16
8
57
10
128
504
114
21
116
25
128
270
28
0
454
2
52
210
55
5
1382
1013
86
24
107
74
29
5
1533
1
66
183
1
25
79
213
210
7
95
225
2
8
5245
24
10
1549
2
24
273
20
568
1
66
183
1
24
58
124
5
225
3
225
62
385
2
89
92
10
739
133
25
10
79
5
391
448
4
24
107
41
1487
28
59
311
2
8
8
24
84
74
181
66
1347
3
325
2979
7
5
1081
109
14
1
66
516
74
2339
2979
62
212
265
11
711
109
14
86
24
181
24
10
7
5
706
6
5
1549
6191
92
11
5
119
2
8
96
22
39
36
10
93
8
1549
8
1
45
131
36
98
6450
3
1277
5
24131
130
2
10773
9
6611
2282
1
38
413
0
14734
257
1420
7
600
1
734
21
4
6269
34
1817
421
48
70
114
21
10
41
1309
11
8
80
14
984
29853
8
2
52
192
22
7
5
565
443
162
7424
9
428
4113
7758
14
0
8
863
13
3271
8
2
378
0
71
1
21
22
25
58
32
717
3
8245
12
0
1706
12
0
99
6
5
270
677
9
49
2
89
230
192
1
2282
219
12
3
313
0
4377
8761
1620
20
13515
2
318
745
921
4
1
7
600
1
21
413
0
257
1420
31
5
536
8254
1
90
159
12
3
313
0
321
8761
1620
2
6269
1
38
10
529
7
3703
3
7535
296
1
492
172
245
54
7
190
8334
13
248
5
205
70
11
19
174
9
21
13
648
7
0
235
259
7
14815
4
680
29854
7
0
1285
1
301
3
29855
52
192
366
14
0
677
9
49
10
0
1164
374
19
16344
745
1
324
16
8
24
181
110
510
30
40
11
0
237
7
1281
6
95
2344
2
8
24
382
210
5
706
67
71
69
25
4
25
30
40457
121
2
24
1409
1
110
1162
84
24
29
3
84
98
218
8
852
3
3010
1
42
897
10
434
3
154
242
20
0
11728
2169
7
155
331
12
484
802
2
101
5
565
39
42
677
9
49
1
2282
22
16
8
15
863
13
3271
2
8
15
897
20693
1209
20
0
872
116
121
3203
14
24
10
74
1309
11
80
14
984
29853
2
8
24
2080
5535
80
0
5133
36
7039
4
2928
27
11
0
400
278
60
382
34
2
8
258
6269
1
38
10
529
7
3703
3
7535
296
1
492
172
245
54
7
190
2
8334
13
248
5
205
70
11
19
174
9
21
13
648
7
0
235
259
7
14815
4
680
29854
7
0
1285
1
301
3
29855
2
2
26
14816
20
0
6177
9
329
841
770
17
0
24312
12
446
166
26
1461
805
3
1183
12
42
573
2981
26
15930
0
1152
339
277
108
23
44
11420
3
1996
26
6269
18
4848
17
5711
3879
2282
1182
48
3115


