251
8944
893
99
100
561
58
3108
13
6452
14
57035
13
6457
525
1093
9
23
9
3802
58
926
2168
3074
47
76
525
4076
27
57036
57037
61
1851
61
750
642
1093
9
23
9
3802
57038
61
1114
61
2072
2540
7420
57
24
1217
515
926
149
1511
758
445
61
5
2114
926
1545
525
982
27
1295
61
24
111
57037
590
13
6457
57038
1802
133
13
107
334
6456
642
798
61
5
926
149
6555
27
57039
2255
9
23
9
3802
262
57036
57037
61
174
61
4872
14
57035
13
6457
525
6990
9
2033
1093
9
23
9
3802
57038
58
926
2168
7135
57
24
16443
2540
7420
57
525
11460
4918
57037
1400
926
906
133
76
525
1093
9
23
9
3802
58
14
2222
1348
24
1047
2859
1448
449
129
2831
3896
34
24
1449
34
24
5556
27
4338
237
61
926
1520
57038
2072
2540
4076
449
525
361
14
331
57040
2255
9
23
9
3802
331
61
502
21150
525
818
822
926
1545
525
982
27
57037
61
2
57041
61
11035
6254
61
935
9025
14
125
2958
7437
61
9558
542
1389
12029
13
6457
57038
27
1882
13
642
61
57037
750
24
7437
806
331
628
1018
244
4014
834
926
6550
61
628
503
1028
723
13
6457
525
331
2186
926
638
45
6046
149
515
24
111
926
590
14
1389
15453
31526
13
149
23
1217
334
6456
2353
27
5711
262
119
331
125
2958
331
57037
590
13
6457
525
1093
9
23
9
3802
149
61
23
1217
61
334
6456
642
798
368
935
22424
334
7435
19934
13
5607
57037
91
46599
57038
37
897
5
3477
876
57
525
331
9053
331
27
251
642
1609
330
262
331
408
4995
13
5607
525
23
24
4975
57
3886
34
24
596
5
605
334
8822
2078
149
45
1487
27
331
419
610
17676
34
183
13
3235
64
3400
24
1093
9
23
9
3802
149
982
61
4157
525
23
6542
4089
5
510
876
13
9829
24
893
515
24
1805
105
319
513
27
331
579
149
6555
58
6540
18
24
557
57
24
3225
13
32
57
57
612
6456
57042
29470
23
2959
61
24
6558
750
525
262
331
727
369
334
18840
61
17051
893
129
1642
13
22045
1463
37
562
5
26310
24
15958
57
851
688
27
331
727
638
237
652
57
14
2347
4076
27
331
57037
149
3218
13
363
494
23
5672
27
246
8944
893
61
1851
61
4872
331
2258
331
13
6457
1093
9
23
9
3802
61
1114
246
579
105
7232
7135
57
361
33644
449
361
103
246
57036
57037
61
1851
61
2977
1389
12029
34
24
596
246
331
25444
331
926
590
149
23
1217
334
6456
642
798


