4788
16
9575
1067
3908
1
8917
1
30
40
180
3
0
864
8088
7
160
113
21
46
1580
0
6059
35035
11
14249
1408
1760
4
4467
120
0
8520
6
9147
65
2504
38
11271
19
142
3163
605
20
9147
1896
120
0
3101
353
1320
30
413
54
6
0
148
4977
765
7556
7
0
172
2
9575
1067
3908
1
8917
1
30
40
180
3
0
864
8088
7
160
1
113
21
46
1580
0
6059
35036
11
19
8208
451
3
0
864
2
15
1778
820
1121
5293
1395
5400
1
38
630
7
53975
7
1009
1
1015
864
4
4488
4467
4
1760
120
0
8520
6
9147
23
9481
23630
94
140
59
2
334
3559
0
6089
1
0
247
712
1539
2451
10485
2504
157
19
7564
23
5
12742
12
5
19081
2121
1
118
79
4527
3
124
430
3
715
12
37
944
9738
18046
1814
7
0
944
2275
2
8
249
66
929
5
12855
66
1860
767
1
25
254
141
978
761
2530
1
8
21
22
2
8
387
47
0
17406
7106
2
8
8
57
10
0
4467
24
809
2426
11
1
44
34
3
517
42
1170
17
80
17
42
4346
12
42
4755
4
44
43
20
759
6
91
11421
94
253
4
169
43
2
8
8
590
105
230
60
43
25386
55
99
4
6464
17
136
12723
12
48
19081
2121
2
104
43
497
35037
80
0
71
2
8
104
34
79
116
25
1095
0
9738
1814
56
5
2498
219
94
0
12945
4
285
0
130
1572
208
3
121
2
8
318
1927
20
9147
1180
5
9488
398
132
1097
31
1574
28
9142
17
22331
35038
7837
5293
451
1
38
21
34
1050
7
14565
2
3696
79
64
82
192
0
400
9
53976
10
1397
119
1990
7
820
1019
4
1
39
5
3206
7
37
2274
582
1568
1
2284
5
1036
1568
7
0
420
6
166
9
12
5
11583
2
7218
9128
4
9992
21
10
477
20
0
1036
6942
6
868
1568
1
113
21
10
680
3
677
94
6750
6
15748
5
132
7
5
16503
2
12203
16
68
3600
18
25261
1
0
22331
35038
7837
5293
53977
16
294
168
23
19
3865
451
20
28777
1
68
3908
61
444
105
82
7
5
1036
6942
6
868
1568
2
52
2284
12
5
11583
4
10
115
31
513
1721
238
166
39
21
1892
19
3298
4
10
91
622
99
3
1568
21
959
3
10215
103
4
1148
0
3867
127
5
1884
2
52
22
16
8
9506
392
29
40
350
94
12
95
14
166
2
57
10
141
1502
24
79
408
25
4
15644
103
11
178
62
231
724
7
0
2059
588
7
0
3004
6
13819
50
24
273
392
32
0
1576
2
53978
7
0
6059
35035
13
5439
3
864
8652
4
2437
8652
38
29
1773
1010
62
0
25253
25
34339
2
360
1
8620
206
1580
5
19501
6
0
6059
2
6771
257
19839
675
927
1546
2740
1
1037
4343
1
1037
1253
1
1037
6
970
4
0
632
1302
53979
1
2305
2567
22332
1
1770
11887
6374
4
741
2889
8471
1279
2
8
135
175
121
7
4
24
10
482
99
3
246
17
33785
2
590
82
24
1494
40
5
6942
6
868
4
0
208
132
24
322
99
20
37
513
286
91
1015
7
8818
2
8
57
10
1516
77
978
99
123
9
92
10
739
11
737
6591
4092
2
8
53980
20
1931
19
2615
28
0
864
1
21
22
21
46
2005
25
23
5
6217
6
80
38
1773
17
59
120
19
71
7
0
2530
2
52
22
16
8
24
474
109
24
659
5
21775
6
22331
7837
5293
2
139
13
11
282
24146
114
0
266
43
80
3353
2
8
104
342
5
396
6
7955
23
168
2
8
52
669
19
632
227
7759
7
18930
4
219
12
3
29
198
2165
1
5522
1
4
61
30
64
53981
4
146
400
9
5440
2
52
46
1024
94
3
160
12
506
534
542
17
19
198
3
1580
19
53982
7559
7
0
53983
577
1363
18867
6059
35036
11
19
3959
7
0
11732
6
1010
120
0
3101
353
1320
2
1206
3
5133
16
52
669
19
632
227
7759
7
18930
2
68
3908
13
3038
0
2105
12
5159
6
0
266
21
1773
17
3458
1604
7
37
28952
1068
11
42
1070
3
32
2436
120
0
8520
6
9147
2
4534
6
28979
5411
7
299
1
28
2275
53984
3
5063
6944
1
747
22006
3
9935
53985
1
5490
0
2275
3
934
0
266
102
334
4418
1089
16226
4252
7
460
7203
1
0
257
53986
2132
53
35039
51
10
482
3
185
3469
1010
2
101
417
6998
1
105
1036
53987
31471
1156
1010
162
0
53988
4
923
4337
3
0
944
2275
2
144
417
793
1
0
1036
1244
34
2535
0
35039
4
0
1053
6
0
864
4
4488
35040
7
37
329
455
0
2435
1742
6
1010
2
15
257
794
13610
3
9147
23
25
10
0
237
569
11
37
8520
4
0
3407
6
9147
20212
197
417
896
4
534
441
6998
2
360
1
7
54
6
0
148
3599
765
25082
6
0
868
1
0
7130
9071
42
368
5829
2
139
498
0
7256
105
230
3
951
42
1927
4
10739
0
8520
6
53989
1721
2
11766
23
5
8
6188
6
53990
8
31
8208
2847
1449
5160
4102
1
0
8520
13
214
23
54
6
418
1490
7
6998
14
1571
0
12023
4370
6
0
868
2
15
1613
1
3273
5511
23502
1
408
3581
6
6373
6944
4
108
501
4093
1428
10881
3
1663
0
5733
1721
1
38
34
40
1922
99
31
27886
1244
2
26
1067
3908
1015
864
4
4488
1760
4
4467
182
514
26
15
18272
9
83
61
444
105
82
7
5
1036
6942
6
868
1568
26
68
3908
2284
12
5
11583
4
10
115
31
513
1721
26
52
46
124
0
4900
765
13997
20
0
864
8088
208
149


