144
1179
2439
293
16
32766
138
1
835
484
190
291
287
16
26995
138
1
835
484
190
2221
367
574
3
33463
6175
3
185
6220
0
744
6
0
631
2330
397
1514
5
11853
15224
3
6424
11
0
1216
6
5680
2243
17
12726
1325
77
1051
1874
2
15
813
10
91
289
5
1746
6
0
22396
22397
21803
7
8320
1
5347
1
12
0
87
429
6
19
3147
919
56
21
348
251
15224
35338
35339
27173
11
125
1176
185
2
438
1625
1670
49
14799
2273
371
5
3912
3
1880
4814
99
7
1134
1
113
5
695
6
2846
4464
1626
5676
4
1051
1874
55263
2
297
94
11
167
519
2221
367
4
1027
6
660
6634
2273
1016
5
3129
17
5365
11641
35338
35339
27173
120
42
1746
6
0
22396
22397
712
32820
7
8320
15
519
1104
7
0
2189
13747
22398
5690
14
20
2233
7117
189
1
4
414
7117
232
1
15068
272
0
2573
6
5
486
1368
438
1625
1670
49
0
519
812
19
1746
2726
16
8
104
352
346
12
48
1880
2
104
352
159
3
252
5
396
6
9641
11
14
8
8
3240
1
8
367
2605
1
2415
3
251
15224
55264
1
8
104
352
346
12
48
1880
2
104
352
159
3
252
5
396
6
9641
11
14
2
8
15
519
4
1027
6
660
2273
1824
5
747
1746
6
0
2189
7307
9
5
952
3365
5527
7
8320
18
55265
55266
2660
2
27174
1848
7247
1
44
175
103
42
2944
23
0
55267
9
55268
15224
531
88
162
0
5115
1669
4406
6
2893
9
18427
35340
4
25237
17
97
1297
6
55269
22398
628
2
15
1248
5191
13
0
2706
13747
22398
5690
14
20
2233
7117
189
1
4
414
7117
232
1
15068
272
0
2573
6
5
486
1368
2
15
5690
13
116
6
14394
4
21916
4
1372
7
1451
7052
17
145
9
6
9
5401
55270
17934
0
948
2
271
2273
21506
63
129
8562
25
10
3
50
68
367
2605
16
8
281
66
29
6696
75
323
25
18
41
86
8562
2
139
13
1084
6
5
1860
2
8
27174
1848
7247
1
367
4
2273
175
103
42
2944
23
44
43
531
162
0
1979
378
5
546
1059
192
1
367
22
21
10
41
8963
63
0
252
11
9641
2
8
24
300
354
7
4393
1
8
21
22
2
8
24
354
7
9641
56
24
165
3
2022
99
102
1
4
281
5
11853
15224
13
12065
121
168
1
24
893
154
2958
205
55271
21
73
355
121
3
688
3
465
17
125
4397
99
102
2
8
35341
6
0
7307
4406
1277
3
7427
916
33769
24
7
0
55272
2
15
6285
18
8713
33
887
3623
0
55273
6
54
6
0
676
11341
22398
20007
7
0
1979
1
50
13
2656
455
0
3238
6
0
55274
55275
4031
339
0
1661
1199
2
57
13
7
0
2154
1
2478
83
1636
6
8320
1
363
0
20358
9
4
9
1902
22103
7409
2
8
57
18
9644
14
367
224
1307
3
22396
22397
1
8
22
55276
55277
1
5
17937
9
83
7427
2408
38
175
5
971
1
5
4031
21617
4
123
1477
49
3816
1619
11
606
1371
3
9790
0
130
62
79
177
19
4974
2
8
57
46
934
59
55278
114
18703
33
20
0
2292
6
7427
75
18
5311
2
8
8
24
188
3
177
59
17
95
220
1069
1
240
36
22
2
240
24
109
367
114
6
19
23999
4
4278
2
52
18
5
5277
2407
2
24
361
0
152
21
2243
2
8
15
519
10
7167
0
5115
1669
7307
7
8320
1
5347
1
12
0
87
429
6
19
3147
919
271
2273
21506
63
129
8562
25
10
1
3
50
68
367
2605
16
8
281
66
29
6696
75
323
25
18
41
86
8562
2
139
13
1084
6
5
1860
8
367
4
2273
61
649
17
7427
916
35342
35343
1
38
4149
5841
7
405
4
30
40
2412
20
5
286
150
746
114
21
13
1312
2
367
2794
5
286
935
471
17
2273
374
59
2
15
6285
2238
11341
23
367
4812
59
4
21087
19
619
2
8
57
18
5
400
6517
1
8
367
22
2
367
22
21
696
34947
28
0
513
75
8
38
33
86
5488
11
0
6748
6
136
64
1142
4
33
400
24703
6
11734
9
212
12440
4
212
3021
2
8
15
6285
2404
7
5
3546
7006
2
367
9000
4
22
1
8
55279
7
0
250
1520
33
128
189
1
45
25
18
128
55280
3
183
75
170
29
1697
7
121
2
24
273
25
10
128
650
14
95
87
919
39
0
5474
10
3
5347
1
50
13
199
5
400
16300
2
8
1354
19
703
1
0
6285
498
367
5
333
3180
1
173
54
11
87
3554
2338
367
2
8
96
893
233
128
205
7
14
11681
1
7469
519
1
8
2273
22
2
23682
76
41
177
0
2720
2
367
123
1670
49
5
783
5307
1
50
21
22
3640
947
6
80
0
321
14100
4
87
4517
0
6285
30
649
1
1536
17
17674
15191
4
3098
162
778
8311
3275
2
15
519
4
1027
6
660
3297
23
5365
11641
27173
2243
63
0
683
6
0
7307
367
4
2273
33
531
162
0
5115
1669
7307
18
12586
13778
4406
17
97
2893
9
18427
35340
4
25237
8
104
93
0
81
946
10744
8
86
5
783
6
367
18
703
76
32
176
3
0
672
1
367
22
2
65
9638
55281
10
12
37
55282
1137
13584
0
7427
4
321
7490
2
367
22
25
10
7633
5929
11
0
6285
1
38
13
37
1467
3466
1
240
3
55283
6748
240
197
0
64
1142
2
4000
1
367
10
348
120
5
546
1059
17
7427
751
564
32571
25953
110
19
7897
7427
626
13
2
52
2605
14
21
2211
25
80
4
10
3873
56
21
408
0
8580
11
0
349
1740
2
8
57
829
128
205
1
8
22
367
1
38
34
6259
63
835
269
28
1134
1
113
25
10
390
302
415
23
0
546
1059
175
242
2
8
24
351
61
128
6159
2
24
2054
95
8886
4
24
322
350
653
3
125
14698
7427
626
2
26
8
104
352
346
12
48
1880
2
104
352
159
3
252
5
396
6
9641
11
14
2
8
26
519
10
7167
22396
22397
21803
7
8320
1
5347
26
52
61
649
17
916
35342
35343
1
38
4149
5841
7
405


