24550
11784
53
137
363
186
7
405
151
51
10
856
11
0
4379
4
30
98
40
1519
103
31
0
1495
18125
1153
65
24371
9448
30
40
1519
103
11
9519
0
798
55
6
72
30239
6
147
12
9421
728
4
520
21
202
1091
55
2
24550
11784
1
3511
1
210
7
4043
11
1356
9
14498
520
12
67
85
639
728
7
5
146
9
70
1866
8228
2
52
572
0
798
72
2359
11
30240
56
80
21
107
10
30241
9
4
49
3
72
6470
11
30242
147
50
10
202
617
2
318
7907
1866
10
3254
31
64
8
9340
9
7115
8
481
38
364
19
4379
3
106
2
407
2117
9
529
11784
30
369
40
856
11
542
187
11
2351
12086
11
5
943
6
72
41222
20
19
859
7
24551
3908
1
13357
2
836
21
30
40
1519
103
31
0
1495
18125
1153
53
41223
51
38
1846
21
8
6371
0
252
11
5
9448
3
32
3354
4
12624
20
80
278
2
8
65
479
11
0
41224
22
16
8
3460
1193
4
1697
7
0
7472
1
4
7
0
10065
1087
1
58
32
2133
112
5
1820
6
23314
43
41
116
2
8
12163
1
0
2892
11362
14
23344
12
48
2698
77
5
146
9
70
894
13
41
41225
2
8
101
0
1271
6
0
4156
891
1
240
48
10
5
6695
1
1689
4
5090
1866
240
2
8
41226
1
0
2892
30
1571
14
0
2890
4
16451
11384
7
48
276
13
14
6
41227
2
8
101
943
1
11784
116
41228
10853
327
11
9421
7907
147
12
67
85
639
728
2159
904
372
306
14
21
58
766
49
3
72
775
11
5
1550
2803
2369
4
123
210
7
5
72
6470
1655
11
30242
147
2
15
186
306
14
244
9
6
9
105
11784
10
5
164
3975
4
0
168
9
4900
118
9448
7
0
970
704
6
24551
3908
2
52
34
786
0
1779
7
954
3
5
7907
298
9
45
921
346
92
500
3804
798
147
2
15
798
1866
451
10
1085
5942
3
11784
18
2333
39
1335
43
7092
31
0
7907
1941
4
20881
20
0
1779
2
7843
11784
3
542
187
7
582
1
1485
1786
41229
78
59
16
8
139
10
5
6695
1
27381
4
5090
1866
77
146
82
2930
31
15659
2
8
3626
13
11784
18
179
7907
1779
1
2656
12
0
200
898
6
48
533
7
24551
3908
798
1866
451
479
975
24520
22
3582
16
8
52
10
5
1505
682
1421
45
10
15750
11
67
2
8
15
4156
7767
14
830
127
798
970
46
41
32
17707
2
8
68
24520
22
0
798
34
369
3443
0
72
41230
182
0
27737
6
3462
2380
2
26
24550
11784
1
3511
1
8347
4043
11
1356
9
14498
520
4
728
26
11784
572
0
798
11
30241
56
21
34
118
3173
30240
26
52
10
856
7
151
11
542
187
39
2703
3
2351
12086
26
15
1356
9
14498
147
50
21
572
3
0
798
752
201
30239
26
52
30
98
40
1519
103
31
0
1495
18125
1153
11
0
3667
4379


