258
2039
26389
251
506
13
24
257
58
2882
982
54
695
45074
45075
61
3443
45076
99
781
334
4166
591
3091
525
897
149
14
331
1311
1757
331
27
45076
61
2154
61
1969
64
43786
31460
61
717
24
1392
185
54
2805
3443
45077
1490
27
331
951
720
718
16787
8065
707
11149
449
24
1311
1757
515
99
1515
1155
10727
34
421
129
3438
1689
9
5
5923
13
603
45074
61
331
215
330
27
999
506
185
262
1605
520
278
953
57
45077
5
54
695
45074
45075
61
5
278
3793
33
33
2033
7966
34
24
9914
61
1969
64
24
331
12137
18683
331
61
129
99
717
14
591
13
45075
185
54
1490
951
273
57
45075
37
6939
485
278
731
1193
57
45076
331
3240
2959
4692
999
57
24
3096
13151
23
24
2959
501
57
3443
45077
5
24
596
57
54
695
3443
45076
99
1129
24
5223
57
54
695
37
596
13
6848
334
4166
591
13
525
185
54
2805
1490
331
119
8638
5
1738
1221
3458
34
45074
912
448
61
485
5
486
26697
846
76
16890
27
331
119
189
57
45074
5
24
1306
3263
57
515
257
61
628
825
1645
76
846
34
24
557
57
707
562
9
3443
27
331
45075
61
14
10998
9
2033
5285
61
149
1142
7419
185
24
4549
674
76
2390
12334
10408
13
525
219
61
20868
5
11095
27
45076
149
2940
76
525
596
5
622
434
9
12249
2674
1517
27
742
801
10486
185
563
2778
23
24
1747
2787
4368
61
31683
27
9618
377
45076
1745
45075
23
24
1374
9
11439
4615
57
11118
37
7314
58
334
10020
27
45078
3356
45079
61
45077
331
3516
61
129
149
3009
13
2093
23
185
24
13151
45076
149
2940
76
45075
37
596
5
622
434
9
12249
2674
1517
27
45076
331
801
34
24
596
57
45075
825
56
185
563
2778
27
45075
37
2255
87
2235
13
2934
45076
45080
237
61
586
215
2876
45075
91
3873
4867
926
149
14
45081
25677
23
54
4549
27
45075
37
2255
61
3094
61
6993
13
2934
24
801
27
951
273
57
45075
37
6939
485
278
731
1193
57
45076
331
3240
2959
4692
27
588
13
24
596
61
45076
149
14
1362
8162
3022
9
24
55
1058
9
17850
13
1876
104
24
975
27
742
13299
13
19275
45082
1348
215
8640
104
24
558
941
975
40
256
54
596
2479
61
215
99
100
1103
13
19102
23
10901
815
5
105
27597
45083
10028
4960
349
32
76
25012
27
45076
23
2175
104
24
56
57
54
7366
2979
8069
230
104
24
941
558
1049
9884
1102
610
369
45
370
11344
1105
185
237
4144
27
246
45076
7043
591
13
45075
185
54
2805
1490
2394
525
897
14
331
1311
1757
331
246
251
506
495
902
45076
15082
2876
45075
23
24
1920
4615
57
11118
37
7314
246
45077
149
2940
76
45075
37
596
5
622
434
9
12249
2674
1517
246
742
801
10486
185
563
2778
23
1747
2787
4368
61
31683


