338
250
1508
3649
5027
2091
6529
2345
18
616
127
2542
1900
10
79
19944
11
80
6
19
504
147
1
45
490
91
4356
39
118
4527
5
1203
12
377
2
2345
30
4689
5
9034
454
3
142
7
338
39
7616
5
1907
1833
7230
132
1331
356
3
1355
2231
28
3721
2
65
16424
2784
863
887
0
5824
854
55
6
0
174
11
0
1879
6
484
1
4
21
30
40
5439
3
25810
103
0
3828
0
424
333
593
2
1343
297
94
11
1567
1144
1696
4696
0
993
1035
4
250
18
776
3324
3649
5027
1904
17
6529
2345
39
0
11334
18
5755
20
1900
727
5027
107
19
237
3
688
3
677
94
1900
3
325
5
1426
1
45
76
74
1812
19
152
162
5
3009
4838
250
43
1619
94
20
274
1683
12
377
1
50
10
9489
3
1900
18
147
9
1526
360
1
12
19
87
1285
454
150
460
1
4968
9
83
2345
3422
19
200
616
11
0
288
1
4
5027
10
3873
3
177
0
407
513
99
5325
0
731
2
8
104
43
344
3
2584
0
229
1763
3
6529
47
5756
9
24
659
128
596
11
59
1
8
5027
22
2
8
24
181
21
5618
25
114
21
926
504
274
132
2
8
250
43
350
3
143
25
452
3177
7
5
1263
20
1900
727
1
45
5
194
9
3698
1900
43
205
2343
11
0
1203
1
480
248
3
326
0
368
575
379
17
259
266
2
250
335
233
6442
9
1549
39
159
374
20
1900
727
1
45
2345
18
5756
54550
4843
6304
1567
1144
1696
3066
6
1299
109
25
10
64
860
1376
1
4
5027
61
490
14
25
10
5
541
880
1552
12
377
2
8
1232
616
13
3
1911
0
70
7
0
237
686
152
16
17
64
67
8475
1
8
5027
176
2
8
16080
2542
1900
1
60
76
141
124
136
4554
313
7
5
1263
2
57
10
5
7211
229
2
8
135
668
87
1
5
400
616
28
1925
17859
4
107
141
517
194
837
11
282
3
226
99
2
8
26
3649
5027
2091
6529
2345
5618
616
127
2542
1900
26
2345
668
5755
20
1900
727
12
87
454
150
460
26
5027
562
0
525
20
1900
727
23
5
8
7211
229
8
26
15569
7
19
2559
1
0
6519
1861
24699
0
634
894


