4475
2553
61
24
3704
9
3504
7901
552
1239
57
5393
1700
3793
158
128
704
18
24
1146
61
99
1077
104
24
636
57
13167
27
2553
689
868
185
207
2356
104
54
82
23
24786
61
12076
61
256
14
506
9
402
2051
76
18992
3976
61
54
24787
330
27
2553
3283
23
4824
555
515
215
105
100
4001
76
24
4751
40
737
13
151
1756
27
8117
970
61
215
5910
13
3235
104
24
5393
1700
17978
215
1163
23
24786
34
316
1046
14
257
61
190
1267
14
632
61
1853
363
454
57
24
506
27
521
159
34
522
119
3193
1393
738
185
262
4475
2553
5910
13
5056
655
215
1694
3976
27
396
1077
185
207
104
54
82
23
24786
61
12076
61
104
24
636
57
13167
17349
4255
262
4475
2553
61
22475
7901
57
5393
1700
61
99
1077
1519
13167
104
54
4744
82
8631
9448
23
34
2553
58
2108
57
54
897
27
24788
6607
2159
5
6159
24789
330
515
2553
13479
542
5
622
5184
13
799
13
5056
104
24
5393
1700
17978
27
2159
330
24
5580
105
769
14
331
2508
6662
331
27
9409
5
15101
3193
4093
24790
3325
24791
330
262
331
396
105
10813
24
594
729
5786
10489
1541
27
5582
8751
27
331
8725
3022
3267
2553
4151
262
331
8259
24792
4475
2553
27
24793
24794
331
2553
1770
3706
76
54
14215
64
14
318
61
5
54
1166
4255
5
5650
10489
11
3989
4464
21220
13
1724
158
331
14
4156
6662
331
27
119
7901
5209
2212
34
7249
27
119
4475
2553
5620
61
502
13113
23
1356
24795
2
11446
13
5523
61
1039
2553
24796
1756
54
2317
57
1166
9
4177
24797
5
24798
21366
76
54
5616
3376
27
396
309
2195
5046
5
166
24799
8712
18
54
402
1915
5
149
24800
34
360
24801
19804
27
396
407
334
24802
23
427
61
5393
1700
143
11768
262
251
24803
27
4865
54
4203
57
5393
1700
53
158
1146
186
61
183
149
94
54
3096
3697
61
349
12751
5
1026
244
3710
10966
13
24804
727
27
2819
24
2205
262
4475
2553
232
14
14078
2
1786
24789
64
215
4123
185
1679
2065
24
1060
349
24805
69
700
71
23
1073
27
119
24806
807
122
1915
185
2553
331
1265
3193
187
149
185
54
3193
515
2553
1459
24
1146
13
24
1617
1413
3706
24789
7233
57
4662
27
777
443
7396
24805
663
53
54
3649
185
2553
331
3193
61
23
13044
1348
215
149
190
494
2033
27
7871
23
24807
262
2553
61
324
23
2336
61
309
2195
5046
5
166
24799
8712
18
54
402
1915
5
149
24800
34
360
24808
119
7901
37
24809
6703
185
7249
5
23
5261
15111
54
24810
14875
27
396
625
330
262
331
628
12336
628
696
604
2236
100
9440
61
637
837
10792
2359
23
3193
3104
9180
5
24811
5
7973
13
444
575
358
1028
13
107
27
331
1003
1765
87
61
628
629
45
7221
24812
1817
372
6278
27
331
2553
331
6495
9
164
24813
61
502
53
158
14
965
4975
23
18817
24786
61
663
658
18
89
54
2211
562
27
396
149
5362
76
11851
503
625
9
24814
9
1348
54
6989
9
715
61
791
11860
11861
22379
24815
24816
61
2876
525
8945
61
24817
9968
24818
24819
61
13
897
23
24820
27
119
24008
24108
22653
24
755
23
24
4215
24815
27
24816
61
129
330
183
149
334
1757
61
1949
503
14
632
23
3254
61
5
2553
4952
2002
34
525
5
122
272
61
24821
61
213
5
7714
27
3948
23
6422
4669
61
24822
61
185
534
2778
61
24823
61
10434
4586
2553
1770
1756
76
54
508
14215
6370
61
3702
5
13081
23
24
125
22462
482
24824
1348
215
149
533
494
2033
27
777
571
61
14
11532
2230
61
149
24
24825
27
21019
58
61
24
2553
7233
24826
1010
14
1551
2697
185
24700
24827
1827
924
24828
37
24822
24829
13533
27
119
3193
182
3793
311
2
21593
61
7955
5
9407
27
23508
486
262
69
174
13
700
71
7833
24830
61
10385
6580
5
4475
2553
24831
5168
262
2553
69
324
23
17975
61
174
71
1770
54
3706
1915
104
533
494
2033
2065
54
14215
5
472
13
1362
14461
27
396
5910
13
5056
641
54
897
24832
1578
262
5393
1700
149
10341
781
34
24833
24834
23
24
13520
1045
14602
305
24835
37
637
183
147
497
7307
76
2553
691
1899
24836
24837
23
1239
24
1805
24838
618
251
7659
23
17664
34
24837
37
1045
14728
1003
3715
61
5
4475
61
7124
14
2889
61
149
6816
13
24839
16003
21449
37
10489
185
14
4215
34
24
1045
3116
13456
143
13456
3627
27
331
628
706
151
2050
641
628
444
13
24
222
575
628
847
244
444
133
185
1679
331
4475
2553
742
10489
12321
23
24
1045
641
24
22954
61
1348
183
149
164
652
183
638
244
1274
1030
21449
37
27
12647
24
14215
3366
76
24840
15036
61
14
7901
129
105
319
14
134
64
7051
220
104
24841
7242
61
1950
76
20586
24842
61
3094
24843
5
819
27
4338
166
454
57
1986
61
15036
5
24
2553
7233
5145
23
122
3193
104
24
4117
24844
8785
23
11860
11861
13
14
80
24845
27
691
2458
24846
14560
23
1605
1606
61
5165
5166
5
1853
24
5580
61
4136
14
5043
57
2947
12970
14
632
27
13031
5960
262
4475
2553
76
54
55
715
24815
24816
69
174
71
5
169
715
2224
69
700
71
7659
4346
262
4475
2553
13244
24
3444
57
24847
3520
119
10098
104
24
5012
24801
19805
1817
76
24848
24849
69
174
71
5
3442
24850
6762
2553
61
24851
122
4228
61
625
330
262
331
1788
610
1789
13
223
47
5
2687
334
837
18709
8751
57
1890
5
24852
27
331
4338
360
494
61
24
166
508
14215
61
129
288
4800
122
2534
775
61
105
7135
57
24
1993
198
5
174
13
10964
622
2047
27
4360
14
402
11704
57
3697
61
24
4215
34
502
4475
2553
825
12317
107
15511
87
24
24853
5393
1700
27
24854
91
13762
24855
5
9347
18120
23
13520
61
183
149
10341
24856
34
24
3441
14602
305
24835
37
13
107
24857
91
24833
24834
37
5241
7864
24858
27
162
24
1271
506
61
5393
1700
2048
24
2594
16452
34
2811
24859
24847
27
187
149
2035
104
24
24860
23
13079
91
2553
129
182
497
1324
76
24
2073
27
1477
215
604
407
183
64
14
414
61
2553
331
3693
5393
1700
143
5298
13031
24832
24861
149
8536
5046
23
13044
58
24862
2947
10807
23
3197
27
162
4596
61
215
4032
14
13487
23
24786
61
12076
61
901
58
54
186
4215
27
4475
2553
331
7844
61
5393
1700
143
11768
61
149
784
23
1372
427
27
2553
3249
4000
64
14
1940
4975
5
149
818
5145
104
32
222
515
215
10381
13
986
1449
5473
34
54
316
1549
27
331
628
105
709
3225
34
1449
61
818
628
24863
183
61
331
215
12318
23
1897
61
331
5
183
1644
149
24864
692
27
331
251
316
9
506
3484
13475
185
1704
10669
37
24865
5620
5
14
6524
76
24866
12278
1802
1022
1145
27
119
4475
2553
5620
857
61
1817
76
14
4093
57
5046
8712
5
2960
27
2692
54
1805
2960
288
7172
13391
806
119
24867
12338
24847
806
11552
4570
806
24868
3520
23359
143
24869
61
24
529
2
24
3441
599
780
61
5
24870
27
2553
149
663
1969
34
54
4098
4915
5
551
34
54
1015
549
7561
7714
23178
27
396
149
23
5165
5166
1348
24
21230
149
2876
982
5
16887
24
17665
24871
57
24
7744
104
54
10925
61
147
586
183
149
24
331
13949
1017
628
696
1541
456
331
27
1295
61
2553
149
45
14
2685
6752
5
6903
3989
6216
23
427
57
331
3986
24
1566
13
12045
331
27
4338
1775
3484
61
2553
1794
33
185
24
437
61
575
54
3096
739
1046
5
8712
53
158
14
80
2554
123
24
15558
27
999
506
23
24700
24827
61
1204
61
14
24872
2072
24
1864
868
61
5
24
4211
37
1240
4942
13
5498
21593
23
227
34
24
1462
2356
37
3193
61
14859
24
4229
13
24873
24874
2
14
175
276
4211
27
331
951
1533
24875
61
331
2553
16596
27
396
2114
13
9802
23
24786
61
24
5244
9
20303
331
761
11734
4368
57
24
1566
61
331
76
1579
2172
57
24876
14544
761
4162
61
3500
5
11687
5684
27
3689
23
175
2999
262
4475
2553
5
1420
24877
185
119
24878
5620
23
13060
7871
185
1045
262
4475
2553
5
24879
24880
23
24
1045
628
1825
24881
11766
13969
23
24882
1307
215
2084
23
4596
61
24
2321
149
9316
91
1566
4162
5184
61
40
2553
4073
515
61
1071
24
10523
61
2947
145
5720
4475
2553
5393
1700
17978
23
24
474
57
24
1032
37
11734
4791
5
1756
316
1046
14
2356
61
190
1267
14
632
61
363
454
57
24
506
27
1539
23
3291
494
638
215
2430
13
164
33
13
32
3193
14
2356
27
3627
17613
61
54
594
965
227
57
24
506
149
739
61
637
215
6343
515
45
421
23
9407
4312
54
1454
13
24
24883
27
331
119
1217
87
594
57
707
486
23
18905
373
1019
628
629
1378
34
2467
109
61
331
215
750
119
4577
2905
23
9269
27
24884
262
4475
2553
4032
24
5393
1700
17978
23
4596
23
24786
61
12076
61
575
215
2035
190
1267
14
632
61
363
454
57
24
506
1110
966
262
1477
24786
149
10341
9316
91
1566
24885
61
2553
331
5393
1700
17978
1850
14
1265
57
4229
799
13
3613
396
5
54
169
715
61
24
791
2224
24886
61
24887
122
227
1411
3861
23
24786
5
20260
2902
61
575
215
1949
54
22252
4615
185
24
15500
2510
1348
24786
37
24876
288
2350
123
24
1985
454
256
739
27
24888
149
45
185
54
6218
27
397
215
750
24
14701
23
1897
262
331
628
706
151
2050
641
628
444
13
24
222
575
628
847
244
444
133
185
1679
27
331
396
5910
13
5056
1347
58
10065
54
18992
3976
23913
23
555
27
2553
87
7639
91
54
715
61
2224
61
5
54
166
272
61
7714
61
24821
5
213
27
1741
1423
262
2553
4451
24
1044
2286
1817
76
24885
7412
24889
5
21190
11968
104
24
1741
17303
5620
23
941
23
24890
14756
7645
262
119
739
796
57
24
4475
2553
3193
23
5528
502
149
4091
965
76
3607
3484
8156
246
119
7901
5
3484
3022
1077
104
82
23
24786
61
12076
246
2553
105
14
402
5
3294
1915
575
215
309
2195
5046
5
166
24799
8712
1817
76
1507
24801
24891
246
24892
3706
1519
4884
76
14215
23
54
4448
24822
246
24893
24
5393
1700
17978
23
24786
575
215
2035
316
1046
14
2356
61
190
1267
14
632
61
34
363
454
57
24
506
641
970


