144
629
2349
293
16
14445
138
1
314
522
190
291
287
16
52960
138
1
314
522
190
15906
9
7
16
9174
12883
1
384
1
137
687
17629
904
372
1
3881
1034
480
4537
888
69
2258
4860
18
102
65
32640
38
1047
69
0
102
6
1178
9663
2258
4860
4
6769
12
5
6986
7
19
1462
7367
1272
5
7597
3881
1034
209
2
9174
12883
10
289
5
9551
643
554
23
168
23
5
5372
554
209
39
497
69
19
3394
119
0
2194
9
6406
6746
1436
438
7
19
1528
146
187
320
2
1485
1375
52961
20
17629
904
372
1
1849
160
1
61
22
14
0
554
58
29
5
1601
433
462
9671
2
12883
1
6
34759
1
884
9
1653
160
1
34
490
91
7
2389
6
5
7597
17
0
4525
3
1038
62
5031
690
1
4
1949
5
1310
20
0
3486
727
1918
2
4860
1
3281
1
10
1559
438
7
19
1528
56
21
306
5
8
5081
7700
8
627
28
19
2839
12
359
823
4
180
19
481
2
12883
10
204
3
10054
2222
106
652
39
91
115
549
0
690
2
378
5
1033
942
1
36
10
78
36
392
764
20
27
102
1918
1
1065
549
197
691
826
4
691
322
4
1802
37
4070
4720
2
96
10
61
78
31
1485
375
6587
12
14
3020
14
0
15635
230
36
444
7
1330
10
8
6931
3389
8
2
4860
38
10
41
1517
20
209
47
942
1
408
14
12883
10
1433
363
19
5435
2839
1310
1
3221
23
36
477
5
7597
748
27
251
1
27
844
1372
7
777
2
12000
16
2258
4860
1881
19
160
102
1
50
10
1175
69
31
0
211
7
359
48
70
654
4403
10
180
1
38
482
5
1086
6
1971
362
3
1663
59
23
12883
921
3
6841
1
1687
14040
0
1906
17
0
7597
2
334
5
5869
818
6
0
2329
1
106
115
0
11016
4138
12
5
6986
691
1057
49
7
5
1097
9
7
7367
208
3
0
393
47
1528
1
113
0
3668
34
40
11435
17
777
2
203
4787
42
2015
4
348
27
3
124
94
1
45
12883
2217
17
362
1
3221
16
35
22277
3
121
1
552
13
2535
7
13393
15
3308
78
106
16
35
2258
1624
121
2
24
107
141
677
7
1
24
10
369
7
0
26966
96
366
0
393
34
20491
27
2218
560
2
96
61
490
19568
19
1918
12
27
1140
4
371
5
1033
703
3
19
102
231
187
421
56
36
521
21
10
184
7
1249
1
158
609
27
117
30
366
14
36
13
141
5
1843
2
26
9174
12883
10
115
31
0
1178
9663
3221
4
9725
19
2839
1310
26
35
2258
1624
121
2
24
107
141
677
7
1
24
10
369
7
0
52962
36
78
1971
106
26
12883
10
289
5
9551
643
554
4
5
5372
554


