9354
1061
369
3992
876
57
2786
185
5538
833
64
358
7180
33
75
1400
515
594
22527
369
441
89
24
3855
5
68
763
57
4325
27
119
13236
4182
57299
2859
4152
185
1002
76
3219
1061
2
465
5
1853
24
1146
2590
5538
833
13
614
841
4900
2
122
3855
27
187
726
58
57300
784
14
6697
5016
2
213
1060
57301
49562
35
632
515
3138
24
9270
1045
4352
3617
10401
2282
89
24
3219
3855
91
331
1330
542
13
1014
515
15368
149
5108
5
3705
331
27
521
159
34
522
7058
3219
2230
57302
4432
2859
24
13236
4182
57299
185
5538
833
104
24
4581
91
866
237
858
13
614
841
4900
2
24
3855
119
6697
5016
1196
4653
1299
1300
57
5784
3219
1061
105
100
7438
61
10179
1299
1300
288
8364
10850
5
9192
1299
1300
4508
2
5016
9
814
15185
15727
27
187
663
4863
834
3096
3219
1061
105
100
38005
91
4352
3617
61
24
5381
3441
515
3423
6250
20269
64
14
13039
9
15164
15363
5
1075
57303
64
14
13133
3815
8021
129
980
23
603
27
119
5016
330
24
3441
61
502
99
10417
51039
1145
24
29014
5223
57
1579
5361
35
632
61
38005
2282
89
1330
763
57
331
4325
61
3263
5
38738
331
27
7058
3219
2230
57302
4432
510
13
5538
833
104
24
4581
13
1805
33
104
24
4144
5
4182
57299
182
2515
5146
27
33898
57304
61
14
9931
12090
61
149
94
372
13
1805
33
104
14
6697
5016
515
3138
24
9270
1045
4352
3617
10401
2282
89
24
3219
3855
213
42787
61
14
3219
2230
2
15789
61
6638
2002
34
24
13236
586
215
132
455
1030
6250
20269
9
14962
24
5241
926
2469
23
4352
3617
17727
15711
61
129
99
100
23
24
3855
34
360
494
61
1520
926
149
244
441
89
24
3855
61
40
3818
405
288
331
57300
784
334
4144
515
1520
515
6250
20269
331
331
57305
1994
87
45
24
602
855
57
15368
331
652
704
3219
1061
369
7152
57306
5284
61
331
926
598
2065
14
858
57
2151
27
331
1447
87
709
57307
679
1185
1066
13
1168
24
3489
5
7317
12094
57
704
3219
1061
61
40
109
87
32
855
57
15368
5386
14
5553
27
331
5943
4630
61
14
3219
2230
2
29792
23
10926
61
717
14
858
57
2151
76
14
24741
29971
185
1002
586
262
331
691
221
846
15363
5
24741
34
1519
4014
3555
1134
23581
99
13
1728
3555
48190
846
3555
579
750
41443
926
105
3366
64
334
12090
34
3970
494
5
105
244
2011
2938
129
149
441
89
24
3855
27
331
119
57308
129
369
2931
183
886
221
47
14
1478
5752
3401
515
87
45
24
26205
34
3219
223
23
465
61
331
926
330
27
331
816
723
2391
104
24
2881
57
24
2282
185
24
1002
13236
61
610
728
704
6482
27
57309
610
369
5284
87
23052
5
4063
703
2245
1030
610
1018
244
278
14
10489
27
187
4063
846
2245
1030
628
629
45
2797
24
700
17117
5
183
37
2236
15673
27
331
5943
4630
61
14
3219
2230
2
29792
23
10926
61
717
14
858
57
2151
76
14
24741
29971
185
1002
586
262
331
691
221
846
15363
5
24741
34
1519
4014
3555
1134
23581
99
13
1728
3555
48190
846
3555
3461
2007
958
24
843
1778
24
6697
5016
64
331
7056
6270
331
64
926
6638
24
4182
57299
13236
17727
15711
61
129
99
100
23
24
3855
34
360
494
61
1520
926
149
244
441
89
24
3855
61
40
3818
405
288
27
331
628
7458
13
444
2859
5
628
7458
13
1359
27
628
3366
23
334
3540
3249
61
334
25125
14927
23588
23
19406
61
857
91
13588
9134
61
5157
5
935
12065
61
331
926
750
463
464
465
27
331
187
37
2765
11256
34
14
1842
57
308
13
4082
515
646
37
14
331
8999
331
515
723
718
1550
23
237
3855
61
822
24
1271
64
1950
851
880
218
1193
3855
1185
1915
61
40
628
696
105
32
27
331
331
1447
37
14
80
27731
75
3219
1061
23
465
27
8725
5387
3745
19609
542
24
395
57
24
159
40914
61
2043
893
23
3219
223
61
502
628
629
45
586
87
244
14
4918
34
405
61
40
183
37
1219
45
24
4918
34
704
27
331
119
1217
515
4182
57299
87
4152
4063
846
818
108
27
187
37
237
2529
13688
57
38983
5386
24
3855
61
3219
1061
369
1634
1030
358
278
14
3317
13
1650
47
5
107
7863
27
331
53609
57310
717
237
858
57
2151
586
926
149
1461
23
14
3047
3048
61
40
709
32
516
12336
926
149
14
3219
2230
18580
57311
586
926
149
108
76
525
10543
3532
5
3096
516
23772
525
246
9354
1061
866
876
185
5538
833
101
4182
57299
246
691
369
6819
33
104
6697
5016
515
1400
4352
3617
1045
56821
15368
5
10401
2282
89
3219
3855
246
187
149
781
91
213
1060
57301
49562
5
57312
185
57300
246
1809
5
5784
3219
1061
369
866
876
57
2786
13
614
841
4900
2
24
3855


