12914
21363
99
417
14
3466
14396
515
7515
16898
912
24784
163
825
107
16429
76
14
3355
1724
47
34
327
912
18351
23
563
27
119
11066
3018
99
2045
334
9756
36
61
79
1011
3276
61
2823
14
582
360
9
5
9
14
9
170
9
506
6524
5
24
230
24751
516
107
34
14931
16447
13
3584
158
23
54
2222
34
24
16369
4782
16407
75
26957
5
24
10144
75
6783
1462
751
27
21363
61
327
912
26958
219
220
61
825
278
709
17209
1222
16447
1308
1550
16898
2
54
1060
1537
1284
996
16898
13
107
8903
34
24
26959
3604
26960
75
24
17131
7744
5
6258
27
7515
16898
99
100
2140
17557
34
327
104
365
4748
237
506
91
12914
21363
119
2520
6324
220
1520
515
16898
44
373
4458
47
76
54
83
23
24
2157
16898
99
100
334
26961
398
57
24
26958
77
23
24
35
2213
454
5
87
1622
13
107
14
3604
3865
104
24
5176
5828
15250
5
21363
5224
183
87
1243
34
158
13
738
47
13
24
26962
484
2555
33
159
23
3094
27
1687
1447
87
709
106
215
516
1013
799
76
703
23
24
26963
330
21363
27
1687
187
87
1166
34
158
13
1018
365
27
396
1329
89
515
7104
515
215
99
100
76
703
700
24
880
218
27
628
1019
215
516
1028
13
799
5
107
185
515
1679
2236
27
1687
187
87
373
14
5708
1679
1348
723
2391
104
405
57
24
110
23
24
35
540
57
2546
806
704
57
24
4094
1060
61
349
24968
26964
5
26965
27
11751
26966
69
6783
71
61
405
57
24
864
634
104
24
26967
2118
2434
61
69
2465
71
22660
27
1687
9971
1463
1030
7515
61
2050
64
758
64
215
87
61
2290
444
24
530
69
23
563
71
27
1031
912
14931
912
1724
27
187
19017
834
819
369
2931
5
1222
215
87
373
6261
1348
610
444
26968
515
227
61
502
87
373
14
2347
3133
27
1687
842
183
99
100
3331
834
215
99
2072
54
163
34
2471
14
7623
1272
818
157
912
840
215
718
1359
515
27
396
912
23
14
2508
513
104
24
987
61
64
87
2512
16103
27
2512
87
2050
13
2468
5
2468
27
396
99
24
700
2368
5
87
104
14
2439
575
24
10921
87
692
61
13
223
5
26969
16898
99
100
23
3648
163
34
11066
237
36
5
99
242
1011
3276
23
704
16034
14931
16447
99
3818
215
87
14456
91
16898
37
163
5
87
3020
2394
24
3018
47
16898
2048
54
55
26958
5042
1348
16447
510
10354
2479
34
24
10144
75
6785
23
744
1268
5
99
423
185
13
221
363
1533
5210
61
79
533
607
27
842
237
36
215
99
132
14
1245
136
5
21363
16025
515
159
13
54
2439
1785
912
7852
27
1687
628
639
24
880
11070
11071
1001
5
628
1835
4149
24
7994
358
369
2931
185
5
445
24
1986
1675
825
278
623
3452
330
21363
27
1687
408
1850
76
11070
35
506
104
1955
215
87
45
6066
13
748
308
14
3317
1222
358
369
2931
758
27
396
99
417
7515
334
2539
5
215
87
7004
405
9756
110
133
57
24
26970
16898
26971
82
14
4447
75
1202
10210
23
14
4441
201
208
185
1750
246
7515
16898
99
242
1011
3276
23
704
16034
237
36
246
11066
3018
99
100
26972
34
334
327
1724
47
246
12914
21363
3577
215
44
434
185
365
4748


