579
718
16573
107
459
34
7004
995
647
11363
34
10073
2
10385
15396
505
237
506
27
842
496
87
10813
9963
87
834
15402
1524
99
1975
13
217
525
5235
1221
91
22246
24
46927
14353
34
605
2282
14
1687
1440
57
30159
23
24
57660
27
119
8494
33253
149
53
64
24
1449
18837
61
5555
61
65
334
4860
13
14
2414
3830
27
49213
262
15402
1524
69
324
23
14
4234
544
34
525
558
1726
3484
3193
57661
71
99
459
24
46927
14353
34
605
2282
14
331
1440
57
30159
23
24
3403
331
579
330
926
149
1687
57662
13
107
1414
1222
926
9712
2151
14
46927
61
5612
515
183
2831
107
1687
5244
9
57663
515
926
87
27
143
167
14975
14
2046
1915
1893
1145
361
14
1687
3860
57664
926
330
926
6016
14
27358
94
2282
13
107
1687
2228
13
24
57665
27
1420
1524
330
262
1687
9928
16057
23
24
3403
87
5572
34
421
61
5786
1185
5784
27
305
24
227
183
8158
818
3096
308
288
21174
57
23329
61
5
515
2150
82
149
604
1533
1284
14
1728
9
445
2
223
27
1687
871
57
707
5409
288
3009
9
5793
9
45
13
107
2228
13
24
53659
61
40
24
31607
57
237
288
515
358
1999
14
1440
57
30159
23
24
3403
27
6914
718
237
107
692
34
2938
778
1687
628
663
2245
515
13
57666
1193
4184
652
183
99
6116
100
1277
76
24
5784
54912
87
23
1981
4678
9
57667
1420
1524
61
129
87
1729
14
1611
4203
57
525
3607
27524
6632
119
36035
61
53
525
3584
64
24
8764
57
1793
512
9
4935
57668
61
349
6914
3116
11766
251
32249
57669
61
784
23
1900
27
162
24
139
926
99
3957
24
767
75
6648
61
586
183
2831
107
719
64
14
1687
46927
57670
515
72
2282
27
8875
9
540
262
1420
1524
105
100
7004
995
647
11363
34
10073
2
10385
15396
505
237
506
143
64
926
2325
13
119
379
912
14575
57671
4122
61
23
334
8702
13
3856
24
49496
57
1579
5621
57
24
53059
11432
61
926
4785
24
1190
625
1533
27
579
330
262
1687
1307
628
598
6914
13
11766
251
32249
57669
61
3096
1999
628
149
586
515
2282
912
513
149
23
24
3403
61
40
24
38535
520
185
24
1029
2593
69
171
14
42860
48240
71
3590
26427
515
61
13835
34
372
308
129
41853
7458
13
57672
707
57673
331
871
57
707
5409
288
3009
9
5793
9
45
13
107
2228
13
24
53659
61
40
24
31607
57
237
288
515
358
1999
14
1440
57
30159
23
24
3403
27
6914
718
237
107
692
34
2938
778
331
15402
1524
1420
1524
912
1105
799
58
926
4634
13
941
2
5165
5166
61
575
926
149
1729
34
119
36035
27
579
87
330
13
107
537
34
14
2930
23
5748
941
61
58
3031
133
57
24
8344
82
926
6638
76
808
15396
27
1420
1524
61
129
1770
525
1915
64
14
4880
61
663
330
926
4169
19350
718
3871
13
525
652
926
1308
1013
9016
2151
14
5601
27
579
330
262
1687
628
1835
45
14
5601
806
628
1835
45
1347
14
8769
3399
27
419
3537
61
628
1018
1019
24
1217
515
628
1835
14
2549
57
14
3403
57674
61
5
2250
23329
89
334
253
435
562
69
5
628
2859
4084
1449
14413
1348
628
149
14
2639
9
1449
43536
76
635
272
71
1506
515
628
3399
23
822
24
1271
880
64
707
19350
61
1185
4010
27
1687
6833
23329
61
24
1150
515
1652
185
23
3861
61
1308
45
278
13
107
15878
1185
1098
5
628
1999
183
149
752
13
15599
7958
246
49213
91
5601
129
7593
34
10073
2
10385
15396
505
237
506
246
32576
926
25588
14
27358
94
2282
13
107
331
2228
13
24
53659
331
246
1524
87
1729
1611
4203
57
525
2572
27524
6632
119
36035


