336
2836
29
1204
1218
1692
1774
14533
12
39
0
1808
1301
5
72
3991
2677
3673
2
15
654
11560
708
93
9
99
46
1428
7
0
535
39
1882
5
1531
9
1237
2522
17
0
10524
2
1218
366
14
6502
4
3191
43
61
3050
7
0
179
38415
2291
561
1
38
10
434
3
32
55
6
1237
7
0
535
2
1774
14533
46
1428
336
2836
7
0
535
39
0
1808
1301
5
2677
3673
15
356
592
3
32
103
81
149
56
1218
3253
9
1468
7000
5169
2460
336
2836
1
967
1
292
19753
30
23575
77
4814
2
8
24
351
1584
20142
1
8
14533
729
2
8
15
81
333
230
29
40
2112
1
45
98
14
24
351
94
323
4
24
382
1204
1
24
73
41
1604
3
454
7
0
535
2
8
24
351
5483
3
7568
2
24
516
74
354
14
25
18
510
2
336
2836
13
199
5
1825
288
17
5
1825
1843
1955
4
24
79
73
41
1604
3
124
309
2
24
351
350
653
3
25
2
14533
1
137
7
684
127
13377
14534
10
61
91
7569
31
3191
4
6502
8
24
181
0
589
328
18
0
237
1285
7
0
172
4
66
188
3
326
20
0
1558
755
66
2692
73
2
1475
24
10
5
4497
24
300
404
3
326
7
0
589
328
4
24
382
213
5
2748
880
3
84
14
98
2
8
8
24
183
14
0
3131
13
3035
20
0
16007
12276
2
15
476
33
3353
4
60
382
1076
3
5
2959
2935
4
25
893
32
158
419
1
86
24
351
350
653
3
14
253
2
8
8
135
352
425
1701
4
3665
1624
336
2836
49
92
114
6
217
1049
1
8
21
729
2
8
135
107
1631
168
323
4
3665
1624
336
2836
114
6
88
4
114
6
129
425
5
288
44
33
2
15
1843
1955
13
3353
4
86
13
850
1162
14
1110
17
25
2
8
15
247
1692
13
0
776
1218
2291
2142
3
356
884
6
0
1835
7
612
5171
1
262
0
2211
6
1765
1508
523
13150
4
3222
1199
1508
523
14535
2
26
1774
14533
46
1428
336
2836
7
0
535
26
14533
16008
0
336
2836
476
4
0
880
3
326
11
0
288
26
1218
366
3191
4
6502
43
3050


