258
11047
43305
261
262
43306
264
61
916
1372
1268
268
269
262
21805
264
61
916
1372
1268
251
11126
635
893
23
31208
61
14350
26246
5
14
20924
9
4336
34699
14
36232
57
1594
2350
4008
18
525
2345
5
1009
47
334
1389
15160
10603
934
23
24
9400
57
334
25896
61
1461
2574
23
14
43307
22293
27
5323
61
14
6666
9
1519
893
76
14
16773
61
16291
583
61
43308
104
14
1389
4291
15998
934
61
33918
3679
520
57
24
28983
57
525
6545
185
525
4245
27
119
2578
771
57
14871
25671
4350
24
90
64
334
27120
893
4130
704
23
2060
43309
139
23
14
18265
57
1494
61
3108
13
9829
14
635
540
57
24
27480
57
24
2107
5600
39877
27
38663
4956
262
43310
57
1197
12930
369
13
21429
13
24
1202
6554
37
5600
14739
123
14
4156
2176
2318
61
14
111
680
18
54
8840
714
13
14
5784
3048
382
61
129
17892
183
11847
1411
365
680
64
1222
1083
14
11556
61
40013
525
219
43311
5
4063
334
7435
3193
57
43312
525
1009
133
57
1643
27
742
14775
27121
43313
23
14
2755
4034
8986
61
215
3629
24
3048
5
3522
24
14716
57
1864
2267
89
14
1317
3048
61
24199
91
1581
1197
5779
8151
36171
4653
1299
1300
445
3197
27
187
44
107
334
6056
257
185
1193
16208
740
4324
23
20472
3401
40
237
87
24
474
57
941
912
1202
6554
27
143
24
1197
8151
61
14871
9
4485
3048
15416
5
2243
14776
57
1642
9
58
5600
7702
3401
23
3458
1478
7408
3401
369
704
398
57
2540
24
175
9
2074
6802
129
278
8409
109
237
632
2
17703
61
20472
5
43314
2245
104
82
27
43315
3858
4391
57
1197
6802
61
23
1478
3085
5
220
5546
61
2574
5
23
7688
61
9747
24
17775
5
40842
27
691
369
17613
635
5
5006
27
143
358
369
109
13
14309
122
3212
27
119
106
34
237
994
27523
87
515
183
912
5467
20857
23
12641
61
14
632
9
402
2176
515
3194
445
76
3052
7314
185
1372
16
3401
24
257
24
1007
912
7744
149
7049
23
43316
27
18327
262
119
106
34
237
994
27523
87
515
43317
5467
20857
23
12641
61
14
632
9
402
2176
515
3194
445
76
3052
7314
185
1372
16
9239
24
257
24
43318
7744
149
7049
23
43316
187
912
24
227
1348
24
1566
912
3951
5
594
14276
5481
185
402
9
13743
15843
5
799
13
941
27
2871
57
122
740
8827
369
16208
7702
3401
24
16818
61
11232
61
7254
5
16210
43319
9
43320
502
61
652
57
1458
1197
6667
61
369
449
1114
1299
1300
1533
16210
33
82
27
951
12474
1611
15635
9646
76
14985
27
6001
4140
61
24
1197
3531
5966
3580
57
3225
806
334
3940
57
1389
4569
621
185
740
2574
61
1489
13
32
3291
8342
27
187
87
45
144
24
8526
57
941
912
14746
740
4374
502
87
10736
123
5467
20857
3401
24
274
23
16208
14739
369
43321
91
14716
57
1197
10980
61
8151
17908
12930
1145
24
2077
369
23
14871
61
5
1347
24
17170
1348
183
726
13
3886
34
7702
369
1245
27
543
818
822
3225
47
34
13216
61
2482
1411
14739
87
6315
27
1110
262
28408
2048
334
1920
2051
34
24
1197
806
122
18633
87
2755
61
24
38784
649
57
12641
27
1882
13
542
61
122
395
87
9239
635
5
22373
9239
61
1030
122
1197
6802
28408
2048
334
1920
2051
34
24
1197
806
122
18633
87
2755
61
24
38784
649
57
12641
27
1882
13
542
61
122
395
87
1687
635
5
43322
61
1030
122
1197
6802
27
397
1222
185
43323
61
25985
57
43324
9
1030
1197
7079
76
402
61
43325
10063
2350
4008
5
2575
20924
9
18921
2479
218
43326
24153
1161
5
219
1594
34
24
43327
16818
27
999
730
1280
47
14
1389
8333
2060
43328
3401
935
7271
926
2236
5150
183
23
8609
61
401
27
187
912
45
1131
13
850
1607
4366
4590
18
10641
13
151
122
175
9
2074
1197
1864
108
27
162
6659
13
11344
12641
912
594
965
8840
714
61
43329
69
14787
5040
33937
71
61
24
2077
99
2424
14871
43330
185
1724
237
632
27
143
183
912
45
144
28408
806
43331
99
18
1469
43330
61
129
623
621
1197
3042
3531
334
3940
57
1389
21861
1299
3613
35
506
27
43332
262
43331
99
1469
43330
185
620
13
442
1197
12930
2015
2639
9
14871
4485
15416
369
3759
834
13
12927
13
24
175
9
2912
1197
1864
3401
349
1083
8840
2062
76
316
680
61
1489
13
1197
19499
27
1197
43
61
301
61
825
4658
3096
7254
2
24
594
43333
13409
1155
64
36695
5
28291
61
40
358
1028
1366
806
64
358
1018
449
928
23
3424
27
691
2290
107
1088
5006
61
40
5055
24
8036
43334
129
1337
47
18094
76
122
43335
30422
123
24
1687
21494
43336
61
24
1197
369
995
61
43337
5
3101
27
691
1502
1550
122
43338
33
185
24
10767
61
5
3537
61
358
4997
5605
47
122
7208
13
14
1533
19852
39715
27
691
1502
817
23
43339
10495
723
2342
604
944
57
69
372
2969
13
5736
14
1197
1379
61
1502
8466
57
43340
61
14
16838
39210
34865
5
1005
9
3394
26271
71
655
2074
4606
57
2125
185
2220
61
9030
5
11573
27
20388
61
13
24
1197
32
1017
87
43341
3401
24
5600
9016
27
3779
7702
369
43342
57
7210
5
13010
27
7871
57
16208
778
1477
1197
12930
3531
124
185
13235
61
358
1018
244
11001
817
23
941
37
43343
10495
5732
57
1197
6802
278
100
21608
5726
18
24
139
2347
494
806
1011
494
495
646
288
16573
1193
61
14
5455
57
7614
36084
912
10029
515
198
34
3314
149
4678
9
28873
27
1585
358
369
2540
47
34
769
227
27
8341
494
495
61
144
18
7591
1197
650
13
3440
806
35
506
61
21546
650
27
10967
515
503
166
1299
1300
57
24
32
2843
5402
278
174
7489
12641
818
420
61
5
515
122
14100
87
4724
61
5816
718
503
34769
321
27
1486
799
109
3621
133
24
11128
13409
262
3348
28375
61
43327
61
32619
61
5
24
1687
43344
13409
61
502
1506
1407
76
14
43345
2079
61
1030
9126
61
43346
1185
23163
27
35177
43347
61
2265
61
129
1001
34
334
4965
1565
61
5
525
4501
43348
43349
61
663
2265
5
1950
23
13776
61
8409
109
2
17703
27
331
408
603
361
23
941
61
5
1690
449
3440
27
331
35177
43347
61
2265
18903
23
4250
5
963
358
2391
449
1526
61
5
723
516
1013
12336
358
288
449
13
14309
133
185
5600
43350
61
637
185
3867
1614
926
253
99
14
1389
23915
3348
28375
8986
27
1687
408
603
361
23
941
61
5
1690
449
43351
43347
43352
27
1477
926
1520
926
87
185
24
5973
34
525
3392
13409
61
43346
5
9126
61
926
912
663
4311
57
43353
27
7829
43354
61
4504
61
2
17703
61
1520
926
99
503
4936
32
4301
43327
934
818
420
3401
1687
45
24
18902
43355
926
1520
23
19228
61
3400
525
549
99
1687
4936
24
1016
57
43356
27
119
1533
172
23075
7079
369
3009
185
9800
1554
1030
2280
28297
5
12150
16898
3401
23
24
43357
7408
27
9525
3104
262
397
758
64
5600
13409
61
1197
12930
663
603
175
4324
13409
1155
64
28404
143
358
278
709
3071
668
89
24
43358
9
164
662
3401
612
7408
608
61
4884
5
890
15301
13
122
1478
61
8275
5
1581
61
1302
14
1611
2146
2213
516
107
2243
1581
27
1936
5467
20857
61
24
6802
799
76
80
740
8827
34
486
5
485
69
64
758
64
122
2534
9146
8827
71
61
652
1197
5387
87
14
11556
5387
27
4617
705
6018
43359
14
11556
61
5
24
4340
1393
600
107
26304
27
419
43360
369
122
8548
515
628
2011
32
540
552
740
2580
149
14
24589
43361
61
4126
1960
61
486
5
3744
27
187
132
402
1487
13
1550
704
632
27
419
168
87
24
5925
57
12930
515
64
57
237
5467
20857
61
358
1347
278
122
2534
30243
4122
806
334
8702
57
43362
43363
43364
807
34
24
1197
23
941
27
10759
35653
4903
99
14
3466
6553
57
525
4413
262
1687
691
369
997
5071
806
5
799
76
80
8827
34
13235
1030
43365
5
9126
27
15980
3119
542
61
57
2510
61
64
358
3531
15969
3580
57
3947
43366
61
3531
61
3531
262
1197
12930
76
28408
9030
185
941
37
5735
6423
5340
358
278
4113
47
24
512
941
13235
61
24
594
753
12930
1681
47
13
23205
13
3611
24
14741
5
43367
34
502
6785
87
1969
27
162
29880
740
116
61
1202
941
61
646
87
14
9023
2391
94
24
635
1197
2282
27
16746
9
1594
61
402
4008
76
14
83
36565
61
16212
12572
23
11536
9029
61
4250
61
14
3348
28375
8986
23
24
1565
912
8276
1687
43368
43369
11110
3401
5
334
4245
39853
13
122
620
27
162
119
17495
61
24
16208
18644
57
24
116
61
15416
4886
515
358
12895
3289
1363
1145
13
7818
1197
1009
3401
5
129
718
4923
542
778
32619
99
12483
133
10636
2664
16818
3401
35888
5
41025
369
11717
3401
701
57
24
1197
27
43370
61
24
11573
5
43371
5577
61
278
53
14
36807
8285
5
36711
27
43372
1347
278
14
1687
43373
18760
7354
34207
4037
43374
691
704
3204
24
1271
679
806
14
5726
4939
57
175
9
2074
101
43375
23
1713
57
124
5251
27
397
358
369
681
9
13729
61
358
825
663
198
133
57
2321
13
2827
14
21906
806
1621
24
6643
57
27227
17495
61
24
20773
7720
2083
23
17608
575
24
1197
8988
23
43376
27
1312
24
635
1197
61
237
87
14
2523
2554
1284
24
1741
779
27
1307
1543
5199
1414
24
1197
4902
834
13
444
1533
6802
109
61
215
149
750
13
1199
1533
43377
27
187
912
45
704
547
61
3400
27
1160
104
28408
14
540
289
24
43378
369
23
1713
57
1465
13
1406
27
691
996
24
3048
32691
23
1713
57
14
1197
900
27
9126
5
43346
16818
369
32
1017
3401
24
13690
57
1611
1449
61
301
61
2471
2276
27
246
1197
12930
369
23
24
1428
123
24
5467
20857
4156
2176
246
43379
369
3539
34
24
27523
5
369
6602
104
24
2243
5162


