144
789
24675
293
16
30443
138
1
835
484
151
291
287
16
41689
138
1
835
484
151
3462
998
33
8510
24676
31
106
2468
3
163
14
44
33
371
0
1777
5816
1
25
10
366
397
2
9229
2178
173
1283
1
284
345
762
1
10271
4
4056
33
20980
7
5
35
18380
6
30444
1
1644
43
78
2
203
33
603
6
30445
1871
3
499
645
2178
4
158
30446
88
10259
31
18371
88
23
4869
62
5332
2
3462
998
33
8510
24676
31
106
2468
3
163
14
44
33
371
0
1777
5816
1
25
10
366
53
1630
604
51
238
106
4722
366
14
1297
6
13653
35
41690
7
5
978
6
347
20
0
3224
39
4457
20292
2
15
327
43
116
20
5
942
6
3075
47
3460
6716
3260
2
6208
4062
12648
22
21
10
35
30447
31
0
530
2
35
939
60
29
306
13
129
92
13
5
571
6
16500
7
0
106
14
30
383
20981
41691
21
22
2
2614
758
44
33
182
906
3
585
1871
23
499
2302
2178
62
158
100
830
20
80
2
4062
12648
1
1468
6
0
2177
2892
1
22
21
10
1549
31
0
530
18381
523
2640
1
38
12980
830
998
11
0
3224
1
22
21
115
10271
91
16070
23
35
3085
41692
7
554
3
124
88
35
103
0
41693
2
15
544
1
38
902
6276
4843
11
5309
3712
39
1975
5
2559
63
0
1525
6
106
3187
1
22
4056
998
43
61
1362
2
35
41694
13
37
329
113
1871
33
15920
62
622
69
108
30448
1
199
23
1020
1038
11
1680
41695
21
22
2
18381
2640
22
37
3285
14633
115
14
35
23
169
23
2359
41696
4715
28
949
998
7
79
5
333
347
2
35
7096
43
91
364
23
13653
4
66
58
123
1715
9
389
0
222
365
39
92
34
40
5
996
6175
1
5
2385
6175
1
4
261
13653
3664
2575
7
5
18380
6
41697
21
22
2
52
366
14
7
1711
134
153
6
1000
113
37
6074
6
5
645
707
2011
34
40
1799
23
35
100
30449
1
0
5101
10
12499
2
18381
2640
61
22
2701
108
1000
43
13328
1799
23
35
830
9
1785
41698
1
5
5813
2927
1448
116
31
439
1995
45
41
2391
729
31
0
2528
819
2
52
22
906
10
210
12
819
3
1791
1871
31
35
2461
0
30450
969
6
1664
0
830
2
52
10
2745
31
1114
20413
1
5
179
4481
1986
5647
20
0
3224
1
38
22
819
33
35
41699
69
30451
94
0
20590
6
2689
2
3563
2359
13653
2575
28
3224
203
1484
7
5
333
347
1
0
2177
3460
6716
3260
306
135
58
32
24161
4
1687
2164
12
0
2896
6
0
830
2
35
7416
43
1547
0
391
94
7
11047
1
10615
31
216
448
28
552
450
3
6477
88
14
44
43
6238
63
0
755
6
794
41700
21
176
2
68
20413
22
0
3224
34
40
207
5
1649
6
7151
1871
7
418
4177
1061
31
316
134
153
2
35
387
11472
69
1166
585
316
134
153
3070
1871
1319
23
416
23
1113
362
33
41701
21
22
2
15
3224
22
25
30
4334
5
35
794
830
41702
3
2810
12
9013
1871
4
3
1524
0
3463
3509
33
1180
2
26
2614
812
2177
2892
63
129
998
33
13585
26
9229
2178
173
1283
4
4114
33
20980
1
1644
78
26
3792
2359
13653
4715
28
3224
203
1196
7
79
5
333
347
26
1427
1279
4062
12648
22
21
10
8
1549
8
31
0
530


