18668
18669
61
324
104
54
801
61
331
2333
14
18173
2222
34
5415
308
1267
58
8841
24
1805
185
54
582
715
61
18670
331
61
525
485
3820
39765
596
3476
18668
18669
2333
14
18173
2222
34
5415
308
1267
58
7983
39766
14
1805
185
54
582
715
61
525
485
10675
27
119
3815
8021
149
663
818
14515
123
54
12985
13
18670
18669
515
926
958
158
64
22458
331
1030
7015
331
61
39767
571
39768
39769
99
3138
27
808
39769
330
215
149
1090
91
24
2222
9
502
510
513
190
1267
58
525
596
23
1972
9
652
183
149
45
23
7004
76
24
485
37
5421
5513
27
396
330
262
331
628
149
3107
91
237
64
183
87
6242
515
709
5546
369
184
123
24
1272
57
4499
1521
18669
638
237
9549
515
18670
1689
18173
5
1135
5
24
18173
2222
149
14
7962
333
13
525
27
331
993
24
13925
308
9
45
144
610
2670
9
288
3316
5
4863
515
1155
14
2222
105
100
737
27
331
18669
87
6903
57
39770
24
596
57
54
715
23
14
3151
39771
64
358
4633
218
14
13747
10459
21482
27
808
39769
750
642
834
54
8476
1093
1502
1694
76
18669
123
122
39772
27
4338
32
3125
926
750
158
331
45
13
7669
525
64
14
7997
5
3203
13
996
158
5
4699
13
11874
61
331
215
330
27
331
579
663
5778
61
577
39773
61
215
87
1030
14
7015
9
40
1018
244
5336
9
628
825
444
477
27
577
331
618
32
6018
926
149
818
1090
91
18669
926
4934
926
516
331
2828
525
2534
562
331
58
122
526
61
215
330
27
39774
39769
663
750
834
331
30075
331
18669
1090
24
485
58
54
1093
37
897
5
7983
331
17490
331
525
1816
27
396
330
18669
7149
185
759
54
13925
1093
39775
61
1823
5
525
1588
39776
61
4504
61
9402
24
8476
2001
3753
34
525
10925
27
396
359
262
331
187
10452
13
4943
515
237
87
133
57
24
6056
23
24
5421
18493
64
503
24346
369
15141
76
237
1348
14
5784
6550
27
331
4338
122
4699
2
24
10925
23588
365
39775
5
39776
650
13
2401
13
846
515
405
18477
1017
105
640
104
24
23588
27
331
39775
5778
515
18669
105
2285
13
513
405
5046
36689
2334
18670
37
6742
5
1348
215
813
1765
2931
237
61
978
13
765
935
185
5
935
1414
34
405
26743
61
2456
237
516
8989
24
2536
27
331
39775
105
935
2182
158
64
926
64
57
24
18223
515
215
149
39777
18670
37
1816
27
579
663
648
158
13
107
32921
61
64
215
4410
542
1817
61
9549
515
105
13
996
24
10925
23588
27
331
18669
87
6903
57
39770
24
596
57
54
715
23
14
3151
39771
64
358
4633
218
14
13747
10459
21482
18670
37
571
61
39768
39769
61
330
215
149
1090
91
24
2222
502
215
1400
510
513
190
1267
58
54
1093
37
897
23
4824
1972
18669
663
747
13
1119
54
715
37
2255
5
622
485
273
13
3531
144
1114
146
76
24
1816
13
3896
122
35
7761
14388
61
586
646
149
45
1487
227
61
808
39769
3138
27
119
1462
296
215
330
24
4014
82
15264
20304
89
24
10925
23588
5
39778
24
39779
61
129
288
6247
1145
18670
61
2
933
518
23
525
3479
27
808
39769
359
262
331
16919
149
24
55
1066
13
584
47
13
24
3479
13
1018
818
40
1348
628
978
13
61
18669
747
61
9549
577
628
1018
244
1028
237
3479
13
2391
1030
14
11646
577
27
331
396
663
65
846
14
2391
628
718
503
1759
64
3256
27
331
119
518
288
7918
23
14
3182
27
4338
24
483
39780
19792
5
2104
24
518
13
18669
13
513
23
24
3479
27
331
18669
3203
13
1724
445
18670
37
7962
333
1222
1193
57
24
39779
731
61
3091
13
278
100
1090
91
54
571
9
23
9
3802
61
183
149
3138
27
39774
39769
663
750
834
64
5697
2494
18
18669
23
24
1267
58
24
596
61
24
8021
37
469
39780
510
158
13
13
14
4463
76
24
24
1094
18822
11899
17021
7412
39781
27
396
330
262
331
39780
1414
846
13
19421
158
13
14
111
289
7412
39781
575
215
1545
846
13
221
14
376
25893
515
646
149
1193
39782
1411
24
316
775
1184
215
663
1545
846
13
1862
14
3751
9549
237
40
628
2937
27
331
39774
39769
53
54
1400
23
14
376
417
13
642
502
21072
398
57
24
501
75
39783
39784
129
149
505
560
57
2882
18670
27
39784
1077
23
3254
185
1750
2
3976
27
18669
61
2
39785
9
185
9
39786
61
4505
61
8479
596
61
8697
13
8961
8191
61
2056
76
39787
7773
61
8191
61
5
20482
24
11007
57
3622
27
246
18668
18669
7983
2333
14
18173
2222
608
1267
58
715
18670
149
1745
246
18670
37
571
1400
926
330
18669
11214
331
1030
7015
331
123
12985
246
39768
39769
1520
18669
331
17490
331
18670
37
1816
58
525
897
246
396
663
1400
18669
516
45
157
485
3531
1114
146
76
525
1816
246
18669
87
6903
57
39770
24
596
57
18670
23
14
3151
39771


