144
9755
13532
65
1778
15036
9103
25031
72
16598
6
0
6255
28
5
2893
9
341
4314
1866
389
31
19
198
1
5
186
306
2
2978
5586
13
603
6
2354
19
198
1744
1
966
1
3
12945
72
16598
162
19
1276
1863
77
231
82
2
5586
614
11
927
18
1276
15036
11
384
82
2
8741
20
0
1355
3318
7
160
43
78
14
1744
5586
10
928
4
576
20
102
17
19
296
7
1543
56
21
881
5
1690
9
1441
2394
4379
17
12701
9819
1
3281
2
2978
5586
1
1205
1
4
19
227
4129
1
3969
1
6
16358
1
33
603
6
635
4463
3
42
198
18
1866
15
4379
1
50
553
0
266
319
13678
30983
3
6477
2524
819
3
1160
1018
12
0
2536
14
44
58
124
232
6250
112
112
10
1691
1
2919
88
3257
3508
1
0
186
306
2
1744
5586
116
140
72
42851
28
25
1
72
16598
6
50
21
4340
3
19
296
7
5
695
6
3351
3
42
15036
1063
1
4637
306
2
15
186
10
78
129
2978
5586
1
1205
1
4
19
227
4129
1
3969
1
219
12
37
1707
1008
3
3339
17
42
198
1
4
3624
19
12326
1051
12
11689
1
5
111
2454
4
3670
907
72
10529
2
5304
975
25032
22
5586
18528
34
2687
19
198
3
9819
4
392
29
1969
113
0
279
10
627
28
2
8
2978
5586
614
11
15036
1276
11
384
82
1
8
0
4176
78
4637
2
8
308
206
2428
5
130
38
926
11
5
1276
392
32
419
3825
4
67
623
3
1821
1294
1
1303
56
0
7888
33
25033
1072
9
7004
2
8
8
308
46
29
3
2428
0
2341
21
10
2691
119
576
17
19
296
2
8
68
25032
22
14
56
0
25034
219
3
3339
1
44
43
8
100
1685
2691
17
1744
0
14502
6
0
1866
2
8
3741
4379
16
1744
5586
1
966
1
93
1
4
12701
9819
1
3281
1
122
1
29
369
490
64
1577
6
1866
19749
16
2817
13706
1
2537
1
6
12702
1
4257
64
635
4463
3
1866
9819
25031
5
943
6
72
42852
162
0
1063
6
19
1079
2817
13706
1
2509
1
119
21
10
1418
6883
1
25
13
366
2
15
279
10
157
3
210
5
25035
12
5
72
42853
102
7
12702
4
3
1160
5
111
72
25036
4547
1
72
5553
6
6976
4
5
72
1688
5401
8492
1
4637
43
78
2
68
25032
22
16
8
135
73
118
29
40
2215
3
1160
48
260
114
44
692
92
10
159
3
32
5
396
6
279
627
7
3
4744
25
2
8
4840
92
10
5
5251
11
19
6883
1
25
13
4863
5246
44
2801
3
210
25
69
42
102
2
8
15
4176
22
0
8492
10
1131
5
634
1517
11
13706
1
38
2919
499
85
72
4951
5
70
162
42854
2
52
176
16
8
96
13
25037
5
30712
211
17
5
5659
11412
4
2040
673
2
8
527
7399
33
41
4933
17
0
20318
7888
14
33
2269
162
1713
3238
36
13
7210
2
8
8741
43
78
9819
1
6
12702
1
1543
1
4
1744
5586
1
6
30984
1
1543
1
29
369
490
831
0
1018
2394
4379
4
5
200
1866
2289
24352
2487
13125
1
4
29
40
1311
2
13706
1
6
12702
1
4
4129
4
2978
5586
1
234
6
16358
1
1543
1
80
4060
3790
69
37
7914
21191
0
256
6
1020
690
4463
3
0
1018
1866
2
2978
5586
4
13706
61
234
4060
5
766
6
13707
1020
690
6657
15
644
1575
2
2577
60
33
41
648
3038
685
12
48
1954
2
26
2978
5586
1
1205
1
614
20
15036
747
1276
11
384
82
90
21
1778
26
318
198
1
1744
5586
1
966
1
10
576
20
0
117
102
7
16358
1
1543
26
5586
9186
207
49
5
7631
690
2394
4379
17
12701
9819
1
3281
26
52
116
67
85
72
314
736
4
4340
72
16598
6
25
3
296
1
186
78
26
1355
3318
4637
306
5586
9186
960
42855
1
2021
2348
4
9530
26
5304
131
0
25034
392
29
8180
113
0
1357
224
28
26
9819
4
5586
9186
29
490
831
1018
4379
4
216
1866


