258
463
464
3968
261
262
39399
264
61
2010
891
1268
268
269
262
29315
264
61
2010
891
1268
9645
262
2465
39400
69
324
104
2959
35
751
71
6934
16098
1389
3868
185
2526
20515
23
32
4111
2465
39400
6934
1949
1389
3868
23
503
14
2347
4615
123
14
8851
10206
15169
27
957
330
358
1850
24
7896
327
3695
2555
29727
57
1389
1011
6520
104
14
20549
256
14
316
9
257
3181
39401
27
1514
104
24
20507
3048
23
39402
61
438
54
1676
6273
61
2075
105
158
1721
61
1489
13
341
27
39400
61
3837
61
149
76
14
346
57
301
10884
486
123
24
4111
185
202
27
999
416
57
274
1347
7176
1061
104
14
20535
3048
18
24
437
449
24
791
4523
37
1779
23
501
215
978
13
1359
16763
646
27
1178
1000
750
24
463
7659
2414
39400
149
331
23169
331
5
14
2230
1778
24
10844
330
215
105
1949
4606
27
396
330
262
331
396
87
1969
64
14
3695
61
3458
1145
109
27
842
1022
369
2050
401
420
1094
27
331
396
149
10881
91
54
9236
57
8851
39403
9
185
61
502
149
709
2021
40
8259
5120
575
215
87
3431
704
515
3212
2
27
331
119
791
2974
61
11066
29877
5
39404
3022
39400
99
16756
35381
34
3096
494
5
149
1391
13
25549
23
3699
23
266
27
119
1389
7591
817
149
8050
5
590
34
91
54
4093
57
186
486
349
1819
15
11000
1172
15028
5
39405
11000
5
791
327
10908
17993
39406
27
119
1454
650
256
14
1435
2504
23
9749
123
502
24
3022
3469
32568
5
6568
61
484
2058
159
5
12980
185
1679
23
918
57
14
1547
1751
57
128
27
20543
262
957
13
24
10206
15169
104
24
20507
3048
23
39402
61
1676
61
377
24
791
4523
149
331
23169
331
5
3469
10884
69
394
467
71
17665
262
119
327
3695
99
16756
35381
34
494
5
149
279
23
25549
23
266
1134
8812
22973
726
58
215
99
100
719
537
25557
23
3291
454
27
1134
751
215
149
324
34192
11230
24
12570
57
54
6273
23
1676
27
1295
61
35
632
215
149
719
3181
185
54
14010
61
1489
13
24
463
7659
2414
27
39400
149
6555
58
642
288
289
13
39407
924
23
340
104
1145
37450
185
1078
916
27
2226
751
61
215
149
19413
1389
15453
34
32
2479
57
2943
5
1389
7366
34
14
10884
5
35686
2479
27
742
12880
750
17236
215
149
2540
2541
123
32
9
13
9
32
4111
104
14
18671
116
438
54
82
27
464
4698
99
2285
13
6849
39400
37
8637
27
246
327
3695
1949
3225
23
503
14
2347
4615
61
1489
13
4341
246
957
330
215
149
331
23169
331
5
2555
29727
57
3212
246
39400
61
3837
61
99
16756
35381
34
494
5
149
23
25549
237
506


