144
10478
2349
293
16
35902
138
1
834
436
151
291
287
16
35903
138
1
834
436
151
15377
20
54
6
160
18
235
1531
9
12011
979
29
40
1438
28
248
7339
11
3237
20
102
7
1000
25
9881
5
2445
7
1341
8038
2
9882
518
8039
714
7
160
1
50
30
8040
2727
6
72
35904
9
70
1
482
5
723
3
296
324
126
392
41
29
8041
7691
62
17077
17
7339
120
0
149
2
15
4214
1173
30
40
210
7
242
114
0
164
327
125
1652
29
8
2350
7340
8
113
158
0
6148
76
4389
5
1641
2445
2
19336
16
9882
518
8039
714
7
160
30
78
296
41
3
716
42
126
1616
711
3931
7339
11
3237
114
0
6148
76
4389
37
12012
2445
15
747
164
1
50
1104
1049
197
0
4028
6
146
4
398
1
30
61
348
126
41
3
934
7
8042
62
27402
11
42
677
114
44
76
32
8
19337
8
7
0
4210
2
19338
401
2686
5433
22
7
27
2954
723
20
0
454
6
0
70
16
8
35905
3
125
2350
7340
1
4672
84
41
355
212
198
711
109
8041
7691
62
17077
3931
7339
11
3237
120
0
149
23
48
73
29
37
1593
12
1049
17
7340
2
8
1398
979
7
0
255
29
369
11221
126
28
2907
1729
3931
7339
69
979
1
45
9882
518
30
698
54
1439
557
1
8858
0
1275
3
415
4029
20
102
2
65
841
50
5044
75
17
1641
7340
13
127
199
7079
7
979
114
25
13987
3
355
126
5
8
2351
1378
6
606
8
2
35906
16
65
4557
6
19338
401
2686
5433
8
2954
723
50
22517
0
1694
15
35907
11222
22
16
8
221
13
5
989
276
11
3933
14
626
9
12012
126
46
2995
5
419
35908
6
42
7340
1
4
1751
19339
12013
1
112
44
356
7
37
2955
113
7340
206
1070
49
9349
8
401
5433
22
36
34
489
100
2181
28
296
150
0
12924
1173
10
2687
2
96
78
15
507
3496
16
8
104
382
34
1049
17
7340
86
1641
14
1
158
112
44
352
1572
208
3
552
38
30
4109
385
109
7339
62
8414
1
14
73
773
5
2445
2
8
22518
16
3563
54
7
639
75
7
0
255
2648
28
5
7080
15393
1
17
148
91
126
35909
33
543
0
148
1379
15393
9
1298
5298
4
2914
140
54
7
274
639
75
7
0
255
2
1100
5
501
990
6
8041
5045
73
207
103
5
1641
2445
1
25
13
1473
11
5
2445
3
32
4475
79
28
4110
7
501
15394
6
7339
62
17078
2
1772
5298
3931
17078
84
41
1207
511
5045
3
1927
69
0
663
3
773
5
2445
4
1
301
3
587
35910
1
79
0
6148
6
5298
3931
17078
1351
74
2254
5
2445
114
0
6594
254
41
3844
0
5045
2
15
15393
3
8041
4
1267
7339
13
0
148
1379
115
7
2039
4
126
2
360
1
150
148
126
454
2042
108
5298
87
1
7340
3
108
5298
199
23
3344
4
6595
8
1783
5045
4030
1517
90
7080
7340
2
657
126
473
2114
55
6
108
7340
1
118
140
316
980
6
126
17
7080
7340
5164
2
139
817
14
441
55
6
483
126
17
7080
7340
46
722
3
29
261
7340
23
37
2470
2
101
125
75
1
0
15393
206
383
499
1641
17
512
1
45
7
316
980
1
25
73
383
2471
17
71
2
26
9882
518
8039
714
7
160
2687
0
4214
6149
26
6150
181
37
343
76
32
601
31
1652
1572
208
3
277
108
26
8859
9
12011
164
635
72
35911
5
70
11
1049
808
197
146
4
398
26
19338
131
36
13
602
3
1580
156
2181
63
0
1173


