251
35862
1686
2
16050
16035
37
83
1850
542
17685
13
14
2778
9
16
252
104
82
13
5144
23
24
35
2584
57
24
200
201
27
15377
50277
1399
5144
206
58
13449
146
5
791
11066
3018
50278
50279
5714
24
68
533
146
89
24
169
170
27
6889
27529
9
27530
31
32
33
64
24
2544
285
89
12259
227
61
40
11805
50280
9
14076
359
14
188
34
5144
23
24
230
7404
27
8154
37
1111
50281
5803
705
136
37
3368
104
119
3032
27
2036
11066
3018
50278
50279
69
169
174
71
33552
139
1543
50282
34
5144
37
169
74
243
69
916
9
15
9
2778
9
16
71
262
1543
50282
741
37402
243
185
9275
146
76
18148
1381
13
15898
806
44
244
1018
822
34
24
42749
74
27
50283
34405
916
11702
233
34
169
74
27
27931
91
8915
15898
704
2356
5
103
21018
2050
2237
27
50283
34405
69
174
71
57
243
216
13
16356
14
3302
64
5144
37
8915
15898
69
700
71
216
13
1015
159
243
62
5
50
42388
149
45
54
19554
33466
5244
34
54
77
185
202
14758
42388
916
50284
13
107
24
3965
57
24
155
818
99
13
1550
4887
34
24
8632
1686
27
50285
50286
34
55
74
778
3585
61
40
183
149
334
33050
1761
104
14
1337
27
9306
37662
21709
4816
64
31609
27
564
149
215
5
496
149
215
2372
34
5144
37
169
5
188
778
16037
16038
21709
20382
456
226
1284
54
1960
9
641
215
149
433
133
34
24
188
74
27
10770
17082
21709
38006
5144
420
401
822
1584
5
638
244
5736
2725
21547
9
515
37
54
14442
5843
27
17070
17071
37
3368
149
45
64
50070
64
54
3240
6133
14101
2512
2513
69
116
71
88
14
692
3317
18
24
3268
23
24
1920
23339
57
243
75
5144
17070
17071
21400
3627
1487
3647
1185
5843
23
24
5112
27
13031
2801
9956
34
17072
40
4064
5
50287
23
2725
2020
2512
2513
1507
16359
13
1018
226
34
24
55
74
806
638
244
1018
1487
22371
27
27492
27493
916
187
149
34
8306
1030
237
515
243
590
1389
3845
2979
27
143
183
87
185
8306
1030
1508
215
5923
13
41692
7535
6762
608
119
512
57
14
1021
5946
27
3627
692
61
144
226
1284
24
557
27
3472
17072
1996
14
346
57
9791
3293
34
243
185
14
2356
13
9500
34
24
3424
5396
3472
17072
16384
2186
13
377
778
119
138
215
1996
185
12279
146
149
1021
1487
806
24
3098
74
144
2209
27
12197
262
24681
50288
69
17072
4846
71
608
7424
54
684
40
1187
105
100
456
27
6889
27529
9
27530
741
69
17082
9192
71
13031
2837
502
2831
278
417
243
840
27
6889
27529
9
27530
69
174
71
242
14
74
502
44
278
417
243
14
1923
33
89
24
2137
17701
34398
608
69
17071
13893
71
951
4923
1814
27
40669
401
545
13
278
334
5453
27
4054
262
16050
16035
916
1307
14
77
30473
237
10492
237
1502
61
24
220
99
13
1550
24
4923
27
5144
69
916
9
16
9
916
9
16
71
50289
50290
741
21575
5911
5
14
692
10081
34
24
81
27
50291
16074
4884
4816
9791
34
14
5996
3370
9
48
398
23
55
74
27
8635
29929
742
74
9
1804
25242
2
2512
2513
149
144
32
987
23
334
9756
2356
27
5144
37
6114
62
8635
69
700
71
149
9756
23
24
474
57
54
83
37
33
1804
50292
50293
4884
5252
9
23
62
5
215
149
25752
5
8294
27
50294
21402
33690
104
174
33
61
31436
2050
2237
27
50295
21402
4235
133
57
134
215
4952
24
1131
2329
5
3139
2725
223
34
24
10596
27
8915
15898
4884
50296
1876
5
3647
13
1481
47
24
169
74
9
7896
34405
704
2356
402
27
8915
15898
69
700
71
623
5144
3367
5
663
11475
13
54
83
37
169
74
15377
50277
29929
543
50297
61
9756
61
144
24
1211
57
136
243
2296
23
10596
27
1539
5019
159
34
5570
54
33
185
24
27529
9
50298
12230
49175
50297
2779
4816
14
1306
3368
61
3367
5
2050
2237
27
742
24122
185
9275
146
13
1481
47
15898
778
742
6606
185
4593
146
778
119
512
4071
57
24
112
27
36509
50299
741
119
50
149
31436
2050
2237
5
45830
23
9159
54
635
1751
33
50278
50279
4884
8341
243
16406
978
13
2297
158
3431
54
2876
868
9
40
215
149
604
2050
13
708
27
1958
26902
104
496
215
1308
512
27
49175
50297
69
169
700
71
5173
445
16037
16038
23
334
6695
1686
34
5144
75
243
50279
69
169
700
71
242
5144
37
169
76
14
24856
2837
101
102
12197
262
11805
50280
9
50300
69
50279
8370
71
4884
13031
1876
5
2837
34
24
884
188
74
27
50301
50302
69
50299
13893
71
608
21575
5
638
54
1086
1348
650
185
27
50303
24969
69
15898
7904
71
608
20919
2725
9899
1348
215
650
185
34
35
374
146
10589
50304
69
169
700
71
72
2065
50279
69
169
174
71
58
24
2544
104
119
3032
4054
262
10589
50304
2779
251
5536
9
12329
4734
61
54
3022
5923
13
204
27
742
10891
109
5
104
12465
369
389
27
12219
262
50305
50306
741
119
2829
3368
34
14
17419
9
2639
50307
246
243
906
1778
13
14
42749
12230
2
5144
37
15377
50277
246
50278
50279
5714
24
68
23
24
35317
67
76
14
19213
2837
246
6889
27529
9
27530
99
417
243
840
76
12259
227
74
246
11805
50280
9
14076
2168
14
188
76
32
57
24
2544
37
230
8149


