258
32301
9975
261
262
2793
264
61
2195
563
267
268
269
262
45359
264
61
2195
563
267
251
2255
99
1802
525
5016
3059
11597
13
43408
61
2200
525
2142
1816
13
1510
14
9968
45360
27
2263
972
61
905
61
2
24698
61
1747
5713
61
2859
13
5215
185
24
2125
58
24
7764
57
525
169
318
5
104
525
2139
926
2196
2142
5
4000
13
2250
89
2146
1011
2220
27
842
1511
1284
316
494
147
24
2255
9
57
9
316
87
1094
14
9968
45360
61
1083
365
24
1611
5
5828
2960
27
2263
2859
13
1354
1290
1348
926
149
7734
76
525
169
318
69
700
71
40
99
1094
3769
10736
525
1816
91
3477
47
6439
7405
69
174
71
2263
3249
769
45361
23
14
506
91
15931
2215
525
14552
61
40
330
926
149
821
10946
76
525
1816
45362
7658
2263
2859
13
13597
525
14552
5
362
14
506
525
1290
105
894
13
144
45363
27
579
330
262
331
628
769
24
1290
821
182
61
449
45361
144
906
445
27
305
707
25024
628
2196
45363
5
149
14
2146
533
61
40
628
144
149
1013
108
27
331
628
3556
769
707
33930
5
105
14
1842
57
7970
2664
64
628
769
24
1290
818
182
27
628
1999
2236
5244
9
10690
5
183
1399
14
6081
185
707
7316
61
628
44
1013
11113
158
716
846
27
331
628
149
663
2236
7135
5
149
1634
2471
2330
27
1331
707
4068
9
24
2495
57
707
2907
9
285
445
5
105
334
3205
61
502
53
1690
822
1512
27
331
162
14
4233
13
444
33
405
57
525
5244
9
4372
2263
2114
13
278
14
19077
1086
5
2384
525
2538
2146
13
45364
27
842
183
149
503
1348
926
510
14
1086
104
525
125
2042
515
926
2114
13
56
14418
525
1816
91
1950
133
27
2263
1520
655
926
149
10946
361
1581
69
700
71
61
12009
149
926
2246
1348
926
2196
45363
61
5
183
87
503
647
4800
45365
69
324
76
25120
61
174
71
515
926
2066
525
1816
1585
24
398
9
227
2211
11905
87
14
4518
2146
890
9
2213
5
87
1533
2246
1284
926
912
1541
100
27
2263
330
262
331
31668
628
638
704
24
19554
4309
104
24
2042
27
842
628
149
3431
16773
57
2931
24
1271
1150
57
1017
704
24
227
5
510
47
45365
27
331
628
3556
850
704
24
7079
2050
13
8214
61
40
628
1545
13
1812
1465
3769
1245
5
278
1465
13
676
34
27
331
45366
2236
7345
846
13
707
13343
5
628
149
4286
14906
76
183
27
628
603
1986
1131
5
5049
24
838
27
1477
926
1308
244
2093
2151
2263
87
14
4518
2146
5
1520
926
99
604
1999
1533
2246
331
999
506
58
628
2859
2189
1290
628
5682
5
2048
24
1268
45367
45368
3617
2482
27
143
935
285
185
13
81
24
2118
3271
45366
23
21593
27
331
628
1393
278
1969
628
149
9026
40
1094
628
532
183
1131
13
1014
515
628
638
1013
1018
1407
449
183
3882
27
331
842
361
12863
638
1013
221
846
108
9
628
2357
2711
1094
40
628
2357
2250
5
4518
27
187
149
24
45365
515
2236
53
24
2187
27
331
628
164
133
704
1021
1475
5
3748
2208
32
8351
14
632
5
64
24
1290
650
445
183
65
846
1533
4924
13
151
2050
61
707
2128
1094
87
14
2549
1245
64
628
278
13
1406
705
166
4615
13
151
707
25798
1006
5
628
278
13
1406
14
175
1480
2128
1817
76
7317
45369
5
692
45370
27
331
45366
2236
7345
846
13
707
13343
5
628
149
4286
14906
76
183
27
628
603
1986
1131
5
5049
24
838
331
2263
1520
331
628
1018
244
278
1466
5
628
1018
244
1406
1193
23012
1449
1185
278
1193
9341
1185
3589
61
628
278
14
2128
13
4180
1374
9
2482
5
628
1153
45371
45372
22664
13
9283
76
707
1986
9
628
629
4572
91
542
5
278
24
512
5542
5
1430
445
542
13
442
846
27
331
331
187
912
4073
846
64
14
1016
1066
27
628
2357
1533
3103
5
628
2357
5670
27
331
119
635
2255
87
12072
515
45365
87
45
144
34
43
5
18579
20605
622
2282
13
1550
47
4003
1546
27
579
330
262
331
628
151
1690
45373
27
993
707
20630
87
4301
27
1031
912
24
843
628
1028
13
748
13
7079
262
727
1018
1013
278
13
107
42708
1222
723
2354
14
45360
61
183
912
449
361
168
5
2250
27
331
2263
912
4518
21631
87
1465
926
4227
13
6823
2334
525
316
272
45374
61
190
61
5
1413
9
506
9
2033
21599
27
579
330
262
331
1003
1016
824
99
53
846
1028
13
32135
622
308
27
331
628
1094
1876
45375
13
245
622
2282
13
1292
122
562
61
502
87
6526
496
628
638
27
331
628
2391
226
5
2245
226
1284
1541
484
27
628
2357
1969
64
24
10579
14277
61
502
628
1019
16798
846
47
2928
758
27
331
246
2263
37
1290
472
13
2142
58
24
7764
57
525
169
318
246
31668
769
45361
23
14
506
91
2174
14549
2215
246
842
237
1401
1290
189
53
525
821
10946
76
525
1816
246
162
1761
13
11391
4372
105
45364
3121
20779
246
842
503
1348
926
1899
14
2042
5
1770
6439
7405
497
108
246
1585
14
1146
9968
5
5173
365
1611
5
5828
2960
246
1477
926
1308
244
2093
2151
61
2263
87
1094
14
4518
2146
890
9
2213
246
32576
926
99
604
100
1533
2246


