65
6463
9
83
1052
1021
30
40
572
31
3179
203
11
719
248
345
17
5
4513
9
83
693
2
15
232
164
1021
28
13276
7542
1
12
0
3179
2762
9
1171
1742
1
10
432
11
7144
7
707
14413
17
0
1154
693
1
4
10
572
17
178
1577
6
707
14413
17
5
284
182
542
7
721
462
2
96
10
61
572
17
494
3610
6
3398
833
2
65
232
164
1021
28
13276
7542
30
40
432
11
248
345
17
5
1154
693
15
6463
9
83
10
432
31
811
12
470
39
3733
28
0
4687
17540
12324
47
13276
7542
853
43
116
1591
6
1448
127
0
1021
2
15
211
630
4
926
7
0
13276
7542
329
1
28483
2288
1171
6
988
1
4
28484
2288
884
6
3027
2
203
29
729
14
0
211
10
2721
11493
2149
4
46
225
186
7
12
409
399
1
1668
2
101
151
1
5
1778
164
1021
38
614
7
0
13276
7542
329
10
856
11
0
707
833
6
5
290
2
52
10
115
578
12
398
1577
6
2178
127
5
284
197
0
894
6
4484
4
5231
2
15
4687
17540
12324
926
17
0
781
6
1769
4
7721
4232
4
3179
1430
3
2235
1871
127
126
2
203
33
6083
767
17
597
7
4969
3
48
358
3
448
3462
14414
12
11494
19970
19971
62
256
0
3462
14414
478
4931
946
2
15
211
630
4
926
7
0
13276
7542
329
1
28483
2288
1171
6
988
1
4
28484
2288
884
6
3027
2577
60
33
41
648
3038
685
12
48
1954
2
26
6463
9
83
1052
1021
572
17
178
1577
6
707
14413
17
5
2111
7
721
462
26
4305
28
0
4687
17540
12324
10
116
1591
6
1448
127
0
1021
26
15
6463
9
83
10
2721
2149
4
46
225
186
7
409


