65
820
2856
1035
14
8289
247
223
3
1007
109
8599
10373
10
10622
31
11426
1
9199
8
643
4609
2
8
16943
16944
483
6106
1035
11426
78
8999
403
694
12
470
44
43
20533
0
1035
2
1920
223
2065
23
8599
10373
33
214
7
418
628
12
0
304
18
637
559
3198
2
15
947
675
15221
109
8
24
84
74
12126
1
24
32390
8
4
8
2551
84
74
716
280
389
8599
1054
2
8
1769
1965
218
65
16943
16944
483
6106
1973
3
154
242
7
8999
10
3638
31
11426
12
470
1
38
5095
8
643
4609
8
15
304
18
587
8289
4344
3
8
2056
49
217
2784
6338
1
11557
12
217
50957
1
4
226
1428
0
1374
307
8
15
50958
4806
1
50
84
41
29
5
4214
1007
5144
1
33
61
2845
1180
31
5
2787
22716
2
8479
4344
392
32
542
4
1446
2
895
8999
106
1394
9079
26707
9042
0
1035
3
704
1096
464
2
26707
22
8
24
1332
0
827
14
13
91
482
4
15209
31
0
283
6
8999
434
3
0
2968
863
6
1283
4
1282
127
995
7
0
979
4
12
2877
14052
1
8
15
689
1288
11999
6
8999
607
2
1523
8082
7
0
1035
18
16914
675
8
5
1521
6
390
911
9
3558
4
8200
6052
1
8
0
1581
22
2
15
304
18
587
131
25
50959
17
0
19133
3110
1
50
2010
15953
6035
4
4634
11
1269
50960
2
22147
423
16
65
8999
179
106
1394
2164
0
1035
1
8
434
3
0
2968
863
6
1283
4
1282
127
995
7
0
979
4
12
2877
14052
8
19133
1
967
1
22
7
5
565
14
25
26242
1403
28
0
16943
16944
483
6106
1035
39
25
10
8
116
1591
6
125
6
0
6021
14
43
1093
31
0
1035
11426
3
3568
0
1035
2
8
8
19133
30
3825
0
1035
11426
14
60
84
41
188
3
32
3693
17
48
770
1
4
14
44
171
1684
80
3912
3
19133
28
42
587
4
5097
6021
1
8
0
6052
22
2
8
12163
1
60
29
3825
88
14
60
46
41
2005
156
5387
116
28
0
6255
6
48
1035
2
8
378
48
547
1
1640
2096
3
965
1035
11426
31
19133
29
40
16040
4
44
722
3
874
282
12
42
6021
480
136
3416
2804
3
29
25
1145
2
8
50961
25994
1
5
848
6
0
8999
403
1096
1
5728
0
1035
18
16914
12
560
2
8
34129
1862
8999
558
104
33
3434
10601
248
5
16943
16944
50962
1
8
21
395
2
1675
9
4250
16725
1
216
1096
848
1
78
1112
36
10
8
9562
8
0
1035
10
3638
2
8
24
107
74
188
3
124
7
5
868
77
48
1
8
36
22
7
37
1944
3701
2
8
308
188
3
355
75
0
3356
3
3809
784
4
29
1374
2
89
24
809
48
219
30918
2
57
8651
0
821
827
3
247
223
4
50963
88
2
8
15
11426
107
0
122
551
7
20533
2
89
24
610
44
61
84
0
122
551
4
389
4806
11
841
14
33
67
1784
4
14207
2
8
15
304
18
587
131
4806
33
1502
11
9286
1
6886
1
3112
2107
1
3112
1
4
8288
2700
1
963
2
26
65
16943
16944
483
6106
1035
1973
3
154
242
7
8999
10
10622
31
11426
12
470
26
8479
10
10622
434
3
8
643
4609
1
1521
6
390
911
9
3558
4
8200
6052
8
26
895
8999
106
1394
9079
26707
2164
0
4806
1
9199
8
0
2968
863
6
1283
4
1282
127
995
7
0
979
4
12
2877
14052
8


