258
4481
12494
8089
3989
25261
8072
9
17168
99
319
24
227
13
5016
520
57
54
715
5
6482
3184
4166
61
167
24
9860
5832
5017
515
87
30521
54
1566
757
27
119
520
57
14
6493
5
1054
8072
9
17168
61
54
1611
9
3132
715
34573
5
34574
2568
3469
185
54
5592
3229
61
34575
3078
3079
3085
27
119
3989
37
520
288
717
14
4539
227
58
2276
34576
57
876
171
24
24652
1779
57
30850
9687
1030
25269
149
407
27
119
8089
5359
7472
13
1873
23
520
717
13
5592
61
167
24
7459
5017
16957
24
1566
9149
17058
262
3989
17168
37
1611
9
3132
715
61
34573
61
16899
14
893
23
14
858
2
24
5592
3229
61
502
87
1751
57
520
57
24
540
7444
10911
6256
57
1779
9
4255
2020
119
5359
5
54
715
3477
398
23
14
858
2539
61
655
6922
9687
1030
25269
4925
5957
119
8089
6418
717
1508
520
57
6482
272
27
10614
3079
3085
377
24
3989
87
3108
13
3634
334
395
57
34577
5401
1284
7591
308
369
391
13
278
100
1745
23
24
8089
10948
647
183
2859
316
494
495
842
64
10331
278
7682
24
2278
13
6734
3752
61
24
8089
6418
3235
13
278
9716
47
122
4556
13
3193
14
562
9
64
9
2360
395
34
24
3989
27
162
54
5592
3229
9
575
520
288
55
4602
185
1078
507
9
24
3965
718
107
719
6482
61
2931
20261
61
4463
272
5
1054
13
6268
1873
27
742
715
34573
87
663
1039
185
24
3229
4485
13
6482
276
272
5
23362
82
9
3395
1449
27
1178
34578
4450
15605
330
262
331
951
1479
57
876
1185
4171
1185
592
7043
825
1541
7711
868
24
34579
185
24
8089
4929
37
1264
331
17168
27035
14
853
730
655
140
14
320
27
10614
3079
3085
3820
54
6418
99
1129
13387
13
10629
3295
7628
3613
262
251
5794
9
537
589
17168
6307
76
14
893
4926
2352
23
24
2278
502
99
18471
8040
34
1533
1284
316
494
64
2276
8518
1577
185
34580
525
583
262
34573
17168
5
525
583
19149
6483
104
2276
2597
5
7256
61
76
18426
9
4137
34581
33653
23
24
9171
579
1393
278
14
692
34582
262
119
600
34583
9
34584
34573
17168
21823
680
76
14
8089
893
104
14
3733
7080
483
305
223
262
1134
467
1046
24
3965
4150
2593
61
655
1853
24
1566
7464
22678
34585
262
5592
4163
5778
122
34586
104
24
520
34587
34588
61
7163
3608
34
10614
10615
13229
23
24
8036
326
5
326
2604
61
330
8787
9
17168
37
5592
3229
149
1465
1245
13
3240
4781
1030
24
22627
21231
3989
34589
34590
5
11479
11480
11481
11482
27
396
330
262
331
628
1019
183
87
14
34591
1017
61
628
1835
45
832
508
4781
1030
34590
5
11482
1129
5538
9065
61
40
24
8089
6418
99
600
100
3009
13
3193
14
3104
9
1030
395
13
24
1146
27
331
628
1835
45
5246
91
237
3229
61
40
183
87
14
9556
1411
24
6418
4389
13
1028
13
3193
14
1440
57
34577
5
24
9427
34
24
308
17460
13
24
22710
61
34592
7509
61
3078
3079
31389
5
7464
27
7948
57
24
308
778
119
3989
27035
14
3345
1060
2596
10186
262
3989
17168
1577
17263
34593
91
6265
2
948
23
237
5592
467
14699
262
3989
17168
4123
13
278
1633
720
76
14
111
23
8073
34594
23
237
858
27
8073
34595
1030
17126
5
8091
8092
278
14999
3843
24
34596
75
17168
37
11685
119
5359
21823
680
76
14
635
730
262
119
5832
5017
25897
23
8040
1438
13
10066
24
1566
1817
18732
6278
628
629
185
851
1191
820
589
17168
4451
31765
76
122
5802
23
496
4123
13
107
14
276
2042
11766
3539
262
589
17168
4451
272
2
496
4123
13
107
24
8089
4203
57
24
20332
187
37
496
704
24
9654
2907
369
2590
820
119
5592
82
844
57
24
8089
27023
331
25261
8787
9
17168
87
45
2050
13
3193
24
10331
57
308
15457
61
183
37
45
2050
13
3193
2367
185
18733
27
331
34578
4450
1428
8040
531
1785
61
34597
18811
61
330
262
331
618
32
1191
723
1825
278
13
377
515
183
37
45
9963
13
532
1193
4929
61
1347
24
34598
5
23062
32
23
25284
61
2590
5538
833
13
4849
5
12795
1579
2534
8743
1146
1772
27
331
8912
3885
16705
23
14
13045
57
13038
5
24
7417
57
4635
32696
87
752
23
3989
17168
37
577
603
846
1185
628
706
6457
723
577
14527
27
331
13257
61
610
706
532
709
9032
109
57
24
22104
9427
185
24
1675
23
8040
9
57
24
10629
34599
1185
2999
57
23603
27
18295
24
34600
23
13387
503
27667
723
57
24
1217
515
8089
4929
13387
278
100
1129
64
2999
57
10629
27
331
951
1479
57
876
1185
4171
1185
592
7043
825
1541
7711
868
24
34579
185
24
8089
4929
37
1264
27
331
2318
820
251
970
9
407
18634
1772
57
20048
23
24
8072
9
34601
12007
57
24
6114
8089
1032
57
25269
251
2904
8089
8090
2063
5407
54
8044
64
215
1410
14
2725
134
23
25288
8072
9
34602
27
119
5017
99
3138
7591
763
5
15457
10331
246
7013
3193
8072
9
17168
6482
5
13223
34574
120
246
691
369
14
10014
11822
13
24
18426
6597
22354
2
24989
5832
5017
246
10614
3079
1060
330
358
3193
17168
37
331
603
846
1185
628
706
6457
723
331
14527


