144
5641
6924
293
16
30789
138
1
441
409
526
291
287
16
44319
138
1
441
409
526
65
31646
14133
1671
39
3493
3942
37
105
4065
9
189
6607
69
19
3614
9
340
158
13093
2
7930
16699
25443
1
2622
1
28
44320
4595
1
1044
1
13
3617
7
286
7
44321
39
8323
1145
0
5499
8870
50
10
8347
339
19
93
1072
11857
2
8422
1
21
107
41
158
3203
0
6607
34
5330
162
19
3614
268
21
219
3
0
286
1299
2360
4
25
10
658
31
807
2
8869
1927
16
139
6434
2438
787
332
113
0
105
9
4065
6607
10
8347
549
7930
16699
25443
18
251
68
7930
15987
991
19
3988
16
8422
1
21
107
41
158
3203
0
6607
34
5330
162
19
3614
268
21
219
3
0
286
1299
2360
4
25
10
658
31
807
319
5
6434
9017
68
7930
34
40
319
5
2425
1977
119
17934
19
102
12
405
966
56
0
974
510
2
15
6607
1
50
34
213
8347
7
0
1977
1
10
1582
55
20
0
1361
6
5
5817
1
10234
162
19
251
45
687
79
5
1929
1587
7
0
1223
50
21
8774
11
5
2111
709
2
8
15
6607
14
213
2619
7
0
2425
1977
2534
55
56
24
574
12
0
1977
2
57
5330
69
95
251
4
93
5
501
1587
12
0
1223
1
8
21
10
5512
23
324
31
3768
689
2
334
10982
0
6607
12
6434
4881
1
8285
34
3
1256
55
11729
859
12
68
7930
3
1684
0
6607
340
1298
156
557
1038
3
19
843
4
1072
2
18575
1
19
3533
10
41
1792
31
0
709
2
44322
1954
16
15
398
20685
189
5499
6607
10
1582
55
6
5
2425
1977
20
0
1361
6
5
5817
1
10234
162
19
251
45
687
79
5
1929
1587
7
0
1223
50
21
8774
11
5
2111
709
25444
44323
1
5
25445
1
22
16
8
15
6607
20387
19
1072
11857
4
1561
0
44324
2638
39
2269
162
0
1269
25446
44325
2
8
281
60
1200
0
6607
55
2391
1
0
8494
759
58
32
810
232
1
114
0
400
5411
4
6229
445
32
2280
120
0
1087
2
8
68
7930
13
7
648
7
5
4117
641
7
286
2
26
7930
16699
25443
28
1044
16293
0
8870
119
319
5
2425
1977
26
57
10
1582
69
19
3614
31
19
93
1072
11857
1
45
93
79
5
501
1587
26
44326
1091
55
11729
859
3
1684
0
6607
26
68
7930
13
3617
7
286
4
19
16466
30
41
40
1792


