144
2697
1583
4
10090
4528
11
1112
65
3560
9271
1962
2240
38
10
10269
28
0
298
31
19
3345
9
1298
5
231
149
12730
197
2385
4
792
6
910
9
30
1519
5
465
3
505
3
0
9115
2
3859
7655
9825
30
1365
116
5
201
4237
1261
1005
3
1160
55
0
196
6
0
155
246
9
428
1962
5913
8371
2672
31
19
3345
1
3859
13739
9825
2
249
3859
7655
9
1743
2564
7530
3
778
3318
7
8
57
18
5
21313
3526
8
11
1547
75
90
4019
9
10
10269
31
5
1103
6
5264
2672
31
3859
13739
9825
7
534
1
910
805
3
147
4
12040
0
1777
7
2626
2
8
18631
73
41
3809
129
194
24
4925
277
4
274
54
6
66
1
8
3859
7655
22
28
0
99
6
5
10083
1393
55
0
1058
18
4261
7
16655
1
43590
12
470
415
2
8
308
33
1107
0
237
2
8
297
94
11
167
10856
16
3859
7655
9825
1
0
2240
6
155
246
9271
1962
5913
8371
1
137
470
1
30
1519
5
465
17
0
298
18
1103
39
21
10
10269
399
347
320
9
8139
4275
28
910
18632
16
15
5028
2240
3739
3
2564
20
298
4261
7
16655
12
470
52
921
16
8
294
24
938
323
1
92
13
128
305
14
24
76
388
1985
3
212
3353
147
1
212
3217
1352
6
14067
1
4
0
785
6
212
8592
3806
77
0
424
418
347
2
8
590
347
1
13553
2564
34
732
3
143
10774
3
0
1837
7
2310
1
155
2283
4
8370
1
687
6985
5990
4
4924
1628
7
342
5714
2
89
12
470
1
25239
9
21314
7583
0
5913
8371
13725
4
11860
17
0
10799
6
626
25
46
154
3
31329
0
1962
18
5464
1837
1
1200
49
3
18437
16073
2
1217
269
90
1
5913
8371
22
14
3859
7655
58
32
2582
3
0
298
4
14
21
4
19
2385
174
58
3317
132
9
3
9
132
2101
119
0
3223
13
2024
2
15
298
18
64
1043
25240
1
21315
43591
4
2571
25241
1
46
1065
7
242
268
0
465
13
1619
1
0
565
22
2
15
3735
13
539
7
0
8
208
418
187
8
2
8
828
11293
33
2954
99
3
147
17
0
179
2385
174
3
5900
0
298
99
3
1260
2101
1
8
3859
7655
9825
22
7
5
565
2
43592
16
43593
449
3151
43594
7255
12488
1675
21316
39
1559
5
10779
1703
31
42
5028
814
12
470
2
6150
34
40
1582
11
3636
3
147
9
45
3859
7655
30
11243
88
10898
16
5913
8371
2564
43595
43596
1
93
1
4
31330
31331
1
6
14782
1
718
19
1703
3437
16
15
910
20
5
1058
7
435
1
2310
4022
0
505
6
42
179
2240
8
24
474
109
24
413
0
7591
1
8
5913
8371
1393
700
17860
43597
78
15
2563
12222
2
2028
43598
1
5
376
267
449
20
0
1962
18
16655
1058
1
78
43599
9
438
14
298
31332
224
7
20
6914
39
942
0
546
4
309
16396
6626
14
161
16
8
12543
99
20139
2554
16
5913
8371
11738
2
8
101
5
2146
565
12
506
1
2310
4287
43600
2640
4
155
2283
10942
12731
5182
22
16
8
104
33
2671
14
0
1995
29
1561
2522
12
1281
6
1078
4
4451
6
2765
5219
1
86
14
2564
73
505
3
147
4
801
46
494
311
32
344
3
5952
12
261
1837
3
1118
42
1026
2
8
15
12732
77
3859
7655
9825
8
3942
3309
1825
2626
9989
363
0
298
18
16655
4261
2
334
0
298
1582
398
14802
38
840
31333
0
9672
1
270
337
11
0
910
13740
2
2403
3
147
16
15075
5837
339
5
6202
8521
801
99
3
0
1837
12
470
43601
49
16
2331
16194
1
6
2563
1
750
5
626
3686
3
5
5913
8371
12
470
415
23
0
12730
224
3
37
267
4
2564
17558
0
6985
39
231
347
6
3636
3
147
43602
16
15075
210
2254
99
12
0
494
3207
6985
1
596
14
42
814
13
99
20
0
9115
4534
6
801
1
23
168
23
67
85
8717
43603
4
22644
7
2310
4
155
2283
1
1204
15882
7830
3
13023
5913
8371
2
15
1962
30
63
7511
2564
4
5464
1837
7
2310
1
155
2283
4
8370
2
15
1837
1
1614
12541
9
3349
17
2903
3570
31
0
1962
18
838
1764
1
29
34
118
5
24879
6
801
11
347
2
15
298
18
111
1011
9
25240
34
1687
2033
2564
3
505
3
147
1
45
44
805
4
1155
12
0
43604
6
3859
7655
9825
2
5473
5541
22
0
1634
9672
10
3749
20
5
117
9
2251
1
1356
9
2809
298
9
1303
114
0
910
43
41
2215
1506
6382
62
419
2081
1
45
969
43
1441
11
0
505
6
42
179
814
2
15
910
1815
3859
7655
9825
11
3559
88
109
117
1
1637
1764
838
4
973
0
298
18
1216
2
1769
656
16
334
3859
7655
10
10269
28
0
298
1
50
30
5464
1837
357
2310
1
155
2283
4
8370
1
910
805
3
505
3
42
1396
7
5
163
6
12372
43605
16
5913
8371
2564
4
1511
43606
20
5
195
624
69
0
3348
18
4261
7
16655
1
2310
81
149
9
0
1745
149
6
43607
9
39
42
814
10
10269
20974
16
11799
910
805
3
143
10774
62
31329
6985
7
5
163
6
12372
9
5
356
14
531
3
169
91
1582
4
5
983
6
5265
6
1628
7
5714
11
0
298
8
308
183
0
2138
1
240
57
18
5
21313
3526
2
240
52
18
778
3318
1
8
22
1786
43608
1
5
2660
11478
38
614
11
0
298
11
2934
82
90
91
1582
77
0
4275
2
30804
16
52
34
40
10269
31
5
1103
6
5264
531
31
19
3345
3859
13739
9825
53
137
51
8
52
18
79
5
6037
996
91
14
3485
75
748
4019
2
52
73
1097
162
5
1058
1
4
112
21
18
649
66
494
1
21
1624
212
540
1
21
1624
212
227
1
212
315
1
212
1242
1
113
44
33
159
3
164
2
8
22635
43609
1
5
196
9
71
5913
8371
2208
7
16655
1
22
632
12
506
36
10
1371
37
2522
10
1561
86
14
36
76
505
3
0
431
36
477
11
608
82
90
91
2823
103
64
347
320
2
8
57
30
40
11607
0
990
6
337
0
270
30
958
8
0
910
1
36
22
2
15
1081
30
8
40
15811
1
45
11607
8
2
101
97
565
1
5913
8371
22
16
8
828
11293
33
2954
99
3
147
17
0
179
2385
174
3
5900
0
5046
99
3
1260
2101
2
8
43610
7
0
9825
117
30
698
12
11
1612
1
45
48
10
0
87
71
0
117
18
25071
34
199
5
1592
1525
12
5913
8371
1837
2
5913
8371
1837
29
189
40
5
6363
7
155
246
2
15
632
3859
9825
1
5
4857
13292
38
10
0
2633
6
3859
7655
4
3859
13739
1
1151
0
87
1058
7
24556
743
5
1669
320
2
3063
0
82
1
5913
8371
492
5
7897
6
14878
626
2903
2
1287
1
0
1962
30
5464
1837
4
63
7511
2564
2
18118
16
3859
7655
10
7530
3
778
3318
1
122
1
7
0
611
57
18
65
21313
3526
2
15075
22
14
0
3560
2240
210
75
90
4019
4
300
5391
850
63
19
910
26
3859
7655
9825
30
116
5
201
4237
1261
1005
3
1160
55
0
196
6
5913
8371
2672
31
19
3345
1
3859
13739
9825
26
57
496
39
5
1103
6
5264
2672
31
3859
13739
10269
3859
7655
7
534
9
8139
4275
4
31334
31
2564
26
6150
4178
3859
7655
32
11243
4
805
3
143
10774
62
1715
9
2913
6985
1
973
3
3207
1837
4
5265
6
1628
7
342
5714
26
7292
7530
3859
7655
3
778
3318
7
0
2138
8
57
18
5
21313
3526
8
1
324
21
30
189
210
8
75
90
4019
8


