962
4292
1756
3041
30
734
7
5
1402
772
14
21
13
1813
2
15
4002
9
83
155
407
8257
78
741
509
4193
6
19
6095
7
5
3579
5068
7
440
12
302
2
3041
30
189
1667
1294
63
19
707
21312
4
30
4572
1243
91
1813
1
324
19
2482
29
40
17
223
2
89
1535
3
4193
12
2275
259
1
21
490
0
3482
804
13
5
410
54
2
297
94
11
167
19690
47450
16
1756
3041
30
310
14
21
13
1813
120
37
772
25957
12
302
8
24
382
273
63
48
11
5
189
71
2
24
351
41
1307
1
8
21
22
2
8
191
48
13
118
385
14
128
800
9
7
0
424
64
347
9
24
382
40
2203
1191
0
5642
75
140
121
1939
14
2
8
24
84
74
188
247
75
3
474
0
222
152
24
107
2
24
382
404
3
11
125
71
2
24
76
74
1
24
107
74
474
23
609
24
76
2
8
15
863
10
24
10
348
20
199
5
247
512
63
95
6095
2
24
219
3
37
80
9
1049
164
1
86
112
66
352
603
6
91
1813
123
0
87
2174
13
100
4
66
124
1309
11
5
666
2
8
24
107
74
183
20
0
986
1
24
10
253
247
2
24
1091
48
2
24
273
14
0
4051
34
383
86
425
14
24
107
74
188
75
3
1332
95
7993
2
65
305
706
6
17622
496
69
48
2
24
107
74
188
75
3
1332
458
24
981
6173
63
850
2
8
3240
1
24
6173
63
25
2
24
351
2203
324
24
351
5
1813
130
2
581
296
78
121
14
44
361
121
4
14
44
337
121
2
7862
6
121
107
74
183
112
440
404
97
1501
3
32
1813
2
89
24
351
1191
0
172
14
24
322
2
8
828
4666
16
3041
53
122
51
310
19
6095
7
5
438
772
17
741
509
4193
53
93
51
9735
23
8
15
18298
8
1
21
413
178
1542
18070
7
5
10242
673
50
21
469
3
11217
248
1878
1778
7
484
1570
2
12442
3
1985
3
19
5319
5875
9
50
61
1041
485
353
1620
18070
9
3041
30
116
24857
2096
3
505
3
0
1724
515
6
0
190
2401
1
81
70
18
353
6721
4
48
215
18
5010
2060
2
3041
18
1210
142
30
40
67
7742
85
19
1421
54
77
612
82
2
101
19
190
8330
1
8
139
13
121
8
1
21
395
6
5
1111
17
3557
4
19
15008
12
1187
2
52
176
3
4193
14
118
0
361
6
19
117
34
1141
59
6245
1747
2
101
0
667
9
49
3
0
1505
5698
772
1
5
22937
443
31
0
1500
738
3041
91
2141
0
1332
14
30
10282
59
19
1600
673
9
13
21
1
62
13
74
21
1
1813
218
8
5166
66
1813
218
8
580
1332
10
103
9
6946
11
257
4688
4193
53
93
51
56
21
2367
94
17
179
1542
4292
3041
53
122
51
580
2384
7361
307
15
812
9
80
772
5068
12
302
12
962
4281
4333
5047
101
0
47451
4741
1
4193
22
3
3041
16
8
308
382
300
22
14
66
352
41
1813
558
13
80
6
14
1470
218
8
15
548
123
1874
3
37
5310
350
3041
1
1280
1
38
1088
3
32
15530
1820
19
1271
1
90
8861
19
6095
2
4193
1
5966
1
22
16
8
24
181
19
6095
13
100
54
18
656
45
19
220
2
89
24
181
25
13
54
6
0
237
3785
24
29
388
617
2
8
15
5830
482
560
69
5
15016
17
2931
4923
6
337
11
0
1451
9
16314
2
8
1756
3041
60
352
1987
6
17828
19746
6
6095
1
8931
1
5301
62
711
1162
558
308
352
37
11153
38
60
893
361
1288
938
31
1
8
47452
395
2
8
1529
361
3
32948
307
8
1806
47453
1
119
2373
5678
47454
395
16
8
24
73
118
610
3041
18
5248
185
1628
6
3103
2055
549
784
3
325
0
5062
3
32
88
2
32908
11
47455
2
8
1796
47456
9
1109
47457
1806
16
8
3526
18
194
23073
12
48
243
6
0
16053
32948
2
12543
3
91
66
2
8
23396
16
560
10
482
69
5
15016
262
3041
18
546
560
2324
738
42
337
11
0
1542
4292
18631
6
24422
43
61
1806
11
1756
3041
101
19
8330
1
440
18
148
6975
14126
22
14
21
115
0
4601
63
19
6095
12503
4
11115
6
19
7993
2
101
37
11759
1
21
1159
16
8
387
47
0
118
196
24
325
12503
1
14
48
13
385
24
58
32
5772
63
4
14
24
58
4170
2
8
8
590
0
585
1
24
322
41
1813
4
80
95
707
3675
29
40
1307
1
8
21
176
2
8
24
351
3570
3
223
1
24
361
126
4
32949
3
29
5
117
54
132
2
8
24
183
110
25
18
109
3
2114
49
4
32
78
110
212
6095
13
1
123
8771
14
25
18
41
0
412
1674
2
24
10
603
6
91
1813
90
24
692
38
24
10
2
8
139
1180
82
6
270
19559
173
5
565
1209
7
746
31
19
2385
298
16
8
101
0
424
1
12
418
1443
2646
1
24
29
5506
1294
63
95
6095
7126
4
10495
17
0
559
558
95
1081
7
48
5089
30
41
1362
1
8
21
22
2
1437
7
600
411
21
78
0
15
302
1143
16
8
24
84
74
181
3567
30
5
122
3
2253
63
885
95
747
142
886
1
45
24
84
74
462
511
63
25
3
32
6405
2
281
66
688
4
666
25
1
66
352
20669
241
112
66
84
74
1
66
352
20669
2
281
66
124
669
1
25
18
5
32950
2
8
15
14395
6640
13
79
4122
6
110
2518
73
1347
28
0
100
9
2384
7361
772
2
24354
758
16
101
746
25
10
364
14
3041
18
2385
1209
5
565
4761
685
7
5
1098
1518
1954
4696
5
10123
573
17
1542
4292
4162
14300
101
746
1
32951
364
14
3041
18
2385
1209
5
565
4761
685
7
5
1098
1518
1954
4696
5
10123
573
17
1542
4292
4162
14300
2
8
3600
1
24
107
29
5
189
9
877
1
189
9
2195
573
53
17
14300
51
1
4
25
10
400
119
25
6076
2
57
10
1822
6
270
3729
60
43
1265
277
108
1
4
602
41
2
57
219
12
11
4028
1
82
1
8
21
10
5512
23
324
2
14300
18
3774
26145
0
565
16
8
7233
55
0
1415
573
4
210
7
0
1415
6748
4
14
18
1939
110
25
10
2
8
3041
1
38
46
32
196
6
4333
5047
18
5010
2060
8243
174
48
215
1
30
79
5410
5
1702
4
1601
1111
262
7628
12510
28
3053
859
14
472
752
59
19
2083
2
1315
3
226
16
101
0
575
200
47458
4741
1
4193
22
3
3041
16
8
308
382
300
22
14
66
352
41
1813
558
13
80
6
14
1470
218
8
26146
94
5268
16
8
318
666
127
3557
2010
5
2555
7338
69
0
7942
243
6
2507
4
1216
1
8
509
22
580
2384
7361
16
1756
592
32952
23
4193
11392
59
12
19
6095
4193
22
3041
18
595
14
100
1332
10
103
6946
10
3865
4
131
21
14518
0
205
278
4
0
849
6
0
962
2620
2693
2
8
318
666
127
3557
2010
5
2555
7338
69
0
7942
243
6
2507
4
1216
1
8
4193
22
7
5
565
443
31
5047
2
8
939
47459
121
148
63
1756
13
14
2206
28
0
128
2230
6
19
673
1
21
202
1527
3
1659
4
2029
19
1216
2
8
1756
3041
30
300
40
339
0
235
6
95
874
3
772
2
8
1169
169
2521
73
758
3
32
0
237
6
80
71
2
1756
73
2
8
47460
307
9735
23
0
0
18298
120
19
10242
673
1
3041
2828
903
172
1484
4
455
0
152
413
178
1451
1
105
3186
4
54
9457
1542
5301
4193
13
7001
11
41
91
4153
3
1821
0
1905
4
1704
5310
1294
2
871
6
0
257
4688
18
148
8338
2327
1358
0
71
14
7606
10676
4326
17655
49
3
59
11
1441
59
47461
12201
969
6
31
19
1229
540
1
4
56
179
13770
6655
1432
5354
716
5530
27
7525
11
315
292
10
4938
4817
2
895
257
47462
564
1961
3453
61
1002
63
0
71
14
19
244
9
7
9
537
34
348
3723
3
3091
2816
7
376
6
59
1
119
19
5268
17
2466
65
9
28583
22563
1560
116
11
5310
7192
56
36
532
21419
4
16384
4
348
11
0
772
3
32
4567
49
2
65
205
124
307
8
1756
30
300
40
339
0
235
6
95
874
3
772
1
8
4193
22
9735
23
0
0
18298
120
19
10242
673
1
3041
2828
903
172
1484
4
455
0
152
413
178
1451
1
105
3186
4
54
9457
1542
5301
2
52
30
61
413
485
353
4008
4
485
53
259
1451
1
54
3186
51
5010
2060
5301
2
3041
87
1778
7
484
1
1570
1
808
823
1
4
123
116
37
1312
9
21682
4701
7
411
56
21
732
3
143
0
962
174
11
0
190
160
2060
2
5047
30
734
25
46
663
0
438
721
1
1756
3041
16
15
4193
26147
1
12
302
1
600
608
1
20
17070
2
3041
47
3774
4
4333
5047
29
40
2249
31
507
491
440
11
1183
2
1529
546
16
15
962
4292
3682
20
5
1382
1059
3
4839
19
3921
28
1421
2620
20
0
32953
988
13515
646
12
484
793
1
1570
28732
16
3041
1
5
178
9
71
1542
1451
9
16314
1
734
21
58
25946
19
1421
2620
673
3
8245
12
111
4397
155
754
16
3041
46
32
196
6
4333
5047
18
5010
2060
8243
174
48
215
21837
27917
16
4193
1
137
17
19
227
1675
1
13
7001
11
41
91
4153
3
1821
0
1905
4
1704
5310
1294
26
1756
3041
224
55
23
1813
120
438
772
17
741
509
4193
26
47463
2693
224
55
120
962
1500
2275
259
772
25957
12
302
26
3041
413
178
1542
18070
120
37
19387
673
26
4002
9
83
1778
28
1421
2620
7
190


