251
1590
11783
3714
7635
13
1503
13
35782
765
35783
3763
7333
237
296
61
749
76
183
7402
35784
5
6120
1311
17923
515
44
19397
17751
3858
24
7484
1779
902
27
35785
330
515
24
3714
5562
825
1415
2424
13
1851
2288
17923
13
24
9525
7448
37
35786
61
35787
5
1747
35788
4760
27
331
6112
1094
61
610
5928
24
3017
15804
13
107
185
24
9525
7448
61
331
3052
10154
329
30511
11793
35789
330
185
2272
27
119
5097
333
99
1725
14
2712
3714
2995
34
24
7484
27
19244
262
35790
32861
17740
5562
825
1510
14
35782
91
4386
4896
40
4699
13
2712
3714
4003
1750
296
35790
32861
17740
5562
825
1510
14
35782
91
4386
4896
40
4699
13
2712
3714
4003
1750
296
61
35789
330
27
1031
37
663
1348
24
3714
87
5004
13
107
7289
13
24
7484
3401
449
9924
13
1298
2313
24201
13
24
7022
27
119
3714
825
107
32100
2
24
5945
1284
7635
505
61
5
825
107
14
35782
34
14
3288
1272
1284
1195
648
61
358
330
27
119
6768
23
24
35786
4791
253
87
2612
30708
2
3291
35791
61
5812
24
4031
57
12112
646
27
119
5097
333
1725
14
16628
10733
2995
34
24
6922
1779
2
4386
218
2414
61
28100
12112
87
1243
10348
23
24
35792
61
330
1172
35793
61
14
5097
333
30511
27
14908
1507
13
890
2708
57
14272
1099
980
61
3400
17691
405
2788
44
444
1011
2708
1185
1533
61
215
330
27
35794
262
119
6768
23
24
35786
4791
253
87
2612
30708
2
3291
35791
61
5812
24
4031
57
12112
646
17740
69
31419
9
35795
71
87
1622
13
1248
405
6439
64
183
9288
8310
1817
24
7484
7721
27
187
44
1415
2424
2288
13
1851
2288
17923
13
35796
3401
502
87
82
13
32886
61
24
1779
37
2511
1032
3401
5
35797
27
35798
44
5498
47
13
4653
2288
438
24
3714
37
4051
27
331
187
825
22693
61
40
183
373
825
107
26126
405
2928
168
17923
61
331
35789
330
27
119
6646
5004
2403
34
17740
13
1708
35796
5
35797
1533
2673
1284
24
9525
7448
61
40
183
825
5562
107
14
2712
3714
5
45
14
35782
935
27
35797
6897
7541
35799
61
13092
185
2272
20303
334
411
13
442
54
5188
6420
13
3714
1187
185
35797
5
35800
35801
27
4809
948
5
12054
1677
22199
9896
278
35802
5
8459
13
35803
19885
61
35804
5
622
2600
3465
57
35797
13
3204
35805
449
24
2735
3714
61
24
5188
330
27
246
35790
32861
17740
5562
13
1510
14
35782
185
4386
2356
246
35785
377
183
44
1415
17923
47
13
1851
2288
13
7333
37
9525
7448
246
1295
61
358
377
183
37
5562
13
4699
13
2712
3714
91
1750
246
119
5097
333
99
1725
14
2712
3714
2995
34
24
7484
246
35806
23
24
35786
4791
253
2612
30708
61
5812
24
4031
57
12112


