258
463
464
3968
261
262
10097
264
61
2195
5657
1268
268
269
262
22084
264
61
2195
5657
1268
251
893
149
22085
9314
5
1717
2334
24
4179
57
24
15222
22086
23
14
8632
15157
239
23
11275
11276
185
207
27
22087
522
57
24
315
104
24
22088
924
1046
24
111
23
14
8691
1861
3195
22089
185
54
6202
9
2033
5784
593
1461
2574
185
24
924
14350
61
22090
341
27
119
1179
61
552
855
87
663
17773
4157
61
566
24
893
574
34
14
3189
27
842
1348
926
680
18
24
9768
215
9288
23
3867
4727
10889
525
23
24
219
5
2737
525
22091
27
521
159
34
522
22092
262
251
111
149
433
185
7706
522
6882
14
893
185
24
15222
22086
27
396
11321
24
893
484
19452
525
91
525
2769
2334
24
2073
396
935
18989
22093
24
893
445
24
14350
12723
61
19452
525
91
525
2769
1853
24
14350
484
2397
525
2334
24
4179
27
396
87
24
433
185
548
537
33
104
24
893
64
215
14678
47
525
22022
3824
2956
445
24
7208
5
6690
22094
868
27
119
893
44
278
100
22095
1185
1745
91
334
22096
676
23
24
239
515
510
513
104
22097
61
40
926
2088
7401
13
5885
2151
445
24
4179
2241
60
484
14
676
16882
104
24
924
27
119
593
61
129
1414
13
5449
10701
61
750
22090
262
1687
258
24
227
628
22098
707
1861
33
47
61
515
37
1348
215
149
185
846
61
185
707
6512
27
628
149
144
2496
158
61
331
628
1018
244
278
709
3225
61
331
5
215
149
144
1030
61
331
8529
47
27
331
577
12684
262
119
6202
9
2033
593
149
7502
1853
24
22086
14350
61
324
61
58
361
4727
11311
61
5
1717
2334
24
2073
27
119
1179
7682
76
525
2956
21966
262
119
893
149
1717
2334
24
22099
4179
40
149
539
646
288
709
22096
15907
27
579
330
926
331
978
13
7180
33
331
40
44
244
22100
54
9700
331
628
2859
3108
13
7180
158
33
61
5
9956
144
64
822
64
628
44
27
143
215
8268
846
91
24
9378
27
396
8158
3486
61
215
638
244
3083
1030
215
149
4529
27
331
628
1835
818
108
515
14
676
638
244
799
185
5131
83
61
652
628
1018
244
639
496
516
278
640
935
27
331
22101
6311
15455
3909
1707
1702
61
3322
22102
61
750
22103
262
331
187
37
22104
27
1307
723
850
515
2191
61
723
1019
24
2190
27
408
704
639
515
646
87
14
10347
9640
4855
27
727
4919
515
61
723
1067
27
331
22105
6574
16949
149
6555
23
7717
13
24
315
1671
27
22106
868
262
119
111
6690
2287
868
2
24
348
9715
537
33
13
418
185
54
593
27
6574
16949
149
6555
91
642
1671
119
642
8789
510
13
1002
13
22107
14
5784
798
34
22108
24
3476
27
396
330
8024
8583
1524
149
24
1687
2637
57
24
22109
27
1295
61
8737
278
100
11258
18
1720
642
2831
278
7176
24
1857
23
24
316
1267
2957
13
16949
37
7707
27
22102
99
3957
54
765
586
515
7543
24
522
3882
516
278
22110
76
122
643
27
396
330
2385
288
9716
47
104
24
924
27
119
593
4508
503
22111
5
15556
27
119
315
726
144
3133
58
316
15157
1605
1606
22099
2367
575
5284
288
1745
58
361
7345
89
24
22112
57
22096
15907
27
21401
9
22113
21488
61
6015
61
149
8768
445
24
14350
13
14
7459
897
104
15051
4324
924
185
534
2778
27
22105
22114
19404
61
1114
61
99
3818
13
24
239
618
534
265
61
22115
22116
61
3837
61
1077
58
361
7345
23
918
57
14
22086
676
23
3363
27
22117
6416
61
14
12822
9
2033
893
129
4508
2
22118
9
22119
15727
61
99
100
3134
2250
13
1650
801
34
54
596
27
246
4242
536
8691
1861
566
6202
9
2033
893
64
358
369
174
2574
185
22088
22086
14350
246
22120
34
3189
40
12424
13
8902
239
525
61
10889
525
23
24
219
484
19452
525
2334
24
4179
5
16796
525
2956
246
13115
22093
2151
445
24
4179
23
227
5
9198
57
525
5352
5612
262
331
215
638
244
3083
1030
215
149
4529
331
246
1707
7707
22121
6574
16949
316
1267
147


