139
13
0
638
5
8
3710
8
700
18
195
3342
69
4664
39
21
31631
0
2446
11
316
379
7
5
2347
3
9548
1288
9702
611
393
636
2366
2
15
6392
6790
18
1908
14396
492
16480
7
4664
120
5
2674
770
3
0
7109
9
83
1770
38
239
81
215
4
10
3385
12
377
2
7169
34
2492
7
5
1677
528
195
1247
3
503
2347
3
68
2366
1
45
14640
1436
7
25394
23
0
4625
309
4
0
514
451
10
180
2
4947
4948
3875
1343
8
44290
8
16
65
700
30
40
2410
3710
39
19
195
3342
69
4664
114
21
31631
19
2446
11
316
379
7
5
2347
3
9548
4
9702
393
636
2366
13395
16
203
2369
0
514
9730
1908
14396
39
0
358
7
37
7129
3590
1247
195
1247
3531
6163
1186
417
5691
0
6832
700
262
0
3894
20
0
2107
9817
14624
727
7
7129
2
52
22
16
8
24
73
41
1190
0
9892
6
5
447
38
58
84
5
551
109
14
2
8
57
13
1631
6608
14
6864
10
500
0
23084
10
41
11818
2
8
24
79
73
41
1190
459
767
58
84
199
5
551
2
281
0
195
8967
3
0
447
38
107
48
1
123
205
9
2842
44
46
29
1974
5
7770
2
8
8446
6163
3709
8537
176
16
8
57
13
1399
5196
14
552
10
23084
42
2446
11
86
189
2
8
6937
3
0
9113
6368
16
65
670
1730
718
23
5
2082
937
9031
0
17824
195
12
97
99
39
0
4395
358
6274
1552
16
513
1770
636
2366
1
237
330
11
19
5865
7
0
9548
1288
9702
684
3633
1
239
7
5
195
862
7
2808
665
12
484
384
2
52
10
3385
12
377
65
479
11
44291
4
824
31632
22
0
1297
6
195
17786
38
33
196
6
0
304
43
8
5772
8
31
0
8
3710
8
700
18
1794
2
52
22
16
8
104
84
41
14578
48
1138
45
8466
92
33
75
55
92
14
181
25
18
2890
3
1236
109
48
2
8
15
447
553
2367
12
0
31633
44292
11
316
379
1
50
13
37
31634
551
3
84
7
156
195
2
8
10546
3
8117
2878
4
3710
1138
12
19
196
1
48
195
8466
219
49
7
4664
2
57
10
19
5667
2
8
238
514
2446
1327
0
548
4
210
55
0
514
2
26
44293
6790
2410
8
3710
8
31
280
39
358
7
7129
26
16606
2492
20
195
1247
11
2347
113
1908
14396
10
2416


