144
7139
160
657
13196
29
202
40
67
9018
1
5
111
2018
2579
14
472
272
6
266
73
41
158
2114
5
3450
54
2
294
169
23
1627
134
153
6
266
7395
14
44
29
10707
15737
7
42
7188
62
17460
4
23
5
768
1
266
33
2497
497
42
13196
4
17460
19806
17
883
6930
2
982
266
33
15738
55
72
3510
12
7188
4
19807
6930
3
4557
0
67
37205
233
9553
31
1657
109
4617
6693
1
1417
23086
4
292
5354
2
852
3
0
1147
2758
6
9554
28173
1
67
85
17461
2642
883
6930
43
1091
55
7
0
255
81
70
9
14
18
67
85
105
278
23
952
23
1958
1396
2
4940
37206
16
3458
33
15738
55
72
3510
12
7188
4
19807
6930
7
37
1101
3
12255
1417
23086
53
93
51
4
4617
6693
89
129
254
25
147
218
9554
13
204
28
0
99
6
0
19808
7
5
4158
4
23087
69
0
10707
15737
6
0
7188
62
0
19807
2
570
28174
1
5
4342
20
904
9555
7
338
1
22
21
30
214
5
575
134
153
1048
7
0
245
6
4680
77
0
81
105
82
23
13196
29
383
67
9018
2
8
65
3450
1
412
9
2316
7188
30
40
0
6858
11423
6
28175
11
7189
2
89
0
2598
2883
13
14
169
266
7
299
2830
3
2114
13196
1
17460
4
28176
2
2266
4
39
16
9554
13
204
28
0
99
6
0
19808
7
5
4158
4
23087
69
0
10707
15737
6
0
7188
62
0
19807
8
135
29
1710
10078
7
42
2642
883
4
0
267
768
73
233
14297
4
37207
2
8
1768
744
73
32
3146
37208
17
5
3481
2
104
73
4574
55
0
1061
12
42
225
113
92
33
10078
4
44
73
5665
2958
233
44
109
16
5
37209
12256
1
425
17460
109
2442
28177
62
0
8599
1832
17462
62
13196
473
11372
31
292
5354
62
4617
6693
2
28178
883
6930
147
7
0
222
152
23
883
6930
2546
3
0
1888
47
251
1
319
5
5860
180
37210
9040
37211
53
62
28179
51
2
139
13
5
23088
13197
3481
5860
1
50
13
1091
55
182
487
7836
2
15
3248
4714
317
1845
11424
28
37
329
12
0
251
113
0
883
13
19809
1
4
23089
261
11424
69
0
1061
12
0
225
14
0
1888
58
109
3
1649
2
65
2104
28179
2642
883
3481
3248
73
81
169
269
1
6225
12
0
245
6
11424
50
3962
23089
1288
13
2546
182
5
487
7836
2
15
245
6
11424
1894
46
32
8600
31
5
883
3481
4342
4
48
46
11314
12
0
13198
0
1888
13
350
11
2
8
3458
177
75
292
5354
4
188
3
4557
19
233
2
52
254
80
7377
6
3947
457
17
19
2642
883
2
52
893
1802
5
412
7188
54
215
1
1832
17462
0
208
4
60
382
61
214
59
17
5
12256
4
2493
9
14298
2
8
52
22733
1828
19
2642
883
3
1274
586
19
787
9
25
13
196
6
110
750
59
199
37
8592
876
8077
2
8
570
28174
1
38
30
1091
55
64
883
6930
12
12257
10708
393
1925
37212
1
1159
14
14297
2642
883
10
5
5316
863
2
8
281
0
244
34
2544
1073
5
7188
123
92
13
5
205
880
0
198
46
61
29
14297
2642
883
2
8
57
13
459
266
7
8601
1142
473
29
989
13196
9
25
1107
1565
162
54
2662
3
0
208
2
8
570
37213
37214
1
9554
37215
23090
20
15
7754
9555
1
176
16
8
28178
883
6930
33
3098
3
2114
7
3973
1
1303
23
60
177
13196
627
99
69
1068
2
8
3458
38
2519
3
4136
2642
883
6930
33
473
1357
2411
1
71
1245
1
346
266
38
188
3
233
42
237
4
33
350
11
2560
1
189
4054
1339
2
8
65
2642
883
3481
13
5
205
3149
11
266
38
84
29
2642
883
45
58
109
25
3
32
10079
62
9556
62
3
3822
5
19810
1705
6
7188
2
8
104
1347
0
1959
3
2114
23
25
13
5
1097
7
1097
55
3248
17
10709
37216
2
8
15
2704
61
310
14
4740
134
153
6
266
22
14
5
7188
116
88
474
67
23091
2
657
5
7188
73
2986
5
130
18
994
9
14299
1
25
254
128
305
11
19
345
1423
1
301
3
223
2
924
9
5073
6
223
22
44
6472
0
2493
9
14298
233
3
5
7188
2
10710
8077
16
3458
177
75
292
5354
1
38
3270
1486
19
2642
883
876
1
4
188
3
4557
19
233
9
1265
1758
6
7188
6930
1811
3
17461
7
0
255
26
3458
1784
31
292
5354
38
3270
1486
19
2642
883
26
1627
980
6
266
516
74
2114
5
412
7188
62
17460
26
4740
980
6
266
161
5
7188
750
88
474
67
23091
26
3696
5522
980
6
223
58
699
42
266
43
2493
9
14298
26
14300
6930
752
49
3
72
3510


