13040
1750
0
645
579
160
6733
1
38
1088
12
0
16420
695
8
18277
14129
1
8
3525
39
37
358
20
5
2388
3484
390
12
302
415
2
15
122
243
6
6733
18
225
10
9016
28
19
122
7808
743
80
0
152
3
19
2803
1
947
163
2
1523
628
2465
1640
3276
3
19
2309
23
168
23
19
122
2083
2
6733
1365
489
77
6454
8220
23
196
6
19
701
520
2
15
947
6289
23
0
130
38
719
1156
6733
17
5
8
2425
6292
1
8
18278
3974
1
574
430
7
20
5
2388
11678
12
426
1
106
78
507
491
3958
2
3974
719
1156
0
1674
393
20
13609
3484
30133
20
24494
12
302
1
106
22
2
1461
6733
4
19
1028
4717
16421
1032
12
0
16420
1674
1991
8
18277
14129
2
8
16421
13
54
6
0
1248
4041
464
12
0
695
2
24495
16
15
2388
14239
18
950
22
7
5
1020
2337
160
6733
735
77
6454
8220
11
19
225
1
7009
1
2083
4
196
6
19
7808
15
130
38
719
1156
6733
17
5
8
2425
6292
1
8
18278
3974
1
574
430
7
20
5
2388
11678
12
426
1
106
40991
3974
18
1348
10
116
20
40992
7
0
30134
20538
1
106
22
2
15
11678
13
61
2656
7
13609
2
203
22
14
0
7517
9
83
719
157
5
8
2425
6292
8
12
6733
18
225
4
7009
1
455
17
54
6
0
130
18
1942
2
3974
902
314
3872
833
635
1
5
6832
17111
766
1
23
168
23
5
1020
2389
6
5
1998
766
1
106
78
507
491
3958
2
15
2388
14239
18
950
22
7
5
1020
2337
3316
31
30135
1
50
421
364
12
0
804
1
14
77
6454
8220
43
1894
11
6733
18
225
1
7009
1
2083
4
196
6
19
7808
2
6733
18
7808
34
3
124
37
11770
990
1
609
19
2309
4
2083
277
34
3
124
384
8220
4
19
225
34
3
124
4045
8220
1
301
3
0
587
2
2451
1120
16
160
6733
18
2309
489
384
8220
23
196
6
19
701
520
18278
3974
719
157
5
8
2425
6292
8
12
6733
18
225
4
7009
1
455
17
54
6
0
130
18
1942
1
106
22
15
587
3164
55
14
16421
633
5
783
6
5
20468
6733
12
2075
302
1
1975
8
160
10
79
9016
7
0
225
27866
1479
40993
7
2388
2
101
24496
1
4322
22888
286
497
77
4516
7
8220
40994
40995
2
8
1112
421
364
14
16421
1806
63
0
358
2
101
54
737
36
395
16
8
160
10
79
9016
7
40996
225
40997
7
2388
2
101
24496
2
8
4000
36
176
16
8
6837
6424
11
59
8
4
8
3972
66
11
30136
4393
60
33
2447
3
40998
701
2292
3
29
2038
4342
20840
59
2
8
975
30137
1
0
1564
5970
3974
1
22
7
5
565
3
30135
75
8
171
41
4319
3
7478
2
8
15
1635
61
22
14
8
221
13
194
1
194
67
3
48
276
85
110
30
40
364
7
0
546
4
3579
77
637
559
2
139
276
46
32
7392
7
0
8535
31
2395
1
41
12
560
62
2075
2
8
30137
107
41
1006
3876
3
6467
11
1183
28
507
491
3958
2
16420
3775
8
18277
14129
8
12
97
587
23
8
5
40999
9
14883
695
50
2324
0
630
6
5
304
6
53
240
301
3
0
1827
394
240
51
3693
223
20
5
30138
1
2055
3
4678
42
220
12454
4
1256
12
119
42
1174
1935
84
71
11
18277
9
1785
2966
2
8
28140
16
18278
3974
1
93
1
13
603
6
319
5
8
2425
6292
8
7
37
343
12
160
6733
1
122
9229
16
15
295
29
40
386
82
4
33
473
214
386
12
0
952
1674
163
16422
16
8750
10
31
19
243
20
0
2388
288
56
27
1133
10
7482
8869
16
16421
2033
4393
11
27
900
1133
3
27
3362
26
160
6733
900
39
358
20
5
2388
3484
12
302
26
6733
4
19
1028
4717
16421
1032
12
0
16420
1674
1991
8
18277
14129
8
26
15
130
38
719
1156
6733
1
18278
3974
1
574
430
7
20
5
2388
11678
12
426
1
106
22
26
3974
719
7482
6733
20
3484
30133
20
24494
12
302
26
15
7517
9
83
719
157
5
8
2425
6292
8
12
6733
18
225


