144
5168
2682
293
16
44533
138
1
414
405
190
291
287
16
44534
138
1
414
405
190
65
533
116
1090
23
0
2170
11
126
18
695
25507
9468
46
32
4268
69
37
1419
164
2
10031
3
7788
0
179
1875
18
1199
69
5
3667
9
1788
3335
164
29
40
289
0
165
9
515
2
15
25508
2476
46
14784
11
49
3
17135
1049
4
995
197
485
4
598
7
16718
1
1009
2
15
569
30
40
12
0
842
150
1098
1
5
70
39
0
749
1141
2780
0
695
2
23129
16
15
533
1
137
374
464
6
0
25507
9468
4041
1
173
31761
4
9370
1
46
383
37
1419
2476
10031
675
0
1831
6
0
389
9
94
569
4
46
675
5
643
533
1
2321
1224
4
1490
837
14
46
32
661
20
7502
2
25508
2476
3704
44535
10676
44536
4957
0
595
31
1009
283
1153
1
50
21
22
46
177
5
14560
533
210
99
69
0
643
2
52
22
16
8
249
25
10
389
31
0
749
1
0
569
10
41
661
3
815
45
60
188
0
270
3
226
455
1
0
643
3943
33
11
815
3
256
2
8
104
188
3
163
14
2223
13
12694
4
60
188
3
32
5
196
6
16718
4
44537
2
8
378
0
638
0
533
13
7
5
14743
349
45
0
643
30
941
2752
3
934
25
99
69
256
2
8
14144
6885
323
16718
6535
1
137
374
0
4041
1
137
7
5836
1
3618
3207
150
1570
56
0
749
1200
0
5664
12
25507
9468
39
834
82
2
7531
31762
73
32
214
12
0
416
93
15
533
10
0
2170
6
0
952
695
14
1130
28
5231
3
1570
2
57
881
0
8866
6
31761
44538
4
31529
23439
1
38
545
22662
4
4013
12
0
1238
1
4
77
0
82
61
1890
8968
1752
4
7531
31762
2
15
1009
9
428
2476
1082
0
569
1
50
1358
0
6251
2740
9
31763
16718
6535
4
44539
518
1
1082
11
72
7081
1
3193
330
23
0
44540
6500
1
0
690
10
102
3
0
44541
6
1009
7
0
632
16232
1
90
91
157
23
5
514
652
120
0
3101
353
1320
2
57
30
61
40
157
23
5
2787
4
1340
45
30
3804
40
3207
77
0
424
178
82
2
871
15779
63
1902
21120
43
941
31
1457
20
0
1329
935
45
0
678
29
40
4734
11
3911
2
15
365
1039
16
8
15
3627
164
58
1525
2234
125
6875
1457
2
8
19932
627
4
27620
58
6676
44542
748
44543
81
256
23
5
44544
3609
2
8
360
1
156
5437
58
32
11
118
1569
4756
6
0
132
4
17
499
2409
20
7502
2
4840
0
2081
6
1820
5
594
256
6
0
690
1
123
261
9096
33
1407
5497
2
8
26
6251
2740
9
31763
16718
6535
10
1082
31
25508
2476
11
72
7081
26
4460
0
2170
6
749
695
11
834
82
45
30
40
3207
150
1570
26
15
533
7
16718
1
1009
1
46
14784
11
17135
1049
4
995
26
2476
3704
4957
595
31
1009
283
1153
3
934
14560
533
99
3
142


