258
12954
11894
261
262
29226
264
61
2010
5657
267
268
269
262
29227
264
61
2010
5657
267
251
2889
129
2339
89
14
15438
123
14
7456
29228
9
5149
1757
35
2157
99
8523
133
34
24
55
227
13
1367
525
29229
11608
27
29230
6570
61
1371
61
149
174
23
1147
4382
2065
549
7535
29231
185
1078
16
1348
122
29232
4113
2801
2
1579
4631
23
24333
932
61
1561
61
1775
24
7079
14818
218
24
90
27
162
334
2326
515
149
1062
185
548
91
920
23844
61
24
7079
288
944
10490
64
358
288
174
13
24
11489
57
24
4968
5
1717
75
24
9989
674
57
14
29233
27
331
628
2422
5049
24
308
185
24
14010
515
610
1805
61
331
29230
19964
13
6570
4883
3699
27
331
628
2422
542
2737
34
846
5
58
515
628
5275
133
27
331
521
159
34
522
16534
262
12621
9
506
9
2033
29230
6570
61
324
23
320
35
506
61
99
8523
133
34
24
55
227
647
926
149
174
23
1147
4382
23
14
7456
29228
9
5149
1757
23
1561
35
2157
5886
262
579
87
324
20034
23
24
320
76
525
448
27
579
330
525
10029
23
8259
2168
525
218
4338
6819
24
14010
61
358
288
1717
89
24
90
156
5
2075
8588
76
6439
6278
484
917
185
908
57
14
1536
23
14
1317
10931
1842
27
2281
7079
4508
219
3263
5
20039
27
7535
105
4238
33
947
5
29230
4508
2043
29234
5
8491
3263
27
331
5818
24
169
257
61
707
1816
149
2522
1981
13
1067
61
331
29230
330
27
1042
571
61
6
61
359
515
4047
288
19556
1222
926
105
7623
24
947
1348
926
1805
24
1071
1185
1348
926
906
185
908
57
24
1536
27
691
8506
946
5909
34
122
947
61
5
7535
149
2075
644
13
996
5200
4040
2095
23
24333
932
61
1561
23
9865
9
1078
655
29230
4411
34
14
321
632
27
331
13561
13
704
129
37
12981
61
331
7535
330
185
525
1002
3229
58
926
149
407
27
331
628
629
144
19250
13
107
2467
82
5
12832
13
107
2931
64
692
64
628
1835
3555
331
2811
486
262
29230
61
700
61
149
10493
76
525
549
7535
29231
61
174
61
655
185
10747
23
1561
35
1078
27
777
29228
9
9608
6494
2
1579
4631
61
3223
542
21480
89
14
15438
12684
262
5710
319
2
24
5978
2057
24
7079
6819
24
15438
5
935
3477
445
156
29235
262
691
11011
218
24
90
5
2075
1805
14
6439
1804
5
130
185
908
57
14
1536
16534
262
119
7079
1010
185
237
4964
1536
23
14
1317
10931
1842
5
288
4410
13
320
2281
7079
278
1094
4634
82
13
29236
61
26129
61
575
358
278
5910
13
3994
322
64
133
342
27
29230
2325
13
29237
18
24
2956
64
926
330
183
87
373
401
1920
13
3235
185
548
27
579
663
3283
515
4047
1018
45
5928
525
13
221
14
1751
11608
806
926
99
1058
9291
9114
5
525
13513
9291
87
3769
423
9
40
1520
926
373
4227
926
16950
237
506
27
1307
1414
496
623
525
5429
24
2326
61
926
330
262
331
628
629
14
821
168
29238
23
8259
27
331
7535
331
485
87
1094
16262
24
1565
61
29239
10170
61
24
2704
29228
9
9608
3952
23
24
4744
119
1565
330
183
87
1103
13
2951
185
7201
7586
27
691
497
6494
2
24
4631
1348
122
4631
130
3973
343
13
18003
175
5
1169
17923
5
122
1804
4113
27
5953
262
119
7079
61
324
484
24
1757
61
365
4995
946
11609
58
776
219
3263
7871
9
3060
262
29230
99
769
405
57
525
9291
5
4047
1018
45
5928
525
13
221
14
1751
11608
331
3779
316
853
7079
288
144
10490
9860
596
61
331
330
1844
13984
2091
13
26129
1840
2095
27
331
628
44
850
358
288
2050
13
6849
24
15438
61
5
358
638
12230
183
185
24
29240
83
27
331
331
187
149
2267
1795
24
15463
5
358
288
10490
5
183
149
9
183
149
7459
61
331
2276
1844
61
29241
29242
61
750
29243
27
331
143
358
1805
24
1071
5
935
358
2182
10490
5
183
149
2209
27
15980
149
3108
13
444
13
542
5
6088
44
1018
1407
27
331
869
23
24
257
61
7535
105
319
13
1002
13
4081
57
525
3310
104
525
10747
185
24
20246
22391
61
4084
262
331
11950
7314
3555
3555
2847
2351
29244
729
109
3555
331
579
147
359
515
358
288
2050
29245
61
4084
262
331
29246
133
27
331
779
262
29230
37
571
6
330
4047
638
45
639
1222
24
2889
4508
525
562
9
3060
947
64
926
1805
24
1071
1185
1348
926
5
7535
906
185
908
57
14
1536
23
14
10931
1842
246
29230
6570
5
525
512
549
7535
29231
4508
562
9
3060
947
23
24
25539
29232
1757
23
1561
185
1078
16
35
506
246
1936
175
17923
61
122
29232
4113
445
1579
4631
5
358
288
1391
1048
218
24
90
5
89
24
83
57
14
15438
246
2281
7079
61
2
26129
61
4508
219
3263
5
4995
4002
246
29230
99
769
405
57
525
9291
5
87
45
1622
13
221
14
1751
11608
9
40
926
1520
926
87
373
753
13
3753
237
506


