8078
262
16302
57
24
1779
6962
23
3440
99
799
104
14
227
1348
24
636
57
16971
87
5562
13
204
1817
76
24
562
43665
57
11638
4809
28703
23
3440
369
24
2190
23
1193
4396
5828
5864
61
14
2401
99
3283
27
2015
791
5197
19099
14715
1155
64
27531
61
19863
5
43666
369
94
372
575
19024
87
1533
11527
64
14
5821
57
3940
23132
61
1489
13
24
15783
34
42105
1570
9
4046
5
23028
27
251
2488
57
43667
308
23
3440
278
2950
24
4809
6962
636
1221
1411
9275
5
9192
1221
5
369
4039
13
14
15390
7546
57
1389
43668
27
119
3052
43669
4285
61
502
825
15495
3846
902
34
14
226
2528
61
1520
14
1646
1687
2797
4809
43670
516
107
1389
43671
14
632
27
119
43672
663
330
1671
515
3046
3132
23
3440
237
506
825
1687
43673
107
3190
484
358
718
3820
14
1779
6962
27
305
1501
61
14
111
718
56
3091
54
4809
6962
2
24
636
57
2744
5
14
893
718
56
13
3820
525
6962
2
24
636
57
9275
5
363
454
27
2281
4809
6962
1412
369
361
2384
27
258
9832
61
183
825
107
2744
34
2282
64
758
64
43
61
5
825
935
151
185
5721
34
542
365
13
12164
23
17004
61
12420
91
1932
5
825
151
185
2050
47
27
40035
43674
61
14
3608
57
24
43672
61
7530
133
515
3096
3046
3132
237
506
825
663
761
13
3320
122
10172
5888
502
1506
122
19068
825
35
34
306
1114
494
27
251
3059
730
3132
237
506
99
14
32
23
15785
3317
57
2797
13
1469
61
655
14
3059
627
99
144
101
14
32
23
166
3317
61
1489
13
24
3789
34
5836
5
5837
27
816
24
4809
6962
636
149
45
2384
61
183
516
4568
24
5483
57
14
37927
16210
4809
6962
1156
23
502
308
4644
104
2744
40
7639
34
1793
1533
4757
27
5756
61
24
43672
912
1319
61
784
1671
61
1577
104
24
1687
3028
43675
9
515
87
24
5752
57
122
230
6660
515
87
1687
43676
91
122
4809
6962
27
162
3440
61
183
87
1500
503
43677
1299
1300
34
334
3940
34961
61
4982
76
334
3940
1853
24
43672
912
6727
2846
57
43678
1299
1300
27
119
43672
37
1319
1577
104
24
331
3028
5830
331
9
24
5752
57
334
34961
37
230
6660
6807
91
122
4809
6962
27549
262
119
3052
43669
4285
61
502
825
15495
3846
902
34
14
226
2528
61
1520
14
1646
331
2797
4809
6962
331
516
107
1389
43671
14
632
61
837
1389
3190
4539
57
24
6646
15390
10786
2078
187
87
420
5138
23
622
2846
1284
183
87
23
237
1566
27
1312
5127
61
183
87
3845
1299
1300
23
6258
61
43679
1299
1300
23
3424
61
43680
1299
1300
23
1258
5
64
175
64
43681
1299
1300
23
12514
27
162
24
43682
7744
24
3865
87
43683
1299
1300
61
23
19863
43684
1299
1300
5
23
27531
43678
1299
1300
9
704
5138
1284
23
24
1428
27
808
43674
11258
54
9976
449
24
712
5860
635
308
64
43685
1399
102
185
308
13
1813
34
2786
61
1537
1284
2427
185
24
4809
13
4289
122
19068
27
396
330
262
1687
628
1835
821
5794
515
610
369
3031
1795
14
1533
5861
9
1893
1156
40
23
3096
2846
3458
635
308
278
100
16964
27
1687
691
369
922
24
5774
4939
818
358
369
45
28161
69
89
14
6962
71
27
1687
408
840
24
5864
825
9956
185
5
935
3096
57
542
825
8550
444
89
14
1086
5
818
185
5
818
11182
27
43686
262
1704
12494
61
24
5837
5856
61
702
61
3957
24
3787
13
24
28703
1156
61
586
262
331
408
369
1071
14
1428
6962
1156
515
87
1533
13186
34
24
712
331
1687
842
358
825
278
8896
494
57
5861
818
6120
646
87
663
14
402
9
4522
1426
57
24
6646
11459
502
23
405
2846
99
100
3924
1404
61
3458
34
24
635
43687
12439
32
5720
308
23
3440
1411
24
636
57
2584
5
507
369
370
16964
61
1489
13
2805
6918
2
24
2918
34
3052
5848
27
6580
308
1519
2010
5
18
369
370
361
4494
47
13
14
6962
7565
91
122
225
1222
358
10903
1533
1284
1389
43688
27
842
358
1393
61
3885
61
278
14
1086
23
3023
13
18352
27
2520
24
9023
43672
5859
43689
61
1751
1915
1061
516
5928
14
835
5547
23
122
3028
5803
61
25103
14
5861
1191
57
533
1299
1300
57
122
6919
27
24128
34956
369
7348
13
5498
14
43690
1299
1300
3028
5830
61
76
2330
34956
104
43691
1299
1300
5
175
34956
104
43692
1299
1300
61
749
24
1428
822
3867
13
24
43672
3940
27
38896
16485
61
5781
6209
57
24
3052
43693
4285
61
11672
24
63
5860
902
912
16326
3296
185
1155
14
43694
6962
7546
27
119
43672
132
104
24
712
5860
635
308
1913
24
5774
4939
902
61
1950
1131
5
8461
24
1150
57
6962
515
358
718
5928
13
1522
27
579
330
262
1687
440
308
369
5860
14
8651
3398
76
5721
3862
57
2797
61
13132
28703
5
15883
13
412
358
2296
1155
64
257
4014
5846
61
5538
4014
5
432
412
27
1687
119
1428
5864
718
373
3234
13
748
704
508
308
9550
17464
3079
23
19068
1155
64
14
2797
1779
6962
61
16714
4014
5
334
1029
13
43695
5
3870
42103
1704
12494
61
24
5837
5856
61
330
262
1687
408
369
1071
14
1428
6962
1156
515
87
1533
13186
34
24
712
27
1687
397
24
43672
25588
61
91
8932
24
1779
6962
5
6919
2
3930
28703
308
3096
308
23
3440
718
5928
334
20618
19068
43696
246
43669
23
24
1428
369
4039
13
14
15390
57
1389
43668
1299
9
632
246
11884
1520
515
87
837
1389
3190
546
496
87
14
331
2797
1779
6962
331
246
17391
1155
64
27531
61
19863
5
43666
5605
1533
11527
10028
246
43697
6807
91
1428
6962
87
43677
1504
61
4982
13
43683
1504
23
43666


