7376
1700
76
760
32
3108
0
538
17
1633
14
84
74
252
88
2
781
6
10630
17355
694
22
446
44
382
1209
1042
0
1793
18
87
5826
3
1146
994
9
624
1246
12
270
1777
1
39
5340
5577
12
0
4186
4083
6789
4
7
30873
283
14
163
0
195
13
23
1161
9
62
2505
5816
9
85
5
996
2
590
54
551
1
0
6667
30874
0
195
3
1014
5
35
7539
30875
28061
140
8237
1
371
25
67
1591
85
125
1700
3
5757
2
297
94
11
167
828
0
53
538
51
6688
16
7376
18
15637
1209
1042
5
3527
2354
0
172
18
87
17356
195
3
1221
12
270
1777
42689
1106
16
139
13
110
5
17356
195
2417
98
14
1042
18
12692
13
867
3
17887
0
1777
8
57
1512
42690
20
67
473
114
25
18
91
1161
1
8
7376
15637
3909
2315
18503
78
0
12317
2
7578
9
624
937
1128
926
109
10306
9
1573
3
2726
5
195
9
7
48
276
5
11468
12692
9
17
305
62
100
6175
28
5
996
4841
2
24967
5056
6069
12
0
2352
4
7
0
21163
30876
4975
1
16579
4
108
1633
1
2320
5
7539
30875
2886
140
0
8237
14
0
195
123
20971
2
657
125
19953
0
10150
195
5173
103
97
4841
20
0
376
6
0
5569
4
3564
11
5
2807
1167
12
97
220
1
68
18503
22
41
86
1798
2
7376
18
5395
3962
64
75
7
0
1146
1246
20
80
278
2
65
2130
1
38
13
5066
3551
1
2367
374
0
2902
120
5
612
1146
1221
4
738
103
3
0
1445
14
100
844
43
735
930
1277
1
1042
18
1246
29
698
63
9422
724
53
18504
341
2288
51
7
994
9
624
5575
238
447
13
374
0
2902
1
119
0
108
447
7852
5
1140
1555
14
332
0
195
18
1502
2210
4
4984
30877
12
18505
15017
4
1902
2676
2
281
92
18
5
5416
1
0
996
700
73
12922
0
6447
10306
17
5
7724
12
0
8606
62
5
619
12
0
8524
2902
2
674
535
1
7376
10942
2325
24968
175
0
195
11
5
9048
7
4
140
0
349
18
2154
1496
403
2
89
4186
4083
9817
1
113
42691
16094
8510
154
0
42692
4
1825
30028
8696
11
0
1120
6
30878
9
6549
2556
1
10
2505
237
7810
3
1146
0
195
18
1248
3447
2
5538
389
16
1257
11629
0
195
3
1221
7
11
5
2319
6061
3
1616
20
5
1221
9
29722
8
135
352
1093
3
1605
15018
624
1
8
68
18503
22
2
8
249
66
352
12
0
6789
4
92
18
5
676
1393
17
5
105
12058
7365
223
12
0
243
1
0
195
118
2417
5
920
2
8
788
416
1
1042
18
3660
3
5826
105
1146
1633
2
68
18503
22
0
1246
46
1352
925
7899
4
37
29067
7518
3
3932
42
2981
23
1633
6
0
594
2
2143
44
352
1309
11
0
842
9
385
68
18503
30879
76
226
7
105
3
178
82
9
0
7899
46
32
1264
2
26
15637
1727
1042
87
5826
3
1146
994
9
624
12692
12
270
1777
26
11724
76
32
1309
11
842
7
23
305
23
463
9
483
82


