258
7714
19330
261
262
19331
264
61
4504
1072
558
268
269
262
19332
264
61
16
3094
558
19333
61
628
1835
6602
13
377
61
99
53
183
13
24
233
27
4816
190
3133
495
61
1605
19334
132
14
19335
1774
185
525
19336
19337
27
19338
5884
9
91
516
278
389
24
853
19339
19340
19005
525
19341
398
23
24
3700
1714
4046
23
1611
2079
1221
19342
27
162
515
2404
1779
61
926
149
604
2050
13
221
183
13
24
3700
19343
2222
23
1793
12374
1221
2414
912
1977
19344
10086
185
24
10336
27
579
37
2084
262
119
331
4355
19345
331
1605
19334
61
502
4273
19346
763
23
24
19342
9511
16882
23
941
13
4458
24
2768
19347
3477
398
23
24
19344
10110
19348
646
262
119
1605
19334
37
1727
7472
13
24
5984
64
926
15338
9608
2472
13
4458
24
1741
19349
842
8815
13
24
5548
57
463
464
19350
61
926
87
19351
156
27
6170
373
61
926
99
53
183
13
941
34
24
55
227
23
525
13920
12490
27
5898
61
13
19352
57
3310
2
525
4249
6142
5
1727
61
926
650
19353
101
5753
2306
5
185
139
405
57
24
4368
912
594
186
10305
27
143
61
799
2414
61
926
825
107
398
57
24
19354
19342
6269
3632
2863
57
513
1778
24
1044
23
515
2865
17677
57
2768
15852
27
1447
87
14
1189
19355
1071
185
24
1711
57
24
10336
575
237
19356
57
19357
99
2859
7520
2
704
18
24
1146
27
1427
57
326
941
912
19358
278
100
1802
89
10354
16813
34
24
14578
15852
27
5898
61
1339
24
10063
19359
57
19360
19361
61
628
1142
14
17677
57
2865
13301
10449
47
61
349
1793
19342
4355
19362
27
1486
369
23
3563
4382
40
628
373
1850
3096
3089
23
19363
19364
61
16626
18
122
1887
144
13
221
4149
515
455
1652
286
19365
122
3700
987
647
17932
27
860
2079
262
119
1605
19334
4063
525
880
101
5753
2306
34
24
55
227
23
525
13920
12490
19366
262
19367
23
1411
14
1741
8729
8603
5
24
864
11626
6189
19368
19369
24
1605
19334
5923
525
8999
47
24
10336
999
57
1508
13301
61
19370
61
53
316
2535
1553
13
24
19371
57
19342
61
749
33
14
19372
57
1611
8169
185
24
55
1876
5
864
8169
185
24
169
27
1042
10110
1727
825
2581
804
19373
61
12194
61
129
149
14
2514
19374
104
24
1044
912
19375
23
7843
27
1687
187
912
704
2050
13
107
3371
27
951
32
1308
237
1150
57
1017
6527
215
330
1671
61
687
4087
24
19375
19376
215
149
1938
34
54
19377
333
13
24
3222
27
2226
2356
61
1605
19334
149
24
2107
7210
13
237
7168
1696
23
1202
3527
19378
27
1042
3034
5
6142
61
870
4560
11161
19379
61
149
104
19035
13
222
133
515
54
4631
516
604
278
2168
13
941
105
463
464
19350
45
944
57
525
19380
35
751
5
1718
23
122
14716
27
1687
628
1028
13
4457
705
32
57
19381
215
330
27
19269
206
262
119
1605
19334
19382
1817
687
27
579
149
11847
19383
91
19384
11161
19385
8815
13
24
5548
57
463
464
19350
19386
57
513
262
119
7754
896
15852
105
604
9913
822
2217
24
1787
5945
1145
19387
1348
926
149
7778
13
19342
23
1072
17932
119
7754
896
1605
19334
105
604
9913
822
2217
24
1787
5945
1145
19387
1348
926
149
7778
13
19342
23
1072
17932
27
1042
3034
61
11365
6144
61
19388
13
3424
76
54
2921
9
2033
688
61
2454
61
129
87
391
13
278
100
24
7649
19389
23
24
2508
9511
27
1031
32
1478
4631
87
391
13
278
17638
5435
43
2
24
18437
5
11250
542
5400
13
735
19390
27
13336
11365
3100
2454
1541
2325
822
449
122
824
5653
5
365
43
278
647
689
868
27
842
61
1671
61
2454
912
18283
61
6607
6144
61
9275
61
149
185
4767
34
24
11582
19391
13
941
27
2186
638
183
1020
13
850
1605
19334
9402
13
1550
525
513
23
918
57
24
1044
778
1687
187
4186
14
756
13
24
19392
215
330
27
16651
2414
1680
61
215
1492
1013
107
24
503
32
27
19393
262
119
1605
19334
87
391
13
278
17638
5435
43
2
24
18437
5
11250
542
5400
13
735
19390
27
246
19394
156
8815
13
24
5548
57
463
464
19350


