8
308
516
74
32
3756
1533
5004
56
66
84
74
109
0
1533
8
16
11134
116
0
685
478
15
251
6
0
264
47
1192
3313
841
30
22
223
33
5066
456
3
12143
15137
114
44
33
6049
17
0
345
6
42
7879
284
2
4250
11134
1
0
782
1074
6
18806
1
22
100
537
10903
3313
12
2329
6
4094
133
4
158
1292
25
3
3313
39
1283
2
527
2747
4472
55
67
85
5
1636
6
15565
7
246
4
970
2
271
11134
47
685
1405
0
595
421
48
215
41
3
13517
64
807
38
1301
3
10739
15565
133
23
196
6
5
1387
4376
133
11
223
38
22
44
107
41
188
995
2
21297
15067
1
0
3909
6
3460
25204
1
22
14
892
92
10
5
5134
3580
6
10498
3772
1
25
58
32
127
0
270
1062
3
154
0
807
3
644
2
15
32068
1421
265
1
0
1495
2451
1153
1
73
170
1872
88
103
2
1430
1027
2224
5207
180
11
35
6031
45255
28
68
15067
1
119
681
47
4815
3037
1495
1
5928
25706
1
22
16
35
17283
12
2329
6
4094
3695
13
5
2789
830
1
4
0
537
13
5279
536
12
11453
360
1
271
11134
47
685
29
941
0
1332
6
458
48
228
13
0
276
133
4
458
753
3313
9392
33
7927
1444
55
199
25707
1
50
33
273
3
32
2497
1379
543
125
3280
3629
2
7719
12
0
587
32069
1
271
11134
22
14
112
807
2488
14
159
162
17
5
2635
46
1038
0
1601
433
6
0
145
9
3
9
32
1
123
3313
13
647
0
537
2
35
65
1195
7830
3
37
3313
12
2329
6
1283
58
32
1949
0
537
100
67
4
100
499
85
5
1195
38
14343
37
3313
12
2329
6
345
45256
36
22
2
1430
1027
2224
5207
30
2779
6031
23697
12
0
1092
6
458
62
41
807
76
32
5686
11
18151
37
3313
12
0
2536
6
4094
35
657
25
13
1470
14
0
345
6
0
22796
13
41
5
620
640
11
3313
1
3708
13
1283
1
62
32070
1
62
91
608
82
83
2
8
15922
13
91
6548
1
62
2079
1
62
79
1299
92
47
100
152
66
73
934
5
284
69
0
172
558
602
44
33
80
1425
459
5
1195
206
354
5
211
30
649
0
620
2329
6
45257
96
921
16
35
15
211
1727
27
1425
1
0
1195
7138
12
0
2329
23
207
55
7
0
537
558
92
13
100
620
9671
3
4060
5
211
37
3313
112
36
30
5
345
14287
1
2246
14
0
620
2329
33
170
649
2
17283
30
40
620
150
0
6151
17283
2380
207
55
0
2329
12
50
5
211
47
2635
206
32
13366
2
15
1185
11298
131
37
3313
73
32
2546
112
64
807
2488
35
0
45258
6
0
2635
58
6422
759
3
0
142
6
0
1326
211
1
62
6
709
3
0
1702
62
1601
433
6
0
1326
211
62
156
4439
126
6
27
117
1
2418
85
112
0
2635
43
45259
2
65
557
11298
1
1075
730
3
4250
11134
47
2982
131
35
1063
206
32
204
6
0
1326
211
47
3482
62
14271
32071
32072
2
101
108
1271
1
112
807
2488
906
7
5
117
113
995
33
7848
58
2914
0
211
47
1601
433
1
44
206
7918
5
14137
2
35
15
537
13
8681
12
0
978
6
4094
3695
1
79
23
25
13
8681
12
32073
271
11134
366
217
38
188
3
429
3313
12
2329
6
345
43
32018
0
3756
9
1533
2192
23
194
23
1064
9
3313
5258
38
32074
12458
2
35
104
1346
337
223
47
4417
3
2488
1
62
60
45260
36
22
2
35
308
516
141
32
3756
9
1533
5004
56
66
84
141
109
0
1533
1
114
14
47
41
3756
9
1533
20
18081
96
2164
458
25
13
122
14
5
211
1326
17
5
290
171
32
116
3
29
0
442
112
35
27
117
46
45261
27
4
36
1994
1208
27
102
1
27
315
1743
36
2526
1
4
27
4439
30648
2
1475
3313
10
116
620
7
6151
1
0
5243
1879
6
25707
29
40
1091
55
12
0
2536
14
64
807
2990
92
13
759
6
709
3
0
1601
433
6
0
1326
211
62
27
117
2
5523
4301
15565
7
246
4
970
33
98
1091
55
277
70
1
4
3313
3899
67
85
54
7
178
6
80
15137
2
871
16619
25707
33
2546
31
18806
133
10494
0
257
25326
21567
1395
133
277
70
7
97
12458
1
50
61
987
1741
4
9528
3
1326
223
2
15
841
489
67
85
72
18681
7
3313
2727
81
70
1
194
6
25
682
31
0
6201
162
0
798
2
6709
9
3313
5334
2404
17
5496
3
0
961
14
345
9
3695
15565
33
41
118
5066
5497
45
171
158
32
4009
2
25139
16
0
776
685
33
662
3
15824
989
6171
28
234
243
6
0
1776
12
3313
1306
45262
1
6
45263
1
22
0
6151
17283
2380
171
32
0
2239
6
37
3378
3029
31
0
7605
4
781
6
1430
2
35
15
1601
433
11298
3508
3
3313
12
45264
21
176
2
35
3778
30
0
781
6
1430
41
21568
55
0
32075
9
45265
6
223
162
0
3313
45266
52
562
3313
7
299
23
5
35
18316
28064
1
1514
16
35
1978
1162
76
4094
9
3695
3313
133
45267
7879
995
1107
114
44
33
1052
133
32
2846
3449
720
7
3313
12458
357
0
45268
45269
11134
13
5
179
1518
4688
38
30
383
37
11398
1077
6
0
3313
1321
2
101
5
2318
831
18806
1
36
30
1687
4471
0
3449
9
477
16681
14
3313
13
5
81
2565
11
2468
223
38
938
3
2648
2568
112
44
165
515
17
42
15137
2
2242
1
3877
161
271
11134
1
3281
1
30
3664
13805
0
1106
6
3313
23
216
745
6
16758
2
96
4957
546
14
272
6
80
15137
543
995
182
542
267
7
3313
23
35
5
1503
45270
2
65
433
4762
11
45271
4
5046
1
36
492
37
3313
11507
7
0
13608
2
96
10
18806
479
7
2649
56
36
2658
14
35
25
206
32
71
3
1190
14
1
11
223
1
3313
13
37
5202
4585
6
117
1329
4
2005
25
23
45272
96
30
389
18806
150
1838
4
8937
72
11239
2
101
746
1
23
681
47
35
2791
2635
45273
3
1789
15137
17
67
16758
4
345
1864
2837
1
36
408
37
1048
7
3313
23
0
3039
243
2
96
22
16
35
139
817
67
247
223
183
129
3
124
0
462
44
252
4
112
44
29
108
678
11
42
2791
82
5135
28
18327
1
44
809
67
344
3
143
14
24900
96
13
669
3
2464
11134
1
4994
1
17
1743
36
30
37
4289
9
83
198
2
15
179
693
4059
4
2654
6
0
8758
18807
2695
13
32076
1953
6
28933
20
1543
422
4
5
973
1313
374
0
32069
587
12
50
19
227
2833
3313
12
2329
6
345
2
26
4250
11134
116
0
685
7
37
1954
478
26
7833
161
36
30
13805
0
961
6
3313
23
16758
26
1553
1043
3305
4094
9
428
15565
76
32
620


