13672
16
31834
138
1
275
600
526
13841
31
792
6
7890
1
0
2049
6
105
1865
2873
2153
12
42
152
102
28
164
408
42
1334
2823
3
936
397
2
19149
26744
1
835
1
4
3087
9
4462
13906
26745
4
15292
13907
33
521
3
29
40
303
420
7
0
25679
6
5
195
39
54
6
88
959
3
448
106
4
51228
16
8
104
382
40
6426
2
8
1768
25065
303
88
120
0
391
448
1
25
13
521
1
7133
606
1244
58
325
88
2
101
725
1
362
273
0
448
10
5
10303
4
0
2753
10
41
941
11
216
452
269
1
301
3
487
607
2
297
94
11
167
34231
9
34232
34233
1
376
122
1
4
34234
16958
1
376
6135
122
1
2049
6
64
6
0
105
1865
3103
38
43
4665
4
285
7
0
6742
336
2444
14233
120
0
2146
2308
6
42
2443
51229
4
4151
26745
5837
120
0
2308
6
42
198
1
13906
1
5
3087
9
83
17
6358
1865
9
513
17865
1865
751
564
5208
3117
1
439
122
4
19
227
7457
1
200
122
1
3239
564
34235
34236
1
439
93
1
4
519
24164
24165
1
376
122
1
2047
0
2146
2308
21895
574
55
7
794
7
51230
1
5
403
316
724
11875
6
8455
8910
2
13906
18
244
34049
2658
16
8
221
30
74
40
5
163
6
13830
109
48
7
1498
11
82
2
8
24745
12
34237
4
4567
7
1211
4
599
1865
7490
1
0
1334
43
3
32
2823
3
936
386
7
0
1647
1865
704
6
34238
2
15
825
43
477
23
25
10
364
2244
43
350
69
458
0
2873
43
2153
39
54
6
0
1049
180
0
106
2
21895
16
1769
4
280
6
19149
16958
1
15292
13907
1
4
13906
26745
1
105
1865
2873
38
43
4665
77
64
347
320
1
5509
77
16958
18
5341
7459
3172
16
2073
6782
14233
19150
4
13907
1
234
598
1
4
26744
1
835
51231
16
1865
519
24164
24165
1
122
1
51232
0
9872
2873
120
42
2146
2308
12
426
22825
16
25026
6
792
6
7890
22144
7
34238
11
426
18
2308
3437
16
34231
9
34232
34233
1
376
122
1
4
34234
16958
1
376
6135
122
1
2049
6
64
6
0
105
3103
1
5837
120
0
2308
5006
6
15292
13907
1
598
1
938
208
3
42
198
18
265
120
19
2308
1481
20
19
5212
1
0
51233
2073
3373
339
0
336
2444
403
6
51234
20768
2674
825
43
477
7
0
33343
6
0
105
2873
9
19149
16958
1
835
1
15292
13907
1
598
1
4
13906
19150
1
5
3087
9
83
17
6358
1865
9
513
17865
9
515
6
5
2146
2308
2
3626
33
0
296
4
757
6
15292
13907
20
0
2308
451
7
19
5212
34239
34240
26746
13
0
87
5470
11386
150
0
1334
43
115
2
318
2308
175
242
209
2132
16
65
676
873
6
514
13
214
262
37
1498
34241
7
51235
1
2808
4759
7
0
390
269
6
48
415
2
51236
6057
16
1865
1760
53
137
51
29
150
432
5
245
6
6318
1440
3
0
5850
304
6243
7
0
336
2444
150
0
1049
8
1603
4970
564
34235
34236
1209
5
565
48
415
17254
3
325
217
374
0
4626
2
8
104
177
6243
1497
11
0
11336
4
5145
2
104
46
722
3
6050
0
15661
6
0
3103
4
46
41
936
268
60
3618
136
844
12
88
1
8
21
22
2
68
26746
1
38
10
285
7
0
390
269
6
48
415
119
106
1091
55
5
2980
1
13
0
87
11386
6
0
1735
8585
197
10558
4
6318
2
6515
161
21
34
2256
5
11798
20
1865
1760
90
21
10
303
2
65
765
479
4209
22
1367
1519
2125
3811
357
4759
3213
39
67
85
316
6396
43
1582
69
1498
150
632
302
28
0
5470
6009
2
6842
16
15
1334
6
13906
19150
1
5
3087
9
83
17
6358
1865
9
513
17865
1
4
64
1865
2873
29
40
115
64
347
39
42
3764
1873
983
16
13906
19150
4
15292
13907
1
53
93
51
1
234
808
598
1
4
19149
16958
1
835
1
53
122
51
2575
120
5
632
9
166
15877
919
339
5
2073
3373
13339
16
10558
14233
4
914
9994
7
51237
2761
7
8455
8910
1780
39
397
18
2593
14
0
1334
6
0
105
740
1865
2873
43
115
15
3594
6
0
105
1049
8
1334
667
3
37
13073
6
5673
357
1498
9
41
568
7
8455
8910
1
113
6
670
5074
6
2931
2873
7458
9994
4
4359
0
1865
2220
101
37
1012
51238
8
6097
18
51239
1
8
1498
17510
792
6
1721
357
0
336
2444
7
818
6
0
6782
1
1619
3816
7
0
14142
329
4
432
125
2226
6243
34242
1391
0
6009
2
1498
3534
49
97
6057
12
6318
1440
3
6243
262
0
3594
6
0
2873
8
1334
81
166
2
15
51240
3764
119
51241
5
6485
320
4475
54
6
0
264
47
1192
388
51242
2
836
0
14559
325
339
0
403
6
14142
1181
1569
3
1048
1498
18
9558
127
0
5470
7800
304
1
50
30
97
785
1955
7
0
4759
6789
6243
479
18064
4072
51243
763
127
17843
1
324
14
112
3117
8
3512
5
868
12
4759
1
0
6879
6
4965
46
661
3
59
2
8
5170
269
6
0
2873
8
1334
91
115
1
0
1865
2530
207
103
5
676
2506
7
0
102
6
54
6
0
3847
34243
4072
9
22171
2
2307
4072
9
22171
18
2188
12532
0
1038
3
0
690
1461
16959
4072
9
22171
4
19
1011
9
1400
34244
34245
1032
3
29
698
740
1
17
1498
1262
44
33
12
0
389
2
101
0
390
269
6
48
415
1
1498
18
2530
10204
5
670
1149
7
0
179
18
102
53
137
51
1298
3960
1038
6705
16
1865
1760
938
339
0
329
113
0
105
1865
2873
8
1334
43
115
397
2
15
2920
1370
13
79
363
0
1381
6
51244
1
5
333
724
1171
6
0
336
2444
403
6
14142
836
14
0
1049
8
1334
29
40
115
1
1498
30
1930
3
8
143
6243
503
8
11
42
1603
2
1865
1760
53
137
51
29
150
432
5
245
6
6318
1440
3
0
5850
304
7
0
336
2444
1336
12
749
2618
441
18
1287
1238
48
415
1
4329
19513
1
1498
47
4407
3
250
1520
1
22
16
35
590
0
81
542
230
60
29
40
7580
14
261
1049
43
945
1161
4
2685
4
25
30
312
0
264
504
3
325
55
14
44
43
6426
4
2153
2
35
104
29
34
6396
1582
20
282
86
24
58
141
29
22
25
13
18085
2
139
13
5
6243
684
4
25
10
21374
31
6243
2
6243
992
11
0
466
6
3489
4363
4
98
25
47
617
48
2
1498
47
394
30
116
0
595
3
1231
97
1390
1
8
21
176
2
35
6243
30
41
204
2267
11
97
1794
2
89
44
33
4819
12
0
1777
1
18311
25
4
1441
11
67
4
67
11336
558
51245
33
1359
63
5
2630
2747
2
57
13
100
410
3
1761
62
2898
5351
1
8
68
19513
219
12
3
132
2
35
24
659
662
0
250
1520
46
337
282
7
1259
3272
2
135
33
500
25
792
6
724
184
1
60
33
500
25
12
136
51246
1
8
21
176
2
1498
30
443
100
557
985
12
97
8473
3811
1
45
7
612
347
30
1687
312
1291
2127
4
2015
4545
1061
7
705
1150
2
18470
16
15
1865
4970
2132
34
909
34244
34245
53
122
51
4
34243
4072
9
22171
53
93
51
23
0
3194
18
12159
7
37
2593
116
81
470
2
135
33
170
719
12
0
389
15504
16
12093
6
16959
4072
22172
9
5
6243
848
909
31
1498
23
54
6
0
64
2847
3847
7
0
2873
8
466
9
12532
19
260
7
14142
39
25
10
5774
49
31
1865
2530
48
415
30533
16
65
3441
17475
0
260
6
16959
4072
22172
9
5
848
6
0
5850
304
6243
1
38
13
54
6
64
266
1969
6
1003
0
1049
2
15
1865
663
794
2416
22172
18
690
48
415
12093
16
1769
464
5509
363
0
260
6
16959
4072
22172
39
25
10
6265
2416
31
37
2506
10204
31
0
1865
2530
7
0
390
269
6
48
415
9740
16
1865
1760
4348
373
3
0
329
113
0
1334
6
0
105
1865
2873
43
115
221
29
40
100
3378
607
6
8303
2
3117
1
38
421
397
477
6243
1497
11
0
111
3428
4296
28
4759
1
33925
19
606
8754
3
2428
3034
127
0
5850
304
1
50
30
4616
729
3708
1243
1498
18
1448
63
0
4426
2
15
1113
3650
1182
42
632
9
166
1932
340
317
156
368
3328
4
951
3
51247
192
12
426
1
5
394
949
22
2
8
3117
18
2659
127
4759
4
127
6243
84
41
25121
282
1
8
0
2192
18
4759
9
428
1077
1
19151
51248
1
10
5512
23
324
31
97
2898
9
51249
1402
652
2
6318
12532
0
117
102
6
54
6
0
2791
1049
8
932
25065
39
1865
1721
207
103
37
2506
12
0
235
898
6
0
690
7
14142
48
415
4918
742
16
2311
3382
4
5
1730
6
6318
12532
0
5774
9
49
260
6
16959
4072
34246
9
54
6
64
6318
1459
31
1498
23
3847
7
0
1003
6
105
1865
2873
16175
16
6318
5509
363
0
2416
260
6
16959
4072
34246
262
37
2506
10204
31
1865
2530
7
0
390
269
6
48
415
26
6243
848
34239
34240
26746
1
316
1
285
120
106
2980
7
14142
26
1498
61
4472
55
663
4296
7
4759
1
2093
51250
69
0
663
26
1752
794
327
0
4296
43
7
1295
3
6396
1582
28
0
329
26
1865
3802
30
4044
3
10645
6243
11
466
6
105
2873
26
3117
18
1350
3309
1869
14
6243
46
8
661
6879
6
4965
8
26
10708
6
13906
19150
4
15292
13907
1
234
598
1
4
19149
26744
1
835
1
43
115
7
1368
373
3
336
2444
704
113
44
2575


