8464
16
3507
866
239
28
6568
8127
39
1289
28
5
1786
4
4181
15134
7
50
0
642
10
91
5655
65
244
30
40
1025
6
1003
19
64
9
70
9
83
263
39
36
10
12606
3
193
1289
6568
50
10
91
5655
7
27
1786
4
4181
15134
2
3507
866
10
93
3
3901
182
0
1830
6
0
2340
3939
418
269
39
37
1072
2209
22
36
592
8
44904
8
4
10
1840
77
1
5
186
306
2
10549
1933
3
0
117
102
7
4608
1
3375
1
45
480
3439
3
11217
27
1
3507
10
4555
420
7
286
79
1314
379
192
2
8470
192
738
3507
34
6437
6
146
1443
679
7
27
883
9
17
105
6
27
25605
3931
6437
6
2709
2
31899
10
61
115
12
37
7906
2839
8701
2
65
1540
10
78
129
3507
18
296
4850
866
1
2934
1
4
2338
916
1
966
1
43
234
642
16735
4
0
6568
34
40
5009
3
916
2
89
36
34
40
1637
25
7
27
263
18
15134
4
15135
14447
4221
17
5
1106
3
1406
25
12
3
2485
27
642
5367
2
1461
296
33
98
1418
1034
39
866
10
115
578
31
5
1540
6
5358
20
3521
904
372
9
17
916
248
369
490
5358
4
5
557
766
6
284
4001
2
657
3507
10
7
286
0
295
469
3
1202
49
0
1819
31
4138
0
15134
4
15135
14447
4221
1
0
186
10
78
2
916
482
64
1656
1515
3
866
4463
3
0
284
18
1289
4037
9
54
2191
8
80
0
10203
4221
55
99
182
1264
551
8
2
1094
22
8
84
74
3111
10203
55
4170
25
8
2
2266
866
18
3619
10
3830
1
37
421
644
1
50
10
2079
1
10
1151
31
4176
2224
31900
475
2
52
78
3521
904
372
16
8
3507
239
114
36
10
3254
3
0
679
23
5
768
6
0
44905
4
7227
6
27
296
2
8
1461
5229
154
679
274
132
3884
2340
4
3500
2709
2
15
6568
10
7
5
284
18
1289
4037
9
5
1786
4
4181
1289
4037
2
15
4542
18
296
2338
916
53
93
51
4
4850
866
53
122
51
719
692
36
10
7650
4
469
3
1202
49
0
725
36
34
15507
6568
90
106
3414
42
102
1
0
186
306
24428
16
15
642
9
9435
295
887
2340
3939
6568
7
0
8978
4
4181
15134
1
137
101
0
389
9
49
3
0
1819
1
5
2512
22
21
34
473
306
3933
197
0
2039
4
3507
1
137
1
58
5406
11
5
128
189
71
340
91
1327
3
8
2338
916
23
5
3783
2130
6
2340
10
5009
6568
23
196
6
5
642
520
1238
2
8
527
5038
10
11
64
44906
4221
12
5
446
4
506
4
105
12
5
437
2
8
15
24541
6
359
10
5
426
1
1951
44907
2750
66
92
11289
41
3
29
40
31901
44908
6
6568
7
0
260
62
711
109
25
2
8
8
2338
916
18
2714
11289
3
29
40
838
2
89
60
29
530
14
969
6
317
25
888
10
1637
25
4
1406
25
3
108
642
875
4
319
0
279
36
116
3
1160
2340
4
2709
11
888
4
4850
866
2
8
104
161
44
738
1046
11445
11
0
433
6
0
284
2
8
10969
547
3
0
5309
7227
6
18572
199
5
642
7
5
284
18
1786
4
4181
1447
15134
9
385
14
60
14176
4850
866
392
29
330
10
159
12
4
2036
3
402
25
55
6
44909
1499
28
5
284
118
64
82
6
512
4
2036
3
2806
701
185
11
3507
268
25
10
253
632
2
65
3441
78
0
186
14
3507
10
25606
12
27
948
90
27
193
1
4
14
44
34
306
916
161
14
3507
10
2901
6465
4
4850
1191
19
1079
8
24
610
66
382
41
93
0
235
103
212
4321
8
8
3507
1
39
5
5438
3425
6
27
883
1
10
115
3
32
3254
3
6568
1
2340
1
2709
4
17850
50
36
34
7
125
152
15507
77
5
894
6
418
187
2
8
101
0
389
9
49
3
0
1819
1
5
2512
22
21
34
473
306
3933
197
0
2039
4
3507
58
5406
11
5
128
189
71
340
91
1327
3
2
916
58
402
0
6568
7906
4
58
934
25
94
7
5
2009
17
5
13212
12
86
5
2130
76
1447
25
4
123
619
25
99
2
380
359
441
916
482
418
1656
1515
3
54
642
2130
14162
27
14
36
8240
27
72
575
2
96
34
61
698
3
1160
3500
2709
90
2582
102
2
65
3441
408
3507
1219
12
64
2646
4
2205
14
36
10
25606
12
27
948
2
916
10
306
3
161
14
3507
10
2901
6465
9
17
866
4760
17
16
8
24
610
66
382
41
93
0
235
103
212
4321
8
2
31475
9435
1
2338
916
1
10
1406
27
5009
29798
6
6568
3
108
16735
56
27
284
239
1
0
186
306
15
295
43
78
3
448
37
2683
45
44
6173
63
317
3507
3
5
1097
7
528
4
969
1273
0
284
34
2199
125
18773
2
5815
20
31902
1
866
15528
180
6616
324
19
263
34
1141
4110
2
563
2683
806
105
379
39
0
448
4
115
59
7
0
7934
3694
13428
12
3507
262
10563
91
289
77
0
391
2
44910
10
4165
7
3507
18
883
1
225
1
2916
4
12
0
898
4
532
3
3844
777
2
378
0
260
866
78
106
14
19
145
4
27
1133
34
40
20
0
260
4
34
696
17
88
5
2009
6
18773
2
52
78
88
14
39
21
93
21
76
6148
18773
12
0
5964
113
3507
10
2592
4
2205
14
27
1857
272
10
4161
90
13093
36
10
41
4110
2
68
31900
9
475
22
14
48
34
40
5
4051
4
34
40
196
6
5
8
2146
1202
49
8
197
430
4
916
38
34
40
1272
99
2215
701
1120
7
0
610
3507
58
1060
103
0
1830
6
0
6568
2
6433
16
8470
738
3507
34
6437
6
146
1443
679
7
27
883
9
17
105
6
27
25605
3931
6437
6
2709
53
137
748
1
0
117
18
102
7
4608
51
8
57
13
0
3542
18
276
14
0
5229
692
14
44
43
20
5667
4
23
0
1241
1766
12
3507
732
3
226
726
1
44
392
29
330
1
8
21
176
2
8
5758
3
0
6616
448
116
20
25607
92
34
61
40
37
1101
3
536
0
260
6
20098
530
2
8
15
284
18
1289
4037
17
6568
4
34
40
210
182
5
5705
7
0
99
6368
6
0
260
1
9569
17
1811
4221
7
29
40
622
363
28
0
99
6
0
260
3
0
267
6
0
1004
184
28
42
260
2
8
15
2512
2205
14
0
381
831
0
7906
8701
11
1710
894
6
71
2
8
15
3542
14176
25
392
29
40
5
2146
1101
31
234
5229
3
536
49
0
260
2
8
135
43
2901
386
3
536
0
260
6
156
20098
530
44
43
234
1591
36
34
40
210
69
5
1592
44911
34
41
13792
49
9
44
735
3
1231
784
2
203
115
5
670
245
6
15135
14447
4221
20
0
260
9
54
6
50
34
6437
6
6568
549
2
221
43
61
6437
6
2709
4
2340
115
7
0
9569
8
57
13
1710
92
43
100
391
992
11
5
894
6
54
889
197
14445
4
0
6616
448
20
25607
2
101
0
6717
6
0
3685
256
6
391
25
10
37
1876
8681
2
8
249
106
3414
0
260
44
115
2402
182
5
1264
1202
7
0
99
6368
44912
6
6568
9
4904
44913
6
5
9899
4
0
1786
4
4181
15134
2
203
115
5
670
245
6
15135
14447
4221
20
0
260
9
54
6
50
34
6437
6
6568
549
2
221
43
61
6437
6
2709
4
2340
115
7
0
9569
2
8470
738
3507
18
773
6
27
193
10
13970
6
2309
4967
4
8127
31
6568
2
249
21
10
432
4
3310
182
8170
866
5241
3507
206
29
11301
18773
4
34
383
5
305
706
15990
90
1840
3392
12
19
2784
2
1461
46
32
1311
12
405
275
2
26
3507
866
1
6
4608
1
239
28
6568
8127
7
359
26
21177
18
642
9435
296
887
7332
7
1786
4
4181
9086
26
2475
2338
916
719
786
2340
3939
3
108
16735
26
10549
115
0
4542
8
1372
7
25608
8
20
0
295
18
102
26
3446
4850
866
1
2934
1
1243
5358
45
30
98
40
1025
26
4064
32
1311
455
17
916
11
1003
263
12
405
275


