144
33433
6796
4
1322
8001
293
16
48879
138
1
918
436
190
291
287
16
29931
138
1
384
436
190
48880
16
10386
8837
7
684
120
5
4143
525
65
4143
561
30
603
106
362
6
450
3
9439
0
391
21
34
157
3
585
88
317
5
677
9
14778
25
11
5
4120
2162
82
2
11866
8428
10386
8837
1
316
1
157
19
1132
391
3
585
1222
6
178
362
363
5
1344
4
2321
1224
2
89
21
10
123
2453
31
64
6
0
362
38
603
59
6
91
2199
4
7661
4
210
59
7
7764
2
15
48881
48882
561
10
432
4
444
0
166
7
5
106
2941
90
91
443
9
340
19
1586
2
89
56
0
5540
10
945
178
230
192
25
34
5
1555
827
6445
16
8
1586
13
3706
1
688
311
7
48883
379
8
9
67
85
146
1612
2
52
327
48
10
434
3
0
5540
91
33151
17
1687
7
5
13033
1921
3
3500
0
9597
2
89
68
8837
1
38
545
4143
11
5
884
9
1849
246
29243
1086
1
10
344
3
14241
0
48884
167
4
163
25
3
15
491
12
302
2
203
29
2751
0
358
3
42
1421
2503
1917
45
161
0
362
553
14668
68
8837
47
327
2
89
10386
1
6
13258
1
5250
1
22
16
8
15
118
18795
6666
11
95
391
91
3706
11
2162
82
13
14
552
34
40
450
3
1220
95
5684
3
21287
0
167
1222
6
362
7
0
288
2
8
24
10
41
2199
4
7661
4
24
354
0
118
1164
11
95
1348
10
95
317
1222
6
0
362
1433
20
0
1344
2
8
24
659
4696
110
3
84
1
173
186
684
4
5
2337
3
0
4492
203
10690
3121
1
17
95
7508
2
8
13659
0
358
1
68
8837
4
54
6
19
280
22
21
10
2453
31
0
362
38
34
214
59
2780
2
15
280
161
0
362
5186
458
3
1348
399
1057
483
7
68
8837
182
22758
1205
6
0
3460
5734
2380
1
123
756
12
35
2199
4
48885
39
21
11639
2
378
48
547
1
68
8837
131
21
10
3352
31
54
6
0
362
4
531
103
3
5
195
1247
374
0
26388
5432
79
103
13258
899
824
113
106
4348
1633
43
5457
2
68
8837
131
21
10
7826
4
12235
69
5
937
4
204
3
0
1330
6506
20
8818
2
221
1
21
327
21
1687
348
3
32
31786
3
2136
14
21
10
41
2199
45
14
10
805
2
5250
203
1173
13
3
1005
48886
1594
118
3
1447
9
624
3847
2
2242
1
21
131
1
21
10
210
7
5
2941
3213
4
443
0
208
132
2
68
8837
131
19
1132
391
10
945
178
230
192
133
39
0
6175
6
19
7508
4
12
641
21
682
37
72
1711
3812
1235
133
45
25
10
4530
2
861
185
28
5
2578
1238
25647
909
11295
15906
1
21
10
344
3
12423
0
391
4
14241
0
611
2
26388
16
10386
8837
2207
362
1708
248
5
677
7
0
5250
1344
4
4124
119
12
2102
1986
5647
636
4073
1
5365
6
3531
17912
1
22
7
5
565
16
35
580
3416
2337
30
40
116
4
0
2132
29
41
214
0
932
1222
2
8
360
1
434
3
0
645
1448
91
116
31
5408
8837
1
48
46
98
32
2239
3
37
493
31
0
2132
6982
7717
781
38
33
1497
11
0
15082
6
80
2489
3916
48887
3
106
362
4
26189
48888
15240
4073
22
1484
738
68
8837
2801
3
503
0
3812
1235
699
85
29
0
978
306
7
186
2
68
8837
47
1448
1
112
7248
1
46
1985
3
0
5250
794
47
19988
2976
2
15
5113
13
369
1664
10157
7
0
276
6
2153
5168
48889
2
24645
700
2680
48890
76
141
32
469
11
0
830
1
158
609
21
3808
1
23
3733
34
1243
59
19
1102
182
0
203
4
6660
9459
2380
2
674
70
2797
1986
7442
292
19037
1
2796
1
7445
430
39
608
1052
481
116
896
1443
2181
127
59
6
3421
707
8948
2
26
10386
8837
10
432
39
2780
362
12
19
391
1708
248
5
2321
677
7
5250
18
26388
1344
26
15
3026
9
83
327
14
262
0
2780
21
10
2453
31
362
4
603
6
91
2199
4
7661
26
249
19
391
10
945
25
10
2710
11
67
85
775
82
26
68
8837
131
362
3706
25
119
450
3
21287
0
1222
26
5250
203
3128
19
1063


