293
16
23945
138
1
463
534
151
291
287
16
29364
138
1
483
534
151
15
963
12502
20
0
528
6
0
345
3606
14
696
94
179
4597
771
292
9731
30
6966
0
1790
4
781
6
4970
11
11651
27
540
2
7531
10251
4
27
315
1
1483
1
758
0
64
5071
7176
0
1827
2908
1236
31
8891
11651
27
540
2
135
33
2215
37
2786
23
168
23
1316
2677
2
7531
10251
1
93
1
4
27
315
1
4341
1483
10251
1
33
2215
37
2786
4
1316
2677
28
0
394
11
719
11651
27
540
7
10658
3
0
3606
14
696
94
179
4597
3909
292
9731
10251
1
2537
1
22
27
3959
7
0
3606
240
8685
95
142
240
4
240
1362
136
264
18
3021
240
240
1287
13
37
14694
132
114
54
70
320
2048
2421
8685
95
142
1
4
5839
1362
136
264
18
3021
1
240
10251
22
7
37
8656
565
2
240
57
10
182
0
18011
3004
6
136
1689
765
1325
14
24
219
3
0
537
3402
3
2806
0
3450
2647
11
95
117
1
136
18012
1
4
235
321
694
2
10251
10
168
9
330
5325
765
266
339
23946
1752
2132
10007
7
8288
1
963
240
89
1
7471
1
60
107
41
1580
0
23947
4
2647
2
2242
60
489
1505
12503
4
4464
6380
28
23948
10186
28
232
755
394
694
14
43
2351
4
14695
2
240
15
295
18
3082
327
0
1790
4
0
765
7176
0
13153
2380
1
0
29365
12504
2380
4
0
8647
4
16198
39489
31
6505
2421
7531
10251
8119
17
765
1325
4
31
5625
27
540
3
0
270
2
895
4597
3909
292
9731
13475
844
17
2305
9079
20431
2
57
10
192
310
14
0
64
43
248
37
2356
135
61
1997
2908
4
12328
1794
127
418
240
375
8947
240
2
15
3082
10
1997
7
1827
2660
186
7
1134
6177
12
446
2
15
29366
33
2215
37
2786
1
5
18013
14
0
1790
7176
0
29365
12504
2380
1
2616
2677
4
6539
8
2727
1
301
3
42
6539
2
15
29366
61
7395
14
42
240
1210
2421
43
29367
3414
4
23852
9466
1
240
301
3
0
565
2
240
294
4464
23
261
14192
3788
43
11
95
117
1
136
765
1
4
136
264
18
3021
558
24
10
941
17
0
3536
8
112
66
352
41
196
6
0
3966
1
123
66
352
196
6
0
863
2
8
240
15
3961
145
6
64
492
0
528
6
54
6
0
1192
345
13320
3
312
0
631
765
56
36
219
3
0
1790
17
0
2421
2
895
4597
771
4
1778
1454
292
20432
9731
3739
20
0
422
6
3369
665
39
37
2356
17
2305
9079
20431
1182
19
14667
673
7
0
765
15
6593
493
531
3
20431
91
3254
23
9731
18
6665
4
531
3
19
7566
23
4597
771
2
1495
375
2678
1
0
235
631
5352
7
2068
1
492
28025
7
0
3606
39
25
10
310
21
482
792
6
2421
3
10251
2
10251
692
234
266
28
3938
4304
1995
11
765
5699
428
20
23946
29368
1955
339
27
102
7
8288
1
963
2
101
0
16199
28
0
3606
1
10251
10
6646
6
27
754
23
5
13476
39490
11
407
5633
2
96
10
680
3
505
27
23949
195
12014
7899
4
1438
28
23946
29368
10007
2
26
10251
13
2215
234
37
2786
4
1316
2677
39
36
327
27
2665
10
7537
3
0
559
31
75
20
0
1790
4
0
781
6
4970
26
23950
2421
10251
489
28
292
9731
8
6665
9079
20431
43
110
5839
1182
0
146
9
393
1454
18
14667
673


