789
15718
8582
732
3
163
20
5
1382
1059
3
3568
19
666
17
4448
1736
9541
1
37117
2802
28
19
4700
2
15
64
4470
3139
33
434
3
1981
20
0
37118
2169
7
160
12
484
966
45
15718
30
1687
732
3
163
49
20
1973
1490
2
191
9541
1
38
2534
7
28
15719
12
446
1
10
7
100
4399
3
12243
19
5496
2
4448
1736
9541
17
10691
2464
4528
4
5
7498
615
9
55
6
789
15718
8582
8
24
181
14
0
504
130
6
3674
1
38
18
3865
56
21
18
4729
184
374
19
23050
12
560
1
10
3254
7
376
6
0
559
209
23
5
2009
431
1
56
25
224
3
1118
121
225
9
3
9
225
1
8
21
22
2
8
930
181
1
24
2977
28
15719
3
160
1
497
49
390
3
143
0
795
1
500
95
8549
9542
10692
147
1
159
3
5256
3803
1
4
123
1189
102
1
602
0
3674
4187
76
74
158
2047
340
19
1970
1272
19
619
2
8
52
1026
3
130
49
1
429
508
0
504
19777
1236
1
615
19
442
28116
4
32
19
220
130
2
52
18
575
82
83
4
170
37119
31
19
1970
4
3607
1
97
109
44
170
4358
59
17
442
37120
20
166
1
12244
59
11
2295
4
7183
5
37121
11
59
1
25
18
4395
11
5
2316
130
38
18
2528
3
32
5
4032
2
15718
8582
30
732
3
163
20
105
1490
3
3568
19
666
17
9541
192
48
215
8
24
351
79
508
17
59
1
24
351
41
159
3
355
59
5
10067
20
5
1382
1059
1
459
3998
95
71
1
112
21
18
2481
63
14
98
21
171
32
5
396
67
2481
56
24
893
32
4729
59
12
484
966
7
376
6
4274
476
1
495
12
438
2
24
382
100
1062
3
84
59
98
1
24
893
17447
95
71
4
124
59
7
0
2987
2
8
52
18
4138
374
19
1970
4
1564
4
5203
88
84
0
1259
11
59
1
24
161
226
55
4
666
109
5
130
2
8
2143
0
10693
15720
30
40
37122
28
59
4
21
18
7
14
2987
80
1054
1
24
893
207
63
59
109
5
12245
3
5
111
529
442
17448
1
24
893
14279
59
3
23051
2
8
26
789
15718
8582
10
434
3
165
251
9
3
9
251
17
19
4700
26
4448
1736
37123
2534
7
28
15719
45
15718
732
3
163
26
15
584
33
434
3
1981
7
160
12
484
966


