258
463
464
3968
1486
20910
516
5928
24
7090
13
1454
185
122
526
257
9
40
45
17612
27
3484
4857
35177
35178
149
144
449
13
1550
525
20771
1348
14
2529
5320
61
502
99
818
34
420
3138
1533
1284
2845
763
61
4430
23
11035
12641
27
842
2053
57
35179
61
525
35180
35181
3194
23
5
926
2168
1594
13
223
185
4850
2
24
348
27
521
159
34
522
35182
262
3484
4857
35177
35178
15883
4539
525
2534
526
13
2401
185
24
1311
5320
23
11035
12641
61
502
99
818
420
3138
1533
1284
2845
763
35183
262
119
4857
14094
709
227
23
4485
13
2395
104
24
348
5
638
244
157
24
1478
710
57
525
20913
7375
1399
525
445
525
35184
35185
262
35177
37
118
387
1802
13
4543
1348
935
32440
4430
40
455
44
1728
525
2931
525
1086
35186
262
251
548
1727
640
13
107
1317
35177
37
526
5
1708
525
206
57
525
2401
543
709
227
13
6827
525
20913
7375
5
677
61
24
35187
4857
8268
14
35188
5
1770
8282
24
348
23
24
8422
57
35189
27
119
1767
57
525
9653
2857
99
423
4133
185
24
1197
5538
9065
1783
61
18279
61
575
4163
369
27438
525
7150
7645
27
5401
1284
35190
308
369
1341
13
278
100
2352
23
24
5320
502
4430
16837
35191
5188
6329
58
4884
1835
237
296
125
227
61
5
1526
308
278
100
1341
500
23
24
2248
57
24
32438
27
19986
262
5983
1645
14
25641
5829
111
2
54
2311
1563
23
35192
21482
23
2351
2311
35191
5188
58
24
9621
5320
57
23295
35193
15702
262
251
2804
2302
2320
24
437
449
1011
14222
2
35191
23
35194
1032
119
5320
61
655
45
64
9772
64
24
32
23
2336
61
35195
17754
61
1482
34473
5
22716
2956
5
6439
18538
23
24
6605
27
119
32440
9
19486
91
24
5320
8736
104
35196
5
91
24
4744
29388
23882
104
35197
9
4430
24
14874
2775
57
35191
5188
6329
58
4884
23802
61
1348
3096
308
288
104
82
61
5104
1185
722
1379
27
246
35198
4857
35177
35178
37
526
18471
91
32454
246
842
2053
57
35179
926
8268
35188
5
2859
4849
246
10113
99
423
4133
23
12641
64
4010
9261
331
7150
7645
331


