2596
278
100
20965
91
14004
2
19536
582
4455
41176
5262
41177
27
119
19222
61
14
2801
3516
58
54
5361
2
2974
61
1899
9612
16502
35
3354
40
149
45
787
34
1750
37
81
18
47693
64
215
10117
5396
25242
27
119
2536
149
343
13
24
6873
23
14004
37
6862
16704
502
3752
14
136
718
45
2502
34
1533
1284
316
4484
23
24
1271
36
27
16269
46799
57
14004
37
16704
185
24
9754
5
6862
57
110
3752
262
331
10896
1099
107
4639
76
14
15390
57
166
4484
123
32
36
27
1936
237
1272
61
24
136
87
503
12005
13
2502
2805
2542
34
316
4484
27
331
41176
5262
41177
825
1094
278
13
848
641
1462
36
13
221
54
2596
3649
5262
41177
2469
34
2974
2520
3353
5
6582
237
36
40
718
45
2502
34
14
188
77
5262
41177
53
533
5210
185
2984
104
6582
9
5
334
2504
34
2974
37
47694
83
505
23
24
36
99
100
6671
91
14004
13
107
334
331
2805
331
112
27
251
376
185
2596
37
2805
1490
1869
262
331
47695
2596
278
309
14
1442
57
14
36003
1391
91
14004
13
24
47696
69
864
7173
17252
71
27
119
5396
14086
1718
13
24
5218
4602
91
24
864
14086
18609
14
112
2469
91
41176
5262
41177
76
2974
26959
27
331
47697
13
24
134
57
24
2545
69
7173
3111
71
61
183
4123
515
34
14004
24
112
23
24
17991
16779
23028
201
331
1393
107
5457
64
2805
23
24
1440
57
24
3844
331
5
331
1393
10664
107
319
89
3626
23
5170
24
3359
57
4144
46799
57
24
3844
331
185
24
9754
5
6862
57
110
27
331
2596
37
376
650
58
14
14004
325
750
2905
3111
6861
262
331
2686
412
309
334
1366
8497
2
24
864
7173
17252
6923
24
136
5262
41177
17295
13
8148
27
1507
34310
27
2778
57
24
16704
185
24
9754
5
6862
57
110
27
331
408
718
1740
515
902
610
278
1718
13
24
47696
18609
122
1366
8497
27
331
119
5342
3629
5262
41177
61
129
99
145
3424
9753
13
54
3584
61
23
47698
27
6582
1785
1704
570
182
906
133
76
24
791
864
5396
64
215
4942
13
3347
185
2984
6582
31
24
9688
185
54
2984
2528
58
215
906
133
57
1305
76
1785
1704
570
61
5
14
2974
376
185
5657
916
1869
262
331
41176
5262
41177
5
24
2439
278
2950
334
5495
13
7740
24
6524
1411
365
5546
76
6939
1426
91
20753
10883
27
331
119
112
104
24
116
57
24
47699
149
1411
2974
37
26958
83
5
122
4913
2
15708
185
744
666
27
5262
41177
242
54
83
37
5887
74
23
14
1507
9
15
81
27
251
3240
376
2
2596
185
3354
7643
840
515
331
4977
14130
331
516
45128
5
1119
158
13
4699
13
2175
23
9308
16
27
119
376
1869
262
331
119
4699
57
24
3424
5396
87
45
1521
2805
2
334
7919
222
57
1772
343
13
14
222
11258
91
612
14086
69
24
47696
71
76
14004
61
167
14
841
5
14003
352
2
24
2545
14086
27
331
119
5218
11258
91
24
47696
638
45
4814
24
55
77
40
24
112
2469
23
744
91
41176
5262
41177
61
2154
61
76
24
2974
26959
27
331
69
119
2432
71
383
23
4084
13
24
864
14086
61
1348
1414
61
515
183
87
45
23
1193
501
334
2805
112
9
1366
502
47700
24
134
57
24
2439
5
502
99
100
1391
13
14004
64
610
22659
122
829
27
331
119
791
32370
5
9305
6870
5227
14
30617
227
23
327
76
2974
5
99
4634
13
3424
5262
41177
53
533
5210
34
6582
484
1068
133
57
1305
76
1785
570
2464
19094
47701
149
1414
449
24
1190
104
54
2327
2328
505
185
202
61
104
502
1679
215
149
2246
24
1454
516
107
47702
27
162
1105
784
185
24
2439
37
2805
1490
61
47701
330
262
331
1312
703
61
54
22083
87
45
23
3259
27
331
119
2545
14086
598
13
24
864
14086
5
13
14004
6532
515
24
112
2469
91
41176
69
34
2974
71
638
45
13597
1795
334
2805
2482
27
331
408
369
21607
5
841
515
215
718
4699
13
3424
61
4699
13
9308
16
5
61
628
840
61
34769
76
47695
2596
27
331
47701
105
773
13
107
644
13
2581
5262
41177
23
54
2438
34
237
4386
37
9308
16
208
76
32673
61
40
359
262
331
397
14
220
61
723
278
13
9736
13
1193
4918
27
119
77
2057
75
47693
515
358
369
10194
61
1347
2241
41176
27
331
2596
650
2
1778
13
1004
47693
2778
9
16
76
3276
2
6
47703
61
47704
47705
5
6475
25727
27
246
119
6866
1899
9308
999
83
2596
256
5361
2
2974
246
2036
9305
111
1949
24
55
170
57
36
185
9
2984
104
6582
932
246
143
215
87
1094
23
47698
58
361
3250
5396
25242


