144
5928
2678
293
16
34961
138
1
406
600
190
291
287
16
33938
138
1
406
600
190
65
1154
8867
30
40
5091
17
19
189
342
244
39
21
4412
59
12
438
1359
63
19
4395
130
7656
2
13958
3908
1
316
1
10082
11
2275
441
47
12257
10708
1238
39
21
1691
670
3552
56
21
342
452
1988
7
730
2
8422
1
19
4752
244
7237
1609
12905
10
1559
0
163
4
4412
0
117
7452
1006
2
14621
16
7237
1609
12905
1
122
1
1817
49
28
13958
18
53
93
51
145
119
36
10
1326
4
30
444
316
82
450
3
1370
59
94
2
52
2249
19
198
12
461
39
10982
59
12
5431
68
1609
12905
1
713
1
1817
49
28
68
3908
18
145
56
36
10
1326
17
59
4
30
444
0
81
64
1612
450
3
1370
59
94
2
334
8450
19
198
12
461
0
584
729
44
43
244
4
198
2
68
3908
1
5
8867
28
7849
1
9413
1
22
16
8
24
202
273
14
95
4395
130
7656
58
934
121
3
95
244
24
34
202
649
9
25
47
79
40
1926
2
8
68
1609
12905
10
1559
35
12257
56422
12
600
463
20
19
102
7
20047
1
2312
1
50
1890
68
3908
38
10
63
3
4136
2038
859
3
1684
19
130
7656
1
330
23
35
56423
2
52
556
28
56424
9
25601
1831
6
670
56425
56426
7
5007
5476
7
2322
19426
9
50
21
1691
39
12341
452
1988
7
730
81
70
2
52
34
37
1012
3
1684
0
5121
3152
421
48
70
4
0
859
10
2207
11
0
438
163
2
68
1609
12905
4412
0
130
12
1555
23
248
37
14169
7452
3
19
108
198
2
13958
3908
137
12
0
1402
163
12257
10708
113
19
244
1148
59
4
1738
14
21
592
128
194
109
19
108
198
334
0
163
68
1609
12905
592
49
13958
12
461
4
482
59
5
827
324
16
8
24
181
24
445
183
212
145
2
8
13958
2605
16
8
24
181
66
445
32
95
4752
1970
2
8
15
2671
584
309
8033
77
0
637
4972
569
3
2596
49
12
0
424
64
1612
9
4
33
98
1329
3
1118
208
149
2
68
3908
22
16
8
24
29
5
1030
111
196
6
95
142
9
850
47
1362
150
24
34
0
1012
2
8
581
1970
22
14
24
233
5
396
109
19
108
198
1
86
21
210
64
4
64
386
2
24
34
300
40
37
118
284
4
98
24
858
213
5
272
9
566
2
8
828
21
692
10
95
540
4
14
24
960
7
9413
2
52
22
14
24
233
5
396
109
19
108
198
1
86
21
210
64
4
64
386
2
8
57
47
228
4868
3
165
28
91
37
118
284
4
202
3059
95
1970
1
3
248
80
6
261
31440
1
56427
1
9352
4
7381
14
24
202
34
90
2
8
52
22
14
80
19
117
29
40
159
4577
4
44
929
228
2831
114
44
858
213
5
1030
111
117
848
2
8
68
1609
12905
649
19
198
18
145
119
21
10
7
0
2996
7
2312
7
5836
4
44
34
5
3765
573
2
5511
16
13958
3908
1
316
1
1691
261
130
7656
39
12341
452
1988
7
730
81
70
4
34
2038
859
3
1684
88
135
2201
386
11
5
333
187
90
1949
49
1780
39
36
865
1326
17
42
198
2
68
3908
10
529
7
4231
45
68
1609
12905
202
649
19
198
2
68
1609
12905
22
16
8
249
121
4
19
145
1817
49
1
36
5197
121
324
36
10
1326
45
24
107
141
354
27
2
8
96
22
14
36
1494
124
12
17
27
220
142
4
24
1091
12
17
3271
2
8
238
132
24
5197
27
4
348
112
21
1494
40
529
1
36
22
21
34
4
21
10
180
13958
2
24
202
213
0
880
3
177
59
2
8
1437
1
119
1559
438
1
56
24
408
0
152
54
6
0
75
12
0
163
1477
4
9000
12
1555
1
24
408
129
194
21
10
109
95
198
3175
2
8
24
273
35
56428
1
21
829
109
95
198
2
1315
4
67
56
24
408
0
152
21
1477
4
9000
1
24
408
129
194
21
10
109
95
108
198
2
8
2866
71
24
34
469
3
325
59
90
25
10
79
5
420
267
2
8
89
39
24
408
0
13173
6
19
540
12
0
163
24
115
59
12
461
4
482
59
5
827
2
8
24
22
1
35
24
181
24
445
183
212
1618
1
45
24
659
41
662
2
11284
27
112
36
692
552
7
0
663
794
180
56429
9
23
14
10
95
7525
56
24
10
7
0
2996
2
8
52
2605
14
36
107
4
14
24
392
32
19
1970
2
57
47
5
6188
14
24
29
115
59
98
2
8
3446
4
198
33
1329
3
1118
11
0
87
71
208
149
2
26
13958
3908
10082
11
12257
10708
39
21
1691
670
3552
56
21
342
452
1988
26
318
4752
244
10
1559
0
163
4
4412
0
117
7452
1006


