119
17792
57
1172
7234
61
24
8730
4868
57
24
17616
3607
52311
61
87
28553
33
525
1857
5210
13
2645
24
1045
256
12840
27
52312
7234
149
2215
33
185
5068
256
7002
2
10739
6092
6014
5
819
61
119
7659
25540
1341
27
119
3441
61
1036
475
2251
64
7234
61
52313
9197
64
54
715
5
21783
91
31283
30778
61
99
253
2490
2947
52314
104
24
3306
2964
61
7306
14
1264
34
24
498
9
4136
5657
73
27
521
159
34
522
52312
7234
69
324
76
475
2251
13
24
700
61
35
632
71
17792
57
331
3607
52311
331
1172
7234
61
99
52315
525
833
5210
256
7002
57
24
3441
449
525
583
502
5145
3306
2964
2960
589
7234
76
525
583
1172
7234
484
54
897
23
1268
27
742
512
9
4935
24802
3607
52311
99
100
1802
89
14
9407
17616
2140
34
3443
4228
119
1045
6498
24
679
57
808
7234
61
14
8096
61
129
149
11453
76
7138
919
57
3607
763
91
2540
18746
383
10892
61
24
594
23
4744
1203
2079
27
4338
22625
2
24
1203
61
7234
149
2876
982
104
14
2895
4623
23
11247
23
1268
91
14
9905
215
149
3108
13
442
129
149
776
2
1404
52316
27
4360
24
3306
2964
4228
5
3443
19355
61
24
4868
710
57
3607
52311
99
1872
6648
349
3608
6092
6014
61
129
4151
185
2414
262
331
1003
8852
149
1745
91
14
8096
23
7889
27
1539
52317
516
1018
515
15
158
61
819
27
331
119
10739
147
21217
58
334
4693
57
7002
27
6014
3138
185
3354
515
215
149
45
11248
449
5131
7234
1185
24
1045
61
10956
133
24
1217
515
215
638
244
4943
5131
8123
27
331
52318
27
628
604
4151
52319
2100
52320
9831
52321
27
628
330
707
8852
1745
91
8096
23
7889
806
503
52317
516
1018
515
15
158
61
819
61
331
6014
330
27
999
57
372
129
14999
12459
6014
149
19376
57
28046
12942
8218
26626
61
7142
1341
27
26626
61
14
17570
4950
129
149
1938
24
5047
34
54
19966
123
24
17665
57
52322
23
1904
61
330
57
6014
262
331
628
629
4149
515
54
7308
129
1077
3269
237
1566
87
2912
18
23
54
7644
5363
515
54
5956
87
2590
158
13
16959
158
2394
4744
333
43
52317
27
331
628
3556
107
2969
13
7529
515
104
405
222
123
54
7308
912
333
61
215
149
686
18
91
4744
52323
61
5
2765
105
54
562
4273
1533
1284
625
91
4744
52323
123
24
5017
27
331
1172
7234
61
129
149
11453
76
7138
919
57
3607
763
91
2540
18746
383
10892
61
502
87
24
594
23
3607
1203
2079
61
484
54
897
23
1268
1295
61
167
24
1045
37
16406
61
183
4123
515
10924
34
589
7234
5
24
3441
288
12159
52324
449
933
525
23
918
57
24
2327
27
119
3564
9
3062
57
14
290
3348
30004
4485
836
750
119
7659
25540
515
589
7234
37
47060
331
369
2215
445
525
2327
27
691
825
1119
703
13
6218
405
5068
40
503
2674
13
15215
612
836
331
27
579
359
262
331
7860
57
237
61
1193
8737
2674
13
24
6646
596
801
830
1870
24
17458
4744
9428
129
1745
7234
831
5
24
27935
801
369
445
24
197
27
331
119
8814
6754
13
24
15403
11350
3793
35
506
91
791
25567
16324
30642
27935
75
7234
37
24802
27
27935
149
1938
2947
32448
5720
23
1078
27
251
3804
8672
2114
515
24
558
512
9
8826
781
91
7234
52325
27935
23
1579
16190
57
14
3268
7180
23
2097
23
10645
27
7234
598
515
215
52326
14
111
6505
215
147
1324
64
27935
58
24
111
7983
330
24
8729
8740
331
3935
13
1248
14
2347
331
27
119
501
87
370
185
12417
13
24
22797
4744
16603
943
57
30570
27
7234
37
884
61
4744
17570
1935
4950
61
26405
11793
52327
61
87
1481
13
1650
801
23
266
27
49793
6092
6014
3469
13
21211
24
3441
5
7234
23
14
15166
185
2414
9
40
147
21217
185
54
10056
869
237
632
61
589
7234
590
591
13
8156
129
278
37792
13
3723
13
2995
24
1045
27
52312
7234
99
19261
3441
9
10887
34
331
361
2969
13
2995
24
1131
4309
331
23
24
5017
3592
5
1520
926
1502
8406
2372
449
24
2002
926
99
309
27
543
24
1045
57
54
562
2140
34
3443
4228
61
589
7234
61
105
19261
8156
23
14
5016
185
592
27
579
598
262
331
628
1835
20043
76
19055
5
707
474
87
1751
27
3607
52311
99
2043
2960
61
502
3522
1155
334
3339
12778
57
1172
37
562
27
331
408
604
1622
1407
5
288
600
23
14
987
57
3921
5235
104
24
352
2
704
24
729
308
23
237
1146
27
331
628
663
144
1028
13
20571
5
20571
5
2509
278
902
27
628
1019
515
37
496
711
1348
628
1018
244
278
24
720
27
119
503
1017
628
718
377
87
4457
723
27
6569
723
34
24
603
5
2002
57
612
1203
27
331
6569
723
34
361
2969
13
2995
24
1131
4309
5
4457
723
34
956
61
5049
61
14129
24
562
57
612
1203
5
55
5354
27
331
628
1399
542
609
652
24
21534
1099
107
1245
40
24
824
87
24
1271
185
3096
19193
4748
27
331
119
1045
61
502
87
1893
185
808
7234
37
24802
57
24
1271
3584
1615
45
503
834
215
497
818
2046
61
40
663
834
24
3263
57
2278
23
5810
604
174
158
27
162
24
5016
926
663
65
334
12473
591
13
525
545
583
5
3818
515
926
373
23688
158
705
257
27
579
359
262
331
3116
1172
262
628
708
723
5
1521
628
639
723
369
109
27
331
727
369
24
111
129
628
44
244
278
1347
721
57
652
723
288
9831
369
226
1284
628
44
278
4483
61
24
603
57
707
562
61
707
549
61
4068
5
24
111
129
7217
76
846
218
24
8638
5
1142
118
23
24
2605
5
512
3465
57
562
27
331
628
840
723
850
24
603
5
692
610
825
1018
609
23
2210
8259
99
737
34
24
557
57
24
8999
27
6569
723
34
2628
846
27
331
727
369
76
846
5
628
603
723
87
704
628
718
377
27
628
718
503
377
183
4140
61
652
646
369
244
720
1487
13
8431
183
704
27
331
119
1045
6498
24
679
57
525
583
129
149
11258
23
2887
11247
5
2859
133
1950
64
14
24443
27
396
9719
13
4458
24
8740
40
149
1802
159
652
14
52328
1757
105
174
158
76
8222
17450
23
54
7935
27
1295
61
23
24
545
26373
61
24
9576
5148
1579
2736
8548
5
7234
149
1399
218
24
52329
886
2019
5
1986
6418
27
162
535
61
215
149
14279
13
5810
575
215
53
54
55
402
9
7096
10892
1347
3400
215
105
45
100
8769
64
8096
27
40477
54
11128
2429
61
24
1203
1391
158
13
8730
8096
276
61
575
215
149
3759
834
13
5056
22406
37
52330
5
594
6997
1086
27
162
4399
61
7234
149
717
13
25651
61
7784
57
3949
5
14
4396
18517
57
22171
14220
61
5
183
149
123
24
2051
34
515
1032
575
215
55
53
54
3856
27
1295
61
183
149
23
10645
23
25663
61
14
1032
23
6114
5810
61
515
808
7234
2515
54
13879
64
331
119
25378
331
2
54
1382
8740
27
999
257
61
655
25692
185
14
1619
61
7234
686
14
52331
2467
159
14
4324
27
3892
183
288
316
43
61
32
57
6505
130
14
8307
89
14
52332
27
11969
515
183
5443
334
25584
9767
61
7234
510
14
2876
104
24
2059
52331
2
14
4623
57
2845
12247
27
119
7924
1805
32
57
24
27418
61
689
218
158
61
5
1805
24
622
27
162
427
61
58
1413
24875
57
5810
61
7234
4644
27
396
105
45
503
2876
1533
57
24
27125
1284
1193
622
3607
8096
40
105
663
2515
3383
14
52333
57
2492
61
349
166
10548
31269
34
52101
27
162
266
1268
215
5
14
549
61
31767
52334
61
510
3165
2033
26405
11793
52327
13
14
2600
2882
4623
23
26269
6134
61
11247
27
4303
358
2950
24
4623
52327
61
666
61
2876
365
43
982
5
7673
7234
37
52335
2854
47
9095
27
52327
37
485
3138
215
149
776
2
52316
5
105
9405
452
27
742
801
185
316
596
1517
11643
23
266
27
246
52312
7234
61
17792
57
1172
7234
61
87
2215
33
185
5068
256
7002
449
24
17616
3441
246
3607
52311
5145
3306
2964
2960
237
4581
5
87
2140
34
3443
4228
246
8871
87
1893
185
525
583
37
562
64
24
7061
8096
23
4744
2079


