258
804
46592
251
582
3844
1094
1437
24470
2
704
4156
2238
23
24
2426
4715
27
119
3052
3274
329
99
28438
9028
61
917
61
1185
10573
24470
185
1185
18
46593
14359
15830
5
2715
61
5
149
4494
89
1426
91
3608
5364
4477
185
3094
2154
27
119
46594
7401
704
57
24
1566
37
4156
2238
61
20379
61
5
1356
14063
7107
27
251
582
3844
1094
1437
24470
2
704
4156
2238
23
24
2426
4715
331
408
9514
3096
4328
23
4156
2238
652
358
19080
6972
824
76
24
5381
2685
61
2865
5
13466
35025
23
612
4014
61
331
4477
330
61
1489
13
25052
27
331
1295
331
215
5910
61
331
610
278
4238
9976
449
24
4362
5453
515
1048
15840
1148
87
722
23
2238
61
818
610
369
35071
122
1153
641
610
718
9055
24
594
6350
1398
515
825
2648
2083
347
5
5736
704
6802
76
14
5006
824
27
331
45316
278
100
10944
24467
1153
362
122
2028
34
405
227
27
46595
3052
3274
23
2097
1377
24470
23
1579
2028
237
11055
4716
2238
278
105
375
2
6802
449
24
5037
5
7229
24470
718
384
46594
1341
1155
1048
46596
288
1502
1129
13
8065
18634
7095
57
24
46595
9636
27
119
840
87
515
24
1433
825
29188
3096
5037
5
27981
375
5
442
5448
451
27
162
891
61
8399
23
7504
12534
1062
14
24467
515
11011
18
24
3052
9627
46597
23
1747
8218
27
1331
23
3192
61
6802
13
24
4973
31237
8211
449
5037
2
14
24467
515
1668
89
24
36209
27
46598
44
373
107
53
34
24470
1222
358
728
361
1129
34
1713
9
5
9
1714
5488
1185
2592
1344
1958
61
24
46594
1099
221
24467
2440
1222
358
718
107
1129
34
1713
9
5
9
1714
5909
1185
434
451
5
2592
1344
5488
27
1295
1155
4806
516
5205
796
14674
27
119
1433
87
2150
64
14
10354
5190
64
24
4929
27678
834
13
512
1666
24
13411
18
2613
2788
27
119
1444
825
45
1476
7604
8847
14673
16704
61
5
515
1816
87
370
4048
1444
34
10373
24467
1153
27
246
1605
3844
285
89
1426
23
3094
246
46598
44
107
53
34
2592
1153
1185
1713
9
5
9
1714
5488
246
24472
87
370
4048
3804
18011
185
24467
1153


