144
507
491
1215
15
11403
8598
2229
0
9448
122
49
268
19
193
65
19231
482
120
0
1366
353
1320
31
18634
5086
39
5
703
3
0
9448
9
7
50
21
366
3
29
34
835
3854
1145
9
30
574
49
7
3319
2
8
308
516
74
3773
129
2120
24
592
1
8
21
395
3
5
1341
2504
180
5118
22307
38
10
11825
7
1010
2
8
836
24
351
419
2
8
15
1254
1
4632
405
793
1
22308
1
30
40
19232
39
25
10
115
7
0
1333
6
5
19231
18137
2
380
0
376
6
0
1254
13
5
604
6
4226
18
53586
15261
4
25
13
3367
17
0
12785
6
0
6135
34938
24382
9474
1
5086
18
2227
20
0
71
2
15
594
53587
6
4418
1089
10
330
3
2708
0
9448
2
1782
30
2362
21
34
414
3854
1145
120
19
6094
1
45
41
80
20
0
222
71
2
8
15
19231
13
1458
7
19
23333
4
1204
31
59
2
221
13
41
1685
14
25
13
5436
8
22
15313
53588
1
5
3634
6
683
20
0
422
6
53589
2
5086
10
7
3319
20
0
71
21
482
0
1254
1
3617
28
5
11798
31751
3988
7
19
7354
2
57
13
0
200
1254
5086
482
3
22307
14
30
40
658
7
0
424
64
82
2
101
190
1
54
10
115
482
28
0
222
286
20
0
222
71
1
405
22308
1
7
50
5086
53590
14
21
10
25702
4
404
3
124
99
3
0
376
1718
2
5086
1
38
34939
7
3319
28
436
22308
268
359
19181
1
2303
705
14496
7
0
200
19231
1
1453
39
19
7907
365
16
8
12447
14
24
76
32
99
17
66
2
5461
92
13
100
880
6
121
627
99
3
0
376
1
20
568
41
122
98
2
8
5086
945
3
0
868
7
19181
4
2185
12
268
436
0
262
70
56
21
10
5116
18884
7
5
17798
1337
343
4
408
55
0
936
6
0
868
7
5
286
1171
6
4226
2
18634
5086
395
0
14680
119
3617
28
37
709
120
0
1366
353
1320
22307
239
7
359
13859
119
7616
550
3
383
5
1573
20
53591
339
3319
2
5086
2238
4520
6
159
3
0
9448
268
0
132
21
239
2
318
1210
9448
53592
34940
310
129
5086
494
1155
1951
13187
9
9007
147
10
1956
77
398
230
114
21
8
76
74
938
0
1230
2
8
5086
61
34
8
10527
849
4599
1
53593
4
16781
1324
8
1
301
3
34940
2
26
15
19231
1
4632
405
793
1
22308
1
30
40
19232
26
52
395
25
119
3617
28
37
709
120
0
1366
353
1320
26
57
10
482
3
1341
2504
5118
22307
26
15
11403
10
330
3
2708
2229
0
9448
122
49
268
19
193
26
5086
34
14566
849
3854
4
7907
9647


