258
18577
1369
5
6447
6448
251
3899
540
2
8230
6903
57
8180
24
627
37
7308
5
3319
5
8181
54
3246
34
54
18578
44
855
24
897
4447
27
9618
369
18579
3621
24
15390
4447
34
16089
6893
61
1011
61
5
54
695
61
17388
9
2033
18580
18581
2
8230
61
129
7983
13123
10385
5
18582
18583
61
365
3190
61
13
897
104
122
82
23
16097
23
11055
1707
377
18581
750
542
6893
1545
13
18584
122
1563
5
2947
11913
2
122
2821
3229
27
521
159
34
522
331
9155
247
331
262
16089
6893
61
1526
69
174
71
61
5
54
695
61
18580
18581
61
2195
69
700
71
61
44
855
24
897
4447
34
7983
8180
24
627
37
5942
23
3023
13
444
122
680
185
2947
11913
8193
348
262
1707
1756
14
12721
418
1142
10385
18583
37
1816
810
54
16097
61
8230
61
82
363
1267
58
24
596
7681
10824
18585
18586
330
4386
515
6893
5
18581
369
2940
76
3970
5
145
5671
6987
13823
61
349
316
6987
57
55
9
5780
596
23
24
7459
12629
27
6893
149
144
1526
104
24
227
57
24
13086
27
1707
377
24
2883
12919
405
57
18582
18583
37
553
104
14
18587
438
16097
5
819
449
1114
2313
868
1853
24
1779
1804
23
18588
61
13880
27
119
1816
57
10385
18583
149
743
23
54
82
23
24
7366
1337
57
1747
18589
1604
185
1072
905
58
16089
6893
9025
642
574
542
13
5056
14
12721
418
27
1882
13
2959
5434
61
24
540
3818
515
358
105
8109
2235
24
18590
23
1920
1072
256
122
7707
27
1687
408
105
3806
13
1018
183
609
806
3315
1184
1030
32
444
32
5
24
622
444
24
622
18591
18580
18592
149
7983
11420
64
586
23
24
11179
8514
91
119
8202
8208
27
1882
13
24
3751
61
18581
750
6460
18582
18583
2977
525
5
525
5956
3225
61
40
24
1047
6699
5
13123
24
893
13
897
10092
27
6893
7983
330
215
5
18581
5682
54
18593
16097
82
185
1072
1011
27
119
18594
9
2033
808
18583
1399
47
14
7180
61
5
6893
750
642
215
391
24
5829
111
9641
1077
57
14
474
239
27
18595
262
1707
377
24
2076
2230
1545
13
18584
2947
11913
5
54
5942
331
82
162
24
18596
54
695
4916
5
978
13
18597
18582
18583
27
119
893
912
5956
2285
13
18598
525
8490
61
40
1996
5
164
525
11328
27
589
18583
978
13
10414
61
40
6893
31
525
33
89
24
1563
5
6699
525
946
607
484
18599
525
76
14
3760
27
4303
926
1077
61
18582
18583
6934
1414
525
1158
1687
1607
369
723
2931
237
13
18600
1489
13
18581
27
6893
7983
1718
262
1687
727
639
18601
13115
262
18582
18583
61
3190
61
149
6699
946
607
61
13123
13
897
76
14
3760
61
7503
5
8232
119
540
430
23
10385
18602
9095
58
6893
7983
598
133
316
6542
425
5
18603
54
7308
912
3405
27
119
3357
9
2033
2076
1074
1129
24
7719
1576
13
738
13
14
5261
23
8202
5
13
12887
57
54
3246
37
9053
27
3116
2244
47
24
4121
61
24
540
7503
5
8809
24
18594
9
2033
893
37
1816
23
316
3833
13896
27
6893
3283
123
8477
515
58
215
18604
54
3246
912
1816
76
18605
5
9497
183
185
434
104
14
18587
438
16097
61
215
978
13
7454
445
334
12249
5
14
7917
27
119
1047
650
33
13
6546
24
18606
553
8809
23
14
434
16637
14
2347
1267
147
61
40
44
45
444
13
542
652
646
288
308
18607
23
24
351
27
691
53
14
188
2158
13
24
18587
1072
265
61
104
502
227
358
10466
47
24
1816
5
4712
9
18608
183
23
13880
27
6893
37
1462
2959
2504
825
107
1372
2154
5
18581
37
825
107
891
1526
27
7860
57
14
2959
9
1725
3023
18609
1374
9
801
4234
61
24
9989
18610
7681
10824
37
2918
330
709
1533
1366
825
107
407
27
816
560
61
358
44
855
562
2241
13124
1185
24
897
4447
27
18611
18612
18613
582
18614
69
71
806
18615
18613
18616
18617
806
18618
18613
18619
806
18620
18613
18621
806
18622
331
71
806
246
9618
3621
24
897
4447
34
16089
6893
61
1011
61
5
18580
18581
61
2195
61
2
8230
246
691
369
2940
76
3319
6893
37
5942
10385
5
18582
18583
61
365
3190
246
1707
377
6893
4727
6699
5
935
13123
54
3246
76
14
3760
484
18623
525
1816
246
18582
18583
37
553
288
1142
23
316
3833
13896
1533
1284
14
632
147


