3295
11072
1
4230
1
805
3
3065
0
276
397
20
11147
904
372
15
891
38
482
1478
7057
3
582
11
79
146
82
107
41
3876
3
3211
6
110
30
40
180
37
35
1631
47513
905
2
3295
11072
1
4230
1
805
3
3065
0
276
397
20
11147
904
372
113
21
444
0
132
942
5
644
69
37
932
3532
3
4434
22588
2
15
491
10
78
31
5
186
26157
16
35
52
30
805
3
1071
63
0
21217
15
891
30
967
845
2392
63
19
2156
3
4156
2
52
30
22
7
37
772
16
35
2866
2011
30
97
410
1250
1
274
11405
30
97
220
26037
4
80
217
7635
33
696
69
47514
52
176
16
35
871
1000
124
3
66
2
249
24
226
55
6
186
1
24
161
1166
387
47
25
2
24
858
116
95
595
2
281
24
322
821
0
372
6
9364
46
465
17
47515
15
244
6
64
1
38
13
5
3618
47516
20
11119
10398
1
30
61
2833
19
1704
2302
2156
3
0
620
1087
2
139
10
148
13486
7
19
3299
6
0
1566
69
0
1163
6
975
9298
1
113
21
477
5
47517
4148
3
13105
0
19777
47
193
2
15
891
1861
14
21
5236
248
0
785
3
163
19987
45
21
4929
11436
3
16856
3211
6
35
47518
4156
99
7
1570
56
21
10
2491
6
0
1153
6
9105
9150
2
68
1920
53
93
51
1
38
556
28
13176
18
11880
1
4
34
0
637
2019
6
5
5544
9
83
2
7057
53
122
51
1184
578
3
766
6
5358
4
10
856
11
146
9
4
9
5
9
272
82
101
436
1686
1
21
1258
1278
1567
47519
37
7507
4795
554
11
3700
11107
7315
726
0
251
17
5
441
1057
3384
5551
120
5
4114
2
1485
11072
78
0
3308
16
35
308
183
1
4
24
183
1
14
66
32967
3777
1330
4
66
58
29
213
105
82
2
8
89
66
392
183
14
112
66
4084
121
4
165
821
12
48
554
1
66
46
32
99
90
0
25354
334
0
942
1
5012
1941
271
7315
22
16
35
249
0
891
10
2269
0
905
1
24
34
3
517
0
8535
114
24
309
248
5
5326
343
2
139
13
0
2001
638
1186
1920
10
4526
31
1478
7057
9
68
1920
239
6
251
579
5
132
192
7
286
68
1920
10
1156
31
7057
39
0
7109
9
83
492
553
7
37
2982
17
19
427
7057
1
316
1
73
32
214
3
1097
184
39
350
99
3
177
19
583
2197
22844
12
0
640
35
24
183
21
47
213
5
8132
1
45
24
1994
170
29
14
2973
14
21
76
165
12220
101
460
1686
1
23884
47520
47521
1
966
1
37
3833
8887
38
34
100
3527
62
1648
56
21
14755
12
3
0
821
243
6
0
538
4
285
5
47522
1
10
856
31
1485
11072
11
79
64
82
2
15
891
630
7
5
11249
231
9
1528
7127
260
7
0
664
6
0
944
5848
2
47523
103
5
2154
4266
1
0
72
3991
690
2010
10631
2016
4
30
5
168
9
9572
1255
3349
17
2715
2895
4
2595
8981
2
26
1186
1920
1
775
1
239
7
286
39
21
10
4526
31
1478
7057
26
68
1920
34
383
553
7
37
2982
17
7057
18
427
26
7057
1184
578
3
5358
4
10
856
11
146
9
4
9
5
9
272
82
26
1485
3295
11072
1
4230
1
805
3
3065
276
20
11147
904
372


