28286
786
182
11454
1
137
748
1
4
17516
33
91
3225
6
1993
6
37
5871
5667
50
76
667
3
6480
11454
13
14330
1297
6
792
6
10738
77
1993
44
33
6601
514
434
3
37
5871
5667
2
15
298
22
92
34
369
40
542
8
2689
8
2289
0
17059
6
6939
10738
50
43
786
182
0
11454
4
17516
4004
2
15
111
5122
1
50
4714
4452
3804
9446
197
954
4
468
1
13
1443
28
0
28287
11454
10738
50
43
845
3225
2
101
14
358
1
67
85
37389
10738
116
31
11454
4
17250
43
786
17
37
5871
12258
5667
1
50
73
667
3
5
4625
2
15
839
22
801
38
29
3783
42
4452
46
1580
5
723
28
0
7850
4697
129
3
1781
112
42
23179
13
54
6
217
91
3225
2
89
25
13
61
6083
801
3
124
7
965
3
10739
5
703
31
37
3251
112
0
1977
4472
0
797
245
37390
1
37391
1
37392
62
37393
17
5
4712
245
197
7851
1239
10098
37394
4
7851
1239
10098
37395
2
15
298
22
16
8
294
0
973
599
3380
5872
1
17516
5046
9581
7852
0
28288
4
1124
6
97
1729
2
8
294
196
6
48
3119
1087
1
60
29
1459
14
92
13
5
838
759
14
5
12258
3173
3
5
2588
245
6
11454
4
17516
10738
9446
10099
197
409
954
4
600
468
786
7
0
255
206
773
17059
4
7
1473
1000
5
1168
514
12283
2
8
139
5667
73
32
3146
4
923
12284
31
136
5049
6667
38
46
703
1792
28289
5177
4
1123
5
2868
9446
12258
456
6
766
2
8
104
33
648
7
0
1087
6
2391
8450
80
0
3783
801
60
29
12
136
9062
23
37
1040
6
54
6
261
17517
2
8
101
417
1
37
493
115
792
6
10738
2238
23180
11
262
0
1443
715
5122
2
15
10738
43
786
182
64
4004
9
0
17250
28290
28291
37396
3
28291
37397
4
0
11454
28290
17
4712
1758
2230
37398
4
37399
2
15
1632
43
9446
197
2767
4
1557
45
206
29
40
1082
39
48
71
2
15
839
22
92
34
40
542
2689
17
0
6939
10738
4
14
801
171
124
7
1698
3
10739
5
703
28
37
3251
5373
218
1518
61
881
37
493
7
555
190
39
956
998
310
14
6939
17517
601
5308
4280
6480
7
37400
2
15
365
115
92
34
40
5
8
17518
8
245
6
6480
601
31
0
10738
1
158
56
0
912
6
0
11454
298
10
204
69
1063
2
852
3
14
1
17250
30
364
15786
2689
7
1170
601
31
0
6480
1
4
11454
30
364
2537
2
1461
1771
22
14
169
6
0
4452
43
623
3
29
2429
55
6
256
77
0
82
114
44
43
9446
125
71
320
2
15
839
22
767
38
890
42
1977
13
54
6
217
1792
73
703
37401
62
37402
4
8204
12
0
23179
715
3427
11
67
597
2
135
73
61
965
0
1826
451
528
12
37403
37404
37405
2
26
8625
40
542
2689
17
10738
786
182
11454
4
17516
26
15
111
5122
13
1443
28
0
28287
10738
845
3225
26
5046
6083
801
3
124
7
965
3
10739
703
31
3251


