258
10604
10605
251
4683
884
99
2048
334
1389
8977
7546
652
405
57
54
9043
1221
349
23902
4008
26284
5
14
42559
57
42560
32387
1221
288
2311
1185
769
23
3254
27
42561
42562
61
2265
61
2048
1389
5415
57
24
6565
652
355
638
45
3035
34
24
315
61
502
215
1400
174
158
1687
42563
27
42562
1129
14
5603
9
2895
13
596
166
43
23
14
23600
82
18
14
1389
5430
7152
3245
5
149
561
34
4983
494
23
2336
27
9226
2132
61
24
11902
10801
166
9918
76
14
2043
2839
27
396
87
11871
64
32
57
3440
912
594
1169
5763
27
35372
884
262
42561
42562
149
561
34
8180
166
43
18
14
1389
5430
7115
3245
569
215
149
361
8052
2
32
5672
13
2276
61
405
57
54
13368
288
18258
27
251
1047
57
23902
4008
26284
61
14
13004
5
334
7480
5969
288
2311
61
655
2211
2593
61
14
42559
57
42560
32387
5
405
1480
11906
288
769
27
119
884
3138
215
149
1687
42563
91
24
1187
13
24
26284
61
655
405
57
24
769
6492
288
1687
42564
27
251
6558
1599
5672
3187
13
3896
158
1389
42565
1221
64
758
64
14
321
1389
5415
13
221
47
34
24
769
13368
5
34
13024
13
748
24
3090
215
10787
27
42562
99
647
14594
185
592
449
14
4734
13
3307
42145
13
6546
54
3212
2
24
1736
57
3850
27
119
7546
5368
9537
94
54
5284
61
349
32
57
24
5672
355
6699
91
42562
27
1041
42566
61
70
61
129
769
533
2802
57
4089
58
24
239
61
330
24
3820
149
3082
27
396
359
262
1687
187
87
2276
501
57
24
13047
3431
1690
5
24
1189
5284
3431
455
27
1687
396
87
600
3108
183
185
27
1134
87
24
1150
57
1066
215
87
27
396
99
13
6543
449
1690
5
4169
215
912
14
124
111
652
215
912
11629
24
1156
27
1134
2107
3820
825
278
3958
4606
5
4606
57
3946
3225
27
187
87
144
3769
42567
2036
32519
22706
1041
42566
61
14
5672
42568
61
769
533
2802
57
4089
58
361
6699
91
11339
42562
27
396
87
373
735
13
4192
1222
215
825
1522
10620
42562
1745
166
43
76
14
32307
890
5603
9
2895
23
294
912
295
61
340
27
396
516
278
2876
316
2282
64
758
61
40
54
2895
1663
133
57
6548
1221
14859
158
13
1153
14
6514
27
396
5
54
469
42569
61
935
507
61
53
2388
16001
61
12279
61
54
688
6952
16001
61
1371
61
5
6607
42570
61
307
61
17917
185
24
674
61
935
2876
542
23
14
11021
6474
18
14
7115
2528
27
251
6202
9
2033
893
149
6699
190
607
64
926
978
13
2648
525
1093
61
5
2276
893
149
10493
27
42562
149
561
34
166
6987
57
596
61
316
57
2285
596
5
14
7017
3258
27
397
14
3340
57
6882
166
9918
61
24
884
149
8052
2
42571
5672
61
23
2916
6624
61
324
61
13
15536
23
25410
13565
9226
2132
215
387
497
14
8103
42572
61
4727
749
597
75
24
5672
4948
27
1134
87
24
169
227
215
99
5204
3138
34
769
1185
2311
2930
27
162
558
215
2048
334
3090
2
24
5672
42573
58
4948
4942
13
3911
334
4927
239
185
158
91
9918
61
5
23
1972
215
3138
515
5672
274
598
1439
38916
185
54
11137
27
119
1271
506
61
215
7487
166
355
76
14
42574
18133
2839
58
42575
3383
23
54
10190
27
808
42566
769
533
2802
57
4089
1348
24
19944
929
10420
14
4396
21123
27
5728
42562
4548
61
1687
628
2357
2050
13
6457
14055
61
5
6699
14
169
798
61
9115
4961
61
23
24
33
27
251
188
798
11359
158
61
5
42562
10801
54
855
27
396
149
2940
76
2285
596
61
40
8315
91
14
8672
104
2974
3222
943
27
396
9991
515
215
105
795
23
5244
9
155
61
64
14
1374
9
42576
12230
58
776
494
57
4927
9876
4694
27
397
14
3340
57
24
315
61
215
149
8052
2
42571
5672
61
23
2916
6624
61
13
15536
23
25410
13565
27
162
24
1454
61
405
57
54
2930
149
769
1185
2311
61
5
14
5672
42573
1938
158
1389
890
23
10620
27
842
42562
510
24
501
13
2959
5
61
23
891
35
506
61
7681
3255
8449
42577
6671
515
215
149
4039
13
14
321
7546
27
119
6558
330
515
646
105
100
334
1687
22609
42578
57
145
454
23
3886
24
1389
890
2155
91
24
42573
27
396
330
183
105
1687
704
24
2504
57
14
17934
31176
91
24
1736
57
3850
61
5
6182
24
1217
515
709
3090
105
100
53
27
42562
104
55
3138
13
278
769
1389
1469
57
7702
61
40
147
42579
237
2615
13
1389
42580
27
119
6558
1938
158
1389
1298
34
189
57
2930
1221
185
908
57
24
1389
890
2
24
42573
1221
5
1389
42581
34
24
2311
6492
27
396
663
1938
334
2243
1389
5415
652
5672
3187
747
13
377
2404
27
396
330
262
1687
20382
24
8696
330
20401
5
9554
13
808
42562
515
358
10655
23946
24
189
57
54
2211
6492
5
1722
54
10957
61
24
189
57
542
516
45
278
100
2942
23
24
880
515
183
99
100
27
1687
119
1736
99
5213
4942
1347
13
18080
24
42582
5
42583
3090
11641
91
24
42584
42562
373
9009
54
592
844
2
32
57
3440
912
908
1140
13633
27
162
54
594
3291
5016
185
24
5538
9065
1783
61
215
42585
449
54
3225
61
5
1615
515
215
2285
13
3307
42145
13
6546
183
2
3850
6628
1172
21799
27
119
3850
34
42561
42562
592
844
515
1400
215
87
14
593
57
14
7796
57
3622
396
3529
12957
11987
34
14
2959
13625
3023
61
484
5612
262
1687
1477
183
1099
278
100
14
2347
454
545
61
21799
590
47
27
187
87
14
6035
3400
1221
628
149
2471
537
2237
13
24
42145
2050
89
24
1736
57
42586
258
11822
61
808
42566
99
1521
13
1451
1222
215
825
107
17020
34
54
947
27
2226
2356
61
14
7007
329
1609
330
262
1687
408
23245
9282
704
597
64
420
64
24
4121
42587
246
42561
42588
1129
14
5603
9
2895
13
596
166
43
18
7152
3245
246
18354
9
2033
2
340
149
561
34
4983
494
23
2336
246
4242
87
11871
64
625
57
24
1566
37
594
1169
1121
246
21192
57
23902
4008
26284
2043
5
42560
32387
769
23
5672
6862
246
42589
334
1389
8977
7546
64
355
638
45
3035
34
24
315


