65
211
38
574
639
82
83
756
3
84
385
14
36
981
202
3172
3
2029
27
425
132
31
159
22923
2
7473
6916
1
639
1
28
3746
13123
1
155
331
1
107
0
1716
2953
12
377
20
22924
22925
7
19687
2
15
7780
400
9
400
9
2408
13124
27
452
9
215
9
83
400
9
400
9
9499
90
36856
49
11
0
1926
2953
2
297
94
11
167
8071
16
7473
6916
8154
5
953
3
19688
17
22924
22925
22926
12
377
1
484
802
1
526
1
7
19687
1
36857
1
5
132
39
27
10638
1716
19689
16
15
400
9
400
2408
4414
12
1103
5
953
17
17378
5110
3234
5169
4
1573
3819
2869
19690
16
7473
8
27926
8
6916
1
93
1
5075
11
0
2953
17
3234
5169
7
0
953
2735
3
42
19688
7
19687
89
25
4149
55
14
48
10
41
27
87
71
2
96
1
13
1
7
725
1
37
2040
36858
248
204
49
0
1963
20
512
1579
2
2017
82
320
20
0
27957
83
512
6
6673
1
6916
175
3
0
5338
311
2
360
1
27
776
2953
12
377
10
617
17
17378
5110
3234
5169
6
22924
22925
38
22
14
6916
10
19
3459
2953
1079
602
2
6916
1
38
630
17
27
9499
7
42
36859
655
102
7
1647
155
331
10
1365
128
2831
63
48
2953
2
96
30
158
959
3
22927
179
519
778
36860
3275
17
27
7726
3894
1
114
21
10
1579
56
21
81
36861
2
7793
39
36
2087
1
6916
1
2065
7
5
925
2020
4
19691
1
9000
4
12202
17
8437
23
464
6
27
117
1799
274
638
12
42
2941
2270
2
96
30
178
126
1
591
5440
1
575
400
9
5440
1
4
105
400
1
400
5440
4
13125
27
13126
3
91
5
19692
4
91
140
247
75
2
527
1195
1204
103
12
0
22923
10600
1191
27
8
14
36
10
67
85
2533
6
500
110
36
2526
2
8
12203
16
7473
6916
22928
162
0
663
120
27
19688
11
27
10638
1716
5844
9
663
16
15
22929
9
83
15650
27
1673
23
36
496
7
11
2041
39
27
1926
3071
6917
17379
16
7473
6916
4
17378
5110
5169
143
5
1161
2041
36862
16
7473
6916
27958
17
8437
39
2041
3871
17
5169
1769
16
4218
6
6916
18
117
10578
27
4
585
274
977
6
27
2953
12
42
2941
2270
26
7473
6916
107
0
2953
7
19687
1
155
331
26
89
25
4149
55
14
25
10
41
27
87
71
7
0
5338
26
57
10
27
439
2953
114
36
175
49
0
1963
20
512
1579
26
527
2671
117
1799
274
977
6
27
2953
12
42
2270


