258
6720
19664
261
262
43423
264
61
6324
3094
1268
268
269
262
43424
264
61
6324
3094
1268
6203
11049
15333
4475
7892
69
15
71
3326
11931
69
16
71
15333
43425
15973
11934
11935
69
1507
71
15333
1704
43426
10225
43427
15333
8621
13771
69
2778
71
43428
40318
15333
11937
11938
69
2978
71
17720
17721
69
890
71
15333
30613
43429
972
12211
15333
43430
9
43431
15746
7234
31943
15333
43198
43199
69
507
71
8174
2106
34
24
1751
2554
143
11110
183
133
34
851
4515
2106
4475
7892
99
100
1872
23
24
1271
170
64
365
8621
13771
5
11934
11935
104
14458
61
637
215
825
503
278
13
1004
32
57
542
9672
1923
13
24
230
27
951
15
15319
7892
2881
14
3027
5769
9
230
75
6006
9
11945
11946
61
129
215
1004
104
1044
37
6603
35
632
61
484
14
3027
35
9
1413
208
75
5131
13771
1185
11935
61
129
369
4011
13
2597
23
14
8270
9
18787
35
9
533
2137
27
11935
912
346
360
43432
5209
3924
1021
2108
34
3239
9968
13771
61
129
2290
107
2456
515
54
9262
11937
11938
44
1550
158
133
23
14
1243
5887
2535
484
358
1347
2597
27
43433
87
14
20674
5769
57
24
2554
27
119
43434
23
609
57
11935
61
13771
5
7892
663
1506
515
646
825
107
14
17616
55
257
104
14458
185
3354
76
704
166
57
542
23
2175
27
6121
262
4475
7892
61
324
536
54
582
14019
20630
61
99
100
1872
23
24
1271
170
64
8621
13771
5
11934
11935
104
14458
26511
262
7892
825
2502
6203
11049
23
24
55
2535
61
129
215
1004
104
1044
37
6603
35
632
2436
26348
262
951
1507
15319
11935
2881
24
5483
57
14
8270
9
18787
5769
9
230
75
13771
7892
912
55
632
1577
9866
24694
641
24
43435
232
606
58
24
6666
4581
61
637
183
87
16573
14
25514
56
5131
27
162
24
55
2535
215
87
47
75
4504
506
9
2033
6203
11049
61
14
1646
7642
2959
136
61
722
9314
158
104
1044
912
35
632
27
396
44
935
2597
1611
43187
972
12211
61
1185
43436
912
43430
9
43431
15746
61
24
1146
346
8370
61
129
1004
24
2265
506
9
2033
19232
104
24
17703
975
5
87
108
185
2289
18326
76
14
14458
81
75
4475
43437
185
54
43438
27
119
55
316
43205
7892
87
4011
13
2597
369
4094
9428
8810
43439
5
33877
43440
43441
61
637
496
44
5490
87
14
188
2535
75
3563
7642
43442
15041
43443
61
57
14458
10349
14461
27
7892
912
5769
230
6733
87
15921
13
107
32
57
6006
11945
11946
1185
17720
17721
61
24
316
110
215
1004
18
11958
4581
104
24
43444
15250
27
842
76
3326
11931
3431
24
226
1029
57
1022
76
1543
20471
24
622
908
9
1413
15319
23
54
170
61
704
1009
825
107
185
24
3027
1578
112
9
47
57
11935
21691
13771
27
43445
262
43446
9968
13771
825
2430
54
5139
155
75
10225
43427
185
3354
35149
262
7892
44
855
6006
9
11945
11946
23
24
5769
9
11958
61
129
215
1004
104
1044
37
35
632
43447
262
3326
11931
99
100
1872
23
24
3000
170
13
7892
61
11935
5
13771
7234
31943
61
32
57
503
166
1611
43
23
24
3017
2554
61
825
278
14
886
43448
75
24
18401
15217
608
896
17787
10317
43198
43199
61
253
11956
2010
23
24
1146
61
552
32748
718
107
334
43449
26991
27
2118
951
16
3326
11931
825
2502
43425
15973
23
24
55
2535
484
14
3027
5769
9
230
75
17701
17702
27
119
33877
99
100
2104
24
3468
2554
76
7892
61
13771
5
11935
704
185
24
3000
83
27
11931
44
2597
5131
1543
20471
1185
6781
481
17600
43216
23
24
17745
27
864
6927
9968
11935
825
2430
54
11944
75
1704
43426
655
3239
9968
13771
3724
7175
943
12146
185
3354
75
10225
43427
27
11901
9
4137
262
7892
87
30088
91
43450
23
7066
4475
7892
825
221
54
22639
2504
104
14458
537
13
1029
3440
37
402
848
34
14
82
43
37
29482
9968
27
10140
61
8154
27678
24
2572
6927
3444
37
10108
185
54
3240
6252
13
43451
27
7066
262
7892
53
54
3355
14458
3649
104
24
636
57
2195
27
1447
149
2508
14985
453
24
2889
256
54
81
23
24
2572
6927
16986
23
4399
5
215
16287
24
40978
91
8780
24
188
2535
27
7892
37
55
112
149
14
16057
81
18
6649
43452
5
215
857
515
47
91
36649
20490
15319
43453
43454
27
20551
47
149
791
20496
1543
43450
5
24
635
19232
132
1481
34
14
186
81
1348
215
510
14
316
9
1481
68
484
43455
510
1579
24947
27
10645
262
7892
149
1094
24
1330
1611
136
5
156
215
638
45
41692
27
43456
18
6761
43457
5
29987
43458
1481
47
14
17616
208
76
908
9
360
136
5
791
20496
4475
43437
27
7892
105
9314
24
3607
9672
1923
13
2548
54
55
17711
16747
5139
23
2780
8457
505
23
24
36
5
215
14072
24
21737
76
14
3331
1594
9
15338
81
27
119
19232
44
45
6096
515
9023
61
3400
61
5
769
13
30613
43429
23
24
5887
2535
27
2336
262
4338
500
24
1073
7528
76
14
6742
60
61
7892
149
537
13
221
47
34
769
227
27
396
2950
24
5887
2535
76
4635
9897
13
1481
47
14
208
76
1075
43459
515
1802
133
13
107
32
57
14458
37
1578
6541
64
24
19232
1805
33
2
316
15338
5
14
217
159
13
5498
24
5769
9
11958
34
24
55
227
27
32285
288
175
64
215
3539
13
855
2018
9968
11934
11935
40
183
5209
13
107
14
32
9
7342
3205
23
24
17705
37
1305
27
427
262
543
11935
1103
13
9282
54
5139
652
57
60
61
7892
149
24
498
15319
23
54
170
57
24
2554
27
396
837
650
43460
23
24
5887
2535
75
334
1921
11937
11938
23
24
55
112
13
107
2469
6308
101
24
582
7175
943
1619
484
43461
23
14
6442
1481
27
7892
2950
24
8069
9
11958
34
24
55
227
5
149
3392
13
850
445
43437
40
215
590
34
14
13899
1708
5
149
9314
23
1413
15338
27
1972
262
119
1611
346
32
650
89
14458
23
25542
163
40
91
24
1029
57
24
55
632
183
149
3466
215
516
107
14
28173
625
156
27
251
17
18
43228
1965
23
918
57
24
1044
149
14
7463
5
215
149
45
2236
5169
641
14
5769
9
230
208
76
124
9
6819
22615
6006
9
11945
11946
27
23280
2490
24
1146
346
1413
2276
2876
104
11935
40
61
167
2931
594
1022
700
61
183
149
45
1347
1487
34
158
13
81
14
1481
27
555
262
11935
156
23
24
8069
9
11958
61
5
1533
33441
42627
34
7892
27
1134
227
215
11
61
5
105
11935
23
1765
27
842
14
7970
20485
1920
23
24
169
1481
149
24
2205
57
7892
37
12140
27
11935
3299
185
24
1862
57
21076
13
81
23
1413
15338
27
2015
3400
7892
1999
215
149
2505
226
11924
1284
215
105
23
1972
61
183
149
38598
11832
64
215
330
262
331
187
37
886
27
842
628
629
605
183
707
512
2876
621
227
27
628
629
3108
707
13949
27
1031
37
704
723
718
1018
27
628
629
3316
27
331
558
262
1134
227
7892
2950
24
230
61
5
105
704
57
3440
43462
64
215
2285
13
1510
24
55
82
9968
647
11205
18573
23
13519
27
742
6733
61
8621
13771
61
105
622
14961
3400
27
4360
2540
14
2508
56
61
7892
769
916
9
608
741
9
1507
608
9
2778
608
9
916
64
13771
1010
54
205
14458
5139
27
43463
57
5630
650
23
24
941
558
1049
230
61
33
104
14458
61
64
7892
29945
13771
27
246
7892
13
2502
6203
11049
23
55
2535
185
3354
246
1611
951
16
2881
3027
8069
9
230
75
8621
13771
1185
11934
11935
246
1049
9968
1481
34
5769
9
230
75
6006
9
11945
11946
246
558
1044
37
9968
5
1268
20496
17721
663
23
7892
37
18644
246
7892
2881
3027
704
1611
169
2535
112
75
972
12211
246
12211
1872
75
43430
9
43431
15746
5
7234
31943
2881
43198
43199


