258
463
464
3968
261
262
26747
264
61
1526
563
267
268
269
262
48759
264
61
1011
563
267
816
723
1028
13
151
985
868
655
723
3023
851
296
6273
669
9
935
183
37
2050
13
3958
723
27
305
306
515
37
24
1772
319
91
32
870
3033
1785
61
129
99
9981
14
48760
331
11248
6591
331
185
1864
129
6737
13
444
445
122
5337
655
104
24
10844
27
5869
48761
2
25172
31330
14575
1570
185
24
1605
1747
5713
1968
492
2114
1487
149
1487
58
1834
76
32
9
401
9
3096
18914
37739
61
818
215
1399
47
14
3801
9
187
2634
104
24
10844
10065
14
582
1398
27
1605
1398
262
5869
48761
2
24
25172
31330
14575
1570
185
24
1605
1747
5713
1968
492
99
2048
14
18852
57
128
58
866
237
2634
104
24
918
10844
3627
185
707
2995
3555
25172
31330
14575
1570
1785
5869
48761
1520
183
37
1474
11121
13
1399
868
851
2956
104
24
10844
119
2634
61
502
99
309
919
57
2066
5
1734
647
361
717
13
592
61
1918
262
331
25128
1300
36944
34
361
185
24
2956
104
24
10844
27
187
37
18914
3555
3555
331
119
10546
48762
99
750
24
2952
515
58
32
3924
1021
296
57
1834
76
18914
1864
215
1999
10731
13
4975
27
331
1003
225
330
2344
723
105
226
1346
14
1862
2346
61
818
628
598
183
185
14
3801
9
187
2634
27
331
396
69
24
3042
71
638
244
1550
183
401
758
61
23
1217
215
2287
133
2241
54
3047
61
215
330
515
628
149
361
18914
91
5260
158
2241
722
14
1862
27
331
628
330
361
185
24
2956
5
45
8155
76
846
149
24
18914
398
57
24
2528
27
331
5869
48761
37
1862
99
309
704
5630
57
311
9
5
594
57
24
1864
278
7232
1778
54
8653
13
1433
48763
104
24
10844
11429
57
128
262
2906
1864
278
1347
11617
1851
48764
13
24
4632
34232
818
358
718
1728
5
1550
14
467
57
24
16664
1862
808
48761
330
515
824
149
244
4663
27
119
3033
1785
1520
215
99
1793
1864
185
1193
417
296
129
825
107
401
435
185
122
2956
13
1347
221
5267
6849
1185
3193
17464
37889
1348
13930
334
3023
27
331
727
444
170
14
3214
308
23
705
257
129
369
2109
18914
185
24
2956
61
331
215
330
27
331
842
1222
2295
99
3366
23
24
3042
333
3855
61
723
847
244
1018
3042
333
1222
24
3042
37
45
2969
13
36942
27
331
2906
1864
369
1511
1284
14456
76
24
48765
36944
806
32
1347
10952
24
3033
4456
13
6543
27
31330
18047
262
119
3033
37
1864
278
7232
5896
1778
24
582
13909
61
13835
34
14
540
57
33095
15873
331
119
1381
99
100
80
27
413
414
1066
129
726
89
24
3048
2743
183
2508
27
331
842
808
48761
1520
24
352
13
54
531
75
48763
99
100
22745
841
61
76
405
1347
18337
48765
13
24
4632
34232
818
358
718
1550
14
858
57
24
1862
5
614
183
76
486
27
331
119
1381
99
100
80
61
331
808
48761
359
27
331
413
414
1066
129
726
89
24
3048
2743
183
2508
27
331
187
37
144
10093
5812
1221
594
308
825
1431
868
61
444
445
122
5337
5
3035
625
628
222
133
496
358
728
2931
27
331
1486
308
369
422
76
183
27
331
3315
1222
1463
87
185
334
752
1724
61
610
696
2168
27727
129
799
23
61
935
610
2294
515
1221
183
37
3486
27
331
246
48766
41289
48762
4186
23
48760
36944
34
1864
11248
185
122
2956
246
5869
48761
1520
401
3096
18914
308
104
25172
31330
14575
1570
7345
158
18
24
937
246
3801
9
187
2634
1520
262
331
25128
1300
36944
34
361
185
24
2956
104
24
10844
27
187
37
18914
3555
3555
331


