258
1683
32253
2617
7412
50993
1520
215
516
1537
278
5155
1284
42856
15
14577
119
648
57
5155
1
2349
89
24
4086
57
3096
308
27
162
11822
61
42856
15
14577
87
11622
3360
49657
5
3096
308
850
183
64
14
20862
25245
61
1185
1347
334
22575
398
57
10504
27
842
1094
61
32
5087
99
3138
215
516
1537
278
5155
1284
42856
15
14577
27
4037
23
119
6669
61
2617
7412
50993
330
262
1687
397
14
5087
628
718
3204
723
515
61
8559
4485
61
628
3556
1537
278
5155
1284
14577
27
1687
569
237
2290
1274
8632
1185
9963
61
24
12472
4081
34
2786
262
24
4015
34
372
76
42856
15
14577
87
822
1512
1284
34
372
76
50994
2617
50993
1652
185
13
3934
515
183
87
1094
821
1296
34
1463
13
1067
57
5155
23
24
1428
5
515
61
23
1217
61
308
76
24
4756
278
14
821
2381
562
43665
13
308
129
369
5155
9
4362
27
396
1520
515
61
25103
342
1550
122
9995
61
358
824
821
2347
3071
64
14
3340
57
361
5155
9
841
27
162
11822
61
215
1520
24
4918
87
821
1245
34
308
76
42856
15
14577
27
2617
50993
61
14
29750
23
24
6670
61
1520
308
76
42856
15
14577
369
1533
1284
1587
64
5562
13
278
14
13077
64
308
2241
24
4751
27
396
1520
358
369
663
1413
607
1533
5562
13
278
474
4751
5
515
1011
13
1114
1299
1300
57
8518
278
15911
3071
502
718
68
13
24
2296
34
1551
30454
27
396
359
515
14577
718
663
68
13
50995
61
2922
26699
5
17853
27
396
4042
515
5155
718
107
279
821
5204
76
4091
7024
50996
16914
69
50997
71
502
20356
24
5342
57
24
34267
13877
515
6457
308
76
15677
5155
9831
33699
27
2617
50993
1520
5155
69
324
71
718
107
279
10616
1775
342
76
2347
450
3071
27
162
11822
61
215
1520
42856
15
14577
87
6113
1347
76
322
5
1755
14
4093
57
450
3071
396
1520
3096
308
1014
515
42856
15
14577
718
663
107
2537
279
76
9995
40
515
237
87
45
24
501
27
2617
50993
4042
515
24
4751
87
6113
1302
308
5291
1029
47
23921
36287
26637
5
515
358
1470
4238
1310
2
722
24
4751
27
396
6566
262
1687
3116
1399
183
50998
61
24
2107
5737
3193
515
652
57
50997
61
5155
1094
709
849
7162
851
562
43665
61
655
722
42856
15
14577
1500
7162
183
91
493
21110
246
7412
50993
1520
5155
87
1094
2537
279
76
50996
16914
246
396
1520
237
1506
342
824
2347
450
3071
246
162
11822
61
215
1520
14577
87
6113
3426
57
322
246
396
1520
183
718
384
474
4751
61
26971
61
50995
5
17853
246
396
1520
5155
709
849
7162
562
43665
655
14577
1308


