144
2697
1583
65
4328
2285
603
6
1003
27
6901
39
0
897
30
40
1122
3
938
644
12
4725
4
3195
833
635
2
16154
127
19425
7839
778
9
9855
1
384
1
43
482
3
26753
655
186
39
27
8793
942
12
437
2
96
13
91
477
340
2149
2
778
9
9855
1
6
13848
1
719
303
3208
9
83
26754
3391
12
555
823
23
44
93
5
1344
7
155
3674
1
63
384
724
1171
6
9286
2
15
897
10
477
421
14
132
2
297
94
11
167
7839
778
9
9855
1
384
1
11082
186
12
437
11
0
8793
942
6
27
466
644
7
26753
655
1
336
3112
7839
778
9
9855
1
384
1
13
2930
184
7
5
106
195
170
816
27
897
1007
39
36
719
303
27
6901
12
555
823
203
22
0
11305
4
3391
43
3933
63
38
58
32
0
9479
700
56
0
2285
1670
49
5
1158
28
27
315
18
1393
4
303
3391
1
6
51287
1
336
3112
2
4970
1635
1774
51288
22
19
2848
1107
469
3
356
0
1158
56
25
219
103
2
15
1163
175
242
79
269
39
778
9
9855
2915
0
5611
17
111
315
1
2224
9855
2
15
105
43
7
0
2807
396
6
3116
6106
18
5357
4
51289
56
44
213
69
5
666
63
38
10
159
3
1221
4
778
9
9855
1200
55
5
8355
4
303
3391
1
811
161
2
8464
16
3208
9
83
4380
3391
239
12
0
152
3
0
286
39
91
303
31
27
8491
7
5
666
77
38
10
159
3
1221
81
215
2
2551
6
3391
161
36
34
5
198
909
34266
1
4
13
137
7
27
461
1709
604
17
5
247
567
8
8674
7
0
1344
2205
14
92
10
385
159
12
17
0
75
1
45
5078
692
1939
110
10
2621
1
8
2209
523
51290
78
34267
2
8
15
208
551
66
183
60
306
552
213
303
558
592
55
1
2205
25
10
122
31
95
195
2
8
203
2404
3
0
548
4
432
778
9
9855
1
7783
27
7
26753
655
11295
11
0
87
166
6
27
8854
2
10549
1933
3391
3
51291
20487
1
45
36
239
4350
2210
2
401
3391
10
28
19155
1
336
3112
1
5
501
704
2881
724
884
6
9286
2
15
1158
50
10
157
7
0
2448
1163
8967
3
111
6350
2224
9855
53
137
20
19
227
18
942
12
437
51
65
106
544
16063
0
19425
466
1400
18
11385
3028
23
36
2299
3
186
12
437
51292
34268
1
5
427
4
179
1011
9
1634
6
0
583
1
78
0
9286
1623
9
13495
14
3391
10
5
957
145
38
93
374
5
247
198
909
34266
2
2266
27
193
1
34268
131
26754
614
23
5
12488
20
5
15884
8
18133
15293
9271
1058
2
657
27
8491
30
40
1459
23
7839
778
9
9855
1
0
1400
18
620
540
206
32
3391
23
168
150
36
3783
11
5
984
5826
23
7839
10098
3391
1
6
13848
1
4328
2
527
111
315
13
28
5924
4
0
51293
5480
30962
13
3783
3
19
540
2
4118
16
778
9
9855
1
27
111
315
4
3391
219
55
1289
3
2029
0
984
20
3116
6106
18
1344
7
155
3674
4
5564
213
69
5
666
77
38
58
1221
102
26
7839
778
9
9855
1
384
1
719
303
27
6901
3208
9
83
26754
3391
23
44
93
5
336
3112
1344
26
15
11305
4
3391
43
3933
63
38
58
32
0
9479
700
56
0
2285
1670
49
5
6456
4
303
27
6901
26
778
9
9855
327
14
19
2848
1107
469
3
356
0
1158
56
25
219
103


