16880
213
99
3
901
1678
7
20634
876
262
125
612
1245
4079
17
5
3281
9
791
17337
6
160
2679
20
15
48305
2
12835
1
38
342
2118
9
608
31
8497
81
71
55
248
61
40
3055
2176
31
24958
81
215
1
1130
7
452
2865
17
2419
1109
1
3054
5023
1
16740
13795
53
64
51
1
2236
8795
4
5118
10888
0
266
12
0
20893
2
221
10
61
5
1235
688
11
0
3581
1
17
1322
2682
13707
80
452
3945
23
168
23
4506
5
1235
3
2276
16880
424
0
272
9
1669
2074
2
16740
13795
668
64
2865
7
16880
3096
3281
9
791
313
127
160
2679
590
1345
6
0
229
1
25
10
41
5
4402
1124
28
0
102
243
45
789
18584
531
28
0
376
17
37
2706
1352
1
119
374
0
14201
1109
4
5023
234
48306
2
48307
160
2679
5723
504
45
494
311
44
865
184
2859
7
0
200
272
2
57
10
42
1745
1509
1513
4
25
369
1088
623
14
44
392
313
208
377
18
102
229
127
1341
21592
1009
112
44
33
3
29
156
880
6
8907
4727
28
0
7794
2
16880
116
146
1486
28
81
149
18
1513
3
8497
17
54
6
88
1265
2682
505
20
1412
9
272
119
1786
48308
116
19
87
1300
6
0
236
2
160
2679
34
0
105
1486
28
42
102
1513
3
9723
17
179
12835
1
21154
26303
4
1114
6580
1
234
1041
7
0
1536
621
9
49
2
135
2301
48309
21712
4
0
900
1318
3041
2
789
48310
10
12
0
3828
11
0
29315
1
248
40
11746
55
31
0
48311
2
246
1394
789
18584
53
122
51
3430
11
0
3581
23
44
5305
5135
2679
12
377
57
175
12835
79
105
379
3
154
0
667
17
37
48312
803
688
2
1754
5
621
9
55
4
1221
1
5023
4
2682
3495
48313
7
5
1531
9
1502
356
1
50
498
1109
37
1472
389
11
0
688
2
1544
20
14
390
986
1
25
10
12097
25
10
159
3
32
5
189
1241
11
0
2679
4
25
224
23
100
2583
56
0
102
243
3062
42
667
7
0
4367
977
2
18584
1992
653
3
207
49
5
27921
28
50
48314
48315
3342
536
3
987
5023
17
5
1951
688
2
2679
123
556
64
557
7234
17
412
9
99
21154
23799
20492
103
3
32
2301
31
21712
90
2682
2548
5
1235
39
1109
10
632
5685
31
7060
48316
2
387
116
25
834
9
791
39
903
379
45
0
2849
43
194
67
4675
7
0
7871
6
0
272
4
12835
76
41
143
156
67
33233
3
0
18069
2
2419
1109
53
93
51
210
12835
515
12
105
379
7
110
574
55
3
32
5
2203
1241
1354
14
894
2679
6999
42
5055
7
1281
6
6009
4
2389
1
45
43
1129
3
154
156
2213
2
15
23241
6
4818
20
472
274
14201
4
10012
3299
5332
2362
3
32
42
15107
2
1768
1921
5618
860
4
44
58
29
34
125
1
34
44
41
2479
5
245
6
48317
4818
7
3622
6
67
2461
2879
1
50
224
3
739
2
334
14
1
25
10
1399
194
80
54
9
152
1902
23
16880
622
49
162
0
15522
7
0
200
272
3
1985
178
67
2865
2
135
14457
42
439
6
0
1241
647
1578
6
0
23075
56
1109
23790
105
6979
12
5
48318
389
90
2246
0
1435
1812
11
13795
2
2682
921
19
639
134
153
585
17
0
12927
4
61
17249
77
0
13256
105
379
192
39
8795
219
77
11
688
245
146
2
48319
9
272
3054
5023
10
61
12
0
20893
11
0
3581
38
945
3
901
1678
7
0
1285
13412
1736
33234
4
5023
43
234
2301
17
272
37
889
3
165
23
12835
5116
4498
17
0
525
369
413
2
15
229
123
492
33126
4
10
557
11668
31
5
5869
3671
23
2679
18
3705
10923
1
7288
48320
1
10
1091
103
12
5
16512
2
12835
213
0
18069
1076
311
17
5
1235
688
39
3705
10888
10
232
9
48321
31
26303
23
0
14201
9
272
6109
11
0
621
2
2682
4558
23
26303
116
19
152
3
0
21337
9
2248
2
10888
10
41
3
32
1243
19
2277
11
189
1
609
1
23
21
23068
12
3
5
4901
515
28
1109
3
1985
12835
8
3625
688
90
13795
3927
77
3
1046
0
26304
2
2682
311
4558
234
11
5
525
8884
6
834
860
2
26
16740
13795
668
64
2865
23
16880
16543
160
2679
26
2419
1109
1
3054
5023
1
2236
8795
4
5118
10888
80
5490
0
33235
11
12835
1
38
61
668
5
1235
688
26
20340
9
272
1322
2682
2548
834
860
11
0
3581


