5556
16
16351
1
40517
1
29886
53
29887
4598
51
1
40518
1
29888
1
29889
53
14826
4529
51
1
40519
1
20712
53
20470
4598
51
1
29890
53
29891
6562
51
1
24346
53
18207
7619
51
1
16352
53
29892
6562
51
7186
16
40520
1
40521
1
29893
14827
16
16352
928
1
14826
14623
502
16
4317
866
53
4085
7437
51
1
1868
53
9500
1627
51
1
20713
53
3267
903
51
1
10177
53
14459
1627
51
1
475
53
14828
1627
51
1
2637
53
9696
1627
51
1
24347
53
14473
1627
51
1
13574
53
2678
1627
51
1
24348
53
29894
1627
51
1
16353
53
3390
1627
51
1
23842
53
10698
1627
51
2
7186
16
2812
866
14827
16
9696
3107
14079
7041
788
14
18
25
28
282
2
3972
66
11
262
136
495
6003
6
502
18
314
9
275
1513
20
5556
2
40522
282
311
760
307
7118
1239
2554
16
590
4095
3185
21
893
1728
29
5
396
3
154
28
48
525
2
52
206
32
1689
129
19
5607
2546
40523
7
0
87
9
272
45
21
46
32
4009
31
0
4079
6
169
6
19
247
40524
48
1152
2
2076
10698
10
20714
7
42
5755
4
10
5
4220
24349
3
0
5556
1480
56
21
224
12
2
318
1916
171
29
40
10159
17
5
616
6
19
220
967
1
56
162
12
616
45
3185
171
32
3873
17
129
0
1278
2546
2
7118
1239
2554
16
191
5912
558
590
5
1965
14
10
7959
3364
7
0
200
272
2
14826
18
616
10
204
14829
9
2501
178
62
231
266
90
29895
102
7
709
71
2
281
4586
2168
34
668
14
75
58
32
40525
14
1872
11
125
71
2
7118
1239
2554
16
387
18
25
7
3703
2
15
4282
3512
5
373
3
37
4409
200
9
272
7
5556
23
0
3581
4683
5
632
1426
127
502
2
4095
3185
171
74
32
253
5069
17
19
247
243
609
7
42
87
1531
9
236
6363
2
2076
10698
9
1728
54
3
718
11
0
5607
2
14623
5156
16
7887
2964
7
3703
307
29896
14826
29897
19
152
69
0
920
90
821
9
14248
4085
7
0
502
616
2
563
4409
267
3
5
7959
200
9
272
2
1579
5156
16
221
46
32
105
379
6
176
71
2
5797
5156
16
294
502
107
7
0
87
9
272
1
25
18
5556
38
233
0
4238
17
0
81
333
379
6
48
1531
9
236
3
165
2
7437
5156
16
4025
866
13
2301
31
6298
4085
7
616
2
1711
5156
16
40526
9
40527
11
0
3581
23
44
312
0
1344
311
28
5
456
9
2061
2
139
71
25
10
3939
14826
38
2417
19
1921
24350
99
103
0
4531
6
502
18
616
28
575
3329
2
5966
5156
16
1529
880
11
502
307
15
2706
10698
13485
0
13025
7032
45
3949
5
28158
303
20
16351
7
0
5556
616
56
162
54
9
12
9
54
2
6562
5156
16
15
3581
143
5
8902
586
23
14488
16352
13
2301
31
29892
119
29890
4
24346
33
204
103
11
29891
4
18207
7619
2
4529
5156
16
5556
143
216
27690
23
2396
29889
13
2301
31
40528
14826
2
1913
5156
16
15
324
6
5
11570
6
64
7570
13
37
29898
323
7
3703
2
1461
2549
33
98
3799
3
154
0
667
2
3699
5156
16
788
373
28
5556
311
307
40529
24346
2417
19
93
9
15833
456
9
2061
312
0
18158
28
575
3329
55
2
4230
5156
16
2076
10698
13
2539
54
3
718
11
0
594
2
15
3553
1110
12
216
24351
90
2425
7
4
248
19
303
2054
2
4598
5156
16
40530
29887
20715
629
29886
1
119
16354
20712
496
103
11
2247
29899
20470
2
4740
5156
16
9773
4095
3185
22
3
19
335
30
1474
614
17
19
19
194
1362
174
248
226
1189
55
6
0
9774
86
416
2
65
1046
4615
3
0
87
9
272
2
2622
5156
16
5762
307
5556
743
7960
0
667
56
1394
1067
29888
177
18
19
456
2061
7090
165
424
0
502
737
2
713
5156
16
52
18
118
40
12
2059
11
178
379
4
3573
10698
13
1298
0
5556
1480
80
6182
6
744
17
19
3057
4
13315
2
563
2706
1045
28
0
3553
2
3107
5156
16
939
5
1295
28
502
2
12520
2076
10698
750
5
1338
389
94
0
93
3210
90
3851
5
1842
99
11
18208
9696
7724
102
2
4658
12
2
15
335
29
213
9762
323
311
7
11012
3703
2
191
23
22
3185
12234
0
1486
17
14828
1
2678
1
4085
1
14459
1
9500
80
627
12
2
14830
1239
2554
16
4095
3185
46
29
3999
3603
159
69
0
2657
471
39
14
1124
2
29900
5556
29
592
0
4238
243
45
502
1735
0
906
991
0
12253
2
29901
2688
6
1486
2
14830
1239
2554
16
502
29
309
3
233
29902
7
0
81
259
379
6
0
525
1
45
4903
20
272
9
71
3
16352
18
1872
11
5556
2
1627
5156
16
20716
307
16353
496
373
3
24323
11
0
5607
45
19
838
1921
13
2054
15991
31
16351
2
2297
5156
16
20552
2
3514
22
14
1
16353
3177
5
456
9
2061
1314
3329
28
616
45
80
13574
73
22492
13
5
1245
1921
14
16351
3146
17124
2
2297
5156
16
15
2849
29
309
3
1048
42
24273
7
0
5719
2557
6
0
87
9
272
2
15
5607
29
5
2323
2853
31
20712
2
775
5156
16
1461
2549
33
2036
3
2973
277
108
7
0
9775
2461
5073
20
0
638
45
48
30
74
40531
0
476
5784
549
0
640
38
29
74
1141
4916
2
2125
5156
16
57
18
536
20
0
638
48
13
502
18
87
1531
9
236
229
6
0
20717
618
2
3185
8
243
233
13368
7
4757
3
0
194
29902
5556
9
38
233
194
67
7363
7
2389
2
966
5156
16
502
2254
42
87
536
9
615
880
6
0
525
17
2076
24347
4
13574
234
1265
42
1989
2054
31
16351
7
2319
8469
2
896
5156
16
5556
18
616
10
5618
7
0
390
3562
6
326
23
0
5607
43
680
3
143
5
586
2327
90
0
1872
17
1424
3267
7229
0
900
20713
2
928
5156
16
1925
16352
3945
5
22676
303
28
316
3329
55
14
1881
4025
866
23034
2
793
5156
16
1529
3465
11
40532
20713
38
11658
49
17
5
1969
6674
709
2
414
5156
16
502
29
42
87
303
6
0
525
17
24348
3942
28
575
3329
50
16351
4808
184
11
5
2323
2
406
5156
16
5556
29
309
0
4238
6
0
64
2549
4
773
0
87
541
7374
11
502
17
16354
20712
2415
10177
549
0
920
45
1129
3
514
5
303
184
2
870
5156
16
5556
313
0
87
2323
6
0
525
50
13
2853
31
0
2849
11
5
4487
7
2
399
5156
16
5556
2947
5
456
2061
69
0
920
50
13
8933
2054
31
4025
866
2
463
5156
16
13574
3485
16353
609
45
21
9683
3
742
0
873
549
0
5556
920
2
104
352
9762
2
8166
63
3
226
55
17
1179
10177
1433
2715
23
21
3300
19
243
55
11
42
87
1531
9
236
6363
6
0
236
2
2307
18
0
2935
44
352
508
20
2
1179
10177
19500
502
12
19
505
3
5556
39
398
4
5
272
82
184
28
0
288
2
139
10
0
1965
14
10
1413
3
1342
39
19
356
3
0
5607
23226
11737
16
4317
866
1
1868
1
20713
1
10177
1
475
1
2637
1
24347
1
13574
1
24348
1
16353
1
23842
2
7186
16
4085
1
2678
1
10698
1
14473
1
14459
1
14828
1
29894
1
3390
1
9500
1
2812
866
1
9696
1
3267
2
3514
6833
5
535
1125
49
262
0
1078
6
2331
2126
1
502
33
99
7
684
4
66
73
1405
42
87
1531
9
236
1965
495
17
3314
2
15
5607
33
7
684
20
5556
3
2061
9
103
42
8928
11
0
20717
236
1
45
33
340
156
6
42
535
8123
11
42
919
3
3703
2
1179
10177
46
1394
0
5742
288
127
19
179
174
12
19
505
3
3703
1
23
4095
3185
1701
5
243
20452
4439
87
9
174
1657
17
49
9
4
9
627
2871
2
26
502
2548
103
1531
9
236
618
17
5
314
9
275
1513
3
5556
26
1179
10177
12940
37
7882
5607
243
7
3703
26
5742
288
43
340
156
6
42
111
535
8123
26
20718
16353
116
19
502
505
39
1952
1331
3206
26
1925
16352
210
5556
69
0
667
12
40533
26
4430
3573
18208
9696
20719
1006
7
200
272
26
29896
14826
1243
4095
3185
8
243
5
768
17
5
8996
1845
616
7
709
9
71


