144
24003
4196
293
16
29460
138
1
870
359
151
291
287
16
39678
138
1
870
359
151
57
30
40
67
85
1887
82
150
0
864
959
3
1018
37
18044
8977
794
12
299
18
13490
2
89
209
408
1297
6
1971
1721
455
17
2297
1633
1
146
5805
1
64
2041
4093
4
5
20483
1
7921
5
1896
7
16219
1
2283
2
15
3499
58
29
40
0
3364
6
14711
11
8698
1302
4508
23
3945
6
39679
1172
28
0
1099
9674
42
8122
2
14447
39680
307
65
864
833
4093
12003
5
1896
20
18045
7
2283
9580
6743
16
6294
6
1721
7921
0
1896
455
17
2297
1633
1
146
5805
1
64
2041
4093
4
5
20483
28114
5184
16
15
13
0
87
71
864
1721
29
2306
319
5
1896
7
0
255
89
416
28
91
5
645
833
12
0
2698
6
5
39681
4953
1
48
10
5
2555
550
2129
11
0
864
765
2
15
81
71
864
1721
2087
12
257
5084
10
120
0
3407
6
20484
9
61
330
23
0
8
81
4953
6
299
8
9
7
20485
2
1287
18
2129
22914
0
87
71
864
1244
29
2306
319
5
255
1896
1
39682
0
388
9
2517
1011
9
1012
197
160
4
1466
7
0
2115
6
0
468
1480
10061
1204
31
292
524
4
1127
9
519
5083
3995
2
15
4810
794
2087
20
18045
1568
7
16219
1
2283
1
50
10
196
9
1115
31
864
5801
6
868
120
0
390
8571
1669
2
6863
386
16
15
550
2129
496
39
299
4
1010
1204
5
1480
10061
7
468
5946
16
28389
1246
1221
12
0
1896
39
5
20483
696
88
9736
120
0
2129
8071
11
1111
16
139
548
58
29
40
5
4104
11
8698
1302
4508
38
444
19
142
6661
299
18
13490
15
20124
2041
2066
1814
1
29461
29462
1
4
97
1064
9
3924
16220
29463
1
29461
24004
29464
1
4215
5697
55
7
0
39683
28
314
826
119
1367
29465
7
0
3736
5338
9346
2
1336
515
6
0
4953
1
5
864
18046
3595
22
16
8
2143
0
1633
4
1760
23651
1
319
0
2041
4093
4
5805
1
0
1721
46
722
17
15936
2966
1
700
550
1
495
514
5697
4
833
733
12
18045
2
8
139
1084
6
19342
13
5
2555
880
11
0
24005
39684
6
0
864
14712
2476
39685
13098
16221
0
29462
4
0
24004
29464
3
4306
234
20124
4
2146
2101
2
8
334
42
764
12
0
884
1742
1
0
19458
4810
794
46
1024
3
0
8601
2746
4
0
2119
3837
1
113
44
46
154
196
7
37
846
1064
9
16222
1012
90
2229
1411
2872
2
5730
4
1309
16
15
1721
175
196
7
700
550
1
495
514
5697
4
34
3
1046
37
833
733
20
18045
1568
39686
24006
39687
16
15
8977
794
444
0
132
550
20
0
18045
1568
7
16219
1
2283
1
50
10
196
9
1115
31
864
5801
6
868
120
0
390
8571
1669
15
81
71
864
1721
2087
12
257
5084
10
120
0
3407
6
20484
9
61
330
23
0
8
81
4953
6
299
8
9
7
20485
2
15
4953
10
0
951
6
864
1495
39688
39689
1
38
34
16223
5
105
9
39690
343
12
299
7
337
6
2368
3584
182
39691
39692
2
924
1244
58
1018
7
299
23
5
39693
1921
1
119
0
1248
265
58
1018
7
1488
2
657
1245
1431
4
29466
9071
64
6
0
1244
1
0
439
1
3646
20
2041
7
970
4
12512
12
2140
1
219
515
2
15
4953
794
29467
6
12130
1721
28
0
2532
6059
39694
53
15
2363
6059
51
182
0
5887
6
2368
513
11474
1392
7595
1
3984
6
1743
43
29468
2
39695
12
146
864
10881
182
0
5887
6
18047
4182
9
4879
29469
1
7595
18
1244
2087
20
39696
5365
339
20484
12
903
488
2
9915
2041
8193
1047
94
5325
0
29468
1
169
6
1743
12513
3
19572
1137
12137
2
15
2600
1721
43
649
31
5
923
16224
304
6
140
2034
257
29470
1
19595
4
16225
182
0
5887
6
375
3857
1
10944
17701
29471
2
334
3765
9737
17
0
487
14257
1390
4
1302
29471
18
1244
12
928
488
1
7595
10
680
69
37
14713
9603
31
823
488
2
4000
1
0
257
1397
64
6
0
10600
18
5411
1
5
23535
4
5
39697
2
997
80
48
1
29469
959
3
505
3
1010
2
26
864
8
4953
8
6
5
1896
7
16219
1
2283
1
10
5
550
2129
26
6294
6
1971
1721
2087
455
17
2297
1633
1
146
5805
1
64
2041
4093
4
5
20483
26
674
71
864
1721
16226
299
10
0
3407
6
20484
7
20485


