144
2123
28656
12139
4835
47
7109
1126
12
3719
238
76
32
77
647
230
39
5
891
22
0
4988
34
1654
18041
4
6173
63
25
7
0
899
372
2
15
3096
2155
224
480
4835
901
37
72
25907
4315
758
696
31
1036
559
839
32468
32469
12
5
32252
2
68
1610
18877
47
5984
1881
4835
1136
12
4766
14338
1
0
1468
6
32470
1
0
747
24094
839
50
30
5
7210
1062
7
3719
238
1
3
46171
12
19
6839
2
101
1685
16
12139
4835
18
7109
1126
12
3719
238
76
32
77
647
230
828
4666
16
353
9076
6105
5722
137
17
4835
39
0
1036
14458
19
439
993
14338
1
38
4556
3739
7
270
1
10
311
1637
19
13624
12
470
166
2
89
998
373
3
59
78
3314
14
120
8920
1059
4
4091
992
397
418
1103
464
2033
59
3
267
4835
47
9984
2
35
139
171
29
40
3900
17
20
568
697
187
46172
22
54
168
9
1284
1416
12
641
6
9060
2
35
57
30
389
12
253
189
4
25
1026
4766
3
465
17
25
1006
2
12139
47
1056
13
32471
14338
30
40
6192
3
7240
4835
1
8959
1
114
21
30
389
0
656
86
4146
9
97
1717
5714
13
72
9237
9
4
92
13
5078
1162
38
76
154
77
1006
2
828
0
2829
33
7
19
853
7
4982
1
160
2
372
276
16
4835
1
214
323
20
5
841
770
7
4998
421
48
70
1
902
259
82
7
1034
46173
94
5984
7
372
834
6
0
6597
6500
1
68
1610
18877
22
16
35
1544
371
18878
11
0
10477
6
71
4
68
4835
47
512
1
24
322
4153
14
24
325
25
3418
3
5089
59
23
5
13145
62
25908
2209
2
35
15
3351
43
5
16807
2
135
43
116
114
68
4835
34
2794
69
5
10112
2522
17
570
25909
7
417
1557
182
50
570
25909
10
3
32
10159
11
21191
0
1078
6
53
1036
1276
51
46174
47
4390
7
0
3719
238
304
3
5
7303
5497
3
68
4835
53
18879
46175
4835
76
225
49
3
259
82
7
1034
112
21
13
115
578
6
18041
7
5
1020
186
7
1089
1
113
25909
30
369
40
1311
3
398
9
4
9
5
9
272
82
7
1034
11
3038
0
279
2
387
644
13
434
3
454
7
555
2
3801
6
37
3796
218
4835
10
562
23
41
8
13145
62
25908
8
31
68
1610
18877
4835
78
3314
12
470
166
16
35
24
29
100
961
458
24
1994
32
2792
2
281
0
1103
354
24
719
6173
4
812
121
3
165
1
123
14
13
110
24
58
84
2
24
58
699
165
12
95
1281
2
35
24
107
141
4051
3
0
186
2
24
78
0
2883
2
15
891
79
107
141
177
25
14
152
2
35
89
158
112
24
107
4051
4
10
15066
1
24
29
91
500
5
14271
205
431
11
1314
82
2
788
459
171
141
24
1256
12
218
57
47
656
23
46176
17295
278
16
4835
78
3314
25
13
3591
458
21
46
32
2792
46177
16
15
22798
9
83
2094
21
107
41
4051
7
186
4
890
25
13
8
656
23
3685
8
3332
4
94
16
4835
30
369
413
37
72
25907
4315
758
696
31
32468
32469
26
12139
4835
18
3719
238
9984
76
32
77
647
230
26
3719
238
782
1654
18041
4
6173
1
131
899
372
891
26
46178
226
39
4835
413
72
25907
4315
758
26
3370
464
1441
11
32470
782
4766
14338
3
7240
4835
26
4835
902
259
82
7
1034
112
115
578
6
18041
7
1036
186


