258
4577
2905
3968
14567
8720
87
3431
3945
57
1579
4224
9
14549
47285
27391
104
594
3595
58
1511
1284
14
506
27
119
9577
9
1893
7721
330
23
14
376
515
183
65
1579
47286
24
3092
13
1359
4935
24
47285
27391
505
237
632
27
1539
449
18194
57
24
1871
47287
13896
23
24
4744
5
7144
9326
13
1359
4935
542
64
14
5703
8303
27
119
819
278
2859
47288
542
133
27
119
47285
27391
61
289
47289
61
288
14
124
7529
34
14567
8720
1348
358
288
4934
23
891
27
842
358
288
244
64
758
309
64
14567
8720
105
773
27
521
159
34
522
14567
8720
87
3431
3945
57
1579
4224
9
14549
47285
27391
104
594
3595
58
1511
1284
14
506
652
24
1533
16210
4518
3092
99
244
5209
14
1805
76
1864
119
3584
149
22653
23
405
9681
61
76
32
1490
9656
13
542
64
47290
47291
27
1447
663
87
405
5299
449
122
47292
42193
61
76
14
1478
3023
373
1057
18642
14552
27
251
1478
3023
57
2129
37
27391
61
91
16060
61
99
14314
14552
652
24
3269
13400
1511
27
47289
663
369
47293
61
4277
449
2947
47294
34
14
1478
3023
61
4982
76
14
2947
47295
34
1551
27391
27
143
183
37
7724
1720
1864
288
832
496
53
24
27391
4224
23
14552
27
14567
8720
330
47289
1129
14
1245
2745
57
47296
13
2297
405
4965
2
361
21256
91
24
33692
123
34707
27
119
4699
57
24
9525
8720
61
502
37028
14
9525
32307
61
87
2276
3291
1454
647
8940
3952
2778
13725
4444
510
14567
8720
1857
156
558
842
24
1565
638
45
278
8151
23
3595
6532
24
2187
1411
47289
5
1551
27391
27
187
37
144
32
57
24
47297
91
14567
8720
647
8940
3952
2778
13725
4444
510
183
1857
156
558
27
5298
9288
278
3866
24
4699
57
24
9525
8720
61
502
37028
14
9525
32307
5
14
864
24607
14567
61
502
87
11612
14
47298
76
1413
47285
27391
2339
185
908
27
119
4759
278
244
1521
3327
1193
124
3197
21574
104
14
227
1348
7768
1006
9
1449
33822
369
5557
27
162
24
2107
5769
61
3197
104
3375
3595
23
24
4744
5
7144
22334
47
144
47299
4807
27
1134
632
61
14567
8720
39697
11692
663
4934
24
4699
57
47300
47291
34
14
3373
227
27
119
1565
330
183
3793
33
24
1005
9
3394
4831
23
352
13
5100
183
1850
4166
27
246
119
7721
87
3431
3945
57
1579
4224
9
14549
47285
27391
104
594
3595
58
1511
1284
14
506
246
47289
288
6581
13
107
14
4396
29519
34
14567
8720
1348
358
288
4934
23
891
61
40
358
278
244
14456
1864
246
26035
1099
278
100
334
1190
61
104
2947
47294
34
14
1478
3023
358
288
47293
1284
1551
27391
104
2947
47295
246
187
37
663
7724
1720
1864
288
832
496
53
24
27391
4224
23
14552


