258
1111
1112
261
262
46498
264
61
2431
1072
558
268
269
262
46498
264
61
2431
1072
558
31352
4508
7894
32008
23
122
80
28975
61
1232
3283
34
24
55
227
902
27
8920
1142
8151
57
14
30586
4382
2381
13
3078
32008
23
24
11328
57
14
46499
9
334
5424
1252
42323
515
1910
2845
5720
494
495
27
119
8287
10677
24
55
227
32008
9
1030
4708
278
100
1142
23
2749
46500
25070
27
543
1579
80
35895
5
1011
2710
402
2750
61
24
46499
516
278
100
10194
57
20432
594
622
2621
25070
1185
28114
13
7683
61
40
237
3396
6348
149
24
4393
593
57
334
32008
9
1030
4751
2617
46501
38551
14
16847
104
24
1956
57
4505
76
24
4224
11328
57
24
39785
46499
251
77
2
4505
1956
8461
14
2804
2669
57
24
46499
46502
4533
2
24
3959
46500
1272
61
502
149
1142
23
39785
61
10936
27
119
533
9770
402
6011
105
14
1581
35888
9
1030
219
61
14
4539
6512
61
28664
9
1030
1816
5
1413
1590
35276
13
23311
183
218
1229
27
187
99
80
35895
5
2750
1011
2710
402
9
10194
57
20432
594
622
25070
1185
28114
13
7683
9
40
4508
2
334
32008
9
1030
4751
61
358
1142
27
1134
1515
1579
174
11328
6206
13
23177
61
46503
1579
4224
11328
13
32
83
27
119
36806
87
391
13
278
4508
76
24
4382
34
494
64
646
369
10677
185
24
10532
57
24
4224
11328
575
24
2750
2
24
619
11328
1855
123
3066
27
2617
46501
38551
61
57
24
1956
57
4505
61
129
8581
24
9932
61
330
262
1687
162
24
1271
880
515
20215
5472
2533
46504
12796
61
237
2033
17058
10087
334
46504
11328
61
5
7639
76
525
27773
34
405
227
27
1687
842
334
46505
40767
185
24
11328
2413
515
104
405
227
24
11328
44043
5
2075
5145
27
1687
543
14
2043
11328
61
24
46499
516
45
278
100
644
13
3076
5
515
230
1757
2765
11
13
525
46506
251
582
1344
91
1232
104
24
3733
99
1142
8151
57
14
30586
4382
2381
13
3078
32008
23
24
11328
57
14
46499
61
334
5424
1252
42323
515
1910
2845
5720
494
495
1447
369
1793
8151
13
3084
24
9932
149
57
334
2033
5784
61
129
10087
24
4382
64
398
57
24
10504
2532
9
1030
3096
5472
27
119
46507
1581
2146
5
46508
25559
14245
3084
12221
61
655
183
87
391
13
107
5784
652
1579
25559
16220
87
2471
2330
27
46509
369
648
13
278
100
13462
1185
46510
14169
61
3066
185
2587
61
29960
5
622
2621
25070
40
516
663
278
100
644
13
46511
27
691
288
104
24
908
57
122
1449
33822
818
516
503
278
105
13
29953
445
2367
2
622
46507
27
3809
6720
46512
61
14
24261
185
24
3634
61
359
262
1687
727
718
850
1508
5350
57
26652
23
2797
2609
61
1155
64
35901
1185
26330
28669
5
1508
2609
718
5429
34
494
64
402
64
358
369
373
644
13
3076
27
1687
842
183
1393
107
7894
27
8682
515
24
3430
28664
61
46513
6370
2
17048
35893
37
25132
61
149
6581
13
278
105
14
46514
46515
46516
23
46517
27
42343
61
24
399
515
221
38722
43
1403
692
44
1510
14555
23
39840
27
246
2845
5720
506
2033
331
46499
331
1046
8151
57
3582
246
9149
227
4751
99
100
743
23
46500
25070


