258
2006
10755
261
262
31634
264
61
741
266
1268
268
269
262
31635
264
61
741
266
1268
251
12999
2421
3818
3319
14
1413
9
506
9
2033
730
1348
54
31636
12999
28769
89
24
33
57
14
485
1536
23
14
13000
1757
27
7714
30106
61
2591
61
149
1914
54
31637
104
1579
15390
1890
57
2310
2288
7404
484
215
2339
89
23241
14752
185
24
31638
13000
438
31639
61
1926
27
742
12999
8588
76
14
2303
31640
61
3223
183
31641
1853
24
437
89
14
2261
20286
185
24
1131
2345
61
1775
31642
31643
61
57
14719
61
1202
3248
61
76
2390
219
947
27
4429
262
7714
30106
69
700
71
61
2591
61
57
3361
61
11824
5
10521
61
149
1914
54
31637
104
2310
2288
185
24
31638
13000
438
31639
61
1926
61
7404
484
14
1719
515
1745
31642
31643
69
174
71
61
1413
5565
622
308
288
663
2352
23
24
1719
1411
31644
31645
5
916
57
24
31646
31638
104
31647
185
4824
2154
61
31648
502
1850
24
13000
2396
34
1533
1284
190
4615
27
30106
61
57
3361
61
11824
5
10521
61
3249
3250
1286
897
91
1169
1914
61
3091
215
4508
2
2371
31649
25138
61
502
2150
215
149
10776
104
24
227
57
24
1719
27
842
215
147
4073
54
11571
13
3253
1348
215
3469
104
11968
3222
943
27
119
4274
9
9497
8151
663
15682
5113
13
1454
2
24
810
10415
13
24
6666
10415
23
3023
13
1790
24
1757
9
502
30106
663
7983
7206
27
3226
5078
31650
330
215
590
1687
709
31651
13
24
8151
1185
24
12595
10123
206
57
158
27
396
330
262
1687
187
149
2356
227
5
104
24
227
808
30106
149
1914
14
7402
7702
1576
61
183
149
334
31652
12999
27
2742
185
515
2364
57
13000
288
808
5
589
31643
27
1687
691
288
1951
23
14
2303
31640
61
14
308
2745
4034
61
5
23
515
1576
288
122
272
349
31642
27
579
149
1461
23
24
31653
438
83
7208
27
2332
262
5565
622
308
288
663
2352
23
24
1719
1411
31644
31645
5
916
57
24
31646
31638
104
31647
185
4824
2154
61
31648
502
1850
24
13000
2396
34
1533
1284
190
4615
69
394
467
71
1687
119
6576
4633
89
24
1580
57
515
1576
5
64
14
3340
57
158
20347
76
515
1576
183
149
7345
89
14
20286
104
24
83
57
24
437
27
1687
143
4538
24
1413
9
506
9
2033
318
31642
61
167
361
319
13
320
76
947
61
1077
147
515
1271
296
57
10616
14
4238
219
60
502
149
1515
91
515
9479
27
331
808
30106
638
45
1550
1193
2175
64
14
3340
57
24
31654
8151
10015
158
57
496
149
47
206
27
408
639
24
635
730
1077
5
24
384
57
897
149
24
9479
502
24
11376
377
808
30106
1515
331
5078
31650
61
10955
1687
17378
515
2364
57
437
185
515
257
646
105
100
2276
315
61
628
1014
183
149
405
1150
57
366
1757
40
183
105
1515
14
1199
47
23
24
31638
1981
27
1687
7860
57
515
315
24
27950
31655
288
361
12284
13
365
1123
24
1890
57
14752
5
13
13667
14752
57
24
2536
206
27
1687
1447
149
14
2424
2288
1890
9816
361
1253
13
14752
5
24
31655
288
171
515
14
10415
206
149
2396
5
34
14752
13
1454
2
10415
32
13
10415
316
1348
5309
13
1018
818
27
1687
808
30106
638
45
1550
1193
2175
64
14
3340
57
24
31654
8151
10015
158
57
496
149
47
206
27
408
639
24
635
730
1077
5
24
384
57
897
149
24
9479
502
24
11376
377
808
30106
31656
30055
262
11968
3222
943
69
324
71
944
30106
7206
1793
8151
185
1065
13000
31655
10015
57
14
366
9479
321
206
5
8841
542
13
1608
104
14
15390
57
2424
2288
119
2959
944
24
31643
485
105
100
1914
82
13
14719
58
14
485
416
37
31657
5888
2222
24
257
484
23
16464
61
1202
3248
27
162
14
376
61
31642
912
2255
31658
31643
61
129
149
1914
61
330
262
1687
408
174
24
2222
104
449
31659
27
628
639
31642
149
536
525
18727
27
31642
149
1461
23
525
20974
7208
27
1687
628
132
47
23
707
810
25633
5
935
628
944
14
31660
2
1778
27
628
1850
14
12999
2467
47
821
182
1778
846
23
10415
316
27
331
628
44
850
14
31661
57
4089
185
525
28143
5
525
1009
288
811
3098
27
579
3469
13
278
709
5900
174
23
525
331
31662
31643
61
571
57
31642
1687
628
2193
628
4995
13
444
868
2
183
818
628
1865
13
24
174
13
444
868
2
24
12999
27
2249
7404
57
5049
237
12999
183
1805
612
1536
2
1778
6417
612
1536
445
24
437
89
24
20286
27
1687
628
285
13
31642
55
61
628
184
525
219
34
14
2549
5
330
31642
27
579
638
45
377
1407
61
926
144
906
2237
27
628
5910
1083
31642
37
219
218
24
33
57
24
2339
3036
27
1687
364
2282
650
47
13
846
5
510
846
868
2
24
348
27
628
149
319
13
320
5
24
4047
750
846
31642
105
31663
31642
37
571
61
31662
31643
61
359
262
1687
628
44
850
14
31661
57
4089
185
525
28143
5
525
1009
288
811
3098
27
579
3469
13
278
709
5900
174
23
31664
31665
2960
2
30106
37
12999
288
5725
5
2057
642
215
149
1951
104
54
15390
1890
57
2310
2288
27
30106
149
16504
5
1599
13
4699
13
2959
185
266
666
34
6468
1102
610
369
1103
13
1104
1105
34
1106
1107
27
246
7714
30106
61
57
3361
61
149
1914
31637
104
1579
31666
1890
57
2310
2288
246
31642
31643
61
57
14719
61
149
1745
23
1926
1719
23
31667
555
246
30106
331
7206
8151
185
1065
31638
31655
10015
57
366
9479
331
246
31668
3250
1286
897
91
1169
1914
586
215
4508
2
2371
31649
25138
246
396
147
4073
54
11571
13
3253
104
11968
3222
943


