11160
46852
3022
46853
972
99
289
34
3288
2487
23
24
30045
13
4030
24
4031
57
4238
60
27
119
30045
369
18912
76
3288
5746
9
8933
122
15842
2
2213
146
13
2978
146
9
256
1400
515
110
369
361
18
9
2469
27
842
972
5224
515
87
45
24
5579
61
76
24
3607
2394
34
8896
192
61
1537
1284
3288
192
61
13
1505
24
1190
27
11160
46852
2237
46853
972
69
1656
71
13844
75
26129
46854
2237
46855
46856
69
2779
71
11160
46852
2237
46853
972
17654
2
24
12723
75
24
26129
46854
331
2181
192
87
1511
46857
5
1511
21104
5
704
515
61
40
104
24
1029
57
24
257
610
1028
13
2648
24
5398
61
5
24
5398
87
24
110
61
331
972
750
40877
46858
6424
27
331
816
4310
369
361
2352
652
646
912
818
3096
192
61
610
847
1013
2645
183
104
14
175
1191
27
331
396
359
262
331
119
146
1018
1013
1020
1407
27
408
44
2502
46859
192
1222
610
105
13
27
5340
723
738
133
5
2502
185
24
674
183
1308
1013
710
1222
723
2354
2505
2010
146
1185
2424
146
27
5340
723
2502
183
1410
14
24947
185
851
1816
27
331
842
21593
15327
3695
6092
6196
18551
76
972
61
15838
515
10886
110
855
8896
13922
13
450
1284
3607
2526
110
61
129
278
100
7025
2612
75
24
402
9
4522
4362
15804
57
2505
7150
8162
27
331
628
1689
2505
61
331
6196
61
129
1094
988
24
15941
46860
61
750
29204
27
331
816
628
149
244
2505
13893
192
61
628
373
516
696
100
2505
5958
2359
652
515
37
24
603
34
24
2544
628
105
27
397
14
136
61
628
604
648
13893
192
149
334
1190
27
21593
15327
3022
6092
6196
72
58
9535
24
22016
46861
13
81
24
30045
5139
23
13444
6092
6196
5224
24
30045
36
2831
45
107
46862
61
23175
13
972
331
1400
331
842
1222
515
37
496
358
1028
13
1018
61
610
64
3089
5
110
718
23171
183
5
4174
449
183
27
842
610
1825
221
1511
3225
64
3707
27
1831
358
2472
13
748
47
3225
13
2502
8896
192
778
1031
37
24
5218
61
652
723
847
244
221
24
1271
1479
57
3225
2505
8896
192
27
331
187
37
45
1030
2526
27
408
1018
244
2236
278
13
5336
449
24654
5
405
57
24
5704
1187
515
2526
110
2528
76
58
358
18250
27
331
246
6092
6196
18551
76
46853
972
18
24
4918
246
6196
1196
515
10886
110
1018
45
855
24
1271
1191
57
5704
1187
64
3607
2526
110
246
119
30045
369
18912
76
3288
5746
9
8933
122
15842
2
2213
146
13
2978
146


