144
1194
18802
674
3467
20
47077
3802
12
16281
488
190
47078
921
3
2085
94
12
0
2078
403
6
5926
11
5
1455
132
209
1
23
519
7040
2109
3534
49
19
1916
3
210
94
5
952
10399
127
19
1919
2
956
1721
157
3428
47079
1
4074
4
1977
3807
3
922
6673
397
9
262
437
18
4351
7403
6
1887
4
0
7115
49
5
9436
701
528
4
64
1699
32434
2
1287
18
8085
343
224
23
1198
2437
564
12801
9292
806
7
11736
3
1118
2109
3
3065
1678
3
688
3
267
0
10399
2
297
94
11
167
558
20136
16
25901
900
7
0
25902
6291
5
1023
911
23
2109
18
1919
13740
97
6057
12
3358
25903
16
32459
701
5978
4
1170
29
40
312
31
16210
4
1977
1158
514
23
0
6057
31
2109
18
1244
1575
9089
2737
16
15
1944
22
15100
2109
10
1408
0
32811
3
4141
2
3626
323
33
0
819
6
13819
31
0
2078
2530
7
0
32460
6066
7
5926
9292
467
0
54
9
132
2243
31
1191
2109
14
3549
931
3889
75
3
8
495
7
3235
4
12969
8
2
52
13
364
23
324
16
8
2866
1077
6
274
264
392
32
1591
6
19
1016
6
2267
2
308
33
1591
6
11734
2
57
13
7
136
3725
11
3889
22549
3
495
7
3235
4
2522
2
8
15
3176
206
32
2457
3
12158
2109
3
154
3144
3
267
485
187
6
9771
50
148
6
0
172
10924
3451
12
19
394
2
1304
30
22
2109
18
5055
392
61
1016
2267
11
0
1282
2
318
703
496
230
39
2078
7256
1304
4
1044
19819
5
4451
20
0
250
4640
14
58
29
5217
0
6057
12
16757
4
180
12
59
3
1833
125
6
19
3064
3
19
2496
2
15
2078
394
34
61
3040
0
3889
951
23
6175
7
3285
3882
2
18007
2954
16
2109
18
1511
175
3
0
1777
3
2954
1198
2437
564
12801
9292
209
16078
16
2078
519
7040
2109
53
93
51
477
2243
17
1198
2437
564
16805
9292
53
122
51
7
5
1228
3
688
4
16806
0
14795
1282
21690
16
7423
9
2078
1919
1511
2492
182
5
676
1198
2220
116
28
8596
3
7137
12
0
4974
1444
1198
2437
564
16805
9292
751
564
292
524
209
15716
5
935
6
0
577
2540
1153
3
3065
0
26034
1081
7
1434
2
15
935
224
23
846
1809
1585
467
147
12
5
111
726
6
6195
127
0
3381
5790
264
1
539
3
32
1301
12
488
918
2
387
76
675
5
12294
12
1434
18
1647
1276
4442
4
5
1275
12
2383
7
5111
47080
2
10027
6
0
32461
935
1
2437
1027
1392
4776
12376
4955
12
8616
262
1304
4
1044
18
16398
6
5
250
4640
4451
1093
3
267
519
7040
2109
18
4351
6057
12
16757
2
9292
10
4812
31
5
4974
23
25
1130
455
0
47081
47082
543
5
1099
6
2109
1511
38
574
49
3
3809
12424
11
3549
18
337
2
238
8072
1
10254
9
83
47083
47084
1
22
16
8
24
322
323
3
2928
1304
11
97
938
7
0
225
6
0
172
3532
127
1434
2
8
24
2080
0
20741
3861
705
32812
2
8
15
943
193
6329
150
359
411
98
2050
20
67
85
25906
2
2625
161
44
33
1259
8
4854
8
1912
12
47085
4
47086
0
264
2
6242
1999
9
5182
1
37
8255
7
5926
1
22
16
8
15
25902
13
311
16366
12
25900
32813
2
8
65
1195
469
3
124
7
92
48
415
45
24
306
21
10
6089
2
8
221
13
100
3953
4
80
5266
17
0
6066
30
40
615
2
8
32463
55
16
15100
2109
22
36
170
2745
27
315
1
38
30
881
5
6057
12
3358
1562
7
612
187
15504
16
563
18496
765
937
2984
7
5
5926
1004
397
39
25
10
1519
31
16210
1582
31
1721
9455
3
1434
18
2899
1919
203
7
4226
29
209
432
64
47087
44
9497
6
9222
11
0
2109
1919
12
3358
464
3
32
19853
11
19523
2
1036
106
22
0
1969
2759
43
47088
597
12
5055
6
2109
2
15
1170
6
231
75
1969
6
18942
0
2759
43
91
3414
48
415
23
0
266
43
204
69
1330
2
15
1969
18222
43
118
1459
23
12619
9
83
16239
14824
9
65
1
4
5276
9
83
47089
47090
4801
607
22
0
4297
4
42
1161
9
260
10140
34
40
182
0
16120
6
2336
3256
11
125
71
2
871
1913
106
4
2336
694
43
553
7
0
4061
2
1434
1
5
1879
9134
1229
1793
1
30
40
150
8333
182
0
2810
6
0
2109
117
28
0
5205
47091
18557
1
37
19646
6
11582
2223
2
3549
30
845
19819
5
4451
127
1434
20
0
250
4640
2540
1153
2
5678
1999
9
32814
1
5
1113
848
6
0
3358
2078
577
1153
1
22
0
343
12
5926
10
3646
3
163
3549
14
2109
10
7
742
4
21
76
1850
268
19
877
14112
7
526
2
32814
22
16
8
2109
1026
3
233
989
7
376
6
0
14825
2
52
30
41
959
3
742
5926
150
0
5026
6
0
10399
2
8
836
14
21
30
214
14
21
902
100
541
1350
28
0
708
643
25
1088
14
21
931
3
1911
103
0
403
2
8
221
33
495
1402
11601
28
25900
32813
4
0
1030
172
73
177
19823
13819
6
4467
2
139
30
41
1141
59
2
8
191
3400
18
751
564
47092
29361
29362
180
0
2540
1153
16398
5
8
16754
8
2
21626
16
65
286
7
0
5125
9
477
403
6
5926
182
343
397
13086
16
5915
869
137
2673
7
5061
39
5368
28
42
1170
7
1434
2
135
34
1878
2198
42
102
1142
39
0
4930
9398
531
4953
6
1838
52
22
19
264
73
41
1065
8681
63
0
29422
7
1434
4
46
722
3
337
0
3889
328
1916
2
191
21
176
16
8
104
46
1291
5
111
5704
17
1142
14
938
31
0
2078
75
969
6
0
1919
2
8
57
10
41
536
110
1084
6
3144
3400
445
32
1329
2
89
321
1027
6
660
6634
2273
30
180
11
8
280
6
9962
1434
8
3
24093
4
4338
127
2109
18
1919
1
47093
0
686
5606
6
5
304
6
109
9
12343
4089
3
24202
4106
3
0
2078
3358
28
363
0
5525
2
3437
16
257
2437
1027
1392
4776
22
185
58
32
1646
3
0
4018
2241
299
22
25
58
1386
1984
3
185
0
3358
12591
2109
2
2437
1027
1392
4776
734
678
11
5
2781
17843
6
337
11
0
4018
4
22
92
10
8
100
2940
12
110
3412
60
73
987
8
2
52
1846
55
257
765
684
45
22
0
255
13
7624
3
987
8
12152
4113
8
1984
3
185
410
5125
1562
147
386
127
0
8
16842
8
1919
2
47094
3010
1292
0
1081
3
0
868
7
6619
2
191
44
22
299
46
2806
3
987
47095
4
1132
2270
4
147
17
3400
4
108
6875
4089
3
1207
4018
3
3579
2353
5561
69
1434
2
15
255
46
61
99
2541
846
1809
6195
192
48
215
1093
3
8
15206
0
1919
8
2
387
46
177
5
111
6057
12
2966
31
0
2078
2782
2444
4
8581
1024
7079
4
18180
11065
12
1919
694
3
3850
88
3
6968
2109
2
68
4776
3225
0
257
4407
3
1434
397
11
2243
23
1282
7904
311
1
50
3309
0
321
3
9659
80
97
9133
481
11
606
1425
2
15
321
8088
7
17913
30
61
763
513
2281
41
3
1024
3
1434
4
13
32815
14
3567
7
0
264
517
1006
2
15
864
1
2274
4
1775
1607
47096
29
61
22
44
43
14330
42
18513
3
1434
11
30595
114
6
0
921
6057
2
89
0
1142
22
42
47097
7
11736
58
1065
661
2
14061
2369
16
65
848
6
0
5175
2078
1539
3978
77
1064
9
1919
5258
1272
5
4966
7
0
403
6
11143
32464
16
11622
2053
12
0
1777
120
5
4966
7
11143
1
1434
101
5
565
3
0
2177
1
68
4776
15546
1304
4
1044
39
44
19819
5
5525
2540
1153
4451
9522
0
1282
2
1940
18477
33
4584
17
1304
4
1044
1
3933
14
44
13140
77
10037
7
47098
0
4451
86
25
76
41
32
32816
23
5
32817
3
765
684
133
4
44
170
805
3
911
25
2
68
4776
603
1304
4
1044
6
8
47099
0
2078
75
8
2
52
22
16
8
15
996
1029
7
1434
13
369
23988
4
13
7
5341
2463
6
14795
557
2
8
135
2801
3
243
17
0
2078
1919
4
47100
3
517
0
917
661
3
557
16593
31
88
2
135
107
86
119
519
2109
47
4074
43
47101
5926
4
9481
43
22973
0
1170
6
2078
4467
2
8
68
4776
22
0
2109
1919
73
41
3201
2
318
2650
33
14854
31
321
519
2221
367
1
38
22
0
2078
1077
18
4748
10
118
5
978
6
71
2
6709
9
1919
5258
326
21655
4
4576
5
9190
2220
120
5577
7
11143
32465
16
3031
1222
332
0
1334
6
105
75
1365
285
7
13819
12
32466
7
0
1647
4595
6
5926
2
52
78
2606
16
8
104
29
40
12366
7
2093
5
827
14
25
13
71
11
2109
3
47102
13
41
159
3
32
5
978
6
112
1
25
18
159
3
32
5
978
6
56
2
8
191
4776
78
1644
16
8
139
13
5
9643
1919
23
168
23
5
4594
1919
2
221
13
100
152
25
73
4456
97
9514
14469
62
17
97
220
75
2
8
101
5
1228
3
4327
1304
4
1044
1
0
255
4
108
1142
33
1329
3
1812
5
4451
9522
0
1282
7
0
5525
47
1495
9093
1
113
47103
73
41
32
157
2
15
255
46
61
14387
49
5
6531
174
182
3391
8196
1
38
13
37
14098
4407
3
0
2078
3358
1
3
8
47104
8
217
9529
2
15
174
46
147
3
124
0
2078
3358
1562
3
2990
5
1379
3086
1
79
23
4018
107
7
6619
2
68
4776
61
734
678
11
5
111
965
304
3
185
0
3889
328
951
3
267
0
9771
57
46
177
0
2278
1
0
3889
328
4
108
1142
226
386
3
35
1011
9
26070
13740
6531
4
2364
906
12
0
1919
1
4
3
4433
17
2078
3358
1562
1654
3
5
9962
26084
2
26
283
91
12122
3
429
10399
127
2899
1919
26
1198
1607
1449
4928
2109
7
11736
26
9717
3065
1678
3
688
3
267
0
10399
26
6673
285
7
397
18
9771
26
1315
85
25906
420
150
10399
467
7
359
411
26
292
524
4928
3
32467
257
1173
7
1434


