258
2039
2873
261
262
2874
264
61
1114
1372
1268
268
269
262
2875
264
61
1114
1372
1268
396
2876
334
2877
2878
262
2879
2880
61
2744
61
2881
946
1517
34
2882
104
14
1060
2883
61
2642
32
57
542
61
2884
503
76
2885
2886
251
2887
2888
111
2876
14
2889
2884
503
76
2885
2886
27
999
57
14
1060
57
2883
2885
2890
54
2891
912
82
2892
1011
149
2893
91
1793
2894
515
650
2
14
2895
2896
91
2897
2879
2880
61
948
330
27
119
2883
288
2890
24
2898
57
2899
293
2891
2900
294
61
334
2901
2902
2897
57
808
2880
61
1489
13
24
2903
2904
2905
27
1687
2906
2907
2168
133
104
14
2908
18
646
13
2909
183
76
2885
2886
5
237
2910
650
133
57
54
2908
14
540
57
698
18
5
2876
32
57
24
2911
129
149
2912
237
622
2913
37
2914
14
2915
2916
2917
912
2918
325
750
24
2886
27
808
2880
61
2744
61
2896
104
306
316
2919
104
24
2920
61
2642
14
2921
9
2033
23
24
700
2922
61
2923
174
2924
61
700
2925
61
700
2926
5
700
83
57
54
2927
61
24
2903
2904
2905
330
27
1687
396
2168
2893
2928
2929
24
325
330
27
1687
119
2536
87
358
288
45
185
54
830
2880
331
831
2930
5
358
288
45
2931
1407
13
54
2932
2906
57
24
2883
2933
2934
24
276
808
294
2935
18
64
2891
61
24
2401
2936
27
396
2937
13
2327
1517
75
2938
2933
27
2939
2940
24
2941
76
2942
2943
5
2944
2945
27
396
149
407
2
2946
58
866
14
2947
2948
2949
61
1489
13
24
2903
2904
2905
27
1307
2950
34
2951
91
2952
61
808
2880
2953
1687
1018
1013
2954
2955
5
2268
54
2956
159
27
808
2880
99
709
2957
2958
2079
61
1489
13
2959
2960
27
396
87
343
23
2959
156
2961
2962
2963
912
2964
325
44
45
107
2950
34
321
2951
27
119
2889
638
45
1470
1193
562
9
2965
947
2
24
2895
2919
27
246
2879
2880
2876
104
24
2883
61
129
288
45
185
54
2930
61
655
358
2885
2966
14
2967
37
1563
246
999
57
24
2911
149
1805
1793
607
91
2894
246
742
947
288
45
562
9
2965


