1754
5
247
3833
290
9674
5
13887
3
37
55636
442
567
935
5
790
11
0
128
87
71
1
261
1926
1712
9
50
277
2465
0
12665
1076
4872
12
261
126
18
902
9
29
40
15928
11
5
4977
2105
2
15
146
5732
29
40
4549
11
0
1214
35402
13423
6070
526
1
50
2384
5
5001
6
72
7730
1
248
40
4069
28
67
85
3510
31186
2
24680
11
0
2105
224
28
234
1421
4
4694
1712
45
261
43
4126
0
237
6
0
8918
4
46
165
12
1352
20
0
577
13423
8721
7
160
192
7
0
70
2
15
15189
675
9973
1645
2304
35403
9
9573
1
38
5881
5
4895
787
6
5
452
9
70
9
83
290
1272
5
13887
1
4
35404
55637
47
604
6
7880
3287
1049
21782
208
3
42
400
9
2408
47
15410
7
0
3652
6
7245
2
15
108
15189
17578
6
35405
35406
47
1818
6
5
304
6
247
75
28
15828
2691
5
1447
4
1645
292
27197
47
1926
604
6
19
442
198
91
2687
3
5
790
11
0
128
87
71
2
828
146
628
46
98
32
3426
3168
31
5
11115
2144
90
0
1426
13
734
12
484
485
2
8
55638
4
1560
8
16
6982
1645
35404
55639
1
630
4
926
7
25998
1
7245
1
30
40
15928
11
48
1076
787
6
7880
3287
1049
17
5
15410
8
55640
13026
7901
27197
8
16
160
9
428
1645
292
27197
175
48
2286
664
9
5567
783
6
19
442
198
935
5
790
11
0
87
71
8
55641
290
8
16
55642
2304
35403
9
9573
22
27
787
6
37
3833
290
1272
5
13887
10
204
3
163
129
25
1727
88
125
33737
6
3241
8
55643
638
8
16
35405
35406
1
38
2405
49
7
15828
45
98
630
7
160
1
22
19
787
10
204
23
196
6
5
1234
4475
31
0
27628
9
1323
5239
7
15828
4
232
755
6
5059
543
0
247
1390
2
828
0
1712
46
165
12
1352
20
0
577
13423
8721
7
484
26
2017
1712
29
40
2956
28
67
85
3510
23
15189
11
5230
1214
35402
13423
6070
526
26
8116
17578
6
247
290
1272
5
13887
1
442
935
5
790
11
0
87
71
4
7880
5448
17
15410
26
15
1426
6
0
2105
9
50
2384
72
7730
3060
9
46
32
734
7
484
56
799
46
165
12
1352


