119
3663
57
8890
5
54
469
178
7515
2084
23
9117
902
34
24
526
57
122
2033
549
3322
2992
47730
5
5529
550
14439
8484
28366
27
47731
149
11998
23
22885
64
24
47732
2084
23
24
14308
206
57
237
4896
37
2231
483
27
21331
6247
13
850
14439
8484
28366
23
525
47733
669
7375
515
149
38648
76
671
61
5
1859
64
525
1063
660
9
349
178
7515
37
47734
6989
9
695
32642
32643
9
2287
218
24
2321
27
18903
23
41959
21007
674
9
675
14769
5
18764
37679
61
24
660
623
24
3432
9
537
550
76
525
1751
670
61
502
149
29040
47
91
24
7328
528
17923
27
521
159
34
522
565
5
47735
262
251
5151
57
4968
16650
14439
8484
28366
37
677
89
24
90
64
32642
32643
69
719
174
71
5
525
1382
47736
1761
13
151
24
550
37
7375
101
1123
9525
257
262
565
14439
8484
87
9233
91
525
571
24
3663
57
9117
5
316
660
9
349
178
7515
37
6989
32642
32643
69
700
71
9
64
926
4063
525
880
89
290
291
37
5249
23
22885
47737
32642
32643
132
6602
64
926
2287
89
24
482
9
167
722
13
855
525
6989
9
4501
178
7515
5
54
582
695
61
18111
18112
3672
244
47738
24
550
3555
119
175
5529
526
149
10116
686
91
3096
22885
8895
61
129
1802
133
23
122
14716
13
2995
24
2231
483
4816
444
846
13
24
482
185
227
3555
14439
8484
28366
4063
525
880
13
24
482
76
525
571
23299
28366
61
24
6800
3663
57
9117
47739
262
119
550
132
19161
64
926
2084
104
24
482
7240
5
65
18023
19255
13
372
735
28352
3177
61
47740
23
14
28753
673
670
76
3564
9
47741
3351
5
21247
61
149
6237
104
24
482
7240
91
8406
57
331
729
331
2
24
1651
27
13575
14400
5
16232
369
663
94
24
1741
6269
104
902
37
483
27
119
5904
9
14400
536
2412
5
16232
23
4305
9
288
4598
26467
622
5556
104
24
18707
484
1867
89
24
9720
482
27
8930
730
18111
7458
14
2412
5
669
47742
670
61
502
926
5594
76
14
2412
47743
1861
5
14
6199
12757
23
525
4008
27
119
3834
22885
1535
99
5714
64
47744
293
23
24
7515
16243
3493
27
1312
226
1185
1512
262
119
540
15223
445
24
14272
13
4199
14
15341
58
122
9117
483
4576
5
715
262
119
3663
5
11842
57
9117
37
1093
14439
8484
28366
87
719
76
525
681
9
4519
583
5003
847
244
22145
122
4420
3555
119
550
37
2255
330
515
24
25101
5097
105
45
7896
24
540
61
129
288
401
3432
449
122
526
13
4014
178
7515
47745
24
14272
61
655
54
695
18111
18112
8158
23
14
25348
3290
61
6484
133
6552
58
24
333
9362
99
215
4598
778
178
7515
61
129
149
94
6989
9
695
32642
32643
5
6646
603
18111
18112
61
149
324
76
11258
11428
9
40
129
1185
496
105
7199
54
1381
87
4821
1741
14674
262
178
6574
5
54
469
37
6989
9
695
61
3753
32642
32643
61
6247
609
13
24456
24
681
7395
119
3663
57
8890
149
2241
54
2612
7734
715
7273
61
40
646
288
373
1583
57
5108
5784
5556
23
1848
9
349
525
2179
28352
3177
61
178
7515
37
695
18111
18112
61
13575
14400
5
16232
61
5
7864
24786
27
119
11842
57
9117
61
2255
9
57
9
24
9
550
61
750
119
6424
3830
206
57
24
483
262
331
408
369
2236
3432
27
331
119
5097
5004
87
45
2508
40
8484
5
3322
1018
45
3083
13
1027
27
25343
24
5097
183
87
2050
13
107
14
3541
257
27
331
14439
8484
87
14
18354
9
2033
11924
220
655
24
859
87
14
28657
9
47746
5
402
9
227
549
57
365
6574
5
7515
27
2186
14
729
257
3555
14439
8484
28366
61
2265
61
87
6237
91
525
1015
549
5
47736
32642
32643
484
926
2287
47
24
585
119
550
61
129
87
24
3663
37
169
1093
61
44
107
719
6493
104
525
571
64
926
53
525
880
13
24
482
19155
185
3555
119
550
4000
13
1123
525
677
64
14
5151
57
4968
16650
525
526
670
18
525
219
484
525
568
2186
334
2736
3555
14439
8484
28366
149
719
719
7520
23
334
18322
3822
1872
13707
34
525
526
13
3322
3356
47730
119
14215
288
104
24
6990
9
2033
37
941
47747
1018
505
237
751
27
808
2992
47730
8409
13
1605
2762
76
6574
185
14
1948
506
5
149
6934
185
24
2956
13
7515
1348
215
149
34010
23
941
35
506
27
187
149
330
515
7515
1143
642
5
285
133
13
532
54
549
58
24
2326
27
14439
8484
87
24
3663
57
9117
37
169
1093
27
579
174
22885
17806
34
24
482
23
14
19383
3822
9
1872
13707
515
87
837
6970
494
2033
27
1307
525
2179
14439
24180
61
14
17542
11204
61
477
104
290
6092
37
5249
316
494
495
61
28352
3177
149
14
5616
27
579
87
486
76
21277
6649
28366
61
24
3663
37
13925
688
27
46688
5
13707
262
119
3663
5
11842
57
9117
37
1093
14439
8484
28366
16882
13
6994
525
28657
47746
2152
44695
262
119
540
3469
13
278
1975
14
8968
529
61
76
24
635
273
57
24
20913
2222
4977
47748
5
4305
8968
38684
4264
579
517
14
570
47749
670
76
664
91
125
33298
47750
5287
61
129
99
663
16203
24
482
5
47751
27
4338
24
1507
5977
333
61
14
12958
149
184
23
24
47751
37
4809
15221
61
857
91
4545
23
14
47752
5
18259
23
24
4896
502
24
1857
686
2
24
34984
546
24
47751
27
21019
58
24
526
61
14439
8484
37
670
825
107
12284
2065
525
2179
24180
37
526
670
23
119
2464
1385
104
22885
17806
27
47753
642
5
9805
2220
355
2072
14
1015
5267
185
24
919
6247
13
2995
24
9493
27
20212
31217
11232
61
10254
9
675
662
5
14578
28392
288
821
822
23
172
5386
24
5556
27
119
540
3469
13
278
1975
14
8968
529
34
122
20771
61
64
122
4142
5
635
660
288
960
64
16058
47754
5
47755
23
4305
27
8958
44405
262
178
7515
5
178
6574
369
719
7520
34
24
526
57
14439
8484
28366
5
3322
2992
47730
28352
37
2612
7734
2179
24
11842
57
8890
149
1103
13
2934
9
40
24
443
3177
373
1789
13
1456
6256
76
14
18071
4332
5
3351
47756
262
178
7515
37
695
18111
18112
61
174
61
536
14
2412
5
669
47742
670
5
14
47743
2412
1861
61
2287
89
24
482
76
14277
16232
61
700
61
129
7458
14
4305
670
5
3564
9
47741
1861
14277
16232
57
1606
69
116
71
5
14277
14400
57
1606
69
700
71
8988
2065
18111
18112
61
24
695
57
178
7515
61
34
24
175
5529
526
14277
16232
57
1606
61
14277
14400
57
1606
1817
76
5935
16949
288
14
1252
57
4305
5
2412
64
358
47757
89
24
47751
23
122
175
21247
34
24
483
4050
262
119
3663
57
8890
5
178
7515
44
107
719
94
24
2222
57
44405
47758
1778
859
3322
2992
47730
69
174
71
64
215
2084
5250
9
13
9
107
178
6574
8158
23
175
4420
64
215
1859
13
24
1873
5
10189
104
622
5556
61
655
54
7734
715
12321
104
82
35368
4182
119
550
132
19161
64
926
2084
104
24
482
7240
5
65
18023
19255
13
372
735
27
364
669
3889
61
76
47759
23
704
122
47760
61
31
24
2865
13707
76
14439
8484
5
525
571
27
32642
32643
61
334
2805
25233
13
24
550
61
517
14
41959
21007
9
2657
670
61
5
132
6602
13
442
525
549
76
24
7375
5
1579
402
676
27
4360
24
2157
1987
34
24
526
61
168
17923
29040
24
3189
13467
47
61
2540
24
1751
7375
47761
23
24
34743
27
25773
570
47749
149
185
620
13
221
4149
183
132
2829
27
20398
139
262
1178
1894
9057
5
5991
37432
17562
2330
18
22885
17806
13
331
19355
331
24
175
499
526
12995
262
119
540
477
104
290
291
37
5249
23
22885
206
57
14
2231
12958
104
24
550
37
3834
37135
82
9
502
99
5714
34
47744
293
23
24
7515
16243
3493
28352
262
119
11842
57
8890
37
2179
5
10543
18837
2057
445
525
12798
3865
23
334
21914
673
670
23
31368
28481
47762
262
1468
5415
5556
369
1622
13
2934
24
5529
526
57
3322
3356
47730
5
14439
8484
28366
7386
262
7864
24786
149
5932
1030
23
14
38383
9
8609
5
19854
12302
61
655
14
32838
2791
25576
47763
7458
14
15430
4332
13
2934
24
124
257
246
37892
331
2033
549
3322
2992
47730
99
610
7379
14439
8484
28366
23
334
15308
483
246
251
959
9
960
28352
3177
94
5556
7520
104
290
291
37
5249
61
22885
246
13575
14400
5
16232
288
663
94
24
19190
61
40
24
11842
57
8890
12321
104
82


