15
245
6
1229
126
7
246
4
970
30
4325
7
5
2318
1
301
3
0
148
2795
625
6
97
1084
2
563
3425
6
411
10545
1196
1091
55
31
0
1229
1153
6
299
53
22689
51
2744
0
1229
1390
1735
31
67
85
5
341
7
0
851
82
28
2581
1
3303
2881
134
153
28
4237
341
3
19481
341
2
15
774
332
14
54
7
406
164
9
512
126
13
98
1229
1
4
5
439
6
80
1936
33
808
414
4
182
1
17
272
182
0
512
6
575
2
65
111
625
10501
31
0
1229
1153
6
299
30
8103
0
411
10545
3
1750
985
6
299
18
1073
1229
1390
9
23
214
7
48
22690
5204
15
245
6
1229
126
7
246
4
970
30
4325
7
5
2318
1
301
3
37
3425
6
411
10545
1196
11
0
1229
1153
6
299
53
1630
783
51
191
1
434
3
3373
6861
1
7
125
4789
403
1061
23
169
23
5797
134
153
6
80
126
808
197
178
4
414
33
3434
8434
23
1229
2
15
257
1936
7
27624
365
1
531
31
570
36261
4326
6
0
422
6
2597
1
10
10501
31
0
22689
3
987
2795
5976
12
1936
7
0
255
1
4
0
1157
8916
88
1
199
23
1864
1
5798
4
433
2
57
61
22691
14
31
27625
1
92
46
32
4904
6617
1229
2873
7
246
4
970
2
1100
67
85
272
6
80
1936
7
0
255
43
529
363
6
0
264
1
4693
134
153
6
217
12084
0
3519
22
42
796
2665
10
257
1
0
365
115
2
57
61
1585
14
140
54
7
316
6
0
1390
10
1229
2
10546
3
3373
6861
1
105
9
5327
6
0
1229
1390
10
11279
7
160
1
0
336
2875
1
0
820
336
4
1810
4
12085
4
2233
134
153
960
7
0
235
259
134
153
6
0
264
18
148
8897
1061
2
101
125
4789
403
5799
0
6398
6
1229
1652
13
128
232
1
17
67
85
1205
134
153
6
126
7
979
7
5800
17213
8460
23
1229
2
6627
0
160
13009
13
27626
134
153
1229
2
1100
36262
134
153
6
1936
43
529
7
0
255
1
4693
134
153
349
42
796
2665
13
257
1217
966
134
153
6
1229
223
808
197
598
4
823
33
7
5798
1
1292
17
140
713
134
153
7
0
3157
1390
15
1229
582
1390
13
8
14085
670
8
1
301
3
1471
1
17
1936
12086
608
134
153
6
5801
647
246
4
970
1398
5799
7
1554
29
247
1936
371
49
67
85
1711
134
153
6
5
164
18
12087
1
199
23
0
36263
6184
5802
113
5797
134
153
6
126
33
1936
2
15
774
1585
92
30
40
5
1710
6862
7
1229
1864
9
17
79
5
1636
41
248
156
7120
1292
17
64
7
178
7
2581
9
79
54
7
178
10
7
412
9
71
5798
2
139
14086
17
54
7
105
6
0
3789
1390
1
17
0
1471
324
1936
225
5
8
1548
1235
558
7
3790
0
3583
842
9
6
5977
4581
23
168
23
27627
8
2
15
365
61
115
14
16
15
365
3114
14
119
0
3257
1879
6
1936
7
299
1450
944
1
231
134
153
2830
17
0
2145
1
119
823
134
153
6
1936
77
598
33
5049
3
1895
755
1
1292
3
918
134
153
6
0
1454
1390
2
1100
0
411
10545
310
92
43
36264
1229
412
9
71
613
7
411
9
2297
134
153
6
88
1052
4
3643
134
153
1154
1
0
625
115
14
5464
134
153
6
1229
223
197
0
4028
6
598
4
823
43
41
7
5798
9
1292
3
713
134
153
6
0
3789
1390
2
101
125
4789
403
5799
0
6398
6
1229
1652
13
128
232
1
17
67
85
1205
134
153
6
126
7
979
7
5800
17213
1
113
48
117
10
137
1
8460
23
1229
5064
272
6
1936
7
299
43
529
7
0
250
5328
62
2386
1488
1
301
3
0
625
65
439
6
1936
7
299
33
808
414
4
182
1
4
272
33
182
0
512
6
575
1100
67
85
272
43
529
363
6
0
264
1
4693
134
153
6
1936
22
42
796
2665
10
257
1
301
3
0
365
3244
223
808
197
575
4
2796
1
3643
134
153
6
1229
223
43
7
147
1
1292
17
1711
134
153
6
223
3157
1
301
3
0
365
2
8
221
33
169
14087
12088
1689
17
0
168
9
91
4
9406
1168
6
1229
4
36265
885
2363
4
15501
36266
886
2291
1
8
0
365
1585
2
8
15
252
6
0
889
13
3
1918
1157
199
23
36267
1
838
1021
5975
1
232
2458
6
693
36268
1
5803
4
27627
1
1521
6
754
1632
4
1080
6
14088
3959
2
8
36269
17214
1
5
1113
848
6
0
22689
1
78
0
749
0
1710
1083
7
0
1390
76
32
210
94
7
196
3
8104
28
1142
199
23
2068
4
1507
4
19482
2
1523
8082
7
1390
2733
33
0
512
1709
6
257
1936
9
17
67
75
20
37
512
113
44
58
32
2298
126
9
0
12089
6
2006
869
647
125
5804
1562
1
0
725
92
10
5
419
1295
3
0
10545
18
1332
12
3519
1
4
0
3791
14
1758
206
29
40
182
9
9951
7
2581
2
8
3792
54
439
6
1936
33
182
414
1
25
18
810
5
15502
1390
1
8
68
17214
78
0
6185
2
8
191
61
1
67
3700
1
13
0
725
14
118
146
134
153
6
1936
33
2450
62
77
2
8
52
176
16
8
104
183
92
13
5
1073
7121
6
0
1229
1390
38
33
882
4558
1936
9
44
33
0
22692
599
1390
1
0
588
1390
9
80
6182
6
75
2
15
1710
1083
7
1390
73
32
210
94
7
196
3
8104
28
1142
199
23
2068
1
19482
1
4
0
725
14
169
257
1936
33
20
37
512
56
44
33
2298
126
8
89
60
29
61
214
14
120
0
81
2318
92
29
40
5
245
6
12090
14
29
1792
0
1229
643
1
11
1597
0
36270
643
13
5
1073
5465
2
8
308
29
36271
1
17215
4
605
38
33
627
323
23
8104
4
86
12
2
221
33
1640
8082
4
61
169
1936
33
1076
28
846
1142
2
8
57
18
5
15502
1390
2
57
18
170
5780
75
45
0
2524
1390
13
170
41
92
3
3562
25
55
2
57
58
1608
23
112
44
29
34
5
14085
2006
2733
1526
1292
3
0
108
9407
45
14
13
1107
114
25
254
41
29
0
1446
1390
3
3562
25
55
2
8
15
365
22
16
8
221
13
252
11
1713
14087
9
1229
2100
2124
1
1173
36272
1
6399
1
2383
6186
4
0
781
11
5329
4
8461
9
3
22693
1105
4
4150
7
0
3583
842
2
8
1229
2100
2124
1026
3
29
5
419
17216
6
0
637
17217
2
8
19483
0
3447
6
0
625
1
570
4326
78
1112
562
0
774
23
8
640
9
1949
8
1
4
22
25
10
0
87
6
97
1084
3
32
10501
2
871
36273
134
153
6
164
1652
7
5800
17213
1
160
33
1229
1
1292
3
27626
134
153
6
0
3789
1390
15
1879
6
75
576
7
299
33
1925
1
45
217
38
78
0
411
44
43
1229
990
3
67
85
217
38
210
94
156
108
5205
3519
3495
8
15
774
5978
12
8917
134
153
6
0
1390
9
14
18
0
1404
7713
912
66
73
124
1
8
36
22
2
8
57
10
194
735
114
92
13
86
194
1062
7
0
1229
643
45
60
107
74
29
5
207
6
5976
2
104
34
1196
28
0
950
6
577
7737
1
45
100
54
34
8103
25
90
2
8
139
365
6836
1229
142
357
5
245
6
1061
9
1864
1
0
3583
842
1
12091
1
433
2
8
570
4326
22
0
625
10
443
98
23
25
34
204
5
70
3
10547
80
0
1196
3640
7
0
10545
2
8
1100
0
10545
10
1091
55
7
411
1
44
1013
0
1196
7
2557
86
0
1196
11
0
411
10545
10
443
7
151
1
8
36
22
2
8
104
309
14043
25
7
151
1
25
175
5
70
3
10547
4
19484
9408
3
124
42
7379
2
8
2797
751
564
1322
2590
22
16
8
4918
1196
28
0
411
10545
1
48
650
111
365
28
0
1229
1153
6
299
2134
355
282
5
12092
6
0
27628
9
2364
4397
4
4150
98
1418
299
18
1229
3629
2
8
939
18
41
7
1685
13
14
257
1936
73
32
1987
6
0
4500
44
143
3
136
264
2
8
27629
12
3425
109
48
1
386
1
60
73
185
1014
1396
1
1221
2733
4
5072
67
75
3
124
12
9
533
0
4238
2330
4
17218
2124
60
188
11
299
18
594
2
8
26
65
439
6
80
1936
7
246
4
970
33
808
414
4
182
26
14089
6
411
10545
2744
1229
1390
30
5466
31
2881
980
26
6187
7
255
1735
28
4237
341
7
2581
3
19481
341
7
411
26
1782
10
1091
55
31
0
1229
1153
6
299
26
101
125
1345
6
1554
67
85
1711
980
6
164
1652
33
1229
26
15
1229
582
1390
13
8
14085
670
8
1
301
3
1471
1
17
1936
12086
608
134
153
6
5801
647
246
4
970
26
221
13
5
1506
1526
6
5059
543
1229
223
1292
17
0
3789
1390
26
5064
272
6
0
264
18
1229
1390
10
529
7
0
255


