258
18552
11650
261
262
10760
264
61
890
1372
1268
268
269
262
18553
264
61
890
1372
1268
251
7152
10432
99
100
561
34
1114
494
34
2882
982
14
9044
9
2033
3352
1185
18554
129
105
6021
104
24
18555
37
1116
185
18556
27
18557
11828
61
2154
61
2876
635
18558
18559
104
306
14
3214
607
76
334
18560
2943
8048
58
24
2514
4322
54
82
2456
13
107
417
14
7768
11556
57
4364
27
119
18561
1962
10432
7487
24
627
61
129
149
9233
91
54
1431
9
571
5
316
14215
61
4867
215
149
14
4987
7152
10432
2467
13
6457
158
18
14
7156
7347
27
18562
5744
262
18563
18557
11828
61
2154
61
700
61
2876
104
18558
61
2213
61
58
18564
158
34
14
4987
7152
10432
8465
341
330
17997
37
695
149
331
18565
133
331
1348
926
1850
14
1651
536
14732
922
122
1563
23
18566
61
1747
9042
61
5
1143
24
13316
13
122
9886
27
18567
215
149
449
13
107
1745
61
11828
18568
1114
6548
89
24
485
61
3319
18558
61
6819
54
426
5
32
469
5
500
54
622
7396
27
569
24
819
7639
122
10408
947
61
18558
1077
23
320
27
18569
2287
133
57
24
1563
76
54
680
47
1348
642
2084
27
9997
24
2930
61
8001
1142
2947
18570
61
1413
18571
57
7115
5
622
7152
18572
27
396
149
2940
76
7152
1834
61
596
61
5
7745
7997
57
14
2895
91
14
18555
27
4744
7681
3255
6952
18573
3806
76
6263
10662
515
11828
638
244
12142
13
6457
24
3370
27
5898
61
215
1142
24
10432
3253
57
18574
9616
2053
57
596
27
143
215
3218
158
13
144
2584
494
61
503
454
702
6577
6468
1513
27
11828
105
253
100
3218
13
1533
1284
2584
494
23
3804
5672
58
7568
3253
13
361
14
18555
23
7997
57
14
8044
27
18509
262
11828
1129
24
18560
18575
8048
502
215
1129
13
9165
2895
159
24
2514
61
23
54
1563
69
394
467
71
246
18576
4322
24
2958
37
1116
2456
13
107
417
4364
246
18557
11828
37
695
1850
6918
23
14732
5
331
18565
133
331
246
119
10432
2876
104
24
1060
129
215
648
288
20
2467
13
6457
158


