144
507
491
1215
5337
2869
30
40
137
11
0
87
71
150
3435
0
99
859
50
210
59
55
6
0
321
2991
11
0
87
71
7
316
82
2
15
9438
9
83
5711
592
48844
23
21
2367
7
0
1856
1135
6
5
195
2930
31
19
1028
11497
12327
12
506
1
64
230
39
19
1012
7
3956
2
15
1550
393
4
19
25667
234
1766
13616
11
42
1221
17
2869
11598
418
230
17462
2733
2
1430
10226
16
5337
2869
13
137
17
1028
7687
12327
687
5
963
286
12
506
39
3435
99
859
2869
22
12
19
587
12
426
14
21
34
859
446
7
3956
11
5
21953
5702
14
34
40
8732
59
11
418
187
1
3059
0
859
58
402
59
28
6553
577
208
149
11
0
87
71
150
21
10
7
232
164
2
15
580
2
275
561
7
0
172
13
5
146
9
71
2991
1501
2
8
334
3439
3
124
1309
11
0
2991
1
4
2036
3
143
0
2857
2651
1
24
756
7
6542
17
95
807
3
29
48
3248
617
1
2869
22
2
8
24
981
109
3
3809
95
7912
3
0
6553
577
6670
1
481
1
4620
4
18834
14
24
46
41
32
20
0
2991
2
33425
16
5337
2869
46
1947
0
2991
114
6
99
859
9
19
99
30
383
2497
20876
4
0
14732
2693
1002
81
215
20
0
353
6723
6721
63
0
12188
21
10
159
162
8
57
18
5
149
14
18
128
721
3
121
1
8
21
22
2
8
57
61
829
109
24
893
32
680
3
1947
418
5680
10496
3
1364
12
95
5278
4
497
1660
2
8
15
2991
1512
0
1558
1402
5916
6
156
2344
1706
1
4
119
2869
81
413
5
1264
2826
7
1557
1
21
20588
148
6
0
1120
2
52
413
19
87
2991
7
4469
56
21
207
316
1484
1
28
4063
2991
1501
53
793
51
3
19
48845
8254
6
1023
2
2869
30
40
13768
17
99
1157
150
81
535
453
5
48846
7
0
368
726
6
0
8761
1620
1
17778
7
0
368
726
6
15
3537
14
601
59
3
1219
3
19
5346
1
4
123
25
945
17
11792
48847
120
0
963
6855
2
52
7357
39
608
4164
7
0
368
726
6
0
9361
6495
17
110
21
562
23
1611
99
1230
4
17778
2
23381
6
5
2693
16
2991
1501
5337
2869
6527
19
1264
2826
28
0
1033
70
18
1426
1322
21627
7
4469
9
21
30
413
146
2991
4008
48848
16
5337
2869
48849
39
48850
103
12
0
7398
1587
120
0
368
726
6
0
31279
1620
2344
1706
7
19039
1
963
4
48851
11
5
638
20
0
6719
1587
12
359
870
2869
303
0
1558
368
726
6
19
673
20
19039
5
149
192
56
21
22
19
99
20404
49
311
7
0
368
726
2
52
11558
0
13042
5744
21954
1
113
21
10
0
64
9
71
2788
1501
1
3
936
19
99
4
84
850
686
3
32
20
6553
577
208
149
2
52
22
21
34
5
33426
11
0
21953
5702
1
2546
31
25445
1253
10753
2
65
33426
13
5
1950
6
23088
13197
8157
859
3
16348
906
4
1230
601
31
5
48852
19416
2
28207
16
5337
2869
829
94
120
5
546
1059
20
0
48853
7
1134
1
446
1
359
823
1
526
56
4696
19
1650
3
4017
20
48
82
2991
1706
7
6553
1
2938
48854
16
2869
900
19
15236
39
508
28
182
0
15191
1267
20
0
411
2991
20767
162
5
501
28407
7
0
1611
99
1
8323
1684
501
19416
10988
14
33
10345
127
5923
6229
2
8919
73
154
418
347
4
807
4030
6281
127
17725
4
16084
0
99
268
728
33
1274
16557
8
139
13
9034
1
8
2869
22
2
8
89
25
18
385
95
807
3036
121
3
84
11
95
3378
4
189
9
877
433
2
8
2869
22
21
1388
3
505
3
2344
48
535
1
609
21
76
41
161
56
2
57
18
686
21
76
20
568
454
21955
4
1547
7
105
347
2
318
587
22
2869
76
29
3525
67
1038
112
21
34
921
3
326
2
33427
16
2869
7357
28
0
8166
7
411
39
697
4164
1
93
4
0
513
545
162
0
1230
6306
12
19
152
3
901
0
954
631
1420
48855
103
16
2869
13
2930
103
0
733
39
3918
49
5
1897
709
20
0
8166
7
468
52
46
29
3
1604
268
0
321
1420
453
2842
879
453
3
7116
19
10916
3
1499
1306
16891
8
585
542
1421
12657
2
2869
413
19
8737
753
20
0
954
321
1420
12
5
2859
900
93
2334
14
1894
236
9
3242
859
64
230
39
19
27718
313
20
21956
19032
2
52
30
41
413
216
753
150
123
2
2869
30
5966
673
3177
12
0
8761
5018
1
105
769
6
0
585
477
31
1883
48856
2
52
369
10
103
3
0
1476
454
6
19
673
2
52
1552
5
33428
615
20
21956
19032
1
113
21
10
0
2788
1501
2
52
2915
11
18535
7
3339
1
4
123
7357
28
0
9361
6495
4
2915
11
14946
20
19039
2
48857
49
0
1264
16
2869
413
0
2991
7
1557
674
4914
16
2869
2050
17
6525
9
49
26384
48858
39
901
0
631
1420
7
954
39
5
326
9
103
20
21956
19032
8051
1123
16
2869
25349
0
2991
1264
2826
7
1870
39
19
313
20
6553
6681
451
16
2869
829
20
0
257
1420
2918
39
19
313
7
1557
8
57
18
1905
122
98
1
45
24
351
1584
14685
63
0
594
1
8
2869
22
2
8
221
33
5
295
53
6
51
1484
31
64
3388
2423
4
335
14
24
610
54
132
3
677
2
294
24
382
22
169
278
1
1883
4
1306
1561
42
19324
77
37
1600
673
2
24
951
3
29
5
396
6
82
93
7
3271
2
8
15
2082
71
13
2628
23
64
3
105
187
90
14
1614
2317
1
50
58
1474
517
59
7
5
1035
127
71
3
32
1309
11
0
2612
6
0
535
48859
2
1437
92
47
0
2864
370
20
11871
7
460
2
930
326
7
14
1
21
58
472
1728
252
5
2952
1254
4
119
1394
1786
2566
58
32
596
3
619
59
54
112
21
30
1937
3443
1
58
5
130
38
30
6833
199
37
1012
228
188
3
32
12
5
733
7
0
2878
6
1212
11
23
169
23
406
269
5
132
218
3648
9
33429
28
631
1420
12
3625
1587
6
19
200
726
39
10211
93
5639
508
55
6
1509
5284
1870
9
7017
19
200
2784
859
3
9844
3840
140
19
93
48860
4
1684
5
245
6
48861
1098
9
48862
19
30460
831
12
5
2344
733
1
967
1
2925
162
0
1230
11
0
236
954
9
48863
859
12
19
93
2784
39
0
2991
7
555
954
9
23907
631
1420
7
534
1
480
91
78
21
34
64
4092
16370
7
19
93
33430
468
9
28660
744
94
19
122
243
1244
59
3
9659
28
0
8166
468
9
48864
21
34
5
48865
303
3
185
5244
8
26385
48866
8
7
19
15236
7
405
411
9
48867
5
2111
48868
3
19
93
15236
508
28
182
0
15191
1267
20
0
2991
411
9
48869
28
0
8166
11
0
200
5475
70
39
15236
1
2784
4
3895
744
190
9
48870
103
0
733
12
0
7398
1587
6
359
18
368
726
6
0
15162
20
19039
39
67
1230
7
19
93
15236
526
9
33429
28
0
9361
6495
17
99
744
9773
2317
1
48
13
48871
216
1825
3465
11
2869
1
38
30
40
17817
31
54
709
39
216
7
19
21273
2
15
148
645
224
7
954
1
56
21
7532
19
12359
11522
2784
9633
4
10
55
6
684
11
398
187
2
52
30
61
6881
28
1490
16323
3
19
27959
4
5
849
1897
2
101
411
1
21
732
3
11693
25
49
20
0
631
1420
4
0
1420
114
6
37
15236
2337
2
57
13
80
5
416
5406
28
406
187
320
56
21
945
3
0
235
6
0
172
5737
17
37
5412
673
1023
20
2700
2222
4
439
6
0
236
2
139
10
2528
3
32
0
70
56
2869
213
99
12
0
12657
4903
39
5
13845
11441
99
472
231
82
2
836
0
594
829
67
15045
85
388
2
21461
4172
16
2869
1904
901
19
439
1420
993
7
1570
26
5337
2869
22
12
426
21
46
1947
208
149
18
2991
39
3435
99
859
11
5
21953
5702
26
15
172
245
54
443
5
565
12
19
587
324
0
1012
34
40
1369
26
8060
21
735
3
154
5
936
90
508
311
26
2869
30
41
1552
0
1706
1
2344
236
18
87
753
1
150
21
116
19
48872
20
6553
577
23
37
4694
7
3648
26
15
9438
9
83
2869
30
40
10282
31
99
744
150
81
70


