258
23757
23758
364
43
560
57
8659
13
596
7901
8657
3081
61
2154
61
278
105
122
13137
164
58
14
1106
238
364
43
560
57
8659
13
8694
5
6457
5396
6822
3022
8657
3081
278
105
122
3254
5967
164
58
2548
334
12417
75
24
675
57
122
13137
27
8692
8693
61
307
61
105
54
17388
6578
164
13
493
494
91
166
943
57
2393
7606
23
941
61
655
177
2461
61
2842
61
129
149
10341
417
562
76
14
6577
4522
57
493
494
5
533
454
61
105
54
6577
3559
13
190
9
5
9
14
9
170
494
27
397
14
3340
61
8693
61
129
76
2461
149
1142
3253
57
30006
13
596
24
3144
9
2033
7901
35
506
61
44
107
2801
23
64
853
64
360
494
331
227
27
119
1047
61
57
8701
61
2425
61
288
560
57
8697
13
596
5
8697
13
8694
256
14
166
9
632
801
104
8658
3222
943
27
691
4633
2
2425
13
1420
3081
912
82
23
9865
9
5919
76
334
42760
57
6300
13
8694
5
6457
525
27
1307
24
1047
288
3218
61
3255
10770
15660
61
24
21786
57
8658
61
4373
2461
14
7749
13
24
1857
61
5
330
215
12443
1420
3081
13
444
1533
1284
1389
10807
2
525
27
396
750
158
262
331
727
5473
13
8694
525
5
6457
525
5
6717
525
1816
23
24
1670
61
1489
13
851
720
61
5
935
996
24
1566
76
851
11557
61
8692
8693
27
331
727
105
709
106
13
6557
525
13835
515
926
149
14
11457
635
893
64
926
149
14
2046
7901
27
331
2461
5
8693
105
30012
1420
3081
912
82
5
288
185
122
880
13
239
525
2884
76
14
27599
61
166
7450
61
316
38010
61
14732
61
17225
5
14
42761
1348
358
288
6555
23
42762
23
3094
555
27
12569
8895
105
289
24
642
61
722
4598
122
10492
9
2311
41457
42763
23
24
351
27
119
1047
750
642
358
288
769
5
288
3108
13
444
13
4505
61
40
355
497
9725
5
743
24
6300
23
24
234
27
3587
24
10625
57
24
2959
61
808
3850
34927
330
2461
912
6573
562
6578
373
184
27
8692
8693
61
307
61
174
61
5
177
2461
61
2842
61
5204
6573
75
24
675
57
122
3254
5967
15317
34
24
1047
105
9991
515
122
331
35267
5
10492
9
737
331
8697
149
45
4238
1487
13
18352
2461
34
14
562
6578
27
842
24
7606
11640
237
61
586
2461
37
562
6578
331
149
16287
331
61
5
515
215
331
6405
14
175
4031
57
4238
9922
13
24
1857
331
27
4020
89
3229
24
2010
454
1949
23
2946
484
6468
61
2461
1094
11590
12005
13
9375
34
13124
23
534
4735
61
40
24
7606
15521
515
331
610
369
45
8841
515
24
42764
107
407
23
534
4735
331
27
808
3850
34927
330
262
331
13212
2
183
27
119
16027
57
24
6577
4522
87
515
183
42765
515
24
30562
5346
825
503
107
644
13
4082
34
24
55
227
23
545
4735
1720
24
42764
718
5400
107
407
27
331
243
262
1134
38904
38394
149
94
622
6300
1142
23
24
234
57
14
1536
5008
91
24
43
331
119
5843
5
1426
57
14
6578
57
562
9194
87
515
1222
183
87
604
5457
5309
34
24
5675
13
107
407
61
215
1099
5449
14219
34
562
61
5
515
1222
215
87
1541
407
183
718
503
107
185
8009
5
4868
13
3754
27
331
8693
61
129
149
958
64
24
331
2922
9905
331
13
2461
37
331
20887
331
61
149
331
57
29087
2330
23950
6942
331
61
24
6558
330
27
808
3850
34927
330
515
105
8693
100
1533
9290
61
331
215
516
278
3832
515
24
3293
57
14
2046
5
16382
2056
288
818
2600
64
45
13
107
1586
4389
331
27
119
6558
330
24
829
13
4030
8693
37
6578
149
319
23
24
3189
57
2461
37
3559
6578
27
251
1609
34
1420
3081
330
24
7901
2937
13
2951
27
246
177
2461
61
2842
61
5
8692
8693
61
307
61
13869
13
6457
7901
61
2154
246
2461
10341
417
562
76
6577
57
493
494
61
533
454
246
742
6577
3254
4522
99
1094
100
3559
13
190
9
5
9
14
9
170
494
246
8693
37
17388
6578
99
1094
100
10801
13
144
493
494
246
15317
9991
515
122
331
35267
331
6474
149
244
4238
1487
34
562
23
3254
246
7512
2
8701
61
2425
61
6816
1420
3081
652
926
149
5006
246
42766
13
525
82
23
9865
9
5919
76
15286
57
6300
13
8694
5
6457
525


