144
1257
5193
293
16
21588
138
1
598
405
190
291
287
16
22495
138
1
834
405
190
18131
1770
9216
8017
13
3
355
49
19
864
3401
7
2626
20
676
1626
16360
4604
31
0
264
18
956
2
8017
1
4230
1
393
6
3478
173
1823
24903
4
33647
1363
33648
1
13
4584
20
864
519
6960
4365
11
418
6
19
3509
3646
20
317
279
184
28
0
2411
1
173
5
235
1526
6
2332
1626
6
2881
134
153
2
15
1770
13
98
207
3
356
3
6564
39
1547
19
72
10949
3394
12
1466
18
5965
2444
49
11
1078
2
17550
16
864
1770
9216
8017
30
210
19
1466
3394
49
11
1078
4
46
517
1010
7
2626
20
1626
16360
4604
31
0
394
101
37
661
723
3
2847
1449
4182
9
6128
13879
209
1
68
8017
22
16
35
24
322
687
114
66
2428
14
1216
1
5856
1
3630
1
711
410
1
392
32
49325
68
8017
22
21
30
682
5841
134
153
6
19
2332
3
0
956
48
70
1
4
1834
14
21
34
682
67
85
72
5849
341
7
943
150
21
309
147
12
687
164
808
591
2
155
1316
2190
16
864
519
6960
4365
30
4604
5
235
1526
6
2332
1626
6
2881
134
153
68
13879
34
421
2410
68
8017
35
49326
4
35
49327
1
45
0
1770
395
7
37
661
723
7
0
3307
1363
33649
16
35
3814
33
66
3
891
121
109
48
1
68
13879
218
24
1821
66
1
38
33
66
218
8
997
95
19056
1
95
8886
4
95
361
6
142
1
24
322
5
456
130
2
35
24
322
41
1514
3
32
3589
6
1
45
24
76
20
568
32
4900
2
828
6
217
38
29
93
1010
29
41
40
25819
23
24
29
40
2
35
378
100
71
29
24
732
7
95
6359
2
15
2478
3478
7
50
24
175
196
1980
2209
3
95
361
6
1010
4
97
33650
15
1770
13
41
0
87
3996
864
3967
3
6014
42
3726
3
517
150
68
4365
224
3
785
99
7
5679
4062
33651
1
782
1074
6
0
2108
3380
304
33652
4
1010
47
5996
130
1
13
543
217
38
29
3660
11
4488
15775
1
892
0
4988
4257
25
13
11
1626
1425
2
57
224
23
37
22000
2704
443
7
1010
20
0
872
210
68
4365
47
270
3911
6963
20
79
2473
134
153
1
17
68
13879
12
1314
134
153
2
1112
364
81
149
129
8017
34
622
3
5
111
8
1626
33653
8
3394
79
3984
3329
28
0
864
1835
7
6564
2
15
1770
18
4304
102
7
0
1381
6
33654
9
12
5
1004
330
23
11661
18
11438
9
13
499
85
64
379
1221
28
0
864
704
6
49328
2
26
8017
1
4230
1
13
4584
20
864
519
6960
4365
11
418
6
19
3509
3646
20
317
279
184
28
0
2411
26
52
395
37
661
723
3
864
751
564
4182
9
6128
13879
2461
0
956
18
8
3389
8
6
1216


