519
2221
367
131
21
1104
1865
751
564
5208
3117
8
20
19
1415
8
11
324
92
981
202
32
37
1805
5470
349
23
189
23
21
18
7
853
1
45
170
890
5
64
9
349
3966
13
0
1185
3
3235
7
0
329
2
3117
30
39902
19
1056
150
371
0
1183
79
90
21
413
1715
9
1464
81
149
2
52
22
7
5
565
12
446
14
5
5470
349
58
41
32
2550
12
19
718
2
89
0
586
7
7006
254
74
1608
3
32
18089
367
1
38
22
21
1002
3
3117
12
0
391
12
470
2
39903
16
519
2221
367
131
0
321
46
16259
108
2879
11
10712
3235
197
0
10558
4
6318
23
5
768
6
1865
751
564
3117
18
19508
6
12106
321
1173
8
24
107
6435
3
59
14
60
722
3
354
14
5
64
9
349
3966
13
0
118
152
11
0
189
9
877
606
6
1498
1
112
25
931
3
764
234
5
2073
349
4
9962
1
8
367
78
15
8890
1623
12
377
2
8
191
24
6017
3
59
14
289
19
3885
2735
3
0
1464
1
25
13
159
3
32
504
3
325
5
4191
113
75
33
1753
6849
14
4814
33
686
2
8
367
131
0
321
46
16259
108
2879
11
10712
3235
197
0
10558
4
6318
23
5
768
6
3117
18
19508
6
12106
321
1173
2
367
131
21
6017
3
3117
56
44
1002
48
149
14
0
321
1575
3
354
5
64
9
349
3966
13
0
118
152
3
402
1498
2477
2
15
685
43
367
18
87
12
0
1865
1464
4370
2
52
1002
7
37
772
17
15
8890
1623
2
8
104
154
59
20
19
1415
56
21
22
14
25
58
74
1342
120
19
2847
39904
1
4
86
14
18
459
60
382
213
3
16259
110
108
2879
33
720
3
143
662
14
60
84
74
177
5
10887
1081
7
0
1252
1
8
0
813
22
2
15
39905
1623
364
367
22
21
10
148
7912
20
3117
18
11615
1022
1869
63
3889
1865
3263
159
3
0
8474
8
7
13266
2
8
8
104
6017
14
14
1084
6
23882
10
14740
3
110
13
0
237
6
1498
18
12089
1
8
367
22
7
0
772
2
8
387
892
1498
10
3977
428
12
0
2478
2073
11470
4
0
252
3
29
5
2073
11470
1
1865
7492
30
40
39906
12
3665
7
0
264
91
1015
5485
4
6029
2
8
191
24
181
14
14
13
110
18
237
63
1865
7492
2
8
281
14
13
342
1
123
24
181
14
41
118
254
25
355
10035
3
15897
38
84
74
354
7
5
2073
349
1
45
25
61
24
181
2150
3
29575
0
1891
6
7492
7
0
264
2
8
26
751
564
5208
3117
22
21
254
41
337
0
5856
6
37
1805
5470
349
4
14
25
1351
74
1342
12
19
718
26
367
890
5
64
9
349
3966
13
1185
3
3235
7
0
329
26
8
104
98
29
3
16259
110
108
2879
33
720
3
143
662
14
60
84
74
177
5
10887
1081
7
0
1252
1
8
367
22


