258
463
464
3968
1307
4326
2072
2496
44285
2879
215
149
14
982
34491
34
7515
18411
61
24
393
1805
185
14
3331
6553
27
396
65
47
3733
23
24
840
57
2540
14
27597
2797
64
14
9110
57
24
999
26846
474
9
46300
27
842
24
3165
9
2033
99
105
503
190
693
23
1533
1284
14
506
1221
5193
104
272
912
5546
1221
104
1389
1469
14
227
27
521
159
34
522
34495
262
44285
2879
61
57
46301
61
5748
5749
61
3428
515
16010
215
1652
740
215
87
331
10881
331
91
10490
128
129
1019
215
2236
87
24
40101
9
10549
999
26846
7901
46085
778
808
2879
69
700
71
330
308
23
54
125
351
331
709
849
3873
331
158
34
7515
331
18411
69
174
71
1031
87
167
158
4455
47
76
360
9110
5459
5
3091
515
215
847
1013
738
133
2241
361
2547
91
128
57
24
7501
9
2033
7901
27
396
1347
1520
215
847
1013
278
14
695
652
358
444
401
11012
57
704
24
311
215
18789
27
119
791
2001
393
1400
215
87
14
1687
46302
34
2282
129
718
45
1728
537
104
158
9
5
1502
4186
1873
57
24346
1687
13
14
46303
27
396
359
262
1687
305
55
628
638
1013
2236
3043
628
132
1030
7515
652
999
26846
87
1533
34
635
7079
61
818
628
638
1013
2236
1550
334
2975
23
24
4211
27
1687
842
387
308
288
4996
5
46304
104
846
23
24
4374
5
486
5
485
288
20966
185
612
2381
1577
27
187
99
1579
39
5
33589
61
537
1030
14
186
7901
27
1687
842
628
718
1415
14
1016
3047
3048
1185
900
13
14
27979
1348
628
738
133
960
23
7515
912
2024
7479
9
46305
2535
707
219
61
12863
4250
5
1624
7385
27
1687
618
908
57
237
61
628
4174
1030
158
5
628
278
24
1271
30961
9
628
144
1835
158
27
187
718
107
1098
537
1030
1463
186
40
628
12336
237
87
707
562
1094
27
1447
912
45
822
628
718
1018
449
707
855
27
1773
5
449
262
808
2879
61
129
763
23
14
1389
20598
24438
1563
23
46301
61
87
2235
13
1454
13
941
16954
47
262
808
2879
87
370
4494
13
360
9110
5459
5
4063
1389
1469
334
2277
34
621
2504
9
40
99
105
818
853
223
515
215
87
2372
57
3031
13
24
4368
1687
1307
421
46306
723
61
24
40903
25547
445
58
14
46307
331
1307
421
46306
723
61
24
40903
25547
445
58
14
655
331
44285
2879
396
1520
54
36060
4228
64
14
9110
647
26126
23
54
19129
1956
2001
2510
87
652
421
23
54
82
2321
57
46301
61
5748
5749
61
253
5120
215
87
1013
24
1189
7515
27
396
87
1094
2372
57
3031
527
27
1687
1307
628
2357
23
941
628
847
1013
584
1145
2241
361
2547
27
1447
912
2168
13
107
3225
23
537
1030
628
1018
27
628
2296
13
221
24
594
57
183
655
7515
912
818
46308
842
45
421
23
24
19924
8900
13524
515
215
87
1155
14
468
34
24
6822
3022
27
999
125
61
17388
9
2033
7910
46309
61
330
262
1687
396
1577
1030
7515
912
188
1588
27
628
3578
215
99
24
1271
4008
27
396
1577
1533
1030
707
8852
46310
7290
7226
61
1371
61
14
999
26846
4381
2
24
2321
61
149
1511
16139
61
586
262
1687
396
912
1294
46311
46312
262
808
2879
69
174
71
99
503
105
190
693
23
1533
1284
14
506
9
5193
104
272
912
5546
61
40
7149
54
4793
57
4228
87
159
13
331
421
331
23
54
6584
253
5363
215
87
45
24
1189
7515
18411
69
700
71
999
26846
262
18411
69
174
71
324
76
41260
10570
27060
61
10255
27056
61
3348
27059
5
27057
8956
808
2879
87
370
4494
13
360
9110
5459
5
4063
1389
1469
334
2277
34
621
2504
9
40
99
105
818
853
223
515
215
87
2372
57
3031
13
24
4368
396
330
262
1687
816
628
1910
23
941
183
516
107
14
1245
679
27
46301
87
14
1478
513
5
421
5120
129
628
1835
109
61
818
358
709
849
3873
846
34
7515
27
1687
816
628
444
24
700
4234
61
628
44
107
80
27
331
246
44285
2879
1520
10490
128
331
9166
331
158
16010
215
1652
740
246
3165
9
2033
718
45
278
14
695
331
652
358
516
444
401
11012
331
246
2036
2001
393
3119
13
996
46301
34
941
13
532
223


