144
2419
10888
6843
57020
16459
11991
1904
27
19385
1716
12
377
4
86
1
1912
3
124
102
11
14
1
36
107
41
188
3
3998
71
90
4696
27
594
386
17
1429
1139
2
294
44
11420
12
470
1
0
2239
6
1024
13
4335
3
29
226
49
114
14
13
623
3
32
0
118
17202
3
0
33124
6
42
15376
561
9
1286
6395
2
101
0
2115
6
19
14345
1636
9
368
1513
3
17774
14522
1
1139
116
536
14
1
7
6080
1
21
404
88
3
722
2
11772
3
154
16
1429
1139
2580
55
6
2250
20
0
1636
9
368
986
57021
454
16
1139
678
3
2610
17
16459
11991
480
19
2250
5192
15
3726
10
300
14
48
10
5
189
9
877
6395
50
13
248
5
644
894
1
41
5
644
894
50
445
1682
69
385
189
9
877
2
89
0
10636
1501
61
3114
14
21
1026
3
165
3
3073
923
3
454
3000
11
2991
755
1490
7
1249
208
215
14
29
98
6219
67
4298
2
52
1527
3
2135
18878
76
32
116
7
594
11
11991
47
2424
1
45
41
20
48
638
16
35
24
58
161
25
58
32
67
623
14
24
46
165
3
3073
79
114
6
0
57022
21
22
2
35
24
322
41
127
1972
62
159
3
1001
7
410
1877
45
24
181
11
48
894
1
79
114
6
1105
7
6886
4
20
0
631
1420
1
3073
13
5
205
242
3
2339
11
14
2
89
20
108
278
6
0
70
92
13
100
1164
459
24
76
141
165
5467
25631
3470
3
29532
16
1139
2299
3
0
631
208
11
0
504
186
236
11991
931
3
402
27
2008
3
5
2494
1
86
25
76
32
36
58
41
10068
49
17
59
268
90
19
208
1973
770
1
0
4421
1420
7
4404
50
2150
12
522
441
2
221
29
40
418
82
7
0
424
453
0
81
64
11
1597
453
56
1139
30
574
49
7
2225
4
6886
4
1015
88
109
35742
550
347
2
52
5634
48
1026
3
586
112
21
13
3
10783
0
7426
14
30
1691
6
59
508
168
7
1661
19924
90
2415
7
5
1124
6
5246
57023
7
0
1636
62
2335
9
3132
2
35
57
47
40
5
70
150
24
413
37
770
4
0
237
152
3
2339
11
12657
13
31
901
5
396
6
1893
4
24
29
41
617
14
2
101
13867
53
7
409
51
24
107
141
84
14
1
24
107
141
84
14
90
0
864
1
24
107
141
313
927
47
2
35
57
30
141
1141
121
28
248
205
1565
7
0
19924
45
3
29
400
1935
25
2134
112
66
29
5
205
1349
9
49
2
24
342
3
2978
7
440
4
15090
7
1466
2
24
809
24
10
508
205
3608
11
259
230
1
1076
168
1
95
229
10
7
205
1705
2
5329
3
84
16
11991
392
312
0
1779
3393
3
1918
1139
18
7698
26767
1299
16
1139
30
41
413
37
770
11
5
70
8
1437
24
79
34
5
1245
132
2
24
84
141
188
3
77
9
10547
45
24
183
112
24
143
125
7150
1
56
66
29
217
103
9
230
66
73
170
325
5
152
3
21014
15
5976
99
49
19
220
25620
14
21
30
41
3698
150
81
2250
2
2143
0
1706
10
77
81
70
21
10
172
580
314
4
34
2919
57024
10918
860
28
0
454
6
151
1
901
146
4008
2
139
70
21
30
100
4008
4
10107
118
57025
860
2
318
111
10918
6
580
259
1
3
32
734
12
446
1
13
6739
6332
31
740
0
81
64
187
6
0
236
4
46
623
1804
49
760
511
1
45
25
332
129
416
21
30
93
3
6081
99
3
0
5230
304
1
50
13
35492
1403
2
57026
24147
16
1139
46
5530
3
10952
7
0
5737
56
44
33
734
12
446
35
24
252
3
165
184
11
5
333
230
1
181
63
5
333
457
1
1071
3
95
174
63
129
24
659
159
3
124
19524
21
22
2
35
281
66
124
253
94
63
457
66
3998
71
4
0
631
1420
46
226
726
1399
923
2
35
24
252
3
143
662
14
56
24
124
99
12
0
1779
186
95
251
13
536
4
24
29
5
536
951
11
0
208
178
347
90
24
454
508
1893
10489
30753
21
4
11991
722
1
92
33
64
457
44
392
1918
16
19
200
1850
4
19
20221
159
69
425
1893
2
861
14812
27323
1
0
200
1850
10
35743
49
3
0
547
113
158
4793
2641
76
41
2390
343
25
7
0
2250
368
2
13775
329
16
11991
1026
3
147
12
1139
18
200
1850
275
51
4992
3395
9
57027
57028
314
51
4793
2641
9
57029
22470
16
57030
10016
16
57031
53
4064
383
172
580
275
112
21
3177
2250
51
463
51
14273
11409
9
57032
441
51
2978
2084
9
57033
22470
16
35744
10016
16
57034
53
4064
383
172
580
463
112
21
9666
368
51
483
51
12396
12397
9
57035
399
51
22075
26586
9
57036
22470
16
57037
10016
16
30754
53
4064
383
172
580
483
112
21
3177
2250
51
691
51
292
11620
9
57038
20747
3649
629
6995
5285
9
57039
870
51
17774
14522
9
57040
22470
16
57041
10016
16
57042
53
4064
383
172
580
802
112
21
9666
368
1
172
580
483
112
21
3177
2250
51
259
51
1429
1139
9
57043
7464
473
800
25
30
40
57044
7
20
57045
1606
1
4
552
6
14522
47
1737
116
59
503
2
57
61
532
14
21
219
69
0
525
11009
62
1371
0
20127
58
41
326
168
1
480
59
248
79
413
20
927
47
1479
2
1139
13610
991
19
3178
9
4729
1678
699
85
159
653
4
14996
0
5704
2
57
10
5
706
109
19
2583
746
2335
9
368
983
3
1429
21928
2
27323
959
3
124
59
3
6383
19
1492
3853
31686
4
32
67
1503
1
11991
10
1129
3
14984
59
69
14
12
48
54
3020
4
1026
3
2056
103
0
4225
7
594
2
294
749
7041
2609
35745
3164
55
12
470
16
35
24
181
16459
171
32
289
27
1683
45
27323
34
5
676
1525
2
8
57
10
141
6687
63
3044
59
111
1989
45
228
5623
12
0
229
876
4
248
552
7
19
2323
17
0
702
4
0
3729
3
161
16
1166
308
929
500
0
122
551
2
1319
35
191
0
725
14
21
47
41
92
156
67
1
24
181
13
5
983
1
45
716
47
177
110
2317
17
57046
26113
16
2609
35745
53
93
51
131
11991
171
32
289
5
880
26
1139
207
3
722
17
16459
11991
23
1286
480
21929
983
26
6303
30
41
413
37
770
11
5
70
4
1026
3
429
0
14353
26
1139
2299
3
3073
208
515
6
0
631
1420
192
48
535


