144
636
19640
11
1112
308
58
181
0
547
6
5
35
30755
13
3
688
3
226
87
2
89
41
112
66
929
3790
48
70
47
35
146
9
50848
4
22139
1490
20
5
5250
1381
17383
9
50
29
40
312
31
433
4
715
50849
2
15
146
9
18837
1035
162
0
1381
6
25801
9
50
2417
1662
6
105
6912
12067
5
2334
3
277
108
9
30
7388
553
5015
9
4493
20
146
8099
2
10572
3
0
1838
15253
2380
817
14
6912
7
0
4806
33
41
867
17261
16002
89
48
70
217
450
3
313
0
1035
46
29
3
165
22140
112
9
301
3
106
9
44
84
141
188
3
1219
6989
6
0
15253
2380
1
50
7079
0
1289
6
1187
35
20
23900
2
15
6393
6
470
47
770
29
756
14
44
33
159
3
764
7
621
17
0
537
3
1605
0
759
6
3542
1
86
6912
46
29
3
2610
3
381
62
5
3546
1447
2
2607
3790
0
22139
1035
0
262
470
46
29
3
20495
0
222
5067
23
44
1812
31
0
146
8099
2
89
34093
11
234
1490
46
32
344
3
429
11
23
169
3016
23
44
188
1
10196
20
2958
1361
44
2080
1
112
44
7164
3
1046
0
733
128
4405
2
35
15
4806
29
40
159
11
2064
82
4
60
858
118
34
54
447
1219
55
6
5
22139
50
13
141
849
159
1
8
22
5
487
6163
15
17777
47
3057
1490
46
454
178
379
39
0
22140
4806
2
15
1289
1275
30
7356
125
1457
7
0
373
9
9886
643
113
0
64
9
149
9
189
17383
30
40
159
12
11
7755
340
156
2544
2
4181
50850
1
5
5250
16602
4
12634
6
0
1381
47
50851
2787
1
22
1166
57
47
80
3
84
17
433
4
715
50
24
84
141
300
2990
17
2
35
104
495
7
5
9221
349
4
25
47
0
5205
14
0
1694
33
7
242
11
4
0
1879
33
0
1935
14
29
3
503
2
35
15
4806
29
40
159
11
2064
82
4
60
858
118
34
54
447
1219
55
6
5
22139
50
13
141
849
159
2
1319
22141
22
12
42
587
14
0
111
1694
34
40
2257
49
11
48
70
47
4806
262
5
935
17
26390
203
1
5250
203
15253
3846
4
5250
1153
2
104
352
118
323
11
0
3941
16
22141
22
12
42
587
14
0
111
1694
34
40
2257
49
11
48
70
47
4806
262
5
935
17
26390
203
1
5250
203
15253
3846
4
5250
1153
15
111
6118
30
204
97
667
28
1486
7
746
3
0
1838
15253
2380
50
7079
35
8189
50852
2
101
1787
1
44
1344
35
156
229
62
2409
20245
31
0
6249
6
1187
20
1361
62
647
5
5009
71
34094
2
15
5395
33
3646
20
50853
12460
199
23
217
2289
11849
35
50854
7
288
62
2787
18354
2
89
0
17383
1035
6393
43
2481
14
17
6912
3200
455
0
1777
1
4408
4572
3
94
19476
23
5453
12150
88
12
1
21
770
76
3618
1403
661
3
50855
0
111
2294
2
50856
11
234
1490
46
32
344
3
429
11
23
169
3016
23
44
188
1
10196
20
2958
1361
44
2080
1
112
44
7164
3
1046
0
733
128
4405
32760
292
4455
22
35
57
47
40
5
706
6
5
4104
45
60
1994
79
29
3
177
129
457
165
2
35
15
1486
29
40
627
7
4405
6
5
894
6
82
4
60
858
79
34
3
143
48
586
3
10619
17
0
537
2
4781
33
66
80
627
28
218
104
183
113
44
33
41
159
558
3
0
2787
1
20
568
3708
120
0
4806
35
104
1351
141
183
129
25
46
2914
10423
268
0
132
1
45
75
29
40
1359
63
25
1
86
5320
815
46
170
124
69
0
3806
6
24897
5250
106
11319
7380
50857
22
35
15
4806
7
0
81
333
82
29
40
1631
168
389
4
92
29
40
305
1
112
156
1
744
2
35
15
111
1694
33
92
1107
3
10619
17
111
13179
2294
4
2694
60
337
14
4
0
6393
29
40
128
8221
7
22142
0
50858
26
2017
9
18837
1035
162
0
1381
6
25801
7388
4714
5015
9
4493
20
146
8099
26
203
161
15253
2380
7079
0
1289
6
1187
35
20
23900
26
50859
46
29
3
10789
784
3
3546
3016
62
381


