144
1679
13721
293
16
28246
138
1
414
417
151
291
287
16
33854
138
1
414
417
151
257
807
29
840
5
5235
9
83
33855
290
17
5
1473
2334
50035
3
1097
311
2
15
807
1091
55
64
640
1949
2101
120
50
44
34
3
677
234
27
1673
7
105
1877
2
7310
26573
1
28
50036
1
46
1125
67
85
398
187
7
0
255
3617
28
0
2101
3
3463
27
14128
1673
1
50
61
553
50037
88
17
903
11288
2
7310
26573
1
406
1
30
22064
18
1324
50
601
27
1673
3
9928
22065
1839
0
2784
1891
36
2217
3
1097
4
76
41
326
17
27
280
96
13
98
344
3
1629
4
938
4
36
46
760
32
344
3
1097
4
326
17
280
11
0
87
71
2
96
22
0
807
38
840
27
29
1362
27
142
2
7310
556
5
1473
2638
1324
180
22064
18
4
34
2316
14422
3
1230
4
50038
2
15
641
9
5
1641
2733
3404
50
601
234
27
1673
3
9928
4
7902
22065
1839
0
5346
9
93
7310
11285
2234
21350
4
5
6330
1
1129
3
326
17
280
62
1629
7
2737
2
22064
18
1324
13
5
2733
3404
6
0
18301
2638
14
2472
0
1611
2334
3
8696
33856
2
57
8316
7
126
4
0
773
13
4142
45
25
13
273
3
32
434
3
0
1593
6
730
12
1073
2638
50
10903
0
4789
196
6
0
33430
28
2326
2845
2
7310
649
3935
18840
3295
3690
56
21
10
7
336
1019
17
0
841
17238
20257
9
21
1031
3
325
5
257
1195
38
76
1860
27
2
8116
163
2194
9
6327
6
27
2334
90
4
39
859
15
641
13
9955
4
13
148
1379
543
126
6
2117
24341
2
50039
649
33857
9
428
3935
18840
3295
3690
81
522
120
54
6
19
1551
3795
3
1019
17
0
841
2747
17238
20257
1
50
4286
456
701
462
4
520
3
1245
75
7
336
1019
2
15
3573
18
6754
1784
68
3690
3
1291
5
255
9
1456
1944
2631
11
5
4342
38
445
32
344
3
185
1
50
531
59
3
26574
15265
1
5
3935
22066
4342
20
1460
1759
18
855
1
38
14563
7
1979
2784
744
2
7310
4
27
145
17238
33858
1
3123
1
43
4067
77
3
1118
68
15265
81
522
2
26574
15265
1
5
3935
22066
4342
20
1460
1759
18
855
1
1047
277
6
27
1673
7
105
1877
4
157
903
11288
3
33859
88
2
7310
13
137
17
27
145
1
17238
33858
52
8600
27
4
1301
3
1957
64
640
1949
2101
3
5810
234
18301
3611
3
1207
27
3
938
49
1307
2
35
24
29
214
126
17
48
641
3
5
194
2397
1895
7
0
424
45
0
14439
228
10
0
1476
24
29
214
86
416
9
37
2350
50040
21
22
2
68
15265
1
4
19
18840
1429
25047
1
3578
7310
99
3
4136
5
4059
3248
50
553
1949
27
122
2334
7
105
1877
1
330
23
5
8902
50041
50042
1
3
3463
0
29275
18301
2638
17
5
24276
1
105
3215
7899
4
485
11288
2
7310
73
98
938
4
1629
94
17
1307
1673
4
46
760
32
344
3
389
4
326
17
27
280
334
1051
105
187
17
117
4
280
7
6072
1
6328
1
20877
4
3435
3824
15266
1
7310
116
205
2651
4
945
3
1460
7
359
11
0
222
3248
12
0
108
2334
2
68
15265
22
16
35
139
1822
6
3960
859
13
128
4556
1894
7
0
3102
172
4
1
3
95
3729
1
30
41
40
364
7
0
255
90
2
57
10
37
2350
276
14
1894
385
128
410
112
60
43
3
29
156
610
6
28002
52
176
16
35
6274
1815
392
61
165
3
68
7237
4077
1
5
3935
22066
4342
20
33857
855
1
4
16135
30773
50043
50044
11
42
185
7
9148
37
5057
4
194
9
735
2561
15266
33860
1100
170
7
0
1087
6
26022
2591
4
2192
1
7310
13
98
344
3
1629
4
938
17
1307
1673
2
35
24
322
86
1
86
33861
36
22
2
35
24
29
444
95
1030
142
17
128
14128
1673
4
29
202
40
344
3
1428
7
593
17
95
280
1
474
1260
62
32
340
1230
2
35
581
145
992
95
4342
68
15265
1166
0
24833
1319
114
36
131
21
614
5
1470
6188
12
9884
7310
1
38
13
1371
3
505
102
17
27
145
7
0
208
105
187
1
176
16
35
24
73
41
2928
59
4
570
3690
511
11
110
44
29
617
11
121
9
44
29
1362
95
11547
26
7310
26573
30
22064
18
1324
50
601
27
1673
3
9928
22065
26
96
10
11285
12
5
6330
4
76
41
326
17
27
280
26
3224
5
257
1195
38
10
2229
26575
23
196
6
5
841
1613
26
52
3414
11
5
1195
7
0
255
38
76
1860
27
26
26574
15265
1
5
4342
20
1460
1759
18
855
1
1031
3
185
26
20388
277
6
27
1673
7
105
1877
4
157
903
11288
3
33859
88
26
3433
98
344
3
1629
4
938
17
1307
1673
4
46
760
32
344
3
389


