258
1172
21475
261
262
41554
264
61
3970
1372
1268
268
269
262
41555
264
61
3970
1372
1268
162
14
12473
20481
5888
843
13
525
1093
41556
61
41557
6782
7738
34
24
478
13
799
82
119
35
1724
53
185
14
500
1605
14841
730
912
13617
149
35
202
449
1413
4615
58
926
149
35
719
61
6460
330
185
2414
27
41556
6782
61
2431
61
57
5748
41558
149
35
719
1775
41559
6633
293
185
202
1680
27
1707
377
926
53
183
82
40
149
423
1348
525
2255
2084
147
27
1707
330
358
278
45
3875
24
730
912
2956
40
278
753
515
24
35
1724
149
53
104
915
27
187
149
1129
449
316
2313
2
525
82
104
14
2697
438
41560
4592
61
14
8587
8900
965
76
4323
27
4716
5459
61
349
24
4901
61
278
100
2933
23
745
34
24
730
91
1810
61
1229
5
90
27
119
2255
57
24
500
2921
9
2033
3252
34
525
1093
37
5309
4699
185
2414
61
586
262
331
3933
799
82
27
408
708
723
818
10492
27
331
378
23
918
57
41558
642
924
185
2414
61
41557
6782
1688
525
1093
41556
14
108
5888
27
16037
7911
61
2
24
4901
61
383
902
515
5971
369
1875
122
11484
2590
360
13026
1762
5971
27
368
369
663
41561
5
6110
47
4632
9
16445
2
24
1857
61
3400
709
582
1366
99
799
13
3189
27
41556
61
14
41559
6633
293
393
61
99
100
500
647
202
35
632
58
1867
82
2
415
27
119
35
6067
57
24
730
61
129
1663
185
24
2073
77
34
525
276
5
149
958
64
995
5
11536
61
149
1145
22097
27
8247
1014
41556
53
183
33
13
525
82
61
40
1348
525
2255
650
33
2
525
13919
1086
61
525
1093
149
423
27
119
478
37
20481
5888
149
185
1750
27
1877
935
125
642
5
24
4901
278
657
185
2922
61
23
13301
61
5
91
1055
40
278
4942
13
1456
47
1193
582
4121
449
24
683
27
41557
6782
184
14
2327
2328
185
2414
104
24
41558
642
924
23
1605
14841
575
926
3252
34
525
1093
37
5309
4699
4901
9013
9
6790
1884
278
100
13966
89
24
1713
61
5
185
1750
6278
57
948
16644
657
1413
1033
2313
57
8968
27
4360
745
18
5435
19917
15236
177
6196
57
24
33082
4591
5
25347
3789
61
330
262
331
408
369
16088
438
456
27
408
369
109
13
532
41562
5
13
1415
525
82
27
331
12243
27982
8769
5971
57
13026
1549
288
663
1129
61
40
818
420
13
709
37708
27
119
1713
99
100
818
10941
515
355
278
1142
24
1816
57
14
41563
129
285
500
18
24
4581
61
5
10532
24026
2
2276
501
61
3633
515
57
14
41563
129
285
500
23
10645
27
2281
15338
57
4121
369
4822
13
24
6782
501
27
1605
14841
37
1705
15078
369
1751
57
4323
104
237
227
57
506
64
358
799
13
1550
520
57
24
3629
3060
23
3475
27
1707
61
4901
61
1605
14841
4591
5
25347
9896
5
12931
278
704
623
13
1713
34
24
2889
40
278
45
1142
1193
5063
41564
1762
5971
61
642
5970
61
5
4901
9013
9
6790
1884
278
100
13966
23
64
642
1367
358
278
100
1391
6970
5063
2
64
420
868
64
11247
1134
4581
24
23844
288
2104
18973
57
24
2928
730
5
750
13
2995
34
1407
2398
27
6782
37
467
149
663
27049
18
2077
12570
23
5748
41558
17495
5
23
24
965
740
20585
27
1707
948
330
358
369
373
371
6782
37
683
64
14
500
14888
501
61
40
359
515
17087
2502
99
45
100
6671
133
27
419
420
355
377
358
278
309
18
6970
4632
9
16445
61
405
2
64
420
868
64
11247
27
41556
87
1507
896
916
23
8274
5
13400
29731
3583
76
8276
4008
5
1009
27
579
149
35
719
536
2060
2364
7382
61
8274
8276
7385
5
14
8609
40138
27
4938
76
1366
87
1414
13
6849
41558
642
185
41565
9
41566
9
41567
27
246
41556
6782
61
2431
61
734
35
202
23
41558
61
1605
14841
246
41564
1549
5
355
278
29786
5435
19917
57
1810
34
2889


