3201
3202
3203
13
3204
14
477
893
37
583
449
122
3205
5
1399
3206
520
57
525
185
24
3207
3208
926
65
158
1389
2768
251
2976
9
2033
111
3203
13
3204
14
477
893
37
583
449
122
32
9
2356
1650
5
1399
3206
520
57
525
185
24
3207
3208
926
65
158
1533
1284
1389
2768
27
3201
3202
3209
54
593
61
129
718
45
107
901
34
1106
1107
61
91
3210
843
34
1533
1284
506
61
586
215
516
3211
122
3205
3208
926
2104
18
24
3212
27
119
3213
893
53
1533
1284
14
3214
3215
484
926
2075
285
13
24
642
27
3202
61
129
3216
23
24
3217
64
215
149
3218
61
149
561
34
166
494
27
3202
105
3219
76
24
893
58
2050
34
14
2795
76
525
23
558
5
2072
3220
1275
57
525
61
3221
3222
943
944
27
396
2859
3223
525
3210
867
14
2347
1267
147
61
2496
24
893
215
516
1399
24
3224
185
24
3207
5
3204
525
583
1222
926
638
244
748
158
3225
27
3226
2441
3227
330
24
893
3228
3212
2
525
1806
3229
3230
13
449
1389
3231
5
53
14
3232
57
3215
18
2213
454
484
2113
2394
24
642
27
396
330
262
331
1031
149
3225
926
44
3233
3234
27
119
3215
23
2488
3235
13
107
449
14
3214
27
331
579
1142
183
1098
13
2528
76
237
61
64
99
525
583
27
579
2256
358
278
769
3236
1411
621
622
27
331
3237
3238
61
3239
61
330
3202
61
129
99
709
3240
3241
61
105
100
3242
61
331
635
5
3243
331
27
579
330
262
331
396
149
401
3244
47
76
54
2534
3245
5
24
189
57
54
3246
104
515
227
27
331
119
3213
893
53
1533
1284
14
3214
3215
484
926
2075
285
13
24
642
61
3221
3222
943
944
3202
61
2
1605
3247
23
24
1202
3248
61
3249
3250
3251
1411
1078
558
5
891
1268
40
3252
3253
185
24
55
257
57
54
801
27
396
3216
23
24
3217
64
215
149
3218
13
166
494
23
3254
27
3255
481
3202
330
262
331
1134
149
14
3256
5
3257
3258
5
709
3259
3213
24
3260
27
331
1134
149
334
3258
515
3261
18
14
1272
57
227
76
1404
3262
3263
13
24
593
27
331
246
3201
3202
3209
14
477
893
58
722
3219
76
525
246
3264
13
3204
525
583
449
24
3205
3208
926
65
158
3212
246
396
663
330
215
516
1399
3220
520
57
24
893
185
24
3207
246
579
590
158
1533
1284
1389
2768
484
2075
2050
13
24
642
246
3202
61
2010
61
3216
23
24
3217
64
215
149
3218
13
166
494
23
3254


