26405
31910
99
3283
215
87
23
6307
76
24
932
12972
23
3156
13
221
14
5392
7180
1411
2972
57153
5
972
43556
27
32285
57
14
11860
11861
9728
1411
57153
5
31470
31471
57154
11886
278
704
40
734
61
76
31910
5552
43556
87
1094
24
1687
168
57155
13
107
57153
912
1462
6733
27
43556
61
129
87
1481
13
278
14
15143
9
47
7180
23
4445
185
534
608
61
87
24
6175
30307
34
57153
912
30629
2109
9
2038
1146
5139
5
31910
5224
183
87
50064
515
24
3156
2063
825
45911
54
7662
27
2994
521
57156
972
43556
1009
30629
1146
5139
7180
76
2972
57153
23
4824
25347
185
262
2972
57153
69
702
71
1577
1481
13
7180
972
43556
104
24
932
12972
1920
1462
506
20551
47
262
43556
69
700
71
2490
6175
9754
91
9535
16740
20311
104
25111
23
1072
8368
61
183
87
537
7185
5562
515
57153
825
4180
54
3371
25111
81
18
6649
30064
23
1072
76
2276
7224
7180
61
76
266
5
563
4692
101
3626
27
31910
61
4084
23
54
464
4698
6913
61
330
262
1687
628
2011
76
2972
57153
35
632
5
24
55
1017
628
44
850
87
515
215
87
3431
36277
43032
156
27
1134
2913
3119
13
7180
27
1687
1447
369
14
1842
57
23191
2050
185
104
24
987
5
64
183
3362
183
1577
13
846
1030
14
7180
76
31470
31471
57154
87
45
2050
13
2191
27
13732
61
1845
262
57153
44
1550
185
43556
104
24
932
12972
23
54
6584
57
3156
10112
5
133
262
57153
17551
54
1146
14453
76
14
23266
17
18
6649
30064
1687
972
43556
87
1094
168
3392
13
444
24
7180
61
2765
23
266
1185
563
57
1462
506
27
331
972
87
3885
2972
912
6175
30307
34
24
30629
2109
9
2038
7662
5
101
372
5967
2972
99
13
7180
158
91
24
1029
57
266
1185
748
47
24
7662
27
2972
87
45
24
1150
57
2063
129
144
1213
47
14
7662
818
628
1019
515
7180
87
1094
821
5562
27
1687
628
278
105
405
23191
449
1243
9903
5
628
1835
537
104
14
2347
930
57157
61
349
24
932
12972
23
3156
61
2972
912
6584
27
396
99
298
124
41266
2
2425
13
25111
13
24
31899
5
237
87
24
1211
57
7180
5
966
515
33306
158
27
408
369
1950
185
10582
246
2972
57153
1577
1481
13
9282
54
1146
14453
75
972
43556
246
57153
105
773
13
855
31470
31471
57154
11886
40
515
87
11607
246
10978
44
2191
104
3156
6531
37
932
12972
1920
1462
506
246
43556
87
1481
34
15143
9
47
23
4445
185
534
608
246
57153
6021
133
30064
104
25111
23
1072
13
6651
54
27122
246
43556
87
24
6175
30307
34
57153
37
30629
7662


