258
8915
973
261
262
50400
264
61
666
1072
558
268
269
262
29513
264
61
666
1072
558
251
20051
7176
7115
1153
99
1510
401
1474
94
635
308
58
956
14
2889
1745
2151
5
14
549
23
14
437
1719
655
175
185
24
7152
27
1178
955
944
1420
4477
5
525
512
549
14410
2389
61
6324
61
105
319
14
15750
57
7157
5
7115
104
334
704
9
2356
2222
27
4429
262
12324
4477
61
174
61
5
525
512
549
14410
2389
61
6324
61
700
61
105
319
14
15750
57
7157
5
7115
104
334
704
9
2356
2222
1348
12324
2168
1778
24
11517
104
608
1835
691
174
484
11439
13
1608
82
13
122
1696
9
40
122
16518
2303
15621
1668
89
14
2111
2262
104
837
1587
24
1890
9816
27
942
24713
13523
2968
330
262
331
119
843
109
87
515
7156
6457
27
331
187
87
3466
365
308
23
24
1536
105
100
3181
5
19072
7156
5
628
1835
9978
358
288
758
5
3438
175
27
119
20051
1231
14
14455
57
30764
3319
185
1420
2389
61
57
54901
61
5
26066
897
34
1420
4477
61
57
54902
69
5781
394
2876
324
71
331
162
3291
494
610
369
2467
1853
7156
1533
5
1533
1502
27
162
597
1870
635
308
183
912
14
4397
34
703
45
13
532
1193
7156
27
331
143
183
912
14
5993
7763
515
24
1153
57
7156
9
3458
7115
9
99
1510
818
1474
27
331
119
316
486
105
174
24
32336
2222
23
24
1920
4615
57
1605
10098
912
7314
13
1608
13
122
82
23
6734
6065
23
5748
5713
27
119
955
944
1420
4477
516
278
4137
2958
12146
1222
358
105
7639
24
1719
27
5748
5713
942
808
13523
330
262
331
119
2421
32889
14
7508
57
4014
13
1193
2315
27
26746
262
942
24713
13523
2968
330
515
183
37
14
5993
7763
515
24
1153
57
7156
9
3458
7115
9
99
1510
818
1474
27
1134
87
14
394
467
57
14
5215
57
7115
331
119
1191
57
7156
5
7157
5063
846
13
24
18223
646
516
278
100
4121
34
14
2479
57
1286
897
91
1169
1914
27
331
1420
4477
129
149
45
536
14
7208
7662
104
24
227
4508
2390
10419
5
219
947
27
1420
2389
61
129
1077
57
219
947
61
149
101
24
2795
1608
9816
40
2826
2057
926
105
663
319
7115
27
119
955
23
41726
944
1420
4477
149
331
54903
1853
24
437
331
104
1411
1851
5
4846
2288
1348
183
1668
23
14
1114
2288
5314
27
119
20051
1231
14
14455
57
30764
3319
185
1420
2389
61
57
54901
61
5
26066
897
34
1420
4477
61
57
54902
27
378
58
24
955
1420
2389
912
448
330
262
331
408
369
5957
5
8488
91
525
897
27
331
408
288
12832
13
278
1969
14410
61
926
14942
5
54904
3096
763
61
926
825
107
12317
23
612
4086
27
331
246
12324
4477
61
1526
61
149
663
166
607
18
24
2795
1608
9816
246
1042
1536
1668
89
14
2111
2262
104
837
1587
24
1890
9816


