258
1683
18976
251
477
22584
129
41216
515
7099
33279
1687
7690
24
41217
57
568
99
100
3931
58
215
149
433
722
334
3205
76
14
41218
27
5295
481
10434
61
129
87
477
76
272
61
149
1377
2
24
7786
58
30342
13
482
3187
449
54
7316
76
14
477
893
2
54
19190
27
15139
482
948
23
1676
61
1706
61
1377
24
5295
34
360
494
256
334
643
27
5295
481
10434
69
324
71
61
129
87
477
76
272
61
149
1377
2
24
7786
58
30342
13
482
3187
449
54
7316
76
14
477
893
2
54
19190
15139
482
948
1377
24
5295
34
360
494
256
334
643
89
54
3205
76
14
893
2
54
19190
104
290
291
37
5249
23
1676
61
1706
69
324
71
36484
10434
61
129
87
54
3457
61
4864
3957
24
41217
57
568
35
506
58
215
12284
14
7228
104
54
482
11189
7099
568
27
17885
10434
61
24
715
57
36484
10434
129
99
100
1377
2
24
7786
34
37772
119
41219
4305
1862
61
717
922
24
290
291
912
5249
23
41220
61
1706
61
5778
262
1687
28731
18613
16
4242
29596
16
41221
27
305
24
227
61
215
330
262
1687
119
8058
99
709
11877
13
1292
24
12372
57
568
61
5
5832
28504
253
748
6403
3079
13
1271
9
3219
10754
27
1687
26814
24
3802
516
996
5247
1030
846
3098
13
1517
57
5776
1222
628
747
185
13155
13
1550
14
1271
3219
526
27
3601
515
2236
24
28130
5529
610
1028
13
5408
778
1687
162
19472
612
7228
61
610
840
568
64
610
278
309
183
825
107
31195
143
23
24
855
57
7002
2
6403
3079
3085
61
215
41216
515
1687
5529
87
822
5863
1348
568
87
17555
61
2848
5
41222
27
842
215
149
5292
64
14
26429
58
24
482
1142
133
449
54
3205
76
14
477
893
27
396
149
2104
14
360
9
506
1433
91
24
31597
57
34443
61
24
205
2704
5249
57
327
351
4126
1706
5
594
57
10936
27
742
544
5
952
278
647
100
3068
2
290
291
912
5249
912
1490
5
215
87
1094
648
13
107
1950
17691
64
14
2861
6945
27
251
376
1725
91
24
31597
57
34443
330
262
1687
119
5295
481
10434
99
7031
54
5016
64
1744
41223
57
24
41224
41225
76
6939
1426
27
36484
10434
61
129
87
54
3457
61
4864
3957
24
41217
57
568
35
506
58
215
12284
14
7228
104
54
482
11189
7099
568
1687
251
8555
57
37772
105
100
53
101
24
41226
41227
41228
61
502
99
100
18533
27
36484
481
10434
87
1094
648
13
1950
64
14
2861
6945
1687
251
4447
99
100
9981
76
481
10434
912
10883
515
215
107
1429
2
7786
34
360
494
27
1687
119
31597
87
8115
27105
2002
13
481
61
54
715
17885
5
122
272
104
14
1098
19694
1704
41229
61
14
6755
3920
34
24
351
61
330
262
1687
951
32
87
2829
61
5
237
1130
13
107
14
2211
1190
27
1687
9939
87
4039
13
122
1409
763
61
5
57
2510
237
87
1463
76
14
485
129
825
2296
13
2854
47
24
1807
808
10434
149
2104
24
1433
91
24
31597
57
34443
101
24
5249
41230
41228
27
564
14
4447
87
9981
61
5131
91
24
31250
1185
91
24
31250
37
15151
13110
61
183
87
107
1231
23
24
41231
331
2580
2072
9762
104
26357
10308
61
24
2805
2908
57
24
31677
57
32840
27
246
5295
481
10434
433
722
3205
76
416
57
19190
246
119
477
571
149
1377
2
24
7786
34
360
494
34
37772
246
2226
506
215
3957
41217
57
568
91
11189
7099
568


