5493
11
0
172
47
17794
646
1344
218
6147
2505
66
33
3190
11
0
237
9149
9
1965
4543
218
281
86
1
212
818
206
79
29
383
5
305
2514
39
5
111
5735
1481
909
97
874
6
0
7802
47
237
12166
3277
2
1722
255
3277
43
6829
20
0
526
475
1928
4876
1
50
61
1890
8911
11
0
237
117
646
1
237
646
1724
4
14613
1528
2
297
94
11
167
2092
9
2065
646
16
15
17893
2880
17894
7
8172
413
0
2105
515
6
0
13423
29059
7
17683
4
29060
7
440
23745
1
10891
1288
3142
20
0
23746
4322
646
7
2283
1670
49
0
2105
11
237
646
1340
1
119
518
8688
20
17895
518
7
0
14377
10
909
237
8284
646
2
160
47
2836
4403
1928
10166
0
3060
11
237
14614
20
0
770
1
50
10
4243
31
12166
2726
4
7783
3774
68
1288
271
475
2
5299
18
15
16095
9
380
0
2107
10
2943
23
6525
49
2
15
5735
38913
67
85
15629
3228
7
0
68
1288
271
475
1333
251
9
3
9
251
7
406
13067
2
2092
646
1724
16
15
2105
10
413
31
23747
1885
19675
7
1465
1
1262
0
3060
515
6
15594
29061
7
155
2624
23748
646
471
16
7012
1900
483
20
0
2456
16096
23749
1609
2700
1
4743
10
909
20
0
148
4227
646
471
31
0
2711
1315
85
4274
464
6
0
270
2943
11
42
1545
10022
1391
460
2
139
13
0
200
70
14
0
5735
29
40
477
2
15
38914
43
123
210
3
5
2144
6
105
2711
7
277
5813
1
173
4762
4
2422
38915
38916
1
3156
4646
38917
1
2422
2775
9520
4
1538
9
19649
14615
38918
2
15
17893
2880
17894
7
8172
413
0
2105
11
2092
9
9137
1928
1
2501
0
13423
29059
7
17683
4
29060
7
440
2
23748
646
471
16
9150
22
44
43
350
11
5
1528
14
10
344
3
35
8437
1
29062
1
4
29063
1
4
3436
7012
1900
483
20
0
2456
16096
8
646
7
4743
23
8
29064
4227
8
4087
1288
9475
2105
16
3369
3837
5566
7
440
10
6829
7
5
5813
14
7153
3
325
0
646
14
8
1624
1939
129
3
987
0
474
9
205
5465
8
4087
1288
9475
2105
16
440
18
3369
3837
5566
13
13407
12
17896
9
1372
20293
748
0
1099
4
1250
5
1097
9
7
2348
12448
15
2711
22
16
35
5986
0
3767
23750
6
5
646
122
13
12914
16
19866
4278
73
32
103
9
1547
241
112
25
18
253
3416
1
212
1996
516
74
8675
241
253
16097
9
16097
1
4
25
893
474
6497
2
15
646
10
61
3436
11
97
35
7704
4
23751
29065
2
15
2105
11
14613
646
1528
219
3
7012
1900
483
20
0
2456
16096
23749
1609
2700
1
4743
2
15
64
8405
9
49
43
16098
3969
20
38919
155
331
4
15
38920
16098
20
11604
38921
1
1465
2
15
2711
22
44
43
350
11
5
1528
14
10
344
3
35
8437
1
29062
1
4
29063
1
1453
16
35
57
10
5
1905
5813
3
448
1
45
0
2711
1301
14
2456
38922
178
29064
4227
7012
23752
43
20294
4961
16
207
122
12
0
2912
1
9151
5
20295
17106
1
44
929
15615
1
747
4
3418
3
517
2
2092
8284
646
16
518
8688
20
17895
518
7
0
14377
1
50
1250
5
23753
1724
1
10
909
237
8284
646
2092
8284
646
16
518
8688
20
17895
518
7
0
14377
61
30
5
38923
9
17162
471
1
10892
6506
4
5
38924
38925
6607
1344
2092
8284
646
16
9150
3436
0
8
2493
9
4952
38926
9
9121
8
14462
6
17895
518
8284
7
0
14377
2092
1880
646
16
988
47
17897
1928
10
2956
23
0
237
1880
646
1
2501
11605
518
7
11606
4
29066
828
16096
16099
7
7538
35
7012
1900
483
13
0
1804
6
0
8918
1
17
37
29067
9
2576
10227
1724
207
23754
69
0
4600
1
5
747
20296
973
69
0
2912
1
4
38927
9
16100
205
829
14
22492
5
19824
6
6678
38928
38929
20297
646
1344
10
413
31
15
20298
646
1
155
331
1265
103
1212
28
0
38930
1928
7
1268
4
23596
6720
7
160
2
38931
5
646
47
1344
23
35
5
548
9
3836
10570
38932
1
2711
43
3403
31
0
35
3353
1344
481
1
5090
4300
4
29068
29069
2
20297
646
1344
16
15
2105
10
413
31
15
20298
646
1
155
331
1
50
408
103
1212
28
0
23596
6720
7
160
20297
646
1344
16
9150
43
3403
31
0
35
3353
1344
481
1
5090
4300
4
29068
29069
20
0
20298
1928
1
14616
2092
9
2065
646
16
8172
18
17893
2880
17894
413
0
237
9
2065
2105
17
2711
9961
14
8
497
0
3767
23750
6
5
646
122
13
12914
16
112
25
18
253
3416
1
212
1996
516
74
8675
241
253
16097
9
16097
1
4
25
893
474
6497
8
2092
2065
646
16
15
17893
2880
17894
7
8172
10
61
3436
11
97
35
7704
4
23751
29065
39
25
10166
0
237
9
2065
646
2105
2092
9
9137
1928
16
17893
2880
17894
1
8172
23748
1528
16
7012
1900
483
20
2456
16096
23749
1609
2700
1
4743
20297
646
1344
16
15
20298
646
1
155
331
2092
646
1340
16
23745
1
10891
1288
3142
20
23746
4322
1
255
2092
8284
646
16
518
8688
20
17895
518
1
14377
2092
9149
646
16
17898
20299
1
440
2092
11
869
16
4566
17899
2818
1
440
2092
1880
646
16
17897
1928
1
440
2092
646
1724
16
23747
1885
19675
1
1465
4087
1288
9475
16
3369
3837
5566
1
440
2092
14614
16
2836
4403
1928
1
160
2092
475
1928
526
16
16101
7262
1928
1288
8688
14417
1
1739
15
237
9149
646
3060
10
2510
3
17898
20299
7
440
1
50
224
7
376
6
29070
29071
29072
7
1465
4
29073
1
1934
2
2092
117
646
10
440
47
4566
17899
2818
1
119
988
47
17897
1928
10
2956
23
0
237
1880
646
1
2501
11605
518
7
11606
4
29066
828
16096
16099
7
7538
2
15
2105
11
0
237
646
1724
10
413
31
23747
1885
19675
7
1465
1
1262
0
3060
515
6
15594
29061
7
155
2624
4
16102
38933
7
1010
2
3369
3837
5566
7
440
10
6829
11
0
4087
4
9475
2105
1
17
0
2092
475
1928
526
2105
219
3
16101
7262
1928
1288
8688
14417
7
1739
2
15
8405
9
49
43
38934
7
440
4
38935
23752
38936
7
10893
2
15
2711
490
14
0
16101
7262
1928
35
2719
12
274
23755
1
1453
16
35
16103
9
13186
38937
1
5
12214
38938
9
38939
9
4952
1724
4
29074
3832
14539
7
10849
7353
29
574
48
179
38940
7579
69
5
3666
22987
2
35
3506
154
12
8
38941
8
13
7013
340
450
253
504
1
6258
25
38942
3520
17
97
2170
2
8
15
2954
13
2722
4
54
9
6
9
5
9
1084
241
25
3512
0
7919
7
109
100
108
1896
29075
241
4
25
23282
7
0
1915
189
39
66
858
29076
35
249
60
309
475
7
1838
1
60
207
55
3
325
0
128
237
12166
3277
7
0
38943
6887
523
16104
1
1011
9
2654
1
68
1288
271
475
2
35
3063
0
424
485
82
1
60
382
204
14
1613
80
77
0
172
1
86
48
874
6
526
2105
9
4961
228
254
3932
0
237
6
0
237
12
0
1852
646
38944
378
81
70
18
5735
1481
1
0
1623
13424
6710
7
1529
20300
1
665
413
0
235
2105
39
91
2943
237
646
2
2092
475
646
526
16
15
1426
6
0
235
2105
219
3
0
16101
7262
1928
1288
8688
14417
7
1739
2092
475
646
526
16
9150
22
0
16101
7262
1928
7
1739
35
2719
12
274
23755
39
25
413
0
235
3060
11
237
646
2092
117
646
16
15
3060
219
3
440
47
4566
17899
2818
1
50
13
207
7
3510
7014
6
1492
13425
2092
117
646
16
9150
22
869
2229
0
4566
17899
2818
7
440
8
33
7
11
0
9149
12449
6
5
6094
8
2092
117
646
16
9150
1301
14
440
18
4566
17899
2818
10
8
5
3431
117
9
1965
646
62
2565
8
14
8
15499
55
0
925
6605
11
158
0
4063
6
1996
133
340
23756
12
876
62
837
8
2092
14614
16
160
47
2836
4403
1928
10166
0
3060
11
237
14614
2
15
646
1358
5
7391
10894
1
11216
10473
17
2016
357
8627
1
611
8070
471
4
8733
1344
9
17558
9152
2092
14614
16
9150
562
0
2836
4403
1928
7
160
23
5
8
2541
4
1374
403
9
528
764
8
2092
9149
646
16
15
2105
219
3
17898
20299
7
440
1
50
224
7
376
6
29070
29071
29072
7
1465
4
29073
1
1934
2092
9149
646
16
11517
13426
23757
20
17898
20299
5952
7100
12
3555
785
1
38945
11240
4
29
5
14617
2672
381
571
1
17
2711
4429
25
23
8
37
11607
1597
6
19717
3
1231
5
10664
9149
9
571
8
26
1722
255
3277
6829
20
0
526
475
1928
4876
26
1315
85
4274
464
6
0
270
2943
11
42
1545
3277
26
23745
1
10891
1288
3142
7
2283
13
909
237
646
1340
26
160
47
2836
4403
1928
10166
0
3060
11
237
14614
20
0
770
26
2092
475
1928
526
2105
219
3
16101
7262
1928
1288
8688
14417
7
1739


