19055
73
1789
7765
8960
31
49
3
575
134
153
19055
33
330
11
10637
9308
45
44
76
61
1665
212
361
142
1
301
3
5
111
625
2
513
1471
29
115
0
5296
157
679
206
2776
266
17
7765
8960
2
135
98
610
42
2155
46
3850
266
17
232
9308
3
154
42
3321
2
26465
8960
13
1379
7
1446
266
1
1225
543
217
17
664
744
1
11
50
9308
9
10637
9850
33
4572
5009
2
7521
774
30
1273
14
317
9850
73
30047
2914
18590
1080
2
139
30
531
3
1294
63
0
1830
6
0
3449
157
3321
12
0
1737
6
49252
2
101
0
87
3425
6
1033
2741
12
7765
8960
4
9850
1
1471
1459
485
5233
14
5909
7765
4373
319
0
1147
12379
6
26465
49253
2
15
49254
13
5
994
9
11634
2018
17
178
1294
1
277
668
12
5
178
9
547
2698
4
24543
1
17
1611
4673
5970
18087
707
4373
2
14089
6
80
485
2741
3495
115
5
32592
1710
1593
6
9850
12
7765
4373
7
266
38
34
234
232
9308
4
7765
8960
2
6627
1
7765
4373
3945
3763
31
49255
860
7
266
38
175
9850
9
28
49256
3
33628
2
139
4896
5
49257
134
153
6862
2
8
15
1048
7
7765
4373
3945
17
9850
10
4904
54
9
439
3
54
9
272
6
110
30
40
364
17
679
109
15576
1
49258
62
49259
1
8
22
625
667
6707
570
375
26466
1
771
6
0
33629
3182
4
8614
33630
11
33629
1782
20
26467
1375
4322
779
2451
714
2
35
57
10
2006
85
0
364
1593
6
2341
33631
2
590
266
17
7765
8960
38
252
9850
3
742
9308
1
48
206
32
37
1176
49260
52
890
14
9850
206
147
3
1665
7765
4373
31
1408
777
5411
33632
2390
4
4194
25161
777
4152
3
0
11391
1
50
13
473
5439
7
266
17
7765
8960
2
19055
33
5296
5009
11
232
9308
4
807
610
0
776
2155
46
355
266
5
2418
14074
3
154
0
4166
52
176
14
119
9850
33
41
4734
23
5
3334
520
11
7765
8960
7
728
17
1660
9308
1080
1
0
176
2776
206
3850
67
266
38
252
9850
3
154
88
2
570
26466
176
16
35
7618
85
7509
0
3791
6
5
664
343
7
0
594
1
0
67
3378
2776
6
4194
7765
4373
445
1665
49261
3
21998
49262
26465
8960
4293
1628
6
266
4
8316
67
473
7
217
77
0
512
6
775
2
10433
2472
675
664
1324
1
232
9308
1
232
777
906
1
4088
1
4021
1
6334
256
1
3557
4
4092
2
570
26466
22
14
2006
5233
33
735
3
557
2235
0
3718
197
21998
6514
4
7765
4373
2
15
625
10
933
478
31
0
3307
6
11333
13834
2
26
19055
73
1789
0
744
6
7765
8960
31
49
3
575
980
26
33633
9850
272
23
2560
20
3559
7765
49263
23
15576
26
19055
206
185
777
5411
33632
2390
1
4194
777
4152
26
15
1471
610
0
2155
46
3850
266
17
232
9308
3
154
9850


