2123
5809
1
2064
1
53
137
209
51
38
9697
5
3087
9
83
2774
31
2093
27
1841
799
12
21553
90
317
27
14851
1
30
40
856
65
7072
164
1021
38
9697
5
3087
9
83
2774
31
2093
27
1841
799
12
21553
90
317
27
14851
30
40
856
2
4504
904
372
306
14
2123
5809
1
2064
1
467
5
8
13576
3421
8
573
17
0
1278
1
38
73
41
32
909
11
620
1425
2
15
1021
1
38
10
369
7
5
573
1
175
0
290
3
9903
1
4
482
27
1841
799
6
430
1
90
27
3
0
260
21
960
7
17
19
296
1
113
44
1117
34
345
2
5304
3415
1920
78
0
186
14
20
0
71
6
1536
0
573
17
0
2774
1
5809
1
28
4504
1
336
1810
1
10
346
20
5
232
164
23
5
1202
11478
1
3044
944
4
6622
2
8
15
1081
115
59
3
32
128
10849
4
21
3501
17
1652
7
12514
63
108
2420
1
8
22
401
1920
2
8
249
36
945
3
84
27
65
9
1080
36
78
27
280
14
36
3438
0
1021
2
135
78
59
36
404
3
1450
3
59
4
56
36
1002
3
59
36
78
59
36
3438
59
2
8
52
2249
27
77
560
4
21553
4
482
1841
947
6
430
497
7
4
55
6
0
4313
1
45
36
107
74
188
3
32032
2
8
101
436
44
309
3
1118
49
4
649
7
5
23437
86
75
107
74
177
88
4
123
36
309
3
165
726
3
19
260
2
8
401
1920
78
0
186
14
0
290
219
726
3
5809
18
102
1
113
21
960
17
19
296
1
398
62
697
278
1
4
119
92
44
58
718
3478
1
5886
4
1126
844
2
360
1
36
22
14
0
267
6
484
1
0
573
492
707
1
39
5809
8
27391
78
27
14
21
58
1604
11
27
3
355
59
5
911
3
161
36
10
1309
8
2
15
186
306
0
573
224
3
37
267
39
0
1278
9
38
73
41
32
909
9
310
3
27
145
129
83
27
8
1133
8
10
1
4
5809
1141
1535
3
27
2
15
290
309
5
573
17
552
27
220
512
1
38
78
5
1021
20
0
164
1
38
729
36
369
34
1335
63
5809
18
573
17
169
6
0
108
1652
2
8
96
408
59
1032
3
32
45200
17
5
245
6
414
4
598
70
83
995
1
8
401
1920
22
2
5809
10
1410
28
19
431
20
0
164
1
4
4248
1006
1
0
186
306
2
4504
904
372
306
14
2123
5809
1
2064
1
467
5
8
13576
3421
8
573
17
0
1278
1
38
73
41
32
909
11
620
1425
101
5
583
1525
565
1039
55
3
0
186
1
0
290
22
110
34
510
30
34
8
5
676
1525
12
27
132
9
3
9
132
142
4
12
6209
36
2091
36
10
204
2213
6
8
2
96
490
91
8
2831
8
31
248
3
402
25
5
1493
4
31
0
725
36
34
5
13159
12
59
1
45
30
150
115
25
504
3
402
49
17
5
147
1
4
115
75
43
1359
63
27
20
164
4
12
637
559
2
15
186
306
14
120
19
573
17
0
290
1
5809
10
61
7
5
146
9
70
3119
573
17
216
1021
2
13337
5809
1
3855
10349
1
22
7456
289
3
0
186
31
280
4
117
562
59
23
5
8
4745
1
8612
1
4674
130
8
2
52
10
856
11
793
187
39
2703
105
1577
6
707
2409
17
5
284
4
54
3610
6
1298
5
284
3
4433
7
707
2409
23
5
447
7
5
1056
6
1193
1
197
436
4
484
81
70
52
22
5809
14764
19
1794
16
8
57
224
20
5
71
56
21
10
838
4
0
1120
4
11657
36
738
3
59
10
11852
2
8
318
683
6
1601
2095
4
19
683
6
91
838
13
100
8767
45
25
18
37
6666
23
3
129
21
1182
49
500
110
21
2694
171
202
29
617
2
8
5809
2027
7
0
4307
17
19
251
14128
23
21
10
856
31
1485
2123
3022
2
15
891
22
16
8
57
18
5359
459
1
56
66
34
5
573
1
66
171
2806
5
707
573
17
552
24
5089
23
91
5
284
2
8
308
43
5
130
6
1864
1
2336
4
550
1
4
66
33
1728
1591
6
129
3421
5
573
6
48
1950
10
2
8
96
10
14583
7
707
3916
4
36
10
5
16379
4
66
175
28
27
0
2720
6
27
14851
2
96
46
5260
183
25
10
204
7
5
1020
1236
2
8
52
10
856
11
793
187
39
2703
105
1577
6
707
2409
17
5
284
4
54
3610
6
1298
5
284
3
4433
7
707
2409
23
5
447
7
5
1056
6
1193
1
197
436
4
484
81
70
2
5809
10
61
1258
5
851
9
70
707
2178
10111
554
4
1122
3
503
5
72
639
583
13801
2
26
2123
5809
175
0
290
3
9903
4
482
27
1841
799
6
430
26
52
8903
27
3
19
296
260
1
113
44
1117
34
345
26
5809
1
38
10
7
5
189
9
877
573
1
30
40
856
11
793
187


