144
2000
15763
4
22647
22648
293
16
43890
138
1
542
484
151
291
287
16
18662
138
1
835
484
151
15
669
295
115
420
20
42
2310
102
455
17
42
3287
1049
29
40
909
23
1483
866
4
13753
25333
866
1
234
2297
1
4
2188
29
22
14
44
43
7
0
1269
6
5
8
8632
1924
8
2
15
295
1
38
960
12
5
2154
1004
7
10392
17
42
2443
1
25334
4
43891
38
58
29
4022
42
87
1716
12
484
43892
43
658
12
446
1241
4
106
3010
22
44
1032
3
29
40
285
17
8
125
1084
6
2425
4235
2
8
15
10392
1986
6
203
176
14
92
13
100
759
3
0
270
715
4
14
106
33
74
350
11
5
1400
2
135
43
180
3
0
548
31
216
27623
7
0
533
38
6369
5
168
9
91
1781
2
57
30
98
40
310
14
106
34
845
40
180
3
0
102
12
64
410
2646
90
0
5448
43
529
81
70
2
13753
25333
866
4
27
3287
2443
25334
4
524
53
137
51
43
115
420
20
102
455
17
27
315
4
0
1049
244
1483
866
209
7
10392
1
2310
101
0
535
6
468
1
44
43
180
3
0
10392
102
39
1483
866
1930
3
922
430
2
15
2563
4708
607
14
0
1164
11
0
200
448
30
41
40
310
2
15
12101
2077
3037
78
15
2563
12222
14
0
1603
43
8
128
14538
1
128
2287
1081
1
8
45
44
58
41
1750
156
557
985
63
0
830
548
5004
3
161
14
0
117
239
11020
2
10672
562
271
866
23
31448
3
27
126
119
68
866
30
40
8340
23
5386
17
102
6862
4132
1
23
125
75
408
59
2056
49
2399
14
21
34
79
9116
90
7229
88
80
77
311
2
8
221
43
1943
6
2544
1
8
22
6993
27874
1
761
145
13
0
866
8
208
917
4677
2
8
52
47
79
2112
453
2112
1
2112
1
2112
1
2112
2
11213
8683
385
1
500
385
1
8966
2
52
10
300
346
12
0
260
2
8
24
659
4387
2
24
659
4387
2
2607
1245
2785
2
8
5650
16
203
1007
7
43893
3
2667
0
830
548
113
0
1334
6
64
2039
4
64
247
126
43
115
48
1241
7
10392
1
2310
15800
16
15
2660
1635
170
30
74
1459
0
1334
1
23
44
1604
3
965
0
7512
18
208
6
19881
580
1400
16
101
5
1382
1059
48
1241
1
0
782
6
106
22
14
44
33
648
41
350
11
5
1400
7
0
276
4
14
6214
252
41
2973
63
270
715
96
61
78
15
4708
14
68
866
34
5
198
4
263
1
4028
259
4
406
6486
1
28
37
421
984
2
271
866
8
220
566
83
487
652
18663
9
438
14
0
295
10
7
0
1087
6
12200
49
2
8
24
181
21
79
622
55
5
295
6
230
320
1
4
24
181
36
18
159
162
0
4618
6
0
1924
1
8
1417
7561
22
2
8
10392
583
18
566
2750
121
19
757
10
400
447
1
3424
3013
2
52
13
4387
20
110
18
510
1
8
1197
25335
1806
2
96
34
40
845
669
11
146
82
28
2649
3
1686
4
27
1127
315
1
38
30
41
40
909
1
1002
3
15
12222
63
129
21
10
1549
20
0
546
2
8
96
10
5
128
5252
1
2214
447
2
24
516
74
3773
767
4797
3
84
27
156
1797
1
8
0
130
78
0
1581
2
271
866
614
20
5
1024
4
1864
41
9
11
9
3088
6052
180
2057
31449
4
9467
28
4547
422
50
13
339
10392
2
6842
7
0
5336
16
15
1334
43
115
7
10392
1
2310
1
5
3653
63
13087
379
8493
6
2563
8
13753
10
5
5343
848
6
136
174
1
4
27
983
13
2568
809
31
80
6
282
1
8
2057
31449
22
7
5
565
2
8
294
60
12006
386
1
60
73
118
3773
0
3418
983
13753
47
117
392
1980
1
4
136
12165
11282
33
17
88
2
8
15
1334
43
115
20
1627
43894
2057
7
10392
1
103
13094
824
339
43895
4515
714
2
10672
22
14
44
107
74
1487
156
12699
81
166
2
65
4677
78
21372
14
5
295
960
7
0
1857
1844
113
0
1334
43
115
1
4
14
44
34
3287
1049
182
5
70
83
2
15
4677
22
14
0
211
34
4782
0
10786
63
178
82
320
90
497
669
3
27
315
105
82
320
2
15
10239
6
0
5043
8314
43
214
1535
17
106
363
0
260
90
1547
42
220
501
284
7
42
31450
4
624
103
2
15
211
10
1474
2088
4
91
24855
31
27
315
2
101
0
222
533
16
43896
6
0
108
10786
7
0
533
113
146
1334
43
115
517
42
102
48
1241
788
373
16
852
3
108
6214
12
0
1004
1
0
295
137
960
12
0
5043
898
6
0
533
119
216
295
960
12
0
1857
898
113
0
146
1334
43
115
3291
6
92
16
15
295
43
214
13597
49
42
6656
4
1535
17
106
90
687
0
830
548
31451
375
17478
10
55
18664
1881
56
19
263
224
831
102
1
4153
385
34
510
3
59
2
15
106
34
4530
103
1902
12
0
1004
146
62
178
2574
49
28
19
2
52
78
25336
14
92
10
5
3367
195
20
0
267
6
54
1004
4
37
14196
195
20
0
108
4
14
5805
43
1189
748
2
68
17478
30
960
12
0
1004
11
3107
82
4
3775
0
4612
23
2120
1
2154
4
4497
9
1965
2
8
24
157
3
517
0
3494
661
1
45
41
4591
1
8
68
17478
22
2
4563
43897
1
5
15838
9
83
1778
8169
3554
630
79
5
333
2574
184
28
0
830
548
4
254
74
1714
106
91
180
3
0
260
90
2
8
24
322
43898
3
181
14
1242
558
8
36
309
2
8
57
18
5484
2
8
8
57
18
5
400
4612
1
8
36
176
2
2017
1334
16
924
2039
4
64
126
43
115
420
209
7
37
10392
1
2310
102
1553
493
16
15
146
1603
33
648
182
493
2
7891
6
0
1334
29
40
3717
1459
26
15
1334
6
64
2039
4
64
31452
43
658
12
446
7
37
10392
1
2310
102
26
15
295
43
1459
23
1483
4
13753
25333
866
1
234
2297
1
38
43
22
3
32
7
0
1269
6
5
8
8632
1924
8
26
57
58
29
40
25334
4
524
18
10944
1716
12
484
11296
26
203
34
845
40
180
3
0
102
1165
1
173
54
71
56
1483
866
1930
3
922
430


