251
791
6216
450
1398
6954
99
7149
215
3119
13
107
982
91
54
18332
5888
64
24
5829
369
331
35862
61
35863
5
18869
331
251
791
6216
450
1398
6954
99
7149
215
3119
13
107
982
91
54
18332
5888
64
24
5829
369
331
35862
61
35863
5
18869
27
331
35864
35865
35866
61
15467
57
33054
5
469
57
791
6216
8789
57
274
35867
35866
61
1400
515
10192
1502
726
104
24
4294
57
2820
57
562
5
24
6545
13
761
849
87
331
30792
27
331
4037
23
24
1372
1190
57
119
14561
61
215
1520
262
331
1447
87
14
3334
4878
515
3096
57
703
3083
13
13189
262
2797
401
402
87
663
14
189
27
331
187
35868
3096
57
703
61
1222
45
3045
61
935
28195
5
35869
61
14
1779
515
1099
45
107
1512
1284
897
40
87
17151
4418
27
331
187
16860
703
57
612
27233
5
7410
13
1361
13
223
61
5529
61
24
1146
27
331
187
16129
834
308
824
703
61
3871
13
703
61
5
61
594
752
61
2422
703
27
331
408
369
709
849
15511
64
11127
5
2207
40
64
35862
61
35863
61
1347
18869
27
119
571
9
57
9
166
19519
515
54
6545
13
1067
23
54
35870
1308
45
193
758
76
54
485
61
3458
54
5253
61
40
3428
215
825
45
1292
54
1027
64
54
494
8822
27
396
1520
515
1222
448
761
13
122
31302
61
122
272
1393
748
47
122
19068
227
13
2391
58
542
5
24
503
227
358
369
2801
87
1348
122
448
1067
9
5
358
369
935
2033
2786
27
119
2314
9
2033
61
14
791
6216
450
1398
6954
61
1520
10192
1502
726
104
24
4294
57
2820
57
562
35866
3428
23
24
35871
515
215
87
45
1448
34
12710
1185
13843
8955
104
14
9550
636
27
396
1520
515
1222
215
149
4001
76
3976
1094
215
516
2765
278
183
279
61
40
1348
215
5705
2744
215
825
278
54
35
35872
5
278
709
3572
34
18655
3976
104
1193
636
27
35866
3428
515
625
215
5705
4653
215
825
6737
704
310
322
5
1520
215
331
1067
1348
2210
726
55
1410
846
27
331
162
24
35871
61
502
87
784
185
24
1490
76
876
57
54
485
61
35866
1520
215
825
6314
14
7962
484
54
897
13
3320
54
562
61
40
1222
54
9508
1028
13
278
32
1348
215
99
689
868
183
87
45
54
331
3104
27
331
35866
873
262
331
6795
3083
13
107
14906
76
23356
61
2931
9405
35873
61
19072
1356
32387
5
1480
35874
61
14048
13
1397
3575
61
5
28401
32761
5
22664
61
704
23
14
35875
6828
13
8351
897
5
35876
562
64
402
64
1243
331
35866
61
3062
57
24
3789
57
4040
14489
5
4810
12050
104
24
1956
57
6311
61
1308
19007
515
8838
636
87
45
14
20286
13
27233
27
396
6091
24
501
57
14
6351
450
13563
129
970
229
54
11804
5888
5
5923
13
107
331
3331
331
61
40
3428
515
24
111
87
4140
331
334
35877
3401
14
821
1296
6348
27
331
35866
17848
24
3607
14920
76
331
23356
61
2931
9405
35873
61
19072
1356
32387
5
1480
35874
61
14048
13
1397
3575
61
5
28401
32761
331
5
1520
215
4169
24
18939
87
365
331
30792
5
6120
9772
27
331
35866
61
750
11613
37
8519
1075
35878
185
1134
20857
262
331
628
2391
104
24
5128
185
27773
61
628
2391
104
24
5128
185
8893
37
4751
61
628
2391
104
24
5128
185
189
57
27233
27
35866
37
14215
369
9407
3516
35879
35866
69
719
174
76
54
715
71
5
21593
6897
35867
69
700
71
331
143
4653
1130
13
107
24
700
987
575
24
3317
57
27773
61
5704
27773
87
2330
61
723
728
373
45
23
24
175
8893
37
4031
57
1114
4807
1185
1851
4807
5
27233
99
1150
57
799
13
334
1029
27
35866
61
24
3608
57
24
35880
35881
3789
104
24
4744
3052
33073
57
4810
5
219
57
24
3789
57
4040
14489
1569
4810
12050
104
24
1956
57
6311
61
623
2533
3989
6216
37
450
4014
17018
3802
27
35866
37
7649
469
87
24
5359
37
55
8789
57
274
61
6646
21593
6897
35867
35866
27
777
622
469
87
9407
3516
35879
35866
552
10719
278
3866
35882
61
7897
15951
61
5262
12361
5
3929
20837
27
119
166
14215
288
11258
23
21593
91
122
571
5389
9
3132
27434
6203
5
2255
35883
61
14
7658
129
149
14
35884
57
8944
9817
27
691
663
278
334
3765
2179
76
15646
15647
129
28042
24
23482
27
246
35885
35865
35866
87
14
791
6216
450
1398
6954
246
35886
24
3607
331
14920
76
334
18386
6322
562
331
246
35887
23
35871
262
331
1312
3096
1107
61
4653
87
14
2928
692
636
13
3631
13
1728
331
246
440
469
13
6216
37
55
8789
57
274
61
21593
6897
35867
35866


