397
791
2004
3989
6370
10811
9991
185
2414
515
24
8862
37
9440
10812
57
9219
2081
638
45
1479
13
10629
61
24
111
129
4952
24
1106
6306
34
24
3777
330
515
23
405
597
183
105
10813
423
401
420
27
2036
3850
3789
3509
259
10814
330
24
2371
5849
61
10815
3066
5
622
10816
322
10817
23
14
4744
6217
2401
35
632
44
10818
4678
9
10629
4773
27
10814
330
185
3972
37
331
10819
10820
10821
331
331
816
1508
1022
640
64
358
2354
958
23
24
2401
61
64
723
1759
542
61
372
288
45
10822
91
24
3850
3789
27
691
288
45
6581
13
107
456
5
372
308
129
638
372
369
104
4031
4774
652
358
288
10823
922
122
8821
27
331
521
159
34
522
378
133
262
2036
3850
3789
3509
259
10814
330
24
2371
5849
61
10815
3066
5
622
10816
322
10817
23
14
4744
6217
2401
35
632
44
10818
4678
9
10629
4773
397
5855
8594
4744
10824
4053
23
24
2918
57
10825
10826
23
10714
61
10814
3564
9
598
14
10827
515
149
1129
64
24
1106
10828
34
496
24
8862
289
1579
3777
57
10829
10812
10830
58
24
10831
2978
2367
27
119
10827
330
503
10832
9405
9922
1185
4238
5704
60
61
1155
64
10833
10834
61
10835
24
10836
4285
37
1433
185
10629
27
10837
10812
1353
1030
10838
906
4539
57
515
3856
27
10814
37
1105
185
2414
126
76
372
57
10811
5
791
4156
1140
948
129
10839
54
10827
13
3335
515
24
10816
322
57
10840
149
1106
27
331
691
8495
10822
5
10841
496
610
638
61
331
10811
330
185
10842
37
331
7255
24
2905
27
331
331
951
32
10843
2295
2359
61
331
791
8862
10844
9219
219
8457
10845
330
123
54
4860
76
1172
8635
57
331
7142
1840
2414
27
331
119
6217
10846
6401
37
3728
57
10847
5720
4142
57
8862
5434
61
407
185
207
61
1142
515
405
10848
288
4418
57
2371
34
1533
1284
14
632
61
104
607
76
122
680
10849
702
122
6256
61
655
819
288
10850
5669
27
331
8958
104
183
1094
61
628
1019
57
2510
723
718
1018
1508
1022
10851
1185
401
822
515
183
516
3302
24
1804
57
24
4678
9
10629
3842
61
331
10814
330
185
24
2852
9
10852
7249
7279
27
2036
8862
10844
9219
219
8457
10845
69
719
23
237
394
858
71
330
2414
331
331
951
32
10843
2295
2359
331
396
4863
1720
24
2401
37
1342
288
10853
61
417
183
149
1542
503
91
6352
129
105
14
4098
5397
13
10854
9
2854
24
2190
10586
27
119
2401
8346
24
8862
4920
24
1705
1385
5
24
1857
449
24
3777
5
4942
13
10855
14
414
6474
27
10856
1342
278
100
10857
91
791
8862
948
27
10811
330
215
149
45
5794
515
24
10629
3777
10858
5284
57
10859
5744
61
5
330
215
105
709
10860
27
396
330
185
10842
37
331
7255
24
2905
61
331
331
628
278
709
2536
61
64
402
64
610
10861
612
7063
27
143
612
7063
87
13
444
24
4310
129
638
10862
61
5
183
87
13
1790
2276
239
75
24
2426
4715
27
628
149
3539
61
5
610
638
61
610
2168
24
10863
2
24
5359
5
24
10863
2
24
3850
3789
13
738
2237
13
24
3777
27
187
3366
27
187
3366
1094
34
145
494
27
396
5910
331
408
696
6906
2276
3152
10864
239
75
24
2426
4715
61
610
638
8065
8741
8734
61
610
638
8065
334
2209
1842
57
24
3355
4310
57
8072
9
8788
129
288
4723
34
515
239
185
10862
27
628
1825
1018
183
156
23
14
67
27
331
246
2036
3850
3789
3509
259
10814
330
24
2371
5849
61
10815
3066
5
622
10816
322
10817
23
14
4744
6217
2401
35
632
44
10818
4678
9
10629
4773
246
10814
149
5855
8594
4744
10824
4053
23
24
2918
57
10825
10826
23
10714
246
10814
3564
9
598
14
10827
515
149
1129
64
24
1106
10828
34
496
24
8862
289
1579
3777
57
10829
10812
10830
58
24
891
2978
2367
246
119
10827
330
503
10832
9405
9922
1185
4238
5704
60
61
1155
64
10833
10834
61
10835
24
10836
4285
37
1433
185
10629
246
10837
10812
1353
1030
10838
906
4539
57
515
3856


