2036
3150
932
6866
3277
35310
4700
8270
4002
58
361
17277
91
2991
35311
5
2189
316
2750
123
16454
37
2778
9
2459
17
18
11028
27
35310
242
34
16454
484
24
208
76
35311
1795
24
1029
57
24
55
170
61
502
2490
24
27281
14
471
714
23
14
2544
515
663
1850
3380
2984
4455
25727
35312
7596
14
31473
27
119
11085
6886
9730
149
174
9147
4089
58
722
32
28948
6021
133
5
2276
2043
9
655
215
663
4700
14474
23
54
20845
13
1632
24
12979
27
3277
35310
149
174
9147
4089
58
722
316
2750
2043
91
2991
35311
37
20868
2036
3150
932
6866
242
123
16454
37
2778
9
2459
17
18
11028
23
334
5396
10144
331
999
1511
28948
5
2276
2043
23
14
331
10144
331
2544
61
331
598
35310
185
1002
27
331
6569
723
704
34
851
4814
27
331
251
376
91
77
5087
35313
35314
330
262
331
397
387
64
24
112
105
1636
61
69
35310
71
105
334
9874
18795
4046
13
1505
54
4918
27
331
2994
521
159
13
850
35312
1550
13
24
1679
123
54
3380
35315
11028
105
24903
24
226
57
24
73
1011
146
40
3018
17871
35316
1996
14
4447
484
35312
1399
24
82
83
206
23
24
23669
27
543
243
2237
7535
6762
23
692
163
61
24
5551
6736
24
557
57
24
112
5
35312
4430
156
76
14
3486
6606
23
24
35317
67
27
3380
2984
4455
25727
35312
69
12893
71
35318
58
79
14
31473
123
24
2544
23
35319
61
16454
243
2237
7535
6762
5910
54
6133
163
34
54
1566
331
408
9316
14
1842
5
5293
610
2296
13
151
14418
23
834
610
2837
9288
652
610
2290
278
2168
14
2523
3340
61
331
16454
220
35168
35320
750
6219
27
16454
61
129
14456
104
24
2118
2434
5
503
3279
769
13
5551
4440
23
24
35
2584
61
369
2522
13
6314
24
9279
3699
1462
506
27
691
4093
2276
10144
75
35321
23
35322
185
207
27
1964
5
2448
16455
16456
497
16454
37
594
3939
136
23
54
35323
5396
61
35324
13079
2118
2434
3018
35325
6762
27
5493
113
16455
16456
69
2852
71
2048
54
1264
35323
5396
5042
246
3277
35310
4700
8270
4002
58
334
20868
2
2991
35311
246
2036
3150
6866
242
23
16454
37
2778
9
2459
10144
81
18
11028
246
3380
32597
25727
35312
19557
14
31473
5
7535
6762
3423
246
16455
16456
497
16454
37
594
3939
136
185
54
35323
2504


