57
10
79
37
955
132
7
0
2386
13894
301
3
54
487
130
1
761
195
919
10
7291
31
37
6432
5991
2
4768
15340
1
28
9498
1
10
624
28
0
12804
3
54290
11
5
872
5063
919
20
63
870
826
56
21
10
680
3
429
20
0
1248
2994
113
5
146
6668
189
4552
10
54291
63
2
8
57
79
58
74
356
1
8
68
15340
78
507
491
440
2
297
94
11
167
4768
15340
10
12
19
152
3
5
872
5063
919
7
0
2386
13894
56
21
10
680
3
429
19
195
434
3
5
146
9
6668
9
189
4552
14
10
10263
12
0
1248
2994
8
52
10
1572
12
0
538
11
63
64
379
90
24
213
95
710
55
2
8
15
167
332
37
4239
4552
10263
12
0
93
243
6
0
538
1
54292
2
334
125
3601
4
10375
6
2676
1
0
7741
913
1085
467
3
6528
69
0
5646
31
0
243
6
0
538
1
2354
0
195
3
1812
31
2
89
0
23095
13
5
1260
54
7
16123
3741
301
3
68
15340
1
38
22
21
473
23348
3499
6
0
8335
20
19
1545
5063
2424
2
8
57
18
1399
389
6
0
16139
1
21
18
79
5
305
1176
425
1
8
21
22
6
0
770
2
68
15340
22
18754
43
5
1551
3499
7
0
329
4
14
0
118
551
14
10
4868
63
48
1787
4130
10
0
7467
912
6
0
11929
8
24
10
79
2481
14
21
76
29
617
5
2616
706
6
1038
3
0
195
2
8
15
12677
1728
532
810
35089
7
19
3420
1
7
50
19
5739
76
32
306
1441
55
16
8
356
55
6
0
152
8
2
8
104
382
213
5
4552
7
0
152
1
8
68
15340
13
306
324
90
0
13788
1085
54293
103
0
538
1
20
50
547
19
427
13
306
324
16
8
32631
1
14281
54294
8
2
26
4768
15340
10
12
19
152
3
5
5063
919
7
0
2386
13894
56
21
224
357
0
676
11929
26
15
146
9
6668
9
189
13788
10
10263
20
0
1248
2994
20
16123
3741
26
57
805
3
356
11
64
379
119
0
700
12743
19
2676
4
180
55


