258
804
10669
261
262
22388
264
61
1656
3094
1268
268
269
262
48683
264
61
507
3094
1268
3989
14690
14691
912
6643
23
3424
87
33
159
13
14
1264
2330
61
1489
13
14
582
18223
5575
784
902
27
119
44816
8342
23
24
6424
18687
44811
3830
1615
515
144
2265
1299
1300
57
24
1566
87
331
48684
76
54
11604
1264
27
331
1134
3865
87
159
166
5752
131
185
14691
912
6643
23
1072
61
5
87
321
5494
515
24
16896
219
57
1779
87
91
420
24
594
9587
23
9800
864
2079
27
864
3989
14690
14691
37
6643
87
159
13
14
1264
2330
57
2265
1299
1300
14674
187
799
64
14
48
91
9
6330
149
9869
91
24
18817
48685
2222
5
24
13212
9
6112
3052
20385
69
48686
71
27
48687
48688
9
48689
61
1656
61
149
2456
13
248
14
188
4110
7208
34
24
48686
58
253
17910
133
14
16896
27
808
48688
9
48690
87
3108
13
12417
13
372
29969
76
24
5859
15763
5
11419
502
99
1510
48691
123
808
14691
912
11454
27
396
2881
14
169
2535
1876
9
445
75
11472
9
3348
48692
61
2
791
3989
6761
11413
912
48685
2222
23
48693
9
48694
9
48695
27
48687
48688
9
48690
87
3108
13
12417
13
372
29969
76
24
5859
15763
5
11419
502
99
1510
48691
123
808
14691
37
11454
119
6609
149
1195
184
91
8520
48696
61
808
14691
912
18822
3558
3954
5
6591
45093
129
1802
133
13
278
14
3515
11477
1806
3229
27
808
48696
912
16896
30623
61
7541
48697
61
149
6021
133
23
24
55
2535
35
2414
61
23
502
808
48692
2048
48698
1299
1300
57
24
9298
5
808
48688
9
48689
2265
1299
1300
27
119
48686
149
253
48699
91
8780
24
169
2535
57
2276
91
9
6330
23
563
23
24
48700
4813
61
7328
57
6846
61
23
502
24
48685
6718
2048
91
14
34097
9
10526
17157
27
842
24
48701
278
289
185
122
6673
13
163
14
1687
7744
48702
75
24
420
9
700
6718
91
9845
34
54
18817
4987
27
25343
711
61
24
91
9
6330
825
4030
24
48703
4110
3308
13
144
166
1221
159
2
533
35
506
27
864
11472
9
3348
48692
61
2
791
3989
6761
48704
48685
2222
61
2881
14
169
2535
1876
9
445
34
24
91
9
6330
1134
694
15763
99
663
100
10600
23
1264
2330
6643
22318
34
808
14691
64
215
15413
18832
175
3628
655
3621
13
48705
23
24
1857
165
27
119
44816
5575
2057
24
5821
57
308
9978
76
3463
5856
11472
9
24939
44807
663
2937
15
131
13
4504
4807
27
119
16896
4929
99
100
5557
76
5721
3628
61
18225
5859
2868
61
48706
255
1398
61
5
14
1581
1857
165
61
655
808
14691
912
1271
9
3219
568
3802
663
7199
80
12086
27
119
5575
185
24
6643
57
808
14691
61
129
149
6328
23
1072
35
506
61
149
1893
185
24
7095
57
48707
308
1519
2195
1185
18
9025
91
15094
1411
3094
3970
5
3094
2010
27
246
14690
14691
912
6643
23
3424
87
33
159
13
14
1264
2330
246
4816
2265
1299
1300
57
24
1566
87
331
48684
76
54
11604
1264
331
246
48708
87
159
166
5752
131
185
14691
912
6643
23
1072
246
119
16896
219
57
1779
87
24
594
9587
23
9800
864
2079


