65
10636
15694
2013
6896
30
805
3
505
27
201
1795
31775
8206
268
6393
6
0
5670
3148
11
1441
27
8
5
12119
4
5
5274
8
2
417
18743
9836
719
2575
17
0
8206
39
36
10
10636
23
0
526
401
3147
4184
353
1426
11
8
91
5904
8
2
89
20
5
1382
1059
209
0
4289
9
83
1155
36
34
617
739
821
4
1243
3038
2322
10911
456
6
766
1
23
366
31
292
2372
1
0
771
6
559
11
0
407
5633
9
428
5670
2
297
94
11
1938
44575
2013
6896
417
18743
9836
1
6
16720
1
30
805
3
505
27
201
1795
31775
8206
268
6393
6
0
5670
3148
11
1441
27
8
5
12119
4
5
5274
8
15
4289
9
83
1155
36
34
617
739
821
56
36
532
20
5
1382
1059
209
68
2372
34
22
6393
404
27
3
29
2322
31776
859
90
44
76
124
27
5
585
465
2
52
34
22
0
1278
10
6646
6
27
993
114
36
10
14420
4
44576
9
4
114
36
1130
103
17
27
44577
8206
2
401
9836
967
30
22
14
36
7505
5
953
11
16720
340
8771
36
34
40
10636
2
68
2372
34
22
401
9836
34
40
5
7912
28
0
17704
2
2045
27
1023
1
0
6393
4
11376
404
0
483
1057
691
7
5670
1426
3
586
27
829
86
36
76
383
5
1538
2
68
2372
22
16
8
104
273
36
171
32
67
1338
558
86
23
760
23
36
806
60
482
27
3
0
286
3
4290
12
27
3552
2
8
401
9836
1243
3038
2322
10911
456
6
766
1
23
366
31
292
2372
1
0
771
6
559
11
0
407
5633
9
428
5670
417
18743
9836
53
122
51
1426
6
0
526
401
3147
4184
353
1
4883
17
27
145
1119
1119
44578
11
5
1382
1059
119
1444
27
4172
14
36
719
1130
184
17
13262
14
0
1212
18
11376
682
72
5308
11
27
2322
31776
1
68
2372
22
16
8
57
18
136
2267
2
8
281
36
30
100
205
1958
1
123
2842
1
112
36
2211
1
60
73
4290
12
27
1958
2
281
25
18
3552
1
123
3552
2
8
15
5670
6393
34
22
44
61
682
11
5
20107
919
11
27
4
27
145
3
18744
1
407
5633
1
45
14
923
574
69
105
187
1
44579
1176
752
2
96
8
6173
8
4
8
202
34
2617
11
0
1248
2747
1
0
796
771
1
0
449
1
559
62
476
38
116
27
0
1426
1
8
6393
22
7
5
565
2
15694
797
417
18743
9836
1
542
1
10
7774
1426
6
401
3147
4184
7
417
45
30
40
10636
401
9836
18
604
30
40
204
94
103
0
1212
18
587
4
25
131
8
10636
8
208
3
27
540
401
9836
10
289
5
795
99
3
15694
1496
44580
1
45
107
41
163
49
1
17
7296
546
2127
4931
14
36
213
12
37
421
953
2
15
5670
6393
29
40
4219
36
619
99
0
18745
9
15755
16721
8206
9
907
197
72
5874
4
72
7474
2
68
2372
22
16
8
3475
1624
36
13
100
879
0
6896
1
45
36
2965
23
189
23
36
4984
48
4172
36
18
0
1426
2
96
18
41
2
8
527
604
30
40
204
94
103
0
1212
18
587
4
25
131
8
10636
8
208
3
27
540
2
257
797
4563
31777
175
196
7
401
3147
4184
7
411
1
45
2801
3
517
0
1212
390
44581
31778
44582
1
38
1878
4385
23
27
14098
449
1
30
22
401
9836
4
0
6393
34
9129
77
38
171
12389
27
673
2
401
9836
18
145
404
742
45
86
107
0
6393
1
36
22
2
16720
1
50
118
800
1172
28
5
272
9
1669
765
2810
4
994
9
4604
7529
1
309
2093
6565
3
708
2013
13076
11
0
87
71
7
1612
7
190
2
257
797
4563
31777
175
196
7
401
3147
4184
7
411
1
45
93
0
1212
390
1
18371
25
8
5
15933
8
2
26
417
18743
9836
1
542
1
10
10636
11
8
2197
8
3
5670
4457
26
96
30
805
3
619
99
201
1795
8206
268
6393
3148
26
96
22
36
34
617
739
821
4
1155
36
7505
5
953
11
21477
340
8771
36
34
40
10636
26
401
9836
61
1243
3038
2322
10911
456
6
766
1
23
366
31
292
2372
1
771
6
559
11
0
407
5633
9
428
5670


