17592
833
9
23075
23844
369
23
4578
27
251
4319
23
11874
87
9558
16813
13
372
76
14
175
346
57
592
486
5
5592
4221
27
39751
119
21977
10572
2233
23
39752
99
807
14
331
17592
7245
64
39753
331
6596
605
9015
2
890
1299
1300
445
24
1623
445
14
1547
9
5291
4277
1145
1389
14314
27
119
21977
10572
2233
23
23987
99
144
1459
122
331
5322
17592
7245
64
39753
331
6596
1312
372
129
369
3458
23075
185
5538
833
61
723
1099
107
12005
34
14
2801
817
104
237
8476
4319
4938
76
5131
7591
4221
185
5592
61
4291
1409
592
486
1185
7591
185
14
4381
844
61
825
107
1973
374
8306
1299
506
104
24
4319
2801
27
119
5607
87
515
61
23
4699
61
24
4319
9579
5538
833
4234
397
14
6972
61
723
1393
614
14
5016
1348
2540
24
39754
61
935
156
104
418
9
23
5
32
104
418
9
133
27
119
5016
1393
4943
24
4319
37
1490
5
592
844
27
10856
129
278
7591
5592
4221
718
27070
374
2801
8306
1299
506
104
24
4319
816
723
278
4291
1409
592
486
61
2381
1444
9375
27
842
646
369
367
13
851
817
820
727
825
663
107
4700
13
1030
24
4319
37
592
844
5
8992
8681
23
851
418
9
23
5
418
9
133
7043
27
1312
372
185
5592
61
2381
1444
9375
27
162
704
7043
61
5556
1393
1153
4182
39755
5
8992
21977
10572
2233
1348
723
728
646
5
278
3881
9
23
27
993
5538
23075
9015
1393
418
9
23
5
5016
6705
449
24
4319
5
2581
27950
39756
7591
128
1185
1533
18613
1469
1504
20773
4291
1409
486
1185
1533
18613
1469
1504
20773
8333
1409
486
1185
1533
18613
2431
1504
20773
2768
1409
486
1185
1533
18613
890
1504
20773
5415
1409
486
1185
1533
18613
1507
1504
20773
7591
4221
1185
1533
18613
1469
1504
20773
8911
4221
1185
1533
18613
2431
1504
20773
5430
4221
1185
1533
18613
890
1504
20773
15777
4221
1185
1533
18613
1507
1504
20773
17208
262
119
21977
10572
2233
816
1508
367
369
45
2011
61
24
20773
825
107
4960
27
143
34
5556
129
369
45
2471
818
965
185
5538
833
61
40
278
373
13898
14
11996
1479
57
4221
5
128
61
119
21977
10572
2233
825
373
5605
14
20773
27
397
2347
64
15777
128
185
5592
825
1810
723
1507
1299
1300
445
851
817
61
655
2768
1409
592
486
825
850
890
1299
1300
6021
445
27
246
119
21977
10572
2233
2971
14
331
17592
7245
64
39753
331
6596
246
816
6695
185
592
1185
5592
61
5556
817
44
107
2801
246
3116
27070
61
9015
1393
5016
6705
61
8992
24
4319
5
1153
39756


