5523
452
7
259
1576
354
0
250
1520
171
2296
97
3494
3
8620
6391
28
1142
14
29
214
1000
6
0
2110
2219
1
4
231
7
259
161
92
171
32
5
943
1275
12
10532
1024
11
815
133
173
1576
133
38
188
3
2667
0
321
3584
33
10267
127
10877
1024
26404
3
75
38
29
40
3
0
2110
1858
2886
1
17
1579
134
153
48991
0
100
9
471
9
20
9
0
9
48992
2156
2
13971
1576
61
6472
5
1619
9
917
1173
31
670
1758
2
15
10561
61
3300
0
1368
7
1514
11
1024
5067
12
767
3790
0
321
28
3926
1
2062
2820
4
5339
2
1315
85
105
9
48993
6
3584
1126
14
1106
1
1292
17
3457
272
6
3797
2
3584
61
416
33478
3797
12
0
1332
6
21965
680
19050
11
217
3790
0
321
28
1792
1142
2
924
9
5073
6
48994
181
30041
1168
728
13
5
392
9
84
2
28273
54
7
105
3797
2990
2
15
2189
1339
226
28
5
1112
1239
9386
2704
14
5653
1803
1576
1
4541
44
352
7359
3
177
0
367
857
518
5837
0
1056
6
440
133
50
2296
97
4813
81
426
3
80
12282
28
2110
9
6984
4089
133
4
6
2225
1
50
1180
2020
12
437
2
4947
4948
15619
14741
5775
15446
48995
48996
48997
5775
48998
16
32253
48999
6
1576
354
100
54
2110
9
1018
171
32
867
3
2667
0
321
133
41
158
1576
38
29
6259
3
0
1476
9
312
1142
49000
17695
22720
49001
16
1217
2125
134
153
6
1576
161
44
29
3335
7
519
2221
367
3
3505
0
2110
2106
0
122
152
1076
653
49002
49003
49004
49005
65
49006
49007
16
15
367
1723
171
29
40
9665
12
0
17324
56
2110
87
312
0
321
1
301
3
2622
134
153
6
1576
1
119
79
966
134
153
161
0
857
518
10
74
253
3023
3
1236
1576
3157
33
1817
12
0
1332
6
7390
2110
19050
1
17
2509
134
153
324
44
354
8
75
38
29
40
3
2110
9
2742
1061
171
32
15819
31
0
394
11
793
230
2
8
1094
966
134
153
354
118
217
1045
2950
6
0
1324
171
32
680
69
7529
2
13971
1576
33
0
148
623
3
1959
19050
2
16702
3643
134
153
6
1576
2450
62
1446
1219
69
14
1568
1
1292
3
79
2934
134
153
6
217
512
542
3
966
2
191
3584
33
2881
134
153
67
623
85
3797
3
5451
14
0
394
33479
6610
38
29
40
3
1849
1019
2
15
367
1723
1512
838
3990
11
97
3299
6
0
2106
2
1217
259
134
153
6
1576
7918
6
0
431
8
2110
26405
8
4329
21966
13
500
1
17
775
134
153
324
44
29
202
306
6
59
2
2007
314
134
153
6
3584
161
21
18
500
5
205
431
1
45
3797
84
74
337
59
1346
2
7344
85
54
7
178
6
88
7918
6
21966
18
147
12
0
1092
2
19751
3584
85
3797
133
823
3
3113
134
153
133
29
100
961
38
21
13
1
37
5384
14
21966
1
5
10121
4415
1323
13784
1
30
383
5
12482
16544
12
0
122
2
16702
3123
134
153
6
1576
512
966
4
182
161
44
29
100
961
38
21
13
2
49008
49009
20667
218
367
18
8
2110
26405
8
13
74
1939
5
30181
1216
1
17
775
134
153
6
1576
324
44
382
202
306
6
59
4
79
259
134
153
324
21
18
500
5
205
431
49010
49011
16
657
67
85
272
6
1576
7918
6
6101
807
4
2771
3
4285
42
8065
7
2110
9
6984
4089
1
5
705
1879
2965
14
222
49012
3485
270
433
20
759
99
7
0
250
1520
6129
9
178
1757
133
173
4598
134
153
6
3584
45
79
608
134
153
6
3797
133
2990
14
0
1723
30
40
8
3023
3
5622
2
8
2117
9
1576
525
3797
8
608
134
153
1045
1
3451
2768
0
857
518
2
367
430
118
3177
49013
28
2125
134
153
6
0
321
1390
1
1292
17
2796
134
153
38
20865
6
129
21
18
3299
25
2
1169
8699
1
79
259
134
153
6
3584
7918
6
129
0
813
30
2404
3
0
2110
2106
2
6654
67
2001
13
14
1314
134
153
6
3797
58
74
2990
2
367
1575
3
32
5
6935
31083
1313
23
21
14367
0
270
9
433
1350
1
0
1112
1239
9386
2704
332
1
17
4468
134
153
6
15153
1
2233
134
153
6
29545
1
45
79
966
134
153
6
13192
4976
59
2
65
705
1817
5103
0
1332
6
458
1576
8
29
3335
8
7
0
813
3
3317
0
863
1076
653
2
6129
9
398
1757
6
15153
161
44
84
1
1292
3
966
134
153
6
13192
2
1217
598
1757
6
15153
29
42
5632
2
15
15596
11
11263
6618
4
8504
1
50
4787
30198
11
2354
37
2110
9
2742
1941
3
1412
12
3078
1367
1
30
0
337
6
2729
134
153
6
1576
1
146
6398
860
1611
85
0
2297
134
153
38
20865
6
97
1124
2
10561
49014
9
49015
16
1315
85
64
9
5073
6
3584
78
9386
18
33480
14
44
354
0
1827
394
171
21040
15081
75
38
2667
0
631
39
1051
71
7
2110
9
1792
4089
49016
49017
16
16702
3787
134
153
6
3797
354
92
18
100
252
11
5
21965
15081
56
75
2667
0
264
28
3926
1
2062
2820
62
5339
15
367
857
518
30
6219
5
973
754
7
0
1852
666
127
0
2749
1324
1
50
30
2742
67
85
1688
75
7
1019
2
89
3457
54
9
439
6
1576
161
0
270
9
433
49018
9
49
13
0
2267
6
0
250
1520
2
5523
272
161
25
18
41
2
15
1723
18
1916
29
1041
17293
765
266
4
223
31
0
792
3
185
1349
1368
2037
7
3926
4
1349
108
2184
12219
2
15
21967
30
61
4009
1909
4
701
3274
3
9212
42
71
4
2019
7
0
2110
1858
2886
2
89
119
67
85
272
6
1576
181
25
18
5
205
961
3
24102
807
4
2771
3952
3102
1019
1
44
474
0
2961
63
20395
11473
4
223
2
9307
1576
1
217
182
512
966
1
33
0
148
623
3
29
42
5632
63
1547
5
6544
9
23736
30493
6
2974
9
20818
7
1797
18
152
2
1217
3113
134
153
6
88
7918
4
54
9
439
33
21376
133
371
88
0
1404
15725
304
3
32
20435
42
2299
77
0
1332
2
1772
6
0
321
701
4620
38
29
1773
62
33
1990
3522
49019
2110
33
182
512
384
1
301
3
5
11916
1416
20
3083
8451
15145
1
37
708
701
4053
841
2
65
536
1879
1
2844
134
153
1
161
0
1827
394
171
41
32
8
2093
765
3274
3
2110
9
2742
1061
6
1019
3
185
1111
0
1324
2
8
387
245
1358
5522
134
153
6
3584
45
79
775
134
153
6
3797
1
37
1876
276
113
49020
49021
5637
3
11378
1721
4
49022
16165
58
699
41
2
1217
105
7
259
3157
7918
6
0
5657
18
15182
2
2125
49023
49024
3875
49025
16
15
813
3457
30
54
9
439
6
1576
374
59
23
21
6498
0
2110
26406
1
4
743
54
9
272
20865
6
129
21
18
3299
25
49026
49027
31756
30863
49028
16
15
49029
155
2433
3975
38
2094
19
15081
1173
13
0
122
4191
30
93
743
314
7
483
1576
8730
110
3
181
133
45
21
18
901
77
67
85
21
18
7896
21967
49030
17137
31219
16
15
15596
11
11263
6618
4
8504
30
5
178
547
3911
9
3099
12
2110
1
17
2729
134
153
324
0
1725
13
500
168
4
3113
134
153
33063
133
4
543
217
17
989
3603
1
0
49031
25613
0
49032
743
64
9
3
9
54
15
31537
1332
6
110
2317
3
1576
38
29
40
3254
3
0
2110
2219
13
170
49033
0
367
1723
2
18537
67
85
639
765
3274
1
173
5
10961
753
1454
1
29
2794
21965
19050
12
37
765
1955
7
1465
133
3
0
49034
6
0
2274
765
11825
92
2
191
1941
49035
26407
18
8295
3
1065
5454
120
0
1324
18
1168
30579
894
492
796
546
39
36
945
28
1019
2218
0
7849
1
155
2433
1731
2
96
34
5
49036
6621
56
36
10
4234
269
39
27
3212
2
26407
444
105
230
7
5
286
7529
9197
90
0
21967
2853
27
3
165
102
3
0
416
2435
9666
6
8370
2
96
30
11388
270
433
811
150
123
31
317
3867
8812
4
32959
1
7128
844
17
3258
133
173
54
28
1112
133
4
500
27
220
1677
2
15
1112
1239
9386
2704
115
14
67
85
272
6
1576
354
14
31
1075
5
1264
914
3
701
4620
1
0
1827
394
8
76
1048
0
759
6
2110
91
696
3
0
250
1520
2
8
49037
49038
49039
16
65
1879
6
1576
181
25
10
5
2358
3
1386
765
11473
4
223
3
3102
1019
1
113
44
29
40
533
1368
2037
4
2246
12219
185
133
45
61
2846
9650
88
3
0
2749
2110
2219
49040
5775
49041
16
3797
38
7918
6
2093
1760
69
2110
18
4191
416
25613
3584
38
99
14
2156
10601
49042
49043
16
1217
2118
1757
6
2704
11533
22
44
2990
14
25
18
1249
18
431
3
667
0
1852
2110
1295
1
119
2509
1757
22
25
18
41
139
149
26407
4
0
367
1723
234
5490
18854
17
155
2433
4287
789
2900
1
5
10652
3306
38
805
3
99
94
28
19
11566
14
433
462
910
38
163
1324
2950
392
32
15819
90
44
73
2667
0
3767
6
0
321
28
0
7849
1731
2
367
19833
1
11660
2900
133
892
41
31
540
133
11
29316
1681
31
12535
5
67
12924
1324
742
1919
85
0
21967
18
1
4
0
857
518
206
29
0
270
9
4466
5043
619
2
2007
54
9
439
6
1576
161
44
7918
6
2900
18
2156
2
24083
9386
9646
1803
1576
12
436
966
4
384
2
15
2704
30
5
8254
6
3042
6
49044
6398
860
2
3792
1579
134
153
6
217
9646
22
44
33
3783
3
1651
2
15
7713
10
6999
4
49045
3
32
6217
6
0
1454
321
2470
1390
12
0
2536
6
4094
1
512
1
1035
1
1864
1
25210
12014
1
14119
1
4
13421
31
1252
2
1112
9
9386
2110
30197
1239
436
526
31
1112
26
1112
1239
9386
2704
3503
1205
134
153
337
15123
1024
1275
11
767
1329
3
2667
0
631
28
54
6
0
1792
1142
26
20537
5971
134
153
1879
131
0
631
8
171
41
1207
8620
28
2110
2742
1061
3
2667
0
250
1520
8
26
2509
134
153
188
7390
19050
11
815
38
30
40
3
3926
1
5339
62
2062
2820
133
173
64
9
5073
6
3584
26
2007
259
134
153
7918
6
0
431
8
2110
26405
8
4329
21966
13
500
133
5
1611
6963
85
2271
26
1217
2125
134
153
8
29
3335
7
0
813
3
3317
0
2110
2106
3664
8
133
1292
3
2796
134
153
38
84
74
133
4
2622
134
153
161
0
367
1723
30
40
8
3023
3
5622
8
3
0
2106
26
870
55
6
259
6
217
5653
22
44
33
3783
3
1651


