119
4901
87
2335
24
8952
897
57
14
2060
5748
9042
2889
58
54
485
4863
334
2805
10625
515
215
2101
8955
61
183
149
902
3283
27
28287
33951
61
1371
61
149
1142
8952
91
14
1762
29887
5
14
7662
2
14
5512
1481
23
14
6222
669
11748
2083
23
33952
61
33953
2916
61
1511
1284
14
1034
2
54
82
61
23
744
237
506
27
1477
24
1779
310
12333
6671
28287
37
897
14
8955
1893
185
341
2
3802
13625
5
14
5188
20051
61
54
485
9991
515
183
149
14
331
4474
9
1893
9986
331
27
691
7530
133
515
24
2889
9
129
105
709
2079
57
9405
3582
9
105
16861
54
4316
5
2453
54
8986
23
15908
34
14
124
2526
2544
144
4615
484
215
149
1142
8952
27
521
159
34
522
4404
262
28287
33951
69
324
71
61
1371
61
149
1142
8952
91
14
1762
29887
5
14
7662
2
14
5512
1481
23
14
11748
2083
23
33952
23
33953
2916
61
5748
9042
61
1511
1284
14
1034
2
54
82
61
23
744
237
506
691
663
330
215
149
743
536
14
1047
57
669
10187
515
638
45
112
24
11232
358
105
35
719
158
23
61
515
215
638
45
2534
61
5
594
1616
61
515
288
316
7408
401
1478
34
158
61
143
358
330
104
608
896
33954
61
28287
44
45
5498
47
5
4919
24
741
896
33955
24595
215
301
8946
3383
2
27
1447
149
709
8303
1501
215
44
278
1129
13
5498
24
3268
61
358
330
27
2906
2670
1347
285
818
420
64
13
377
515
28287
37
7316
76
14
12822
9
2033
669
893
9
129
1910
1853
24
437
2
158
9
44
278
11
13
54
897
27
119
1047
37
7316
105
301
45
100
758
309
91
24
13431
669
356
27
2318
61
28287
37
9930
747
13
1014
215
105
1745
3383
484
122
175
276
2544
61
502
24
4800
25046
105
6934
1949
24
6922
2157
1986
34
27
999
57
54
9930
61
8915
1705
61
750
119
33956
515
54
549
105
80
16786
4321
61
586
262
331
396
149
1189
3432
820
215
149
537
2237
13
2931
692
23
24
2544
27
331
397
28287
37
485
61
486
5
9930
4722
24
4006
57
122
32735
61
14
5167
57
482
4781
61
10662
5
7814
23
24
1779
289
185
3804
4948
3911
28287
37
897
27
16786
4381
262
1477
24
1779
310
12333
6671
28287
37
69
324
71
897
14
8955
61
54
485
9991
183
149
14
331
4474
9
1893
9986
331
27
1585
61
24
4929
99
807
14
3804
643
89
54
897
2332
262
28287
61
129
1733
13
107
334
16786
136
61
149
1142
8946
2
237
8281
5512
1481
69
324
71
119
5748
9042
6402
57
24
3052
3111
34
24
33957
57
33958
1007
69
33959
71
3138
642
105
2950
14
331
1165
1413
9
257
1724
331
515
28287
105
319
54
2534
562
27
331
10967
4121
554
91
24
69
5748
9042
71
33959
61
646
369
1793
622
1243
23065
34
54
897
22372
14
3334
8955
61
331
24
3111
330
23
14
1392
27
119
5295
6574
33960
61
5359
57
24
13314
57
24
33959
61
330
3096
8737
5449
18656
61
349
1607
24
2889
149
8952
2
14
1762
29887
5
14
7662
215
638
45
2534
27
331
408
1018
244
639
496
640
515
3554
2356
61
331
808
33960
330
27
378
13
25052
61
215
359
262
331
119
1724
149
53
818
1165
27
143
496
9976
703
449
515
87
515
1222
28287
3325
33951
149
669
5
149
1142
8952
23
14
820
13431
2060
11748
2083
515
149
1969
13
278
405
7152
4915
5
622
1022
61
610
144
1018
244
1014
515
183
516
278
100
237
1165
4956
13
377
183
149
14
8955
27
2286
5
688
262
28287
37
69
700
71
2255
61
33961
33951
69
174
71
61
663
3843
2403
34
321
643
89
525
688
37
897
61
586
262
331
628
144
1028
13
639
496
640
13
707
8178
9
2033
688
806
704
628
1028
87
3622
331
331
187
516
278
100
14
821
61
821
61
821
3593
643
27
331
28287
37
2255
61
33961
33951
61
663
3843
2403
34
321
643
89
24
897
57
525
688
61
331
628
144
1028
13
639
496
640
13
707
8178
9
2033
688
806
704
628
1028
87
3622
61
331
589
33951
61
129
1324
525
688
37
1816
23
24
33
57
334
332
104
24
348
61
750
24
1177
27
579
8279
24
20051
37
1342
515
28287
105
100
25826
18
54
8852
37
897
61
586
24
189
516
45
278
5008
158
13
8955
5
515
215
149
61
23
5781
61
14
821
108
1066
27
143
926
359
515
14
346
57
15883
5
20790
105
100
1142
185
525
688
37
1816
256
54
897
61
2065
14
1581
27428
185
54
219
515
1099
8931
215
149
1805
91
1463
27
378
13
14701
61
926
330
262
331
1307
628
1850
158
61
628
144
2193
8997
215
638
244
1018
515
13
3383
27
33962
262
808
33951
359
515
14
346
57
15883
5
20790
105
100
1142
185
28287
37
1816
256
54
897
61
2065
14
1581
27428
185
54
219
27
12978
61
28287
37
486
996
11117
104
24
348
57
24
8952
17246
262
33963
6191
133
331
12893
331
34
28287
23
14
591
13
24
2889
61
129
6934
105
124
16786
4321
331
12621
494
2033
3401
215
105
709
106
13
27
628
639
707
318
27
397
14
2255
61
628
516
278
33964
1222
1465
149
286
13
24
222
515
215
149
2050
13
9922
3383
27
331
24868
58
215
149
8809
61
28287
37
7644
149
33965
9
334
4975
57
33966
515
28287
37
485
5224
1436
122
3820
515
215
149
1745
23
14
12078
9
5670
9986
27
1947
454
57
7025
61
24
1271
20051
129
6671
28287
37
897
14
8955
99
1094
4863
54
4044
14455
343
13
24
175
346
57
331
18656
8737
331
23
24
501
27
618
4386
296
61
33953
2916
7681
10824
61
1661
1543
61
383
13
14701
515
334
4901
3516
99
2113
100
17970
24
501
58
361
53
832
57
24
20051
37
9976
27
28287
37
485
4227
24
22901
44
107
24
5715
643
358
278
100
735
34
27
1295
61
15499
1202
61
14
1609
34
24
4809
9047
57
8194
61
330
9050
278
253
4785
704
6097
5063
23
24
8952
27
143
24
33953
2916
7681
10824
912
2964
330
23
14
376
515
183
99
45
309
1193
1366
13
10844
24
4044
331
33967
343
13
8952
331
384
57
897
14455
27
331
569
24
643
87
7201
61
5
709
230
33968
278
100
53
61
13
1987
610
278
45
309
1193
4121
57
2958
8540
453
24
897
61
331
183
330
27
119
1779
13314
57
24
33959
99
13085
14
23455
23
33952
61
14
2575
2321
76
14
6222
669
5402
57
8896
1284
4291
308
61
185
1750
27
1178
643
87
1094
7201
27
246
28287
33951
1142
8946
2
5748
9042
5512
1481
23
744
246
4809
310
12333
6671
897
14
8955
1893
185
2805
341
246
842
8178
9
2033
37
485
99
9762
183
149
14
331
4474
9
1893
331
9986
246
19148
593
149
1142
536
11232
215
638
244
2534
515
288
401
1478
246
2742
3820
215
638
45
30188
1762
29887
3100
7662
215
149
8946
2
246
28287
149
23
7316
76
14
12822
9
2033
669
893
515
105
301
45
100
758
309
91
13431
669
356
246
4901
807
7781
58
20051
6032
47
331
18656
8737
331


