8094
3813
16741
22
140
639
18775
7
0
1229
9685
672
31927
3362
3
1282
1
173
8
3700
103
2299
8
221
33
18775
7
0
7316
50
35
7743
75
3
31928
1
54
6
0
927
47
44981
22
81
166
2
8094
12170
3813
16741
1
0
179
31929
6
3970
422
4
54
6
1314
38
1850
527
7075
1
2303
1976
63
67
85
639
18775
7
0
1229
9685
672
2
89
0
2122
6
246
8095
2479
3
161
458
1345
6
0
7316
33
35
24563
1
969
7178
75
3
143
49
42
220
6145
2
52
10
4760
3
685
31
0
9821
6
8367
1
38
763
48
149
63
91
253
2319
3
1599
75
17
989
2629
2016
35
44982
2
2241
1
67
85
1205
44983
4
1325
6
1229
1562
1204
37
661
723
3
0
956
6239
25
6
31930
2223
2
135
366
0
35
2936
25629
10
91
13100
11
1323
1496
515
6
0
1464
1
23
35
0
425
1995
14757
688
3
22927
277
108
7
42
44984
2
15
31931
1
50
1041
4688
9640
25630
4
179
23243
16742
44985
44986
1
2460
0
35
44987
6
1936
7
299
558
480
42
44988
6
1282
4
202
248
2745
2630
44989
2
7058
16741
10
4760
3
685
31
9821
6
8367
3125
18776
38
30
1365
366
247
75
33
2415
3
13410
114
7400
3519
13
41
35
44990
2
15
9821
22
299
47
2629
3629
735
3
84
67
3
987
37
3084
3
5661
14
1727
2871
5
35
3447
7
14508
2
89
7058
16741
78
15673
2353
21
10
35
3570
3
11637
114
25
13797
75
3
0
44991
6
13172
4
25236
2
52
176
16
35
2223
30
1
24
181
1
77
639
18777
8903
75
3
1282
7
0
7316
50
11637
254
141
29
2
8
281
66
929
159
3
7743
75
3
32
3576
558
3362
6
42
19464
1
8513
46
165
140
44992
75
4
13483
46
84
385
25631
3323
3
10907
0
7378
4
0
7316
1
21
22
0
1925
9685
1656
13797
97
3362
3
10077
4
688
3
667
75
184
28
21337
1
119
0
1229
1656
13797
75
3
1282
14916
9795
3855
22
1936
58
161
2223
10
35
3971
44993
1
45
7058
16741
22
1345
6
0
7316
35
812
66
3
922
212
44994
2
52
123
5512
18777
50
21
22
2033
1936
3
35
1872
103
0
44995
6
35
217
38
44996
2
249
763
19
685
76
10504
1936
1
21
22
16
35
281
44
33
8431
31
95
25632
0
7316
44
33
41
8431
31
121
1
44
33
8431
31
0
31932
52
176
16
35
281
66
929
159
3
1071
63
5542
7
11637
25
47
63
4949
75
28
6113
4
8868
75
47
21528
3323
458
21
58
3845
1569
1345
6
0
7316
23
6113
1
21
22
16
35
24
3427
14
44
7743
75
3
1282
2
24
1994
716
108
75
2488
458
14
47
205
62
44997
15
2122
6
246
107
41
3876
56
2249
81
166
2
4080
1199
2479
3
1183
2
3090
50
1412
1969
4854
55
6
0
264
7
3105
6
5
1206
950
554
76
225
5141
6
49
3
72
2669
2
15
4818
58
32
3660
3
14811
50
3105
5
35
100
23716
15936
4
1207
5
1168
9689
3
1024
2265
2
29003
5141
6
49
3
72
1688
76
32
4604
112
8983
4084
3
619
77
597
63
42
1445
4
1353
2
15
111
3064
43
1933
162
0
2177
12
426
166
4
33
539
3
226
69
794
208
215
2
871
3229
3371
33
273
3
29
2977
3
1434
62
1507
3
1428
1419
660
2
281
106
62
606
3256
33
1591
6
552
47
3726
3
165
3
0
1252
1
37
3928
73
32
482
3
8983
16212
88
3
1695
0
447
28
1189
2
828
4479
14811
46
32
1894
3
256
1196
2909
50
5100
3876
3
261
8640
2
8256
73
41
32
539
3
5297
27875
1652
112
42
220
869
84
41
1167
1869
1943
1
5
1113
681
4681
22
81
166
2
4815
1864
2491
30991
5207
763
14
35
67
4
31933
2267
13
91
1284
12
979
4
2420
2
52
2410
1419
5661
5
35
16743
4
9532
44998
1
50
13
35
11782
0
6145
6
169
247
14709
2
89
21
1273
14
108
270
825
1
199
23
637
147
1
34
40
6646
184
1
687
979
3
465
17
0
863
1054
2
15
179
438
8626
1002
64
347
39
105
995
28
16014
1823
2476
7
1653
160
2198
3
1434
3
1428
1419
660
2
52
22
16
35
281
0
296
784
107
141
183
110
10
317
242
1
0
2739
6
0
2420
4
0
251
2420
784
3059
10
67
44999
26
7058
3813
16741
22
125
639
18775
7
7316
31927
1282
26
8060
7378
969
25633
13172
4
4949
75
28
21337
26
3323
112
7316
10
8
6113
8
21
22
8
24
46
716
75
2488
11
784
8


