258
1704
25363
261
262
54929
264
61
507
3094
1268
268
269
262
20171
264
61
666
3094
1268
5401
1284
3868
642
355
288
16056
34
2958
2726
23
24
139
360
494
27
691
2581
334
12700
129
149
3931
58
361
6555
34
17232
5
14
18229
129
7031
58
54930
14
548
23
14
9143
2885
27
251
7993
23
6084
149
663
3931
58
215
149
743
76
166
15771
9
5603
8093
5
10464
27
251
11156
2
24
1271
765
7031
58
361
433
7152
9
11393
27
2520
7101
262
119
346
57
642
355
16056
34
2958
2726
99
21695
91
1533
1284
1851
1299
1300
23
24
139
360
494
8612
582
6918
61
8514
218
24600
57
23115
11407
61
3193
8498
94
24
17256
5
394
57
3440
37
642
5602
87
185
24
204
27
119
346
57
355
1142
3253
57
3761
99
2876
47
91
4028
1299
1300
9
2
54931
23
2336
13
54932
23
558
27
162
2488
61
54933
355
288
16056
18
2958
2726
61
57
502
54934
288
8279
1185
441
13
26795
27
5401
1284
1469
288
104
24
17256
57
12700
1185
5138
27
2906
57
24
10437
288
997
4238
349
14
18229
23
1747
5749
129
149
3931
58
10667
14
4068
5
316
819
129
7031
58
361
6555
34
10436
24
2510
57
3622
27
35102
262
119
11380
99
719
14
54935
5547
23
24
346
57
355
16056
34
2958
2726
842
24
10403
2104
133
13
355
34
122
2726
663
3489
27
162
405
597
11354
288
157
445
76
14
781
10015
34
10437
502
24
1857
516
28624
3117
27
691
3866
334
798
129
105
14
3743
7316
76
14
1149
593
57
3860
7464
5
2276
129
105
3219
23
14
1857
513
27
941
37
11373
642
765
1850
14
54935
5547
23
24
346
57
355
3253
57
3761
9
2
3983
23
2336
13
54936
35
506
27
54937
18760
61
57
24
1435
13115
4050
61
330
355
129
8831
23
2958
2726
17045
24
1857
37
4372
27
331
7619
2296
13
278
4372
23
24
32815
57
24
642
57
358
369
13
2401
2102
5
748
4121
27
331
2686
274
5
12931
223
2673
76
24
642
705
257
5
639
24
355
23
1508
597
369
14
2575
5845
27
777
7280
369
6308
54938
57
122
1960
27
331
246
54939
94
17256
5
394
2384
91
4028
1299
1300
23
360
494
246
999
7993
3931
34
6534
166
15771
5603
8093
5
10464
246
3520
24
355
16056
61
1469
288
57
12700
17256
1185
5138
246
11380
1850
14
54935
5547
23
355
3253
57
3761


