1722
1036
869
38
342
2188
56
3296
19863
4784
834
10
303
94
77
3118
951
3
6909
11
7227
2
25978
3245
18906
678
3
1092
0
2020
20
0
846
372
6
2860
3663
7
10654
760
2
1953
18906
1
4230
1
13
5
2561
7
7244
537
4
327
14
112
3118
76
41
6493
0
715
6
18205
25
171
29
1619
97
8736
2
297
94
11
167
4217
825
20
0
569
6
3296
3090
6336
7690
14865
953
862
7
30551
7
10342
1252
1166
1475
14
107
141
1342
1
3118
13
12118
11
4315
1
1319
21
22
2
52
176
14
67
869
33
2954
3
1428
0
2020
4
21
13
2263
5013
1304
23
168
112
530
25979
3
2136
97
3959
2
1166
590
48
24
659
11285
12
0
337
6
1940
5943
1
1319
21
22
2
3296
3090
795
6336
2580
455
0
3118
9
1304
1835
10
303
94
31
5
1491
9
3
9
663
8473
2
16791
9
3
9
663
10955
109
0
46558
33
5005
234
31
0
5862
4
1198
1244
1036
4523
28843
322
46559
364
14
16508
18906
931
2677
6
72
32623
11
277
583
6
0
343
14
285
14950
75
2
16508
18906
10
61
2184
6
0
3337
2677
6
72
13632
867
182
37
708
10061
1
1262
14
97
4525
10
3
429
8983
91
680
69
6883
41
1231
5943
14
8037
3
12080
2
6336
10
303
94
12
834
600
77
6009
477
31
3756
9
1198
4018
7
2434
3118
2
1940
1325
29
22
14
1304
498
20227
3
0
4018
45
92
13
1
23
602
1
100
530
14
3549
1122
0
953
3
32
303
94
2
1198
519
7254
3408
53
748
51
46560
16
3296
3090
795
6336
1104
103
20
46561
28
30552
1731
339
6420
7
3486
65
365
31
0
3124
811
10
1209
800
45
107
41
3618
0
2840
11
0
2885
12
1346
243
2
1940
1325
29
22
14
1304
498
20227
3
0
4018
45
92
13
1
23
602
1
100
530
14
3549
1122
0
953
3
32
303
94
2
26
7149
2561
1564
3
1291
2020
20
17398
7
10654
760
26
25978
18906
931
72
32623
2677
11
277
583
6
0
343
14
285
14950
75
26
7991
14
112
3118
76
41
6493
13570
715
25
171
29
1619
97
8736


