258
10158
27255
261
262
8573
264
61
890
3192
558
268
269
262
27256
264
61
2213
3192
558
842
358
2057
709
12335
61
76
32
1347
10491
104
54
593
912
27257
9
2033
2255
262
1687
15167
494
778
628
4997
1018
183
6266
185
707
27258
19829
27259
61
70
61
27260
525
64
215
149
11
159
13
24
23475
58
361
3218
34
24
9616
57
571
9
57
9
32
8472
4379
61
12279
27
21117
262
7233
27261
69
174
71
5
19829
69
700
71
27259
288
1142
3253
57
24
9616
57
8472
4379
104
6974
3222
943
4404
262
8472
4379
76
54
3059
27
808
4379
149
1745
1348
14
7437
7673
54
9246
9247
5
1129
183
13
11099
158
13
897
75
2276
1576
396
5
469
910
61
3845
61
278
9757
3240
3241
1411
542
5
11
14
7437
57
9015
129
285
13
808
4379
912
1576
7118
10743
13
6539
11139
23
1972
27
1307
215
17458
542
61
358
1663
158
159
2590
54
2534
9246
9247
104
10183
24829
16877
61
438
27262
61
326
6194
61
575
215
1910
76
54
2255
27
3255
2452
9
27263
330
262
1687
8472
4379
149
14
1646
61
27264
61
1131
9
1950
111
129
149
1745
23
14
27265
6703
34
2931
709
1533
1284
3108
13
2648
11526
2
16796
54
2930
27
21117
262
187
510
16805
166
1267
13
25943
24
27259
14215
1817
76
2465
27266
69
174
71
5
3325
27267
69
700
71
34
9616
1687
5638
718
10292
24
1426
237
99
105
185
24
485
27
397
358
278
7427
5911
237
6922
801
61
358
278
45
719
1185
944
14
27268
57
27269
364
622
43
23
24
7437
1893
104
14
27270
1783
23
27271
61
1787
61
288
560
57
9616
5
166
819
34
1511
4238
10437
27
1936
6468
61
183
953
515
910
27259
105
6727
3240
3241
61
405
34
12161
5
7464
61
4533
33
13
1348
215
149
144
2978
27
119
2959
944
8472
4379
149
1876
159
91
24
7437
1411
237
9246
9247
5
2276
1576
27
5220
454
484
215
1745
808
4379
61
24
11339
149
407
2
5672
185
8009
58
3269
170
57
14
190
9
506
6578
34
2276
8600
5668
27
742
469
105
2978
3240
3241
61
349
34
5668
5
12161
27
119
7437
61
552
13137
27272
9757
494
61
105
1533
1284
895
3240
3241
1411
542
27
162
14
376
58
24
501
104
6974
3222
943
61
122
593
912
2255
27273
5
54
2179
480
12196
330
262
1687
691
825
107
407
2
122
6578
27
6966
262
3325
27267
61
1656
69
174
71
5
2465
27266
61
307
61
288
561
34
374
494
621
34
122
398
23
24
5668
2742
417
5672
5967
288
12150
27274
61
1114
69
174
71
5
23326
27056
61
666
61
129
288
560
57
8697
13
8961
5668
5
8697
13
18841
24
2510
57
3622
27
2465
27275
571
61
27261
27266
61
5785
61
149
24
230
7437
416
61
5
309
2195
454
34
8697
13
18841
24
2510
57
3622
27
1687
408
61
64
8472
912
485
61
825
604
107
407
2
612
16890
27
2686
8472
149
702
704
14
692
5
1646
111
129
3366
1131
704
54
17558
742
3104
4068
61
7091
3668
61
129
1142
54
1816
61
5145
159
23
617
5
330
262
1687
691
2831
278
100
1391
159
34
12725
808
4379
105
14
688
76
54
4068
129
87
1094
166
40
149
503
2195
454
2033
1348
215
1077
27
119
27259
14215
288
24
331
6282
27276
331
23
14
7437
129
288
3218
34
14
1269
9757
494
61
76
1413
560
34
9616
5
24
6825
166
34
1511
4238
10437
27
2742
561
34
372
1517
288
2465
27266
61
307
61
2
22268
61
5
3325
27267
61
1656
61
2
27277
13486
61
129
2168
374
494
621
27
23326
27056
61
666
61
2
27277
13486
61
149
561
34
166
494
5
12150
27274
61
1114
61
2
22268
61
149
561
34
1413
9
5
9
14
9
170
58
361
560
57
8697
13
8961
5668
5
8697
13
18841
24
2510
57
3622
27
2465
27266
912
571
61
27261
27266
61
5785
61
57
27278
61
1787
61
309
2195
454
34
8697
13
18841
24
2510
57
3622
27
12150
27274
149
24
503
7437
416
76
14
6495
2958
1264
27
246
27279
369
391
13
107
1893
104
14
7160
9
7607
27270
1783
438
27271
61
1787
246
20946
510
166
1267
13
25943
3325
27267
61
2465
27266
5
14215
27261
5
19829
27259
57
9616
246
999
57
24
7437
9156
13
593
37
5829
2255
58
802
262
331
2978
494
778
628
706
1018
183
6266
185
707
219
27
331


