258
28727
10669
269
262
30724
264
61
2431
4824
555
816
723
1028
13
444
206
23
562
723
2296
13
9701
14
30725
6136
61
183
516
3083
27
3105
14
4031
9
3477
14120
1099
663
221
723
1533
8363
13
2282
61
1489
13
14
8342
27
25128
9
533
1299
1300
57
308
4863
34
24
5575
330
361
14
331
30726
316
11232
331
232
542
16088
61
655
32
23
1413
2282
3818
358
288
3102
13
43
76
14
30725
6136
27
143
837
1058
515
346
330
358
288
3102
13
168
61
3103
5442
27
30727
11717
262
8720
13762
30728
61
174
5
9352
9353
57
119
9354
9355
15199
3376
61
23780
5
4979
278
100
901
94
14
2580
57
704
9
227
2508
1611
21497
61
1489
13
24
1319
27
251
8342
57
4291
317
91
30729
11267
30730
1142
515
13762
30728
4627
24
5575
61
76
622
908
890
21497
349
7901
30731
30732
61
6989
9
4523
30733
2968
61
5
13053
30734
27
16
27
13762
30728
15
27
30733
2968
2778
27
30731
30732
916
27
23326
8187
1507
27
9352
9353
608
27
13053
30734
741
27
3494
3495
4884
27
30735
2779
27
16058
30736
890
27
972
973
30737
6282
3954
30738
30739
4942
13
221
24
2580
5
149
9314
91
24
2066
57
9354
27783
9352
9353
23
7482
5
5216
3494
3495
23
205
27
119
1344
89
17107
185
14432
663
1142
515
259
30740
61
2469
91
570
17602
23
24
17827
8255
11703
87
612
3392
185
9
3389
14120
27
30741
30742
61
2
9907
61
650
23
169
61
76
30743
30744
61
2469
91
29291
12893
2563
23
30745
25476
61
188
27
30746
37
331
3948
13
107
10885
331
149
11004
24
512
14432
4215
1541
61
857
91
30747
19550
24
30748
37
331
14516
23
24
17565
331
5
26193
23998
331
24869
331
331
23744
13
24
27559
331
27
9596
57
2195
13
7713
9
17012
5
372
1519
18
2310
12830
515
361
10382
5
2540
24
594
57
5839
369
24
1246
13
444
206
23
562
27
30749
262
119
1344
89
17107
185
14432
1142
515
259
30740
61
2469
91
570
17602
23
24
17827
8255
11703
87
612
3392
185
9
3389
14120
3105
6552
5
11270
149
5457
1533
752
1284
14048
13
24
1444
61
502
2168
144
2431
1299
1300
57
24
9298
34
3431
206
23
562
27
2318
61
3837
1299
1300
57
9800
43
369
3102
13
2282
129
2560
13
107
1245
5
369
30750
13
10489
122
18223
27
1134
506
10677
1469
494
647
24
7764
57
30725
7887
4226
16815
331
30729
11267
331
4478
61
552
3584
87
417
13
24
30730
27
8255
9
2797
1040
23326
8187
149
11004
94
24
908
360
1611
21497
246
30751
30752
11004
3440
37
3700
14120
246
3105
14
331
30726
316
11232
331
232
723
16088


