144
14102
14103
8116
6
5
3700
3964
28
0
20370
10110
24819
4
27
11326
15616
43
958
11
0
87
71
470
3
5
4186
4083
1540
942
1489
3885
7
0
466
644
6
37
1127
9
1133
603
6
1003
27
7
468
2
3819
13435
8
18448
8
4551
2367
30655
17
19
6539
23
4176
6128
16535
78
0
1540
14
530
120
0
208
418
230
46
2136
14
4551
13454
5034
5424
11820
4
24820
27
17
5
2038
2103
77
27
251
453
4
1165
469
3
12272
6
27
265
7
16536
6
8445
2
4551
2668
1635
4135
4736
78
0
1540
0
276
13
74
14
1951
2
24821
466
16
3819
13435
8
18448
8
4551
53
93
51
13
12
644
7
4186
4083
11
719
4594
19
1028
5034
5424
11820
53
122
51
4
15583
27
265
7
468
42193
13456
16
4551
532
42194
7
186
470
23
0
4176
2823
55
0
530
11
0
1540
4551
1
98
1314
1
30
1184
41
578
3
87
9
1895
466
2
4736
22
530
46
163
21
10
2788
430
56
19
1127
9
1028
239
2
8
135
46
163
66
799
1
4
44
46
32
7486
4
44
46
32
2001
1
8
4736
22
2
8
89
14
254
41
586
0
725
558
14
21
10
2999
4
21
10
4153
14
36
10
1867
1
4
3819
4551
10
2788
430
12
16537
406
1
468
2
8
8741
43
2164
11
105
230
48
149
63
110
44
5391
63
546
607
6
7085
5424
8
3764
7
405
468
4
4551
18
1348
7
409
411
2
15
804
467
23
5
740
447
276
1
17
6961
4
42195
9574
3
0
559
2
57
116
4145
11
347
162
0
634
4
155
2279
18
2769
119
5424
8
757
1
9661
5424
11820
1
1184
3717
11
597
2
380
470
1
0
1540
306
28
5424
11820
47
14978
4
1341
10110
3964
24822
30656
1
38
3827
14
12
0
132
6
0
466
1
0
211
34
698
3
4551
47
260
3
718
13182
9
5
438
163
63
5
4712
1693
9
4
202
945
2
527
11326
1
2859
30657
265
10
658
347
192
7
16536
6
8445
2
4736
22
0
1540
46
1487
63
1282
1
690
1871
1
14979
1
2659
1
6377
453
80
8
31
7085
5424
127
7469
4551
8
453
23
168
23
3788
6
2639
4
2015
2
4049
267
16
15
49
9
4
9
627
16538
3964
10
658
347
39
27
3764
7
405
151
4425
69
2058
1284
7
16536
6
8445
15972
24823
16
5424
11820
10
5
16151
3964
7
0
24824
10110
24819
20
42196
646
65
1185
1442
6
530
13
5
167
3420
14
4551
116
119
18449
5424
63
19
195
14307
91
7482
2
101
25
1
5424
1861
3
2850
4551
1
3790
19
260
1
350
12
19
1140
1
7775
3344
13192
12
19
195
4
14660
105
14307
2
16535
3888
14
274
2209
7
0
276
58
3845
5
10757
573
197
5424
4
4551
1
38
10
432
39
37
436
2357
2982
17
5424
2
15
4176
444
67
85
37
889
30658
5
11570
6
24825
4
42197
17665
453
4
4551
1621
6332
4
11449
197
0
436
666
17
5424
4
19
11680
1716
12
405
259
2
4551
1
5
3964
7
0
18450
17829
21073
163
2867
20
15
42198
1
10
248
2544
16539
2482
20
0
71
17
5424
4
17
216
211
1
5
3964
7
216
18450
163
20
216
4186
4083
6789
2565
1
16535
22
2
203
1085
7258
0
3764
9
574
9
4725
276
56
44
498
4551
18
20369
1
1567
18451
1
15696
28
3542
2
12446
565
16
5304
6128
16535
78
0
1540
14
530
46
2136
14
4551
13454
5424
11820
4
24820
27
17
5
2038
2103
77
27
251
4970
4454
16
4551
18
1564
4135
4736
22
19
2848
10
4153
14
0
3964
10
1867
1
4
21
2833
430
18451
78
106
21
93
0
260
39
1265
4551
210
19
844
140
5424
8
1897
23
44
2763
2
249
21
945
1
21
76
177
5424
10
420
2
65
427
1
42199
42200
1
78
106
14
4551
490
3
27
14
7085
5424
10
7
0
676
12370
6
8445
21
4
18451
469
3
1058
20
27
260
2
16535
18
7225
10
5204
2
15
12370
1
17
5424
8
265
4
24826
6
8445
1
3936
67
85
42201
23
4551
4
18451
469
3
2902
25
12
42202
3
5
8794
102
1
0
4176
22
2
52
22
18451
58
3845
1433
718
363
23
4551
30659
0
425
1948
2206
4
30660
0
1673
103
5424
8
15616
3
1123
27
1053
7
64
2397
4116
9
2645
16536
14
3936
499
2
8
15
863
11
7469
4551
13
1
25
18
12248
3069
14
21
202
254
711
1054
1
8
16535
78
0
1540
23
21
2027
90
5
167
1555
1045
6431
947
6
0
19375
4
7475
1673
2
4551
719
490
3
5
427
14
7085
5424
10
7
5
676
24826
12370
6
8445
19804
18452
16
5424
11820
47
14978
4
1341
10110
3964
24822
30656
3827
14
12
0
132
6
0
466
1
0
211
34
698
3
4551
47
260
3
718
13182
9
5
438
163
63
5
4712
1693
9661
5424
11820
1
757
6
5034
5424
11820
1
10
8131
31
0
2668
1635
18
4316
14
0
9872
3964
10
0
23845
1
26
3819
13435
8
18448
8
4551
1
1314
1
13
12
644
7
0
405
468
466
6
10110
24819
163
3964
5034
5424
11820
26
15
3964
18
11326
265
10
658
7
418
8445
16536
347
192
26
4551
18
14978
78
106
0
18450
17829
21073
8091
13454
19
1028
4
1284
5
2038
2103
77
27
251
26
52
719
469
3
12272
6
5424
8
265
31
30661
25
7
5
24826
12370
6
8445
26
4551
18
1564
327
0
3964
10
2901
7
994
9
2668
114
0
211
10
1867
26
5424
8
14978
3827
14
12
405
406
1
468
1
0
3964
78
27
36
10
159
3
4551
18
260
3
718
0
4712
9
1693
163
13182


