543
363
23
705
890
23884
5909
1094
1870
5131
26628
1185
26434
61
26629
369
1006
3360
14
8487
398
57
24
3940
4108
6418
27
842
646
37
14
26630
262
5055
4002
61
23884
26628
5449
26631
5
64
14
3340
61
4543
4900
449
26632
3808
515
996
308
26633
5
3213
369
4724
27
999
893
129
5120
24
13922
57
23884
26634
704
401
758
87
26635
26636
61
14
8474
9
2033
2255
9
57
9
1413
2
941
129
149
174
76
4743
24695
704
18
525
855
58
361
21557
76
5703
26634
27
8612
262
26635
26636
61
6784
61
149
174
76
24695
704
18
525
855
58
23884
26634
497
4743
1477
4044
26637
2590
2639
9
5703
2739
26638
105
3366
758
61
665
26636
1545
14
3982
515
13113
5
1348
926
149
2977
24
3317
13
278
334
24705
24246
34
1389
21646
61
926
1764
104
24
3317
27
331
691
830
24
8628
831
330
577
1222
723
278
237
456
61
723
1018
244
278
13
5336
449
2467
33
5
722
26639
577
61
331
926
26640
638
244
1019
1407
516
738
286
27
331
7860
183
149
818
16210
61
628
638
244
5928
542
13
17325
1407
1021
89
707
855
27
331
305
55
926
149
6028
76
24
838
40
374
494
58
722
24
322
61
525
26641
5145
133
23
26642
26643
515
26644
26645
27
26646
61
24695
1770
1037
704
18
525
855
64
24
26634
26647
218
26648
4514
61
1775
525
5913
5
401
3146
13
996
24
1563
27
26649
262
1042
26641
288
4157
23
26645
9
298
26643
655
24695
57
26634
26647
13
622
3465
57
525
855
26649
262
665
26636
105
13
3994
14
316
2277
4046
13
3051
24
24695
57
17539
162
14
4233
13
7118
24
1187
61
926
285
13
850
24
8628
129
105
2035
24
1617
3982
5
1414
158
13
442
27
742
5579
778
26650
24
24695
76
334
4678
9
23927
9
14
2532
515
665
26636
3529
64
331
997
7894
331
27
331
691
288
64
1131
64
9480
5
628
1019
515
3067
846
1533
61
331
926
3545
27
331
396
37
604
3199
9
215
604
330
2404
27
331
2186
37
174
23
707
855
87
1131
17539
5
1621
707
1816
87
16777
183
5
6417
183
133
27
331
143
926
37
45
24
503
1066
13
278
4508
24
3233
9
4790
57
5703
26628
27
3520
372
129
278
542
61
5791
1299
1300
824
3071
5
57
372
61
21454
1299
1300
2296
13
278
4002
13
1505
542
27
119
452
5347
91
5703
26628
278
45
423
6187
27
378
13
24
3906
3830
61
1330
864
8628
61
2617
487
26651
330
262
331
993
57
24
5703
26628
369
2867
61
2
227
13
227
61
4238
3071
76
22111
5
26652
61
5
8838
723
278
13
17484
27
13526
262
5114
23918
3596
5082
5703
26634
652
57
24
4031
57
3071
26653
262
1477
665
26636
99
100
174
76
26654
4065
256
4002
61
24
24695
369
2113
423
26655
262
665
26636
1520
647
4002
61
926
37
709
849
6066
13
1994
5
996
24
1563
331
993
4238
17539
23918
12830
32
2831
1790
5703
26628
27
408
825
850
23
24
712
342
57
1851
129
278
105
2431
494
57
26628
76
26656
61
886
4514
610
516
244
107
644
13
1018
1407
76
27
331
1843
1330
23884
8628
61
5165
5166
1893
2617
10770
25576
61
359
262
331
119
452
76
5703
26628
369
704
24
1271
23
707
18223
27
331
119
26634
5150
13
107
21557
89
24
26648
5092
57
24
855
40
26648
14572
57
24
855
1018
244
817
1399
27
816
358
638
61
610
516
17612
107
133
57
3104
27
331
1312
665
26636
61
5
819
1030
525
61
24
503
5579
87
1533
4002
13
3051
24
1131
24695
57
17539
15594
1145
24
855
27
26657
9
12365
6976
61
2617
10570
26658
61
129
4123
61
1817
76
665
26636
61
23
1961
37
7248
57
8208
1507
9175
61
26659
13100
12402
61
3545
262
331
727
718
2537
1029
47
76
14
5703
2536
61
502
76
1465
515
149
2150
13
3163
1465
515
149
14
1478
2536
23
24
55
513
61
87
14
1189
6035
27
331
4338
494
57
776
8815
13
525
26633
855
61
665
26636
61
104
306
61
99
105
24
108
2214
926
773
34
27
12243
3133
58
4002
13
3051
24
17539
9
298
24695
61
525
26660
87
23060
26661
5
24
26662
26643
369
423
27
331
187
37
53
14
80
2187
61
331
926
1520
26663
27
331
628
151
361
750
628
278
14
2236
4369
1994
61
502
87
2508
3555
331
628
718
2113
2391
308
23
24
5267
5
4174
13
542
27
628
629
709
849
8952
707
219
23
6035
5
4124
868
27
331
26659
13100
12402
61
1961
104
890
5977
185
8208
1507
246
26635
26636
61
6784
61
2
941
149
174
26633
91
5703
26634
246
4360
122
6643
61
23884
26629
369
26631
23
24
1428
246
5791
1299
1300
57
372
129
278
5703
26634
824
3071
246
3520
372
129
1018
61
21454
1299
1300
278
13
278
4002
13
5610
183


