258
9330
9331
261
262
9332
264
61
265
266
1268
268
269
262
9333
264
61
16
563
1268
2186
14
9334
3555
9335
1704
9336
37
9337
9338
57
9339
185
24
83
57
9340
1378
369
1586
1533
1284
144
1485
58
358
1510
9341
9
58
223
27
119
8284
9
8274
9342
2290
2391
1030
14
2360
1471
2
24
33
40
808
9336
37
1001
57
8148
185
24
622
83
369
1330
13
9343
13
9344
133
919
57
2125
34
542
27
808
9336
99
5347
1471
1575
57
9345
9346
61
972
1544
61
9347
9348
61
9349
37
9350
5
9347
9351
5
9352
9353
2
24
9354
9355
27
187
37
1394
37
1146
262
972
1544
3431
185
24
692
2922
3641
402
5
9356
262
9357
5
1964
9358
2
24
7659
9359
9360
1471
262
3929
9361
37
7393
9362
99
9363
64
14
1394
61
5
646
37
14
1394
9364
401
396
99
663
53
2617
9362
61
9365
3617
61
4475
9366
61
9357
2
7659
9359
61
6499
61
3698
259
5
9367
9368
185
24
8284
9
175
9369
27
808
9336
4063
24
9370
91
9371
159
24
1301
57
14
9340
1471
5
2590
14
9372
9373
13
9374
9375
9376
7698
61
14
2532
515
718
1550
47
13
890
4615
27
9377
61
9378
61
5
5573
369
935
5347
2
8295
61
9379
1185
9380
9381
5
7345
89
24
9344
13
1306
24
1540
27
5115
1636
9382
3862
1411
6970
5
9383
2125
13
4658
9384
185
834
7317
183
87
27
808
9336
61
3837
61
14
7132
9385
2
6319
61
4744
61
330
262
331
999
257
628
149
986
1485
5
389
32
515
149
1150
57
9386
1030
846
27
331
419
628
2458
14
853
9387
57
2208
185
183
76
14
6848
5
2057
183
13
707
549
129
7217
104
183
27
2134
1394
262
9365
3617
61
552
9388
149
331
9389
14
7924
6481
61
221
24
9390
9391
27
9392
122
573
5
1292
24
1146
3555
331
8255
1378
262
9347
9351
5
9352
9353
2
24
9354
9355
9393
13
1962
1378
262
972
973
2066
54
1394
1395
9394
61
45
9395
331
4338
8713
515
55
1394
628
2168
14
9291
57
2540
704
57
24
9396
40
628
1663
133
57
9397
58
9398
9399
27
331
628
3531
14
1842
57
227
768
14
1394
515
87
24
700
9400
34
24
1066
628
629
2540
61
935
628
3051
24
1378
61
9401
183
33
609
61
5
9402
32
83
34
9398
27
331
628
706
2391
218
9403
13
245
846
935
221
14
230
9404
61
502
87
14
3490
57
3096
876
5
707
2534
9405
9406
27
8871
1471
262
1307
183
650
13
3517
61
9407
2508
9345
9346
149
24
1378
9408
111
262
9409
9410
3698
259
9411
24
9412
9413
9414
262
119
9396
61
9415
91
9399
9416
331
4338
9417
24
4128
185
24
1394
61
628
7698
183
76
9418
5
5291
1358
7935
61
4008
61
5
5573
1030
14
4107
27
331
628
1835
2050
159
14
2580
57
308
628
1028
13
7698
27
331
628
1018
244
639
834
628
444
9419
838
652
628
278
24
9420
57
3680
61
628
6314
707
9421
14
1842
655
628
7698
24
2575
6278
5
1790
3181
3047
655
628
629
1950
27
331
9408
23
2060
262
9347
9348
5
3094
8622
9348
4475
9366
61
1185
4475
9422
778
246
9423
9
8274
9340
1378
5
122
9342
369
1802
89
1001
57
8148
246
9335
1704
9336
61
2
6319
61
99
5347
1471
1575
57
24
3376
246
691
2581
9345
9346
61
972
1544
5
9347
9348


