144
2236
7481
1
8163
6235
6236
293
16
29870
138
1
399
484
151
291
287
16
24064
138
1
399
484
151
9702
3454
29
603
2177
4241
375
2569
6
4086
1408
681
3
154
12
292
524
39
0
751
564
10
21983
120
2177
9737
2
68
524
76
3457
3844
19
2802
39
39
19
1150
12
681
47
2809
4119
4
798
585
10
7291
31
68
2569
1
38
78
59
3
35
1714
0
49116
6
277
1332
2
15
394
47
2496
782
7534
4445
6516
192
366
68
2569
34
3062
751
564
47
8744
3
1207
67
681
1644
3
343
0
394
1
5
6629
2655
49
31
6187
259
2
6344
16
751
564
292
524
532
10967
2365
20
0
776
270
21134
28
2177
4241
375
2569
7165
29
2316
2497
4588
6
68
2569
47
3069
16876
120
232
1709
2177
12515
1
7533
1262
21
254
305
3
4170
19
49117
991
681
2
924
347
320
25
1172
1113
1427
1644
43
1329
3
143
37
4724
3416
2337
3
68
2569
77
110
44
177
23
19
16876
4
35
49118
11
7165
2
1354
209
47
26441
1
681
1279
375
33583
4471
68
524
77
4581
127
1326
223
7
0
7102
1
4
678
3
766
75
72
6470
3
165
3
5920
26442
2
52
123
603
68
524
6
248
37
35
343
6
0
49119
9
5
3912
3
1427
49120
49121
9213
9
31
1359
63
35
10761
2383
49122
2
68
33583
176
16
35
24
58
79
109
3
143
25
536
14
24
322
5
2383
21984
4
24831
1987
6
4837
68
524
157
0
12367
3
1070
19
514
12
681
47
2809
4119
1
4
607
14
6795
694
2989
0
869
6
3106
28
0
32051
1699
21559
2
33584
16
65
2813
31
1427
2496
782
7534
4445
6516
532
3
2135
68
2569
867
26441
3
81
879
3
185
681
343
0
394
33584
16
6496
3454
9497
68
2569
6
1075
67
71
3
1207
681
3
14580
0
394
15
751
564
22
16
35
24
181
92
33
1628
6
75
7
48
264
38
73
32
128
1987
6
91
2383
24539
2
35
15
863
13
14
44
33
531
86
2859
31
20703
9
1049
1
44
33
531
86
2859
31
75
38
1608
3
14578
13029
869
1
13029
3628
4
13029
0
1077
6
0
3358
53
2032
49123
861
49124
472
8789
59
55
1
68
2569
615
68
524
103
24725
2
52
22
16
35
19389
1
24
181
0
1332
10
63
26442
2
57
18
5
205
961
3
688
4
1714
0
26378
6
0
1332
14
10
49125
16078
16
334
0
2177
1981
1
68
524
4957
407
6566
519
727
33585
9
49126
3
4440
824
68
524
10
532
10967
2365
20
0
21134
1
4
379
192
945
514
120
37
3701
77
0
1124
6
1245
12039
2
861
68
2569
1708
7359
3
7155
311
4
356
12
1
68
524
78
59
29558
16
68
524
176
16
35
221
33
3070
33586
4862
9
24
322
1912
3
2174
0
1332
68
4241
4
25
18
5
128
3089
49127
318
33587
9
20936
1377
3
5219
6
0
4241
10
12150
31
1427
1644
2
2086
68
524
18
343
12
681
18
585
12
831
0
798
10
61
615
769
31
0
4241
1
23
21
78
0
2177
16
8
24
659
41
159
3
154
15570
28
5
394
38
34
728
1289
55
6
49128
2
8
4000
1427
2496
782
7534
68
21985
175
3
560
3
9497
68
2569
6
8858
751
564
18
8744
31
178
379
3
355
681
67
71
3
1821
5
717
1332
2
52
1806
16
35
1862
26441
497
109
1355
2231
2
483
379
1176
71
7
0
610
14
0
5607
73
2277
5
632
49129
68
6516
469
3
326
94
0
961
21
34
366
68
2569
10
10268
21986
2
52
176
7
5
557
2813
16
35
1217
125
13480
15060
49130
360
68
524
18
949
479
532
3
337
0
961
14
751
564
18
8744
10
473
3062
7
0
222
152
14
338
250
182
741
1401
3048
58
124
67
176
71
112
44
43
1414
2
15
3802
18
479
22
16
8
294
5
189
1029
2985
1843
24
29
473
4412
49131
71
2
8
15
776
1981
496
118
5
6485
39
68
2569
21983
68
524
11
4429
681
1077
2032
2552
23
5
35
49132
1
324
0
877
10
35
49133
2
20152
16
563
9082
2010
37
23258
11
519
727
33585
9
49134
363
6187
259
52
10
61
214
3
49135
56
0
751
564
2027
3
1450
390
31
2358
2
49136
22
21
9690
35
5
1884
6
49137
28
681
1
119
2415
12
5
5796
6
1427
49138
2
68
2569
30
1687
9161
17
232
9
1709
1427
1644
7
0
2177
2
674
70
21
881
5
8555
343
12
123
9
433
1449
2775
8796
18
2
68
2569
49139
20
258
8796
105
278
7
79
1579
379
1
7825
27
1138
7
0
2177
23
35
2790
25963
2
8979
9
1449
2258
19532
61
5490
0
4241
39
4429
59
23
5
8
3710
1
31318
49140
120
5
2177
1263
2
26
292
524
18
1150
12
681
77
6186
4
798
615
769
26
2177
4241
375
2569
603
6
16876
991
681
26
1427
7534
13095
4241
6
450
3
185
0
8
5607
3
2277
5755
8
26
4440
824
479
131
21
253
8
4412
49141
8


