144
975
6685
293
16
24784
138
1
691
436
151
291
287
16
17374
138
1
691
436
151
14316
16
3390
9331
53
137
209
51
1
2125
1
28
16171
1
2312
1
1184
578
3
1447
624
3390
9331
10
209
1438
28
0
538
9
39
91
780
1447
624
56
106
43
180
3
5
2357
358
20
19
102
2
15
5276
9
83
179
1542
8902
6592
28
16171
1
2312
1
1184
578
3
624
19
599
3741
7157
7
0
704
47
2158
2222
119
64
4
5
272
278
0
620
1187
2940
2
16529
20
8114
9524
372
816
5
3736
2020
17
5
1211
1767
17
5
599
10575
4
5
2547
2584
1
9331
10
61
1122
3
1046
643
451
39
0
358
2
563
2312
203
479
22
39
0
276
209
16
8
104
43
180
3
607
6
5
2357
2982
20
5
690
1780
90
27145
2
65
130
34
93
0
548
2735
3
106
2673
4
10
5564
432
2
8
1736
3526
1
2788
1
78
0
186
21
34
40
55
17
280
0
1033
166
4
945
102
3
1266
1
515
6
0
358
50
510
20
63
27145
12
460
316
2
258
3526
22
16
35
52
79
213
7
0
195
114
2896
680
59
3
517
0
260
7
5
19773
4
21
10
624
5
769
55139
96
107
41
7412
12
110
34
510
1
45
176
16
35
52
1502
3
764
20
5
646
50
10
182
5
2777
184
3
124
184
28
0
2896
50
34
9022
20
0
26966
258
3526
22
9331
34
1011
9
5005
17
106
4
1886
2134
5397
4
979
2
9331
1
562
31
362
23
35
55140
1
30
100
2332
4
13
576
103
6121
1
0
186
306
2
52
34
348
3
32
4875
699
85
289
643
451
23
21
34
37
431
1683
2265
2230
208
215
1
0
186
10
78
2
89
5725
1122
59
3
1046
713
269
6
6246
147
7
0
208
406
187
2
9331
10
1438
28
624
11
823
187
4
392
503
5
1226
6
72
22238
4
72
5841
964
2
7843
1
9678
2224
20000
78
9331
16
35
24
84
141
252
3
812
66
129
1753
3393
140
0
264
154
261
34559
34727
16
9331
532
20
8114
3476
8
372
816
5
3736
2020
17
5
1211
1767
4
5
2547
2584
21461
6592
16
3390
9331
20
0
3490
2401
178
82
320
7
954
1
113
21
413
5
3186
5319
334
0
942
1
9331
1243
92
34
40
5
2357
358
2
12001
5
3736
16408
4
1589
2970
1
68
9331
22
28
19
102
209
16
8
221
10
100
358
2
8
89
5
2512
22
16
8
15
106
2459
12
136
917
4
348
63
37
358
20
0
260
12
0
267
14
415
1
45
14
18
80
24
183
2
8
9331
30
845
2392
6
19
189
9
877
573
17
19
1775
1028
1
55141
1
17
1743
21
30
64
126
2
15
6230
413
5
3186
5319
20
0
954
3490
2401
4
353
1620
1451
7
4226
0
262
70
2
52
10
5
1858
3111
11
1451
20
81
70
47
160
2401
45
5
2334
4
3666
709
55142
19
5319
1388
4
21
732
3
143
25
162
3
0
368
2
9331
30
1141
769
6
9179
28
1370
4
1368
1212
45
30
734
21
13
317
37
3062
677
28
7892
35
11
0
32071
26084
2
26
9331
1
2125
1
6
16171
1
2312
1
1992
119
64
4
5
272
278
620
2940
26
28769
20
8114
3476
8
372
3
1256
55
643
451
26
318
1564
131
8
2896
680
59
3
517
0
260
7
5
19773
8
26
55143
3
764
20
646
3
124
184
28
0
11770
2896


