65
247
130
761
117
6671
1058
34
40
5
1649
11
3621
150
25
1151
11421
94
5
7981
48
872
56
0
130
1930
19
757
2
17030
5574
1
316
1
6
5407
1
22
0
166
34
40
55812
90
0
4361
3342
7
140
259
826
437
2
15
7981
34
5
6456
1
4
1930
5574
18
757
20
0
1357
3372
2
297
94
11
167
17030
5574
1
316
1
6
5407
1
22
21
1151
514
12
0
7981
3
1231
19
117
15
4361
10
192
1459
23
5
247
13505
130
38
34
40
7
0
1058
384
379
421
17030
5574
18
244
9
38
61
4846
0
540
17030
9
309
0
6671
1058
105
82
320
4
13808
29
40
5
16424
863
8
24
404
3
143
0
1350
165
184
1
8
5574
78
0
5407
9965
2
52
131
19
244
1258
59
5
870
5480
475
1288
55813
16731
4
21
1151
514
2
8
581
117
9
42
630
9
43
7
95
844
1
8
21
22
2
8
24
34
3
1231
88
2
8
52
959
3
312
0
7981
7
0
130
18
2334
1
45
0
11845
130
945
514
2
5574
1151
514
39
0
4361
1930
19
757
20
0
1357
3372
8
52
887
2048
282
1
8
5574
78
3258
2
294
0
55814
921
1
0
7981
11744
430
5892
5
4341
33189
16044
2
8604
5574
10
344
3
312
59
311
1
1117
1003
0
130
2
5574
22
21
11539
0
130
18
225
56
87
15492
806
4
1145
0
130
18
5914
2
5574
22
0
4361
945
514
39
21
10
303
7
0
2334
52
10
5
247
13505
38
34
226
69
0
1058
63
384
379
421
2
15
7981
18
540
30
41
40
443
2
360
1
5574
22
0
130
18
566
224
3
0
1058
377
415
4
1930
3
154
4986
31
4594
0
117
2
5574
18
244
1
61
909
17030
5574
1
4740
1
22
21
10899
0
117
46
29
3235
39
48
2
8
104
33
17411
497
2659
28
88
1
8
21
22
2
65
2841
1540
13
539
3
1622
0
276
2
15
5574
117
1151
0
1058
105
82
320
39
1076
28
155
331
2
26
13086
16
17030
5574
22
0
4361
1930
19
757
20
0
1357
3372
17
5
6456
26
5993
6
1282
16
15
117
6671
34
40
1930
31
13808
1640
278
150
25
10
1151
105
82
320
26
55815
16
5574
303
0
11845
4361
7
0
2334
494
90
1085
2850
59
311
4
1003
59


