15
4203
198
38
2290
5
637
559
1666
39
19
296
1284
37
26318
878
3427
7
0
1387
131
0
638
21
78
19
145
21
10
5
567
10
739
721
2
8792
9303
1
835
1
22
19
145
2452
25
17
305
19683
4
21
562
0
770
23
8
1631
14480
8
4
8
12809
8
2
8
96
22
240
5245
66
352
16054
240
4
24
22
240
10323
240
4
36
219
240
5245
3387
240
1
213
49
1
498
121
5
6953
4
311
219
99
3
508
353
6
48422
1
8
8792
78
15
1287
3301
2
297
94
11
167
139
8
878
8
2593
532
7
426
18
5099
6
3413
1581
1
15
10255
491
3027
18
8792
9303
13
835
82
83
4
10
529
1546
2173
9303
7
3648
8792
18
145
33281
9303
1
38
210
0
3427
7
0
405
314
5099
6
15
10255
491
3
3463
42
8
2358
8
20
5669
0
878
6
42
263
1
1301
2
8
57
10
74
5
425
465
25
10
74
711
1
8
258
9303
22
2
8
15
637
559
15208
18
698
4577
45
0
638
1403
10
74
128
425
2
8
258
9303
22
36
1284
0
3376
114
36
404
3
2029
8792
18
5830
2
8
17083
25
79
1527
109
48
425
638
11
59
735
385
3
842
1
385
21
76
402
1
8
36
22
2
15
2963
9
83
1
28
3027
1
529
1546
2173
98
12475
23
5
130
4
1110
31
0
540
6
8792
9303
2
8
101
3648
60
734
0
3212
6
136
33282
1
1546
2173
1
23
5
263
1
8
0
3424
827
1039
2
8
52
19382
282
14
60
43
6238
2
26319
307
1232
849
2
104
58
98
109
3
1517
1
136
2214
198
133
8792
9303
2
32683
66
13
0
15917
551
7
0
172
2
8
65
2813
6
0
3427
30
698
4229
12
560
1
5707
472
3058
13590
7
79
398
269
8
101
3648
60
734
0
3212
6
136
33282
1
1546
2173
1
23
5
263
1
8
0
3424
827
1039
8792
9303
1
835
1
22
19
145
2452
19
2593
17
305
19683
89
0
1987
296
76
41
9055
13767
1374
20
0
1278
4
176
16
8
31392
212
471
2
8
380
0
1287
3301
8792
22
21
10
1371
11
37
1300
12
0
2681
13310
3301
1
4
58
12229
19
471
13
2681
348
59
3
2
27574
0
3376
7
0
1581
1527
109
5
8
100
33283
8
11
258
9303
2
8
24
735
3
163
95
198
24
337
59
639
134
153
4
404
3
716
0
172
183
14
1
8
36
78
15
10255
491
2
8
57
13
80
128
111
3
282
2
8792
79
78
121
5
333
230
320
14
21
100
879
404
3
495
23
5
290
2
8
258
9303
22
92
10
300
8
385
410
8
63
8792
38
20
87
738
305
1943
45
123
192
12
25
492
67
12097
2
15599
63
19
1618
18
33284
1
8792
22
21
10
596
17
110
36
34
617
2
68
9303
13
602
3
4136
5
4094
1715
9
21049
3248
8
139
81
149
30
1362
850
11
121
2
24
322
170
121
45
24
322
67
121
85
24
10
5
333
230
320
4
474
456
1
8
8792
78
15
10255
491
2
5170
398
269
6
560
2130
2474
33285
3108
5
783
6
0
3427
1
25
34
40
10093
472
3058
278
4
13861
472
10080
278
2
57
3570
1515
6
337
1
173
54
28
258
33285
38
395
16
8
2092
21484
22640
388
2
1287
18
48423
2
939
5
2214
117
2
8
15
2593
61
19959
0
664
6
48424
48425
38
22
16
8
48426
1
30136
48427
25
33286
53
5353
51
2
8
657
48428
48429
395
16
8
24
26320
32
48
3387
5
17592
56
24
2114
49
2
8
65
16882
916
6106
22
16
8
129
8031
13
14
307
307
307
307
8
8792
13
602
3
4136
5
4094
1715
9
21049
3248
4
30
41
602
34
156
9606
2
26
3027
18
33281
9303
4
8196
5752
210
9476
7
12
426
26
852
3
0
3376
1
0
2963
9
83
130
10
529
1546
2173
9303
26
5170
398
269
1
0
2593
34
698
4229
12
637
559
26
57
3570
472
3058
13590
4
472
10080
6248
12
560


