7628
342
369
3091
358
288
174
16865
185
14
6481
30454
5767
34
316
3133
58
14
19363
5145
159
27
30795
38481
38482
330
215
5
1382
15911
342
105
100
441
13
12993
47
23
28392
5
17341
13
151
13039
58
776
331
3117
331
13737
23
24
3322
38483
12389
104
1787
5
32840
7628
27
119
18594
9
2033
330
47
13
2424
342
288
15196
13
1415
23
2243
38484
5
21734
13
5767
75
24
6481
61
502
130
13
38485
61
5
515
274
288
174
38486
1348
358
288
750
358
44
45
2242
2243
14572
27
30795
38481
38482
149
441
13
12993
185
24
16865
5767
655
722
30454
104
1787
5
32840
7628
652
57
14
19363
10685
808
38482
61
14
791
7160
3965
61
149
4001
76
15911
10834
1413
3133
495
5
99
30454
322
166
607
14
632
27
396
330
262
331
38487
87
45
14
10809
824
5
13
33258
24
6481
34
1413
4615
104
14
227
23
372
367
149
4064
13
377
24
306
27
331
2906
57
24
342
129
799
23
34
30454
369
2471
8897
5
183
149
31984
34
542
652
183
149
16865
27
3927
8211
449
183
401
27
331
119
320
1400
24
5767
149
2072
104
2010
15287
40
515
37
2192
27
1003
1563
87
2072
104
515
5511
818
628
639
496
183
2256
1030
5
183
149
611
822
15764
9
1533
1030
2431
15287
27
331
1003
5095
149
6481
5
628
1347
5457
536
14
37995
27
2906
342
1347
3793
23
38484
27
331
628
1018
244
4923
24
16536
61
129
288
6481
2786
5
105
13
748
133
2243
21734
5
1196
610
1415
23
612
2534
38488
27
38489
7892
61
3608
57
1787
5
32840
7628
345
37
33394
5
38490
61
330
24
5767
87
1094
33
13
1579
19554
5511
331
628
1999
2209
34
542
61
358
2859
13
2242
35705
40
288
750
358
44
244
2242
542
61
628
1019
652
57
19470
27
331
808
61
38482
61
14
4644
4560
5
6989
9
3965
57
5022
7681
5717
61
99
1094
309
334
3090
2
24
5767
1785
17812
12610
237
632
27
119
320
99
383
24
5511
87
33
13
2360
40
3187
747
13
1104
24
5511
105
130
4224
1284
38491
38489
7892
61
3608
57
24
7628
345
37
33394
5
38490
61
330
262
331
408
369
2404
515
612
342
23
24
3322
38483
12389
104
1787
5
32840
7628
278
100
38492
91
32
57
24
316
38493
3269
24
9576
3360
12620
27
331
38494
342
5205
14
5138
1547
5511
6601
3981
30454
34
1413
13
360
4615
61
166
607
14
632
27
808
38482
99
1094
309
14
1392
57
3090
2
58
215
8211
30454
342
288
174
13
1470
331
16865
331
367
637
24
320
1520
24
5511
638
45
5189
546
1011
15287
331
2686
274
278
100
759
612
342
13
151
13039
123
122
30454
76
24
442
57
5185
21734
34
14
2347
1267
6601
11971
3869
149
17676
27
331
251
169
19363
99
5910
13
107
13846
123
237
227
2987
14
5511
57
104
306
2010
15287
76
24
410
57
25482
9640
38493
61
4724
24
5511
57
24
38495
3869
5
5570
445
57
24
6481
38496
1156
27
331
2686
15437
33903
24073
1226
334
7480
1222
24
5511
7699
13
1011
15287
1185
546
61
502
99
45
640
123
237
227
27
408
151
6559
3465
34
704
612
1147
1240
806
1204
3465
34
1508
38497
1393
107
9631
91
14
6976
21650
13904
4639
4560
502
99
100
24
384
57
237
11661
27
331
119
5767
87
1094
33
13
1579
19554
5511
27
408
278
45
309
1193
989
8555
18609
237
27
331
842
808
38482
61
129
1129
13
25094
38497
61
3138
24
320
638
45
278
24
9683
38498
502
149
1607
342
105
13
1470
24
6481
367
34
316
3133
27
331
1031
37
709
880
13
1876
14
320
61
331
215
359
27
331
119
5218
1094
87
825
24
320
4658
38498
34
24
1462
227
237
711
778
27
331
246
38481
38482
105
100
3981
30454
104
1787
5
32840
7628
246
1307
24
19363
5145
215
1520
47
13
2424
342
4508
13737
57
38485
246
119
18594
9
2033
330
274
288
331
38486
331
5
342
750
13
1415
23
21734
246
119
320
99
3199
40
8479
24
5767
2168
1193
15764
1284
38499


