251
111
129
769
54
4245
2291
47
768
183
185
24
622
83
57
24
1146
5
2642
47
14
18256
76
1579
582
331
3034
27
331
3929
18257
18258
54
13617
23
1605
1606
932
5
24
503
4604
515
65
14
8426
13
1579
3875
149
1348
405
1151
876
57
1860
7473
5
18259
2859
1037
185
54
18260
27
808
18257
330
215
1414
3383
61
331
9362
87
237
111
61
5
1607
369
54
520
171
47
23
707
2956
778
331
18261
7717
262
18262
58
18257
769
54
4245
23
1605
1606
932
27
187
2291
47
23
24
11007
57
17491
18263
23
18264
12641
27
396
309
24
2956
64
14
11556
27
119
1047
2075
2114
13
2597
47
3555
5608
9754
262
777
679
2168
14
1842
57
311
4166
5
17491
4838
18257
13
3613
27
1307
215
2168
13
12641
215
149
12427
837
15932
9
1030
9754
11702
23
24
18265
262
17491
37
520
1770
171
47
23
3929
37
18266
5
18267
27
119
55
2347
18268
288
319
23
918
57
496
132
1030
1860
7473
27
119
1860
111
262
17491
149
1644
6266
23
918
57
18269
7473
9
45
18270
9
40
24
13879
331
15539
11697
331
2169
331
628
389
14
5946
57
520
628
105
244
319
27
4540
61
14
1842
57
542
27
691
288
5193
57
237
111
3477
18271
76
334
1860
1496
27
3116
107
3339
61
183
149
2928
13015
40
663
7456
652
628
638
244
1550
24
520
61
331
215
330
27
119
2956
105
53
1579
880
170
880
1145
24
1146
13
18264
12641
5
89
24
680
57
17491
18263
27
808
18263
105
309
24
2956
64
14
11556
40
6063
105
8739
183
13
158
18272
13
16913
1579
8249
27
331
628
285
13
24
4164
18273
5
61
4149
1487
61
646
149
707
2033
4245
185
24
18266
27
11697
4242
37
520
288
171
47
23
707
7125
652
707
18266
149
373
5362
61
331
808
18257
330
27
119
520
515
288
361
319
23
12641
288
8997
4132
13
808
18257
37
582
2956
5
64
334
8937
34
18274
61
215
1770
4084
5
18275
449
183
27
15910
445
262
3929
149
5246
91
834
18276
2975
646
149
23
24
679
27
17491
105
1347
105
14
1536
6500
1564
76
122
316
2881
4334
185
24
83
14672
247
262
6990
9
2033
900
3034
901
17491
61
105
309
24
2956
64
14
11556
5
1770
3477
520
27
119
3224
2291
47
185
3929
37
18266
652
24
2956
105
45
100
18277
8023
18278
6189
679
262
543
24
442
57
5538
833
61
14
7719
10190
2956
3793
316
308
2
3000
3346
57
24
1146
609
5
1802
542
89
24
512
57
486
14728
1362
262
5311
185
18279
8227
12641
37
4203
57
1002
8227
2859
537
34
334
7940
58
18257
37
4144
149
18280
89
1197
5
717
646
16194
620
262
331
628
2168
704
57
1508
4171
2
308
23
12641
586
61
331
9919
61
610
728
2050
13
442
723
532
11697
4242
61
18281
18257
330
305
32
1679
61
54
4144
149
18280
34
4163
185
18279
61
24
1197
4203
57
1002
61
5
215
309
18282
2
308
2496
158
515
358
288
2050
13
532
24
582
3034
27
331
628
2168
704
57
1508
4171
2
308
23
12641
586
61
331
9919
61
610
728
2050
13
442
723
532
11697
4242
61
18281
18257
330
27
6899
23
12641
61
808
18263
2168
14
1724
2
54
18283
129
750
158
54
876
288
704
18
24
3207
27
1447
149
818
822
2975
23
24
331
769
9
2956
9
1142
9
549
331
18284
515
183
18285
1533
1284
4653
5720
18286
5
484
402
61
808
18263
18287
808
18257
13
799
104
3613
27
777
331
769
9
2956
9
1142
9
549
331
15422
18285
1533
1284
4653
5720
18286
5
7199
17491
37
6323
13
3613
2186
14
1423
3555
15539
11697
5246
3929
104
24
1709
61
40
24
1347
2523
2021
149
704
24
833
311
15539
11697
262
18288
358
285
61
358
288
18289
91
5690
27
691
10087
2471
14
2949
119
6922
12641
2158
99
100
758
4805
218
14
3232
57
18282
5
1583
57
18271
5
183
4123
515
808
18257
149
719
64
2471
24
15932
27
691
13357
1145
24
1566
575
24
1047
288
279
1030
9339
27
18290
8158
13
4180
542
3451
358
285
27
691
1347
105
14
1536
76
122
2881
2169
185
24
83
3555
331
187
37
45
18
61
331
18257
330
13
18291
27
331
15539
11697
99
13
3613
846
1094
61
818
515
99
13
2191
27
331
119
1047
369
2456
13
4734
14
2158
34
808
18263
13
3613
24
4744
147
237
506
27
331
999
57
24
14416
628
4023
87
604
6558
14
111
91
54
18271
61
331
808
18257
330
13
18292
27
331
7860
23
54
18271
215
1577
818
4238
61
5
23
1189
562
61
215
149
144
24
18293
61
18294
61
821
18148
2913
27
331
18295
24
10310
262
18296
3929
18257
5
17491
18263
6693
331
15539
11697
331
3613
18297
9693
23
17703
3672
244
6558
262
331
999
57
24
14416
628
4023
87
604
6558
14
111
91
54
18271
61
331
3929
18257
1520
27
331
7860
23
54
18271
215
1577
818
4238
61
5
23
1189
562
61
215
149
144
24
18293
61
18294
61
821
18148
2913
331
2186
14
880
13
2597
3555
2693
377
183
37
45
18298
34
7719
1185
769
4206
13
221
122
880
2
24
2426
4715
13
2846
6180
575
24
5100
34
542
87
175
9
40
24
4463
9
47
398
87
821
1151
3555
17028
486
262
777
18299
87
3466
13
850
2
24
18271
358
717
4166
2
122
632
609
246
3929
18257
37
4245
149
7719
23
14
1605
1606
3268
246
7478
215
2859
5049
520
185
54
582
2956
57
14
2913
4603
76
334
1860
1496
246
4338
4084
449
183
4166
61
18300
23
12641
1789
13
2073
158
159
246
331
15539
11697
331
935
4838
158
13
24
1566
5
24
316
2011
47


