258
27387
27388
261
262
12496
264
61
507
563
558
268
269
262
40379
264
61
666
563
558
251
7501
9
2033
3788
393
87
982
5
2276
111
87
361
1642
91
642
58
14
545
2356
11165
23
24
1605
1606
932
22086
1802
6480
27
40380
4103
733
393
4378
27308
1077
4386
2356
58
334
22096
676
470
158
1411
24
4179
5
24
14350
104
24
39221
1604
1728
23
7716
27
1707
369
1094
1552
34
14
111
1324
23
54
15961
515
2395
377
7345
158
2334
13
4179
27
38353
262
119
7705
407
14
16170
57
24
111
129
7983
7345
3788
393
4378
27308
185
24
22086
4179
806
3400
215
1789
13
1488
61
27308
149
1876
18
91
334
22096
676
16771
2356
7180
262
7501
9
2033
4378
27308
1077
58
215
149
4430
91
334
22096
12893
676
104
39221
1604
23
7716
119
10434
11950
61
3363
5663
2168
89
14
17443
10020
76
2276
111
655
3823
14
7703
9
7453
12893
676
61
642
330
27
396
5
24
111
61
648
13
107
669
5
23
54
1920
15961
61
18169
24
676
104
24
7678
39221
20309
1728
27
119
111
61
536
14
2060
35501
61
6934
330
61
1687
187
912
40381
1031
912
1348
1022
2168
5704
61
2395
330
27
1936
24
7180
61
365
43
906
2334
24
4179
64
919
57
920
2395
132
185
27
4865
24
1179
9
129
87
391
13
278
100
10884
9
1789
13
1488
484
24
676
650
89
24
924
61
808
27308
149
45
818
539
61
5
149
1805
91
334
22096
676
27
1687
1307
628
132
61
215
149
3108
13
5885
3383
133
61
40
646
149
1013
1487
25777
32
1844
750
24
1605
1606
3801
27
1843
1844
750
4845
1605
1606
262
1687
1447
149
14
893
40382
15918
69
27308
71
61
5
926
149
2931
24
512
926
44
27
40134
262
1707
182
12225
445
24
348
5
369
373
537
34
24
111
515
149
17639
14
7180
76
808
27308
61
391
13
107
14
669
5786
31191
262
16948
57
2395
735
185
24
14350
686
23
4543
64
24
316
906
2334
24
4179
5
27308
149
12550
396
149
319
13
40383
7628
76
3232
947
61
5
147
1077
27
742
2255
61
40384
27308
61
958
525
688
64
1687
108
9
738
9
40385
1221
24
3000
57
14
2063
27
1687
816
723
2011
158
625
61
723
825
604
9500
21151
926
750
4845
1605
1606
27
331
331
119
29322
750
703
704
13
33
47
868
2
24
12570
27
579
2072
10491
61
577
3710
33
3555
727
1018
1013
1028
13
850
237
3555
577
331
579
750
24
1605
1606
463
1840
515
926
912
3621
3622
34
525
688
27
1687
17860
638
237
13
707
688
5150
13
1456
3383
23
27
628
2296
13
532
133
1607
215
638
237
13
707
6002
1707
369
373
2335
24
315
806
709
7509
278
1521
100
53
27
999
7716
5663
61
10918
40386
40387
61
129
149
3823
185
24
676
598
57
24
7459
824
185
54
6697
27
396
330
215
149
1461
23
24
918
1536
1221
24
32
515
470
808
27308
1221
5
1999
1687
316
1185
166
40388
40389
515
40390
24
6922
40391
808
40387
598
262
1687
119
29322
1184
750
703
704
13
33
47
868
2
24
12570
27
579
2072
10491
61
2344
3710
33
3555
727
1018
1013
1028
13
850
40392
40393
7909
262
4378
37
2255
40384
27308
750
6219
515
926
99
709
6553
1607
1463
516
1018
237
13
525
688
3710
33
262
119
676
29322
750
27418
331
727
1018
244
1028
13
850
237
3555
331
64
358
40394
27418
133
57
24
1536
4865
215
638
1013
1020
13
2391
104
24
11157
348
61
215
330
215
132
484
642
40394
158
133
57
24
924
27
1687
396
149
2169
1184
1411
24
1536
5
24
14350
2
54
18067
159
61
5860
24
40395
808
40387
598
27
331
396
149
3031
54
7935
818
628
2193
215
149
1013
982
1521
61
40
64
628
5980
47
24
8750
5
2334
40396
20309
27
628
663
2193
646
149
709
2467
33
2
515
27
331
7716
7453
262
119
39221
1604
1728
87
23
26722
61
14
7678
7716
12007
515
149
1969
34
1579
40397
3619
356
119
1605
1606
22086
99
100
14
6409
13
1793
11157
12629
237
506
27
1539
316
454
495
61
334
4387
111
912
10420
219
149
1142
32755
1411
24
676
5
24
14350
64
24
12893
676
31
47
13
24
20490
6423
5
7723
1604
924
27
119
1271
257
61
2976
9
2033
3726
40398
149
4430
5
1745
655
20442
23
24
20141
1411
24
9149
5
18589
6128
4276
27
187
149
7724
1607
808
40398
61
129
3366
104
14
2722
3952
61
149
185
24
4179
27
119
12893
676
3890
528
2
20490
6423
5
30573
1604
23
5535
61
5112
218
5040
9693
61
326
17495
61
5
935
5773
7716
4205
39221
1604
27
187
5923
133
13
40399
23
7716
27
246
4378
27308
61
1011
61
1077
58
22096
22086
676
58
1068
2334
24
4179
123
14
7180
246
16948
57
920
2395
686
64
215
149
12550
91
676
246
2286
31216
27308
9707
111
129
1694
76
688
13
1456
3383
23
246
1707
373
1552
34
331
10884
331
111
61
1324
64
669
5786
23
54
15961


