144
1318
32135
293
16
35309
138
1
966
600
190
291
287
16
23004
138
1
966
600
190
52
13154
960
7
0
381
1
86
280
6
15250
1417
8770
1
38
10
6647
2206
31
5
400
599
2652
1
22
25
10
3929
44
171
161
14646
59
7
0
1099
209
2
34747
2492
20
5
1896
7
4423
3
12742
55
5
769
2195
7
1915
6
3165
9
83
68
8770
38
10
1156
31
0
414
1057
2652
119
9021
103
5
1896
639
724
3
0
1171
6
0
403
2
23438
357
42
56119
1
19
280
133
173
464
6
5
2484
21
545
11
133
4
117
464
56120
55
5
769
2195
119
5
557
1887
75
2238
12
0
1896
2
11536
16
1769
4
280
477
5
1896
4
1099
2674
11
3165
9
83
15250
1417
8770
2607
38
2492
182
5
10631
1211
3071
43
344
3
911
5
29717
4
2253
1515
12
25
90
25
10
696
69
0
381
2
1437
44
2725
5
13020
2987
4
4041
2399
7
0
1099
1
119
5
56121
561
498
5
16689
6
35534
13045
28
0
4038
20293
2
68
8770
47
13563
193
1549
1940
440
114
21
10
0
1745
2448
2652
343
583
103
0
1742
7
79
259
187
2
3244
0
7890
2492
12
0
1896
10
68
8770
47
26278
1
8094
375
56122
1
38
22
21
10
9108
20
0
670
245
6
75
38
34
574
55
11
0
1076
1481
2
7587
16
56123
1417
8770
17
19
1028
16673
16954
38
498
5
1076
2347
3
59
20
0
2674
10100
2872
16
221
29
40
2701
2652
1150
12
0
3102
1742
6
440
35
1398
75
29
40
3834
31
48
34651
21
78
0
1730
2
35
1287
7
1417
47
142
4
193
60
2029
14
361
35535
193
1
142
35535
1681
1
3235
13314
2936
2
35
191
14
162
1417
47
142
60
33
4471
3
764
23112
4
3
495
4
361
56124
68
8770
47
1028
1
16673
16954
1
38
2027
17
68
8770
47
10108
757
34702
1
78
0
1730
12
0
1896
16
35
924
347
320
24
342
0
361
6
95
142
1
95
237
427
1
95
2261
1
95
4198
2
35
89
24
322
86
5488
3
29
444
0
81
398
82
2320
3982
4
56125
274
638
6
91
17
1417
2
35
24
322
6829
3
29
2316
49
17
59
4
148
6
80
3
29
40
1174
31
59
2
57
13
114
6
48
14
24
322
0
29517
447
7
0
17849
68
8770
47
757
22
14
4796
0
3651
10
159
3
32
67
11444
98
2
65
723
1458
31
54
6
68
8770
47
237
280
1
1114
56126
1
38
10
1129
3
32
20
0
5074
1
10
61
1039
55
16
8
104
202
183
56
136
5468
13
159
3
429
15526
1
8
0
723
1039
2
8
89
112
60
107
1
60
58
495
142
3
0
35075
4
1529
1541
10
5
576
6351
6
48
565
2
8
5323
0
5252
4388
6
0
2912
32
212
9085
5260
566
2
8
14564
16
68
35536
24788
19
56127
1158
7
0
3004
6
0
2652
23
97
1072
56128
7
0
381
15
2652
50
285
68
8770
1
23150
330
31
19
280
23
8
1529
1541
8
1
30
41
40
780
2
15
8754
5385
10
285
339
2071
24220
2035
1
20607
3018
7706
4
3709
35536
43
61
1156
31
5
2652
56
44
219
56129
103
0
3102
1742
6
440
64
347
320
2
15
9053
29
18236
0
1849
1742
18
2976
23
0
172
18
9432
2652
343
2886
1
301
3
15
4492
2
18748
56130
2236
5035
1
928
1
22
21
10
27776
5
9021
427
455
56
21
408
0
343
2
8
24
79
175
95
2430
1307
3
0
4502
4
219
1307
55
4
92
10
79
777
5189
4
5
1825
1
1825
599
2652
18108
0
265
2
35
144
0
71
24
213
55
92
272
6
59
34
40
204
2
35
24
469
3
12269
103
0
243
4
2056
59
12
0
99
1
45
23
24
107
14
0
2652
224
99
4
56131
0
3934
4068
3
688
3
5962
121
103
2
35
249
24
224
99
0
200
71
1
21
175
0
936
6
59
2
35
24
79
273
63
19
117
4
112
21
34
1242
2
24
79
404
3
124
59
3
4502
2
24
498
25
850
24
27587
101
440
23
5
1030
1
37
955
6
54
447
5
70
13
285
31
16305
2
89
629
56132
1
5
1113
56133
20
0
988
33745
1
22
0
11291
7
1150
13
1131
0
768
6
996
1390
2733
4
0
2968
3973
6
381
1550
7
5454
4453
1
699
85
5
1083
7
2652
1758
2
3077
16
15383
2236
5035
2243
63
0
343
558
26
2551
4
117
745
13020
2987
4
4487
2399
7
1099
26
56134
561
1727
16689
6
35534
13045
12
0
1896


