144
4705
19609
1
36573
36574
4
292
940
293
16
36575
138
1
966
460
190
291
287
16
36576
138
1
275
436
190
65
257
27807
36577
7
0
36578
13066
10
7431
20
15592
31
5
1720
6
12159
2
12160
4066
10
3730
184
28
0
4031
4
69
0
4590
113
36
10
5947
2
15
4968
9
83
7748
10
123
2079
7
0
1269
6
5
2071
2069
7355
133
27808
17
17303
4
36579
133
56
27
10000
12159
1738
0
765
10
3735
7
12
88
2
297
94
11
167
22828
16
12160
4066
53
528
1
17
4707
883
51
1
928
1
4
5349
15593
53
9461
1
1328
401
4066
51
39
42
1663
31
67
85
639
1760
2241
1
39
37
1012
2289
67
85
639
1760
1
106
4
1247
9462
1
401
4066
4
27
1341
8135
1
5349
4705
15593
1
43
2436
373
3
0
27809
11334
1835
39
5
5822
306
42
7432
11
185
2
135
43
22
3
32
7
35
205
22829
81
166
480
42
4160
3937
7
0
27810
1858
13066
2
1768
4104
467
12
437
1241
23
44
2977
991
7727
47
27811
577
727
17
105
108
1607
2556
4
64
487
17304
2
15
2069
7355
133
116
49
6
17305
1
36580
4
4159
2927
3058
4027
724
133
13
102
3
67
85
2034
410
2449
6
3265
1
2381
19610
17306
1
4516
2449
6
1910
1
173
36581
1
4
17303
2
12160
4066
1
137
1
4
27
1341
8135
43
2436
373
3
0
27809
11334
1835
39
5
5822
306
42
7432
11
185
15
584
34
3518
0
146
3
178
9
132
10600
17
5
487
1746
298
39
2673
7
0
36582
1252
6
27812
4595
1
7
0
1171
9
1653
6
7727
2
15
12159
133
1743
3461
161
29
4119
3
5
5222
11334
642
9
831
1720
133
5947
0
2556
6
42
1625
4
2270
90
317
401
4066
1
28
36583
7
2736
1
4
962
401
15593
1
1903
1
20
15592
4
7433
69
0
4159
2
15
223
43
2079
192
14
1152
39
42
12159
1738
44
43
91
4907
2
15
9906
584
43
123
680
3
444
0
166
1054
90
42
7432
11
185
43
306
31
5
2269
5822
2
65
1416
22
14
0
223
43
61
91
4907
31
0
765
39
54
36584
157
5
1132
391
1
2354
19
5823
3
32
9463
2
15
2437
950
11335
127
2229
0
329
114
6
0
759
6
3593
830
2
57
61
6008
14
35
3809
36585
133
113
819
33
477
11
5
769
71
23
3621
3207
42
1276
1863
319
42
1276
2046
133
33
1379
455
0
7727
9
5824
1835
2
221
29
1365
40
67
85
639
11336
7
0
329
77
0
424
70
4
0
1835
13
5222
11
679
36586
2
36587
36588
1
2297
1
38
3930
5
1746
298
180
6894
2043
7
0
222
329
23
0
4426
1
22
16
35
57
13
2621
80
77
7727
4
41
79
323
2
57
13
114
6
0
637
744
4
0
7147
2
6654
92
171
32
419
36589
27811
7355
113
0
223
43
2436
7
0
27810
9
1858
13066
19421
6009
16
401
4066
4
401
15593
43
6426
119
2008
31
27813
17
5
304
6
2556
7
5
2071
2069
7355
7
0
1672
4590
9464
43
61
2319
3
2840
5
1020
1720
180
0
2363
15594
1
50
13
116
49
6
1127
9
27814
2
401
4066
47
296
1
36590
3126
1
38
3930
19
220
1779
1
4
36591
36592
1
22
44
43
253
2088
3
1450
2
360
1
27
566
1429
1
30
78
2355
16
35
96
13
500
168
2
96
13
36593
7434
161
14
401
4066
756
3
165
2008
7
407
1249
39
1949
49
17
27
189
9
877
1
495
9
7
1133
2
96
93
27
431
23
5
1113
3530
449
17
798
4256
27815
4
1588
1739
1
90
2673
7
7727
48
215
2
674
166
2247
36594
1
7727
47
3767
1449
1
22
0
223
43
35
7
205
22829
4
34
40
4067
3
5
286
7
0
1496
36595
3
32
4827
2
318
1917
633
5
1818
6
0
584
12
560
81
166
1
2065
7
2530
36596
2
15
223
43
7431
7
7727
18
27812
6010
16
3531
607
2135
5
830
1720
180
0
2363
15594
1
17307
6
1127
9
27814
1
445
29
40
374
0
8029
22830
197
0
255
4
7727
29
40
19611
7
612
187
31
0
264
47
595
3
5486
5224
3
36597
2654
6895
36598
2
15
6430
9
83
1
38
13
648
22831
49
7
160
47
19423
8088
1
13
404
31
4430
106
11
5225
7
4969
3
1283
4
707
833
1448
2
52
4257
0
327
2
65
2437
950
479
22
16
35
104
33
3873
25
30
40
729
14
0
64
223
740
7
7727
29
40
36599
26
12160
4066
10
3730
28
4031
4
69
4590
113
36
10
5947
26
27816
43
2436
39
1012
2289
67
85
639
1760


