47017
3
165
16
6519
12753
1417
9
18936
30
383
5
4476
3499
20
9969
2186
1
7
0
1496
6
6099
1
388
150
21
1130
55
6
279
65
3365
30
40
5733
7
37
1731
11
67
85
64
187
7
5
541
9
142
11570
14
30
14960
6
1786
6852
8
7201
9
312
2138
15
8310
2
6519
12753
1417
9
18936
30
383
5
4476
3499
20
9969
2186
1
7
0
1496
6
6099
1
388
150
21
1130
55
6
279
2
52
78
1387
32786
14
21
806
7
0
407
513
264
7
484
3
8
5164
5
3128
8
17
117
464
14
960
92
2
89
1
39
2036
3
147
55
0
1092
1
21
945
3
0
5738
4
30
444
0
81
398
347
9
173
77
634
4
155
2279
9
1136
11
2188
7
1268
3
1386
59
279
11
19
505
795
2
52
78
9443
438
652
47018
16
8
24
322
450
3
505
3
1268
2
8
24
351
1136
11
88
3
1386
121
279
11
0
2204
8
2
2186
910
29
22
21
30
5
1899
3810
1
2289
3799
2079
5763
26071
99
69
42
6731
86
21
73
758
0
279
2
378
166
21
3503
5
8
501
2323
8
113
21
13825
2
1354
0
132
21
5550
19
71
350
11
626
7
47019
4
3473
3899
50
73
170
32
10574
2
3250
1162
13
330
63
0
130
1
38
13
473
214
9158
0
32787
1
5763
7
13108
4
18320
7021
1284
7
19
5000
2
318
804
30
14960
6
0
1686
5181
2138
1
61
3766
5678
20380
9
866
1
113
6852
8
1452
13443
32788
13
2535
7
5
5738
20
155
331
18
375
7118
9748
2186
2
297
94
11
167
9410
2112
16
2186
910
29
22
21
30
5
1899
3810
1
2289
3799
2079
5763
26071
99
69
42
6731
86
21
73
758
0
279
47020
185
16
52
78
1387
32786
14
21
806
7
0
407
513
264
7
484
3
8
5164
5
3128
8
17
117
464
14
960
92
11359
16
334
277
132
496
3
37
267
1
21
3503
5
8
501
2323
8
7
0
1731
3
124
2203
4
29
5
1060
20805
4259
69
0
321
1
21
73
41
505
3
19
15007
264
6
32789
434
3
5
7861
1
4
86
21
10022
7
0
5738
11
697
187
268
0
3279
13
77
2
1354
19
764
1
21
4671
7
361
17
1399
663
47021
180
9282
1
545
31
20380
9
866
1
38
2134
59
3203
19
2182
6
17720
0
16838
6
19
3056
1
0
47022
47023
47024
47025
2
15
611
10
7
196
1784
31
0
804
6
8372
8887
21370
25331
21371
38
444
834
82
576
7
0
1253
1363
21274
1147
2186
18
8310
24
7
1466
1
1010
1
28
5321
3
1570
2
32790
16
318
804
30
14960
6
0
1686
5181
2138
1
61
3766
5678
20380
9
866
1
113
6852
8
1452
13443
32788
13
2535
7
5
5738
20
155
331
18
375
7118
9748
2186
47026
16
20805
4259
69
0
321
1
21
73
41
505
3
19
15007
264
6
32789
434
3
5
7861
1
4
86
21
10022
7
0
5738
11
697
187
268
0
3279
13
77
21371
34
19
5763
20
19
243
3270
1391
19
764
1
4
444
19
71
2191
1
1975
7
19
5479
1
62
3095
10814
2
52
489
626
4
4765
28
2564
6
0
1731
90
21
10
1085
680
3
517
434
3
5
5487
2095
2
52
395
5
10270
6
19
71
7
1253
1363
21274
1
180
15
8310
1914
1
50
840
745
0
47027
3
6852
8
2138
2
26
12753
1417
9
18936
630
20
9969
2186
1
6099
1
150
21
1130
55
6
1357
26
52
131
21
806
28
1268
7
484
3
8
5164
5
117
3128
8
26
89
732
4
98
1136
11
2188
3
1386
279
11
19
505
795
26
52
7345
28
9569
4
32791
15205
28
2079
26071
11
279
26
318
804
30
14960
6
0
1686
5181
15
8310
1
3766
1786
6852


