1815
494
495
21892
61
11
91
334
55977
635
220
91
24
3584
57
8457
16776
61
1089
24
32527
1146
91
2548
24
200
201
27
842
515
1271
2157
24
77
149
13607
27
16776
1764
8808
13
4458
5535
61
3477
2991
35799
5
15794
50280
76
158
34
14
1269
11133
57
1533
1284
1389
28643
61
655
24
77
912
19222
55978
149
10401
13
24
9301
9302
91
7833
52248
27
618
3354
61
2425
932
2113
1841
24
4455
57
26258
26259
61
34
14
11133
57
1389
70
2979
61
502
510
21892
912
6919
2
6862
1388
647
358
17188
255
5149
218
24
1389
15453
2979
3856
27
2994
521
159
13
2995
26258
26259
9284
76
10446
33
26991
6606
34
21892
55979
133
262
24982
26258
26259
3958
2425
932
1389
70
5720
2
21892
237
632
2994
932
2113
10695
1389
70
2979
26259
3627
24
55
262
55978
4534
13
5493
409
58
21892
2048
24
200
201
23
4399
15199
104
24
33
262
2991
35799
149
4936
91
8457
16776
37
5535
23
4399
64
758
162
24
8278
1272
1411
16776
912
14727
37773
104
2436
2437
5
26259
55980
24
1094
1629
12778
1411
31465
1018
55981
5
24
4441
201
61
2431
110
1221
349
24
635
116
9
33
1221
278
174
24
2439
34
1533
1284
1389
2431
2979
27
143
57
24
1389
55982
2979
8052
89
21892
912
34509
61
1389
55983
2979
57
99
799
2
2545
4484
27
5535
2168
24
233
2912
1348
358
4494
35799
5
50280
61
484
2050
33
13
15246
13
1550
8457
55984
445
24
55985
191
55986
680
27
119
166
15244
16406
3958
21892
1389
15785
2979
23
2488
61
76
35799
14
5324
57
122
3345
1156
27
5535
1949
666
607
515
13
1550
542
13
16442
2306
27
2425
2426
15245
61
22519
183
99
1802
133
61
23
21892
7684
1348
358
4936
6160
69
14
1389
55987
2979
4455
2
14152
83
55988
71
34
1389
55989
2979
27
2461
18716
133
1389
21710
2979
185
6866
55990
55991
27
143
237
2157
183
99
100
2425
932
912
1456
1221
24
4441
201
6844
171
6176
13
1358
22651
5
26259
13
122
2438
58
45539
24
1047
34
1533
1284
190
454
27
21892
912
44681
123
4399
9
267
3362
104
1389
55992
2979
61
1511
1284
170
24
1479
358
278
31
23
218
136
3197
27
162
503
32
57
24
139
890
2487
278
24
2439
1949
1533
1284
358
278
7580
23
6862
1388
61
1348
358
18716
133
1389
55993
2979
23
1972
9
2978
61
76
49175
50297
61
972
10845
5
6781
16594
55994
94
372
13
4458
1221
166
110
515
147
174
34
14
2488
57
1389
55995
2979
27
50112
262
15068
49175
50297
4494
34
5144
2065
972
10845
316
494
495
12838
185
13
226
1022
262
10845
99
144
100
6586
13
6833
3435
2
5144
58
14
692
2118
2434
4399
262
15794
50280
13
5535
1221
1389
51152
2979
4399
262
2991
35799
13
5535
1221
1389
55996
2979
1073
262
6160
13
2425
2426
1221
1389
55989
2979
2336
262
8457
55984
13
5535
1221
1389
2195
2979
1972
262
55990
55991
13
2461
1221
1389
21710
2979
267
262
22651
13
2425
932
9
1389
43295
2979
267
262
26258
26259
13
2425
932
9
1389
5667
2979
69
610
369
586
1389
70
2979
71
777
2073
9
1264
34
12940
110
104
2330
9001
2
32952
9
1969
4484
5
4935
542
185
104
14
80
16301
87
11566
27
16600
26259
34
44253
27
25168
34
144
101
1389
608
2979
2
12603
55997
23
555
61
6586
34
360
607
515
166
494
147
27
10845
3958
542
1389
8910
2979
24
3240
506
5
11167
1389
2424
2979
1348
358
6586
158
185
13
5144
35
2157
27
1331
646
912
19216
19217
27
119
8433
3018
4494
34
1145
1389
1507
2979
2
1700
27670
23
427
61
242
12194
3276
23
4018
192
23
704
16034
61
349
1371
69
55998
71
123
122
2046
16410
201
531
23
1972
9
2978
27
1134
7199
6869
3435
13
217
122
2439
6862
1264
5
9344
133
1389
55999
2979
185
24
3018
27
5298
80
3225
9
18402
2581
56000
61
4936
34
1389
33075
2979
2
56001
5
6586
13
6833
3435
34
1389
55996
2979
61
5
56002
6801
61
129
1899
34
1389
15
2979
2
18180
83
6788
23
7066
5
4534
13
32370
34
1389
56003
2979
1413
494
147
27
777
37664
223
23
1747
3699
3924
3362
133
806
19217
61
10845
61
6801
61
6160
61
55994
1221
704
4936
34
14
56004
5
6586
185
34
5267
9
2408
1388
27
143
515
16382
24271
1046
709
1862
57
32433
47
61
76
2563
16449
61
6781
53299
5
50283
7524
5562
13
107
24
1462
1481
57
21892
110
13
1454
13
34984
582
34
2529
3580
34
2529
3580
27
56005
34
19275
262
6160
174
21892
34
2425
2426
23
1073
34
1389
2154
2979
9
183
99
244
2471
3366
133
816
723
696
2168
24
3225
262
55990
55991
69
700
71
61
109
5121
6160
61
1899
2461
4399
262
15794
50280
13
5535
1221
1389
51152
2979
4399
262
55978
13
5493
1221
1389
33123
2979
4399
262
2991
35799
13
5535
1221
1389
55996
2979
1073
262
6160
13
2425
2426
1221
1389
55989
2979
1073
262
56000
13
6833
3435
1221
1389
55996
2979
2336
262
8457
55984
13
5535
1221
1389
2195
2979
2336
262
2991
56006
13
11085
6886
1221
1389
56007
2979
427
262
56008
6808
13
9305
1221
1389
56009
2979
427
262
56002
6801
13
32370
1221
1389
56003
2979
1972
262
16389
24971
13
32168
1221
1389
56010
2979
555
262
19216
19217
13
6869
3435
1221
1389
55999
2979
558
262
32167
13
32168
290
32169
1221
1389
43692
2979
1268
262
49175
50297
13
5144
1221
1389
2010
2979
1268
262
972
10845
13
5144
1221
1389
2424
2979
267
262
26258
26259
13
2425
932
9
1389
70
2979
246
40031
1389
55982
2979
23
6862
1388
23
35
754
61
349
24
1560
57
55978
246
16492
1511
1284
170
515
123
24
1271
1272
246
22150
2431
110
34
1533
1284
1389
2431
2979
64
972
10845
61
2991
35799
61
15794
50280
5
55990
55991
704
174
246
2545
4484
278
1949
1389
55983
2979
185
21892
2429
23
515
227


