1042
46
503
5
201
691
341
1226
3
3986
5
21462
631
493
69
5
2578
20745
1991
14
0
839
490
10
12
97
824
6213
10018
1246
2
15
2578
9781
0
818
1462
3
28330
2421
1
9068
4
108
3891
597
482
77
15120
6086
3732
7
10072
357
0
172
2
15
2522
6836
2537
1585
4
0
2077
6
5398
1
196
6
0
329
113
4862
4
487
31344
13769
34
125
6
42
4113
12
4651
9
4546
3732
7431
31
1042
28
390
954
268
0
3115
44475
468
2
65
1042
1004
1106
195
137
7
44476
1
7424
16
15
839
13
98
91
680
3
503
201
691
736
11
29739
2421
4
108
597
28
661
20449
3732
0
1246
1992
424
65
1042
824
6213
710
23859
12
235
6
5
195
7
6420
12
359
835
1
746
15
1226
926
55
3
4710
0
222
990
6
5714
14
1042
750
134
889
1
4
5334
161
25
13
41
511
2
8
15
1235
1351
74
32
511
3
1695
1042
28
3098
3
32
5
8
4712
2908
44477
1
8
301
3
375
3692
1
2908
1234
771
11
8613
31732
2
15
298
3512
7
37
955
6
201
691
341
134
889
1
428
12
97
15121
5714
6
201
4598
1261
48
70
2
8
57
18
536
0
2945
1462
2417
5141
109
48
23
79
0
752
6
500
656
4
41
5
128
425
752
20
14
1
8
22
3692
2
1042
1141
0
1196
1333
7
417
468
1
1780
90
0
298
310
1246
317
1004
9
755
947
11
97
478
10018
451
61
34
40
7350
597
20271
77
4651
9
4546
3732
14
34
40
207
49
7
1170
4
3315
340
10539
5
9597
3
2995
1220
2
15
298
3233
0
20335
12
5
10990
3251
38
21306
5
1196
9
1333
1991
69
1984
14
10
2528
3
118
5297
3043
597
63
487
4651
9
4546
3732
3
185
3261
0
4453
6
75
319
97
10018
451
4
108
1729
2
334
15934
97
220
493
1
0
3731
12504
3121
81
70
15937
14
125
6
1042
18
4457
692
63
0
3251
18
951
3
8787
597
91
20271
77
0
4651
9
4546
3732
2
1042
30
74
1459
0
3251
38
207
49
0
1196
9
1333
1991
2
15
2712
4475
4236
543
2908
44478
4
394
5185
7
67
85
5
3350
1142
2
15
11434
86
416
30
40
67
6
5
270
5184
3465
85
5
1316
10964
11
1042
1
50
30
11632
8
2161
74
7832
20887
8
23
97
6497
9706
2
1544
23
25
1687
6848
11
5
3105
6
478
13415
1
1042
1155
14
25
107
74
677
156
2294
7
0
321
15
298
13
9371
14
1056
7
0
21462
493
31
3790
69
5
3373
14
254
74
675
156
6640
6
9465
2
1042
1
428
7
6845
6213
1
665
1
443
216
28819
565
426
2
8
104
147
504
3
124
2908
122
20
1042
1
8
0
298
22
2
8
89
7
48
276
60
107
74
1
50
13
459
60
923
17463
49
136
2909
3
1918
0
1092
2
8
1978
1042
18
824
6213
926
15
21462
2522
4728
1042
3
5031
0
1210
1196
14
25
4190
28
0
4651
9
44479
3732
1
2962
5
3082
62
108
620
684
4728
0
597
3
32
7971
2
65
695
6
1108
9
684
15558
33
170
91
5472
7
1119
2783
1827
186
2
1042
131
25
202
592
20
0
1196
1
892
7594
7
108
1142
29
8234
0
597
23
196
6
42
5185
2
4421
7594
22
1042
34
3316
0
412
1701
1
4091
1758
4
1918
6
125
75
319
0
15120
4651
9
4546
3732
2
101
1010
7594
115
14
1042
34
2755
37
1944
3701
197
5
669
130
4
211
4696
5
686
2356
4
108
597
63
707
11756
2
15
4651
9
4546
20745
13
79
0
776
6
418
2689
14
29
941
1294
63
1042
18
4173
3
2908
2
1042
18
1004
1106
1246
29
383
5
1379
3499
12
3816
140
0
172
9
967
1
11
5
71
44
43
61
115
3
32
20745
12
661
20449
3732
23
44
1992
31
101
0
424
105
82
1
1042
61
30
40
14232
31
321
7594
11
9650
0
1210
965
4260
6
97
1944
44480
56
25
309
5
451
180
11277
7
468
4
11
5846
5494
0
478
2966
6
5781
31733
319
976
9537
18
5378
5781
8607
81
70
2
15
5378
2712
3691
7
0
3731
9164
3121
28719
1042
201
25484
341
81
70
2
15
12759
61
4875
1042
201
7511
81
70
11
25485
97
493
69
0
4651
9
4546
9222
2
15
201
691
341
1226
14
1042
13
1788
0
1585
4
2077
6
5398
13
0
1192
321
1235
4604
12
1042
86
416
11
4651
9
4546
9222
2
5961
1
0
667
349
7
0
4651
9
4546
493
1
46
124
0
1404
615
28
0
1226
9
743
201
44481
2
1523
1585
497
5
1016
33
16
7369
1
3523
1
7148
1
665
1
2754
1
25486
963
1
5997
1
5635
1
8331
1
9802
1
5648
1
6691
1
8370
1
5290
1
2310
1
4058
1
17175
1
4993
1
7305
1
10106
1
7376
1
155
2433
1
155
1934
1
155
331
1
820
2856
1
820
8964
1
3259
1
2128
1
5629
1
14820
2035
1
407
2856
1
5770
1
1602
1
7995
1
3112
4
1134
2
15
21462
2522
61
4728
1042
3
1014
37
44482
167
11
97
3031
569
3
185
75
1751
3
1231
42
4651
9
4546
3732
28
44483
2
15
167
46
32
8697
17
1899
478
7277
11
0
208
64
82
2
4651
9
4546
2908
4808
61
46
32
1646
7
6053
7277
14
1042
392
1160
7
753
4765
7
80
0
1585
1372
31
0
3373
2
1042
61
46
1227
37
1717
240
2908
149
240
11
97
2564
11
0
208
2318
2
8
29347
29
5
5963
12493
6
2908
1
8
22
5961
3037
1495
778
44484
2
8
139
2522
31734
217
1102
4
14747
14
1042
46
41
256
705
6978
7
0
594
2
8
26
11311
161
1226
13
41
511
9
23
1042
750
201
691
736
7
37
44485
26
11530
1397
2421
1
9068
4
108
3891
597
482
77
15120
6086
3732
357
0
172
26
14341
2314
28
390
954
268
0
3115
6
468


