10594
6651
30
4044
14
19
4104
87
236
20
338
250
30
116
59
5
4238
561
2
15
194
9
51315
1508
4689
5
5069
87
877
20
1355
2231
23
0
16236
589
328
3455
1892
4554
2
6651
18
72
19448
1833
3
0
288
356
28
1765
1
7
522
81
70
1
170
2472
194
28921
543
169
1541
15909
8
1511
38
29
40
18696
17
19
4079
7
4838
2
10594
6651
890
19
13688
87
236
20
338
250
30
116
59
5
4238
561
6651
53
122
51
13
648
55
6
684
39
13024
37
3538
709
20
0
454
6
0
236
6651
131
14
250
814
1567
1144
1696
53
122
51
30
7363
59
6
87
9
174
4150
48
236
15
4867
9
83
13
648
346
19
152
99
3
412
2486
39
1029
37
3538
709
20
0
454
6
0
236
1
4
0
4488
708
30
310
14
250
814
1567
1144
1696
30
7363
59
14
21
46
124
4150
3
6870
5
758
7
0
87
174
2
8
24
3066
3
1609
1696
1
4
21
30
202
22
14
24
34
3
517
2
52
22
24
34
5
396
6
1212
1
45
14
24
213
0
880
3
2136
25
885
14
24
3777
3
326
886
1
8
6651
78
3803
51316
2
8
24
29
330
717
2327
81
236
1
45
92
13
5
4238
561
3582
2
24
29
1697
7
1308
4
7
95
229
311
2
8
24
545
5
205
353
370
4
61
120
0
6971
1
24
10
205
2
57
13
6384
14
48
709
13
11
98
79
5
51317
7
0
926
1
45
20
0
267
6
0
215
24
46
32
99
2
8
2838
136
338
250
461
946
2
6651
10
1148
624
3
250
550
12
506
23
21
10292
3
4456
28
19
3538
709
26
10594
6651
131
21
13
4238
561
39
19
13688
2012
236
20
338
250
26
6651
1050
250
7
5
72
19448
465
28
1765
81
522
26
4488
708
131
21
30
40
16262
6
87
9
174
4150
31
814
1567
1144
1696
56
21
77
3538
709


