144
5643
475
293
16
24064
138
1
896
484
190
291
287
16
44846
138
1
896
484
190
924
4
65
8523
3458
393
8212
2554
866
30
2410
19
312
163
8
17287
8
4
2033
476
3
1070
103
7
37
3217
2629
15130
2
15
2963
9
83
9
38
750
201
10189
134
3805
508
10386
9
13
1890
7
5
111
167
11
0
18764
18765
2
101
8212
866
25554
1
21
131
16
8
281
66
718
924
4
5
8523
3458
1
4672
429
1559
2
24
351
12
924
4
5
8523
3458
4
24
84
74
188
3
32
12
25
2
8
25580
15074
16
8212
2554
866
992
19
312
163
924
4
5
8523
3458
8
24978
8
7
5
167
4741
633
478
101
0
167
0
247
393
13143
23
21
1861
19
2481
117
29
562
19
612
8
21489
8
3
0
11129
9
132
15131
2192
23
5
8
9051
8
866
30
40
12
0
163
150
21
10
259
4
57
13
3591
112
21
30
469
3
3196
0
163
2
15
5087
985
6
19
1237
29
602
3
1491
2
318
685
33
623
3
6210
31875
28
0
163
18
1011
9
6746
11706
31876
4
19
3106
20
7056
10577
1
38
33
602
3
1183
2
15
3194
18
15074
921
16
8
6837
429
1559
25
4
7860
212
251
17
17287
2
1188
161
25
47
79
4271
2
8
2161
125
774
12
0
1830
6
1402
4
212
843
1
4
24
4603
66
66
1994
29
5
595
3
143
56
25
496
3
1402
4
1225
17
110
66
718
12
1402
558
25
18
849
546
2
8
44847
16
8212
13
8549
3
0
1991
4
19
685
33
623
3
6210
31875
28
19
3106
20
7056
10577
25581
16
65
20172
8212
1935
7
19
8
3637
8
23
5
8
2504
6
2883
8
52
2139
16
8
281
24
322
500
156
1797
1
24
84
74
188
3
32
323
2
24
84
74
188
3
32
11046
3
0
5418
18
951
2
8
308
73
41
32
5
1470
1762
9
7133
447
4
32
12
5
1402
163
109
14
2
24
183
24
516
74
2
8
24
351
41
4780
17
110
24
351
2163
1
110
0
10544
131
4
91
12
14
1402
163
2
8
866
1727
19
3637
1572
17
5
6217
6
15
18764
18765
7
19
5254
12
0
7056
3609
396
1
113
19
695
13
2207
2
8
24978
8
16
8212
13
682
201
10189
37
3805
3
393
7
0
163
1
7
50
21
13
214
17
2887
393
18432
14292
7
5
612
3805
101
19
1676
230
16
65
24576
8212
17
123
1011
9
393
2730
14532
155
1011
9
393
16
8212
17
10741
25582
1
38
2301
2792
2730
14532
23
0
111
393
6
0
163
101
0
167
0
247
393
13143
23
21
1861
19
2481
117
29
7530
19
612
8
21489
8
3
0
11129
9
132
15131
2192
3
2827
5
8
9051
8
2
8
1213
733
80
95
117
1
41
80
95
117
1
45
125
6
95
117
43
109
240
21
18
159
3
5
9051
240
450
3
812
121
3
124
55
6
92
1
8
22
866
2
8
89
24
107
74
474
109
24
10
91
15795
1
24
76
625
25
11
1308
2
3506
92
7
0
10544
4
92
18
100
530
11
0
9775
2016
2
8
8299
5
102
16
866
8
818
11
3519
30
214
59
383
5
848
6
0
2818
13677
11129
9
132
15131
2122
7
665
18
1119
4100
2818
866
8
685
33
79
0
776
2106
11
0
163
1
50
10
210
7
19680
56
97
1504
393
14532
10
1582
4
2301
31
10741
25582
39
2461
11706
31876
16492
5
1666
6
3599
1138
2
15
163
30
150
2217
3
3205
97
232
5916
2
866
2243
63
19
1864
7
0
8
3043
1515
6
0
11129
9
132
15131
2122
8
1
5
23696
1925
31877
50
13
3367
31
97
30368
6
0
25583
12
5
377
2
4218
33
18766
28
7100
25584
2966
12
0
25583
1
969
1125
0
132
22995
2
25585
2212
12
0
437
166
20
44848
2
15
949
31878
6
0
31877
33
2303
7
97
999
44849
44850
1
50
866
310
21
10
3095
2
866
8
8
3637
8
10
443
31
0
25586
18765
2
852
3
5
2813
11
15
18764
18765
866
13
98
5
8
2504
11
2883
8
2
135
349
12
42
461
946
16
8
15
18764
13
3576
3
25587
0
2883
14
66
252
3
183
2
240
930
495
4
1530
11
0
2883
240
13
0
44851
885
5353
886
4
3922
7574
13
136
1454
2
8
52
1727
0
3169
558
60
210
7
0
147
307
580
1294
348
2
8
15
25586
30
845
443
5
695
6
485
1938
3359
0
4607
9
10746
44852
1
50
25588
0
8
16005
8
6
4157
1657
109
0
7297
4
4794
14
44
33
8
22959
3
11637
8
2
3514
27841
20
44853
2518
56
25582
116
19
2012
1
5916
29
7383
2850
5
612
232
6
44854
56
18432
14292
2887
3430
7
37
3805
2
866
30
532
12
924
191
65
8523
3458
150
1838
4
489
5
503
1083
7
417
56
0
163
10
8085
11
5
10952
695
2
89
21
800
2852
6
2515
28162
1
1191
5518
307
3958
16
8
581
1452
254
5033
992
2
52
118
254
54
548
5033
992
558
57
18
1472
45
25
18
14480
2
8
101
5
557
3637
12
0
11129
9
132
587
0
16383
1213
31879
1
866
310
14
21
809
19
754
7
924
191
65
8523
3458
10
37
1683
3
1956
19
890
3
5
3789
2627
2
8
24
322
2187
24
322
92
11
5
1164
1
8
21
22
2
8
24
84
74
181
24
58
32
12
0
163
48
70
112
1762
34
74
1922
121
69
25
114
4048
24
9613
107
74
188
3
84
216
70
6
0
163
2
8
24
351
86
9684
3
32
92
97
5
396
6
1374
4
1762
46
124
0
5218
55
6
25
2
8
866
61
310
14
21
115
0
2022
120
5
717
894
7
19
142
2
861
19
296
159
162
5
1924
1
21
467
1051
23
194
71
23
686
55
6
102
4
1861
21
14818
17
679
2
8
249
24
233
99
98
24
177
14
558
0
5418
10
450
3
2276
95
7
5
410
10563
45
1762
558
1200
121
55
122
20
0
81
200
1
8
21
22
2
8
24
10
831
184
28
14
1081
2
31880
14
531
3
679
2
24
202
11301
2
191
24
351
170
5
16379
86
1762
3543
121
28
217
457
2
8
52
562
129
0
8509
29040
1002
3
59
162
5
427
4
21
2452
3922
69
19
142
2
52
123
219
63
0
1087
6
1820
5
2022
2
101
19
25586
18765
167
866
1159
14
5
44855
2687
59
3
0
2818
13677
11129
9
132
15131
2122
1
113
21
809
20
102
2
8
24
228
309
3
124
69
2191
0
10544
4
24
309
3
233
11
5
2022
3
165
3
2
2866
302
24
10
159
3
109
105
62
146
7936
1
24
10
79
350
11
0
122
2022
1
8
21
22
2
191
21
176
16
8
24
10
350
3
165
3
5
2022
17
37
80
9
588
8725
1
8
4697
14
21
34
11648
430
23
5
848
6
5
25589
2022
2
8
15
87
132
24
219
92
24
219
31
1308
4
24
1477
7
4
2367
94
20
0
99
558
57
10
79
109
1
14
10
95
2022
2
4932
2887
16
8212
2554
866
1727
19
3637
7
5
167
633
478
12
11129
9
132
587
0
16383
1213
31879
1336
55
16
8212
3775
129
19
296
1924
1
11540
17
5632
63
19
594
1
531
3
19
142
2447
7
5
717
3004
268
21
10
2054
31
1820
3519
8
1437
24
309
0
10544
147
20
0
2022
2
191
24
10
109
48
13
228
9087
1
25
1181
86
194
67
2890
4
25
10
122
28
0
10544
2
8
24
79
887
2163
0
3043
1515
6
0
11129
9
132
15131
2122
4
274
957
71
24
10
2163
80
48
111
3364
4
24
10
79
3424
25
2
8
866
61
1159
14
21
34
3214
25590
0
25583
2
657
21
206
29
941
5375
17
19
11398
2016
1
31
1820
3519
8212
2554
866
30
3881
262
7
0
1020
4191
6
373
117
464
2
15
247
1770
18
4719
1
2773
28072
25591
1
13
648
1990
5
44856
582
905
11
466
39
1163
5
130
21
366
34
2743
3080
59
2
852
3
582
1960
12
484
598
1
3127
1
25591
1
98
2537
1
3122
5
44857
28
4002
9
83
4607
44858
4
303
59
7
0
99
6
0
251
2
6660
424
16
203
17789
163
8212
8
296
6578
4
1868
866
191
866
8
117
116
4145
56
17789
1172
6
19
296
1
1868
4
6578
866
1
204
7
42
179
102
6
5588
655
1
1602
2
318
145
6578
1
25591
47
757
1
10
432
7
4231
11
10234
0
19409
55
6
5
4014
4
123
4729
5
106
544
7
0
225
119
36
10
2199
2
1437
7
4469
36
10
432
12
5
4056
766
39
5
211
4873
3
325
6578
7
27
576
471
2
866
8
244
1868
10
432
7
5919
11
2389
6
1719
4
1444
37
12765
30961
16731
39
21
803
5
21510
7
5
1344
2
101
4469
6578
34
1868
432
12
37
833
766
39
21
719
1200
27
55
6
5
195
4
1922
27
3
0
640
2
96
192
1376
0
766
1
45
1868
10
1122
3
1046
37
1064
9
1282
1108
2
26
15793
1
38
1050
0
163
23
5
284
7
1838
1
8937
201
44859
134
3805
26
44860
167
11
18764
1925
2122
1
196
6
0
11129
9
132
15131
2192
26
52
131
21
8
254
41
188
3
32
12
8
0
312
163
26
924
4
5
8523
3458
3106
33
602
3
1183
12
0
15130


