42463
1431
4
1116
1105
601
31
37
9255
1690
376
2850
2722
5441
663
42464
103
440
18
1849
1742
13
539
3
4039
2914
0
818
11
9805
77
0
627
347
4
187
2
563
7244
18483
4
37
663
4
1099
3935
29
234
3888
5284
278
11
0
4302
4
6817
7
0
2119
3837
1
4
37
8
12
4
103
8
1613
20
237
23
0
329
18
398
9
215
9
189
2025
3512
4589
15002
4
232
2948
3
0
818
329
2
7149
715
3935
1
7546
1067
6
4479
1321
656
4897
42465
1
763
209
18
1431
10
7828
8
5
4122
8
6
1105
50
58
760
373
7
77
0
818
329
2
297
94
11
167
18422
11630
515
16
0
30784
9342
30
98
93
0
1649
329
1
17
1641
1431
4
676
15002
4537
25
3
6968
0
818
2403
3
1955
16
3702
209
763
14
2025
10
63
3
312
0
818
329
1
2907
1641
1431
14
76
81
49
3
398
187
8
65
670
1690
376
13
1076
7
2
221
33
128
1509
11630
1
7775
2085
4
838
4199
1
8
21
22
2
8
101
0
1822
6
1105
55
92
209
1
0
1099
13
5
24906
6
8515
17
599
6028
4
5601
3651
2
57
58
32
16168
4
1116
3
32
55
92
2
8
68
1067
562
209
18
1105
37
23628
8
27580
6
457
3
226
8
2
8
139
13
0
454
6
0
2025
236
1
8
21
22
2
8
191
14
18
56
1105
109
209
18
33
5
1899
15391
7
48
329
6
2912
2
57
18
2025
11
398
187
6
0
70
1
4
120
14
894
25
13
0
1476
242
7
0
172
2
8
15
11630
33
2952
4
5284
1
92
33
676
15002
4
0
2948
33
2350
2
135
33
180
0
15653
30785
1
11
128
205
1164
2
8
10100
1105
16
42466
29
40
180
99
3
1955
1
17
838
8690
4
232
2948
371
818
1105
14730
42467
594
16
57
18
41
602
330
56
0
818
46
722
1
17
1638
1869
6
8
103
4
12
8
1105
68
1067
78
1112
14
0
1105
15003
0
818
1613
58
722
11
347
1
119
0
21121
6
4962
445
154
187
62
82
2
8
17788
46
722
3
1167
4204
28
9805
1
892
25
18
128
504
3
8921
2
308
352
16570
455
20
1887
20609
4
25
18
92
4
698
7
5
6291
2
8
387
18
0
1377
9
325
0
4204
123
4456
0
4204
2
191
25
18
159
3
32
13684
717
24858
5
24907
103
5
1814
14
13
29205
4
6603
7
28196
15002
2
8
89
0
1192
1377
6
80
13
1820
0
953
20
0
1857
6
0
2912
1
0
3482
862
569
2
8
281
48
13
1573
1747
1
66
76
74
1804
5
419
242
885
3
862
5
953
86
886
66
981
202
325
25
2
8
1009
422
18
3935
18483
4
5
179
765
7244
4507
1
629
30786
1
22
14
42468
1105
7
0
818
329
58
1409
1916
3
14241
0
953
58
32
2588
3
769
1
536
9
1431
3226
2
8
15
6165
236
30
3214
1
4
14
817
0
1690
663
28
0
9255
13
1076
49
4
0
2722
663
1076
94
2320
5
1592
30787
621
4
128
1641
1431
1490
1
8
68
30786
22
2
42469
16
57
18
602
67
1230
11
0
7124
869
6
1445
1
38
382
98
40
78
0
953
34
2580
7
0
2808
2119
3837
8
387
5261
5
128
838
906
1
13625
663
4
2696
6
6997
2
15
6165
46
19946
3190
4
143
25
1116
885
11
6817
4
1367
886
3
32
7
0
329
2
8
221
46
32
4756
56
25
13
1226
3
7116
0
818
1
199
23
7
0
208
823
269
1
45
0
818
46
32
12
4
103
120
48
10486
894
2
57
46
32
128
14297
2
8
885
4695
98
886
92
13
5
10361
571
1076
128
1798
4
5
1641
1690
376
1
4
28
0
1171
5
232
906
571
4
128
989
2948
2
191
86
1189
28
53
4423
51
1
66
29
3
13521
0
759
11
0
1367
2
8
26
15
818
11
9805
180
103
434
3
849
1431
26
30784
9342
30
93
0
818
329
434
3
5284
11630
1
4
80
4302
29
40
180
99
3
1955
26
7149
715
3935
1
7546
1067
1
562
0
329
23
5
8
24906
6
8515
4
599
6028
8
26
52
22
2025
15002
4
6997
76
143
0
818
329
20595
11
49
3
398
187
26
52
22
25
76
154
82
90
0
588
920
13
3443
1
324
8
112
48
13
1573
1747
1
66
76
74
1804
5
419
242
86
66
981
202
325
25
8


