251
2343
9
57
9
316
129
769
525
4245
23
14
1611
3142
149
3921
1348
183
1802
47
3838
2313
868
9
23
12641
27
17320
25045
105
417
47
840
57
768
525
500
4245
45151
58
183
734
23
14
3142
23
14719
61
1202
3248
61
23
744
27
842
24
7299
9
2033
309
334
8814
2
4164
185
3354
586
24
2956
105
100
8427
13
14
16206
23
12641
27
17320
25045
149
1089
13
2683
525
500
4245
45151
99
100
8427
13
14
1032
23
12641
119
843
11086
525
24
4245
149
23
24
1032
57
17719
23
24
38339
6605
9
45152
2313
868
2
525
82
23
14719
27
665
25045
330
1348
525
2956
105
55
423
500
926
1129
24
8714
1003
4245
4195
61
40
183
44
45
5986
24
2956
64
183
149
16937
445
27
579
4936
14
582
2956
5
18272
449
24
315
641
926
309
24
8814
2
4164
185
3354
586
183
105
100
3875
27
2194
61
2590
24
8714
1003
4245
4195
665
25045
87
1094
644
13
850
575
183
1652
5
1347
1222
24
582
3034
87
2505
4162
27
187
149
55
3875
104
24
45153
45154
23
24
527
57
24
1032
27
665
25045
5224
525
4245
149
4342
13
2717
13
107
6586
185
24
2060
4939
27
119
2343
9
57
9
316
61
129
763
76
525
1093
13574
61
190
61
5
166
9
506
9
2033
688
6092
61
45155
105
14
2356
133
76
486
5
610
2168
1793
15421
5
2291
47
104
119
45156
3142
23
45157
5
2287
159
24
437
27
16155
24
8714
707
4245
4195
665
25045
743
24
2956
149
104
14
16206
23
24
1032
57
17719
331
628
5131
174
183
185
24
4515
57
24
3142
1185
23
14
16702
27
187
149
14
45158
818
183
149
14
2549
45159
27
628
105
503
105
183
14
540
57
3133
818
183
638
244
278
3096
876
1185
822
4309
185
183
27
331
628
650
82
5
906
89
5282
5
24
1462
257
628
105
14
2391
1145
24
1563
5
3832
183
149
423
27
331
628
10952
24
3142
5
16702
1198
5
125
45160
5
358
704
2458
14
13699
27
331
628
2325
13
31899
5
2168
183
4960
5
185
24
8714
1003
4245
4195
183
149
16937
445
818
628
44
244
850
183
27
331
1331
628
2168
14
582
14639
5
628
638
244
2236
1019
449
183
156
641
3354
2356
1348
334
8814
23710
47
586
183
105
100
1142
27
331
1307
183
650
47
76
17719
23
12641
628
44
244
1014
183
27
331
4164
11086
665
25045
185
3354
515
24
4245
87
23
45161
45152
2313
868
2
14719
16155
24
8714
1003
4245
4195
926
87
644
13
850
575
24
2956
1652
5
1222
24
582
3034
87
2505
4162
119
8993
4195
99
647
1253
24
4245
3031
1145
24
1032
40
665
25045
330
926
149
23243
91
4164
515
183
44
45
107
45162
27
579
359
262
331
628
2325
13
4164
5
24
111
330
1214
99
2765
4936
183
4166
40
24
14639
87
16303
652
183
87
7298
27
331
396
1399
707
1027
104
557
5
330
646
87
709
880
183
718
107
45162
652
628
149
3573
449
707
2211
952
185
646
1222
183
149
27
7701
5337
369
1502
4342
13
12641
1185
2604
652
4164
37
175
9
9638
1154
4063
183
837
1138
13
45163
14
7719
14639
23
24
1428
16155
24
8714
707
4245
4195
665
25045
718
2327
14
4220
5
221
24
2956
45164
23
12641
45165
369
818
16210
23
2717
24
2060
4939
87
39609
9
76
919
57
7719
1611
35488
4342
6180
23
9014
5
2202
31116
331
396
8158
13
1019
515
183
44
244
107
13834
818
1463
23
12641
99
707
2956
40
847
244
1153
183
27
331
396
7217
5
330
1222
183
149
158
215
516
144
2995
183
27
331
187
99
244
4534
401
420
647
3354
27
816
628
2327
14
4220
185
24
4195
935
628
718
221
24
2956
221
14
5037
23
12641
502
87
13015
27
331
331
1585
628
696
2168
2276
2956
28401
47
3838
2313
868
27
628
847
244
1014
183
27
331
1447
37
45
822
24
642
718
1018
18
109
13
444
183
33
818
628
696
2168
13
1104
1579
23
24
680
57
24
1197
1094
27
17719
87
14
4396
1032
23
24
527
57
5196
12641
912
38339
8464
61
33539
409
7328
57
27469
27470
331
45166
12641
2290
107
185
707
2417
2580
40
183
37
1219
45
5958
628
696
1541
100
13
27
331
7701
5337
369
1502
4342
13
12641
1185
2604
652
4164
37
175
9
9638
1154
4063
183
837
1138
13
45163
14
7719
14639
23
24
1428
27
842
19640
369
818
16210
23
2717
515
24
2060
4939
87
39609
9
76
919
57
7719
1611
35488
4342
6180
23
9014
5
2202
31116
27
246
17320
25045
105
417
47
840
57
768
2956
58
2189
183
23
744
246
618
3354
4164
750
525
24
2956
105
100
8427
3838
2313
868
246
4245
87
23
24
1032
57
17719
23
38339
6605
61
1015
13
27469
27470
246
16155
24
8714
707
4245
4195
926
87
644
13
850
24
2956
1454
1145
1032


