1312
1348
32
12662
4140
87
244
1487
61
26262
99
717
14
26263
34
14
4683
9
26264
26265
18173
2216
27
119
15908
227
34
24
12860
11876
87
334
2277
5
493
146
27
119
26263
61
502
4063
190
23344
61
10595
144
360
14555
262
26262
26266
1578
18173
26267
61
26268
26269
18158
18173
18133
61
12974
26270
3410
61
26265
5
1395
27
16751
3393
262
26262
99
717
14
26263
34
14
12860
7301
9
16148
26265
18173
2216
251
26153
2216
18138
76
8274
3346
87
663
4700
27
4338
2215
24
26271
89
360
23134
24
2146
57
24
18138
61
723
718
2430
5612
621
12662
57
15088
5
3410
484
26272
24
2216
34
1011
13
666
146
27
7230
26273
61
24
26263
37
8764
61
26274
515
183
37
331
2109
1166
331
13
221
61
10961
262
331
3672
1013
8653
237
26263
445
64
401
1098
61
1185
401
227
19072
27
331
569
709
23351
1366
87
4431
34
24
18173
2216
61
26262
37
18173
26267
87
26275
14552
1299
718
61
1489
13
24
5577
37
1490
27
2952
1129
26276
13
1358
47
24
14555
331
14552
61
5
7348
515
24
6922
18173
2216
14658
26277
14552
61
655
646
369
18619
23
621
5640
27
26278
91
12662
262
9149
723
164
24
26271
89
360
23134
24
2146
5
1358
32
13
24
2611
57
14
8274
26153
18138
119
23010
398
262
1331
723
151
5612
14572
57
26271
61
26265
5
3410
641
8780
24
908
57
24
18138
1295
61
26262
87
244
24
55
13
799
47
76
24
8270
9
18787
10689
27
119
1449
1783
419
6570
26279
784
14
821
2381
26263
33
23
3192
27
162
3192
61
7172
7721
7803
26280
1414
1864
13
9298
23
334
4166
5575
185
1720
13
1358
18173
2216
13
1579
2157
11865
27
119
7301
9
16148
3163
2048
55
513
23
24
3595
26280
25347
26281
531
27
5298
26282
3866
14
3306
57
2575
18173
26283
61
14
406
9
137
18173
11132
61
18173
26284
61
18173
1536
26285
61
14
654
76
14
23690
9
9386
9096
34
1083
14
5640
57
18173
5
14
18173
26286
1221
14
12352
9
9386
26287
76
14
4608
34
32
912
8270
515
9993
34
26288
9
2801
18173
986
27
246
2952
7585
515
24
6922
18173
2216
99
26277
14552
61
5
621
3269
14658
18619
14552


