258
9452
9453
261
262
50465
264
61
265
4824
1268
268
269
262
50466
264
61
265
4824
1268
331
50467
331
262
3461
3668
61
14409
57
50468
29494
293
23
50469
61
99
3957
525
1433
185
739
251
14442
276
15507
99
3736
272
64
635
64
1413
2
34798
739
61
2965
13
164
122
2502
227
1222
358
217
24
11685
27
3461
3668
99
9981
14
739
1433
185
704
429
5
274
104
50468
29494
293
23
50469
61
1787
641
534
27
7947
448
377
122
272
369
361
17300
18
1465
358
369
401
635
13
2294
27
589
3668
1400
2176
14985
99
100
3477
6314
401
1920
5
87
26125
24
429
104
24
1787
276
27
579
1520
4800
739
96
401
1920
1506
24
602
7645
57
24
836
87
769
27
1295
61
448
104
50468
377
3096
57
24
272
61
129
369
1519
1413
5
11499
61
1018
45
2294
1607
358
369
45
3748
13
4943
739
61
5
369
11284
589
3668
14
331
50467
331
27
5250
9
57
9
166
7714
50470
61
4504
61
334
44147
61
330
262
1687
628
2245
237
87
286
5
14487
27
1687
4489
278
739
36889
159
122
8490
91
3484
2809
2
64
1920
64
891
5
1521
358
718
107
17300
34
34798
183
104
276
27
1687
816
358
369
433
586
24
4006
739
358
1650
13
1248
122
10603
227
50471
50472
502
87
1129
64
14
13566
34
692
223
5
16320
1178
10701
426
359
262
331
6914
11291
14
31081
9977
272
76
2189
122
10603
227
1030
237
778
331
579
912
14
50467
87
1541
646
149
32
9
704
24
2907
369
2931
87
11248
449
496
358
516
1030
34
739
1185
575
358
369
2050
13
3531
24
15558
27
331
17031
3668
330
262
1687
187
99
600
100
24
501
515
739
61
14
213
3615
61
10486
185
24
5887
2414
484
739
61
5
515
912
534
16
237
506
27
1687
187
912
600
100
24
501
104
612
276
27
187
912
100
1030
515
647
628
2859
109
23
21863
5
183
149
1030
515
484
935
401
27
1687
628
516
278
13
5218
1607
308
516
1028
183
13
56
1193
50473
50474
1433
262
7670
104
50468
29494
293
61
129
369
1519
2
1413
5
11499
61
278
100
1377
2
34798
24
4006
739
1185
1407
2674
13
24
2176
1185
855
2189
331
10603
50472
331
579
359
262
1687
999
57
612
1444
87
13
223
1131
61
818
1222
24
272
369
45
1950
1131
61
11248
449
739
34
1313
61
935
358
825
1248
122
10603
227
27
1687
1031
516
107
24
501
76
1407
45
2674
13
276
9
358
2831
1013
107
11248
449
1543
9109
61
34
5127
27
1687
816
358
2354
11248
449
1465
358
2831
1013
107
61
358
2354
45
1950
1131
27
1687
408
2354
14
276
61
610
2354
449
4747
61
45
50475
50468
29494
149
11090
1687
50476
237
506
91
14397
61
502
3990
9119
5
429
27
119
2401
330
262
1687
119
3466
9291
57
24
219
5802
99
100
8283
23
14418
24
276
27
1687
1042
175
28780
5
5071
5342
278
100
22735
76
50477
5
404
23
3466
8892
23
36574
2541
61
2726
5
24
2820
57
50478
50479
61
24
1272
57
33573
484
739
61
11643
185
24
5887
2414
484
534
666
61
502
237
506
87
534
16
27
246
3461
3668
377
5539
14985
87
26125
24
429
246
7670
104
50468
29494
293
23
50469
185
739
1433
246
7637
9
506
9
17012
17300
76
164
50472
1222
358
4943
24
15558
246
1419
3668
1520
739
825
107
331
3748
331
2
534
16


