1495
18725
30
1209
216
5122
9
48
71
11
1633
14
76
2692
2596
514
340
42
4562
158
831
2
139
776
5122
13
11
5
304
6
16737
3
4411
785
1310
11094
14
73
2596
514
2
8817
30
369
1209
2957
6
8182
11
11670
48
70
1054
3
207
5
298
585
2
15
863
13
86
645
14
8817
13
1191
801
3
1247
0
16737
7919
268
44
33
12284
114
44
76
2596
514
56
93
25609
1
301
3
5
612
186
9527
2
44918
16
65
4915
6
44919
1570
18774
25610
1550
8749
1633
4414
7
376
6
5
18774
44920
1
0
44921
29
40
3225
11
5
439
71
3
4411
785
1310
11094
14
73
2596
514
15
128
222
16737
43
2764
196
6
5122
5
534
384
2593
14
1372
21155
341
1633
2
57
6836
63
44922
1633
7
820
1249
1
3804
28
0
1570
4
1098
797
82
2
16265
1792
675
0
12770
21519
1
31905
31906
1
18774
25610
1
31907
31908
4
31909
44923
8817
13
7178
75
3
517
88
363
268
1345
33
1309
7
436
1
20
0
7267
2
15
25611
61
30
1122
97
7807
3
429
1406
0
16737
23
157
1246
268
44
33
3812
2
15
44924
25611
13
7
0
13149
6
0
1192
715
2106
7
97
683
1
3834
103
31
0
6962
5122
6
21520
341
1446
501
1246
3
4411
6939
25612
11094
2
57
30
1209
5
585
1205
8182
48
70
2927
743
966
341
1633
2
2266
48
70
1
8817
34
40
6192
3
1092
8182
1
20
278
16287
11
1611
9
752
44925
11
715
744
2
57
18
40
4875
201
1314
341
31
0
577
6700
13692
4499
6716
11
23864
7
4931
0
25612
4090
744
1
50
25
10924
11
20
568
608
1603
2
334
0
25612
4090
16435
1
8817
107
5
44926
715
1622
1
4334
5
111
1852
715
782
4
7637
3
5122
1246
923
2
15
12228
863
87
532
390
7
190
56
21521
467
1664
5882
2181
6
6480
7
0
44927
9
917
11094
14
742
785
3226
2
3193
13031
3
759
16
15
1570
31910
21519
10264
1963
8749
937
76
61
44928
3342
69
4664
378
87
1
8817
469
3
1918
0
1092
17
5
8
451
618
1
8
113
25
482
4990
3
1563
1191
88
14
381
73
325
97
152
69
0
11094
1
1298
22567
14
73
768
7
769
17382
1
17059
4
2692
6480
2
15
618
1
50
10
74
5
5122
1
3062
0
44929
4
1031
451
118
3
1633
14
25232
0
744
2
57
10
2588
3
316
1585
4
1134
1
4950
1
113
3742
13
157
3
536
3816
7
0
2025
2
89
7
522
6
190
1
182
394
906
1
8817
3225
44930
6
0
16737
7
0
1690
9
1431
1585
4
1031
3062
44931
3
0
936
6
0
264
2
21521
887
1664
1
4
259
187
192
1
8817
8570
0
5122
5399
2
144
123
1
21521
4
8817
34
489
23778
2181
1
173
999
63
6480
2
221
43
100
579
2
101
54
2337
1997
17
21521
28
436
6
954
1
5
211
364
14
0
2753
8501
119
27
1570
21519
10
5457
7
27
13715
2
249
36
592
363
1
25
10
7
4664
2
9807
210
55
0
4625
4
78
27
25
309
7
0
700
18
917
2
8
15
514
4336
0
1600
700
18
243
6
0
937
1
5
5543
6
0
376
1856
1135
4
0
2352
1
8
36
395
2
1188
9527
2181
33
41
1459
31
0
1725
2
15
4411
157
31
8817
81
70
10
3
210
5
5658
44932
140
0
1310
4090
5789
8154
1
50
13
499
16738
85
7229
0
11094
2
89
1536
48
555
1
8817
489
2181
14
0
11094
44933
7
16737
14
34
40
12284
2
788
7
534
1
25
756
3
84
0
439
5122
4
2851
80
6
0
11094
2
8
104
33
14330
88
114
0
4411
14
60
210
7
107
41
147
1
8
479
2165
31911
22
470
2
8
104
352
317
462
6
25
2
104
352
500
0
122
551
2
8
12704
8817
469
0
451
618
114
245
6
2689
10
838
1
21
22
2
57
10
2588
3
0
1690
9
1431
1585
114
25565
381
116
0
11094
28088
923
4
2689
43
333
7
11650
1585
1
31911
22
2
27399
21166
1563
63
0
12228
5122
171
32
44934
760
2
10404
46
124
5
200
723
11302
28
436
3
405
1191
88
56
1345
33
720
3
4411
0
1633
2
26
15
25611
30
3225
12770
21519
1
31905
31906
1
18774
25610
1
31907
31908
4
31909
44935
1632
116
7
1570
4
1098
26
65
6939
785
1310
4090
4
538
3742
33
3233
26
8817
30
1209
5
943
6
1205
8182
8916
472
30472
1633
48
70
9
5
111
585
9
232
11
0
298


