65
2608
1645
30
1397
2090
947
6
8301
4846
38
1032
3
32
500
42
220
16689
6
0
31963
62
508
5
229
6
45052
9
4115
2
15
1825
4846
219
16747
9
3
9
16747
119
1433
12
42
15140
1673
12
0
4767
25650
7
4102
1
21535
1
12
0
2808
2576
6
2225
47
8247
2
657
25
829
109
0
11327
5007
43
12084
7710
12563
44
43
882
326
1259
23
5
45053
6
710
9
596
2556
592
12
2
982
8301
4846
33
74
15141
3030
9
44
33
326
1259
7
376
6
2556
7
0
2435
704
6
4102
1
21535
7
2225
15
10585
638
10
1397
31
3365
1401
21536
1
999
1
119
21
1588
0
704
12
0
3102
4502
6
9707
2700
1
50
4043
1403
23
0
8768
8577
4927
6
0
353
2
52
10
2008
7
5
25651
17860
1
5
7247
9
1115
1286
1093
3
3079
2556
357
0
4767
640
1
56
0
64
4846
532
2
15
4130
6076
11
140
384
379
90
0
832
219
42
1443
1678
2
1401
1
28
8875
1
3703
1
22
16
35
380
0
439
132
6
0
919
0
1746
971
1200
49
4
60
408
5
304
6
4846
326
1259
17
277
108
2
5908
1401
21536
1
28
8875
1
3703
1
22
0
4846
31964
11
384
379
90
159
42
1443
1678
35
924
6
0
4846
1
38
24
354
43
11327
5007
1
309
627
2517
3
282
4
123
1141
63
384
948
184
2
35
135
123
467
508
1259
311
45
28
125
12297
25
472
592
109
44
43
15141
3030
2
35
135
107
48
11
63
316
379
90
1117
1360
184
4
1075
277
108
125
837
2
35
1100
8301
4846
109
3
326
666
25
13
128
1472
11
88
3
25152
86
44
84
74
29
261
6498
11
128
189
20
5
71
2
8
13244
3360
947
28
0
715
6
5
25651
31965
1
5
7247
9
1115
1286
1093
3
3079
2556
357
0
4767
25650
52
176
16
35
7862
6
121
10
1689
14
39
2008
80
14
152
24
206
118
177
54
1980
2197
94
62
385
1
45
24
10
9108
3
1818
385
109
48
2
57
10
31966
8768
4846
33
0
172
47
1404
1018
7207
4
44
45054
3
2386
21535
274
5180
3
1604
11
972
3
745
12
0
1099
2
135
1125
169
187
6
0
70
20
1099
4
44
6325
3804
12
16748
45
46
61
31967
913
19878
4
1910
2
26
5908
1401
27765
1397
0
10585
638
119
2229
4102
1
21535
17
108
2556
26
15
1825
4846
219
16747
9
3
9
16747
119
1433
12
42
15140
1673
12
0
4767
25650
26
10343
43
326
1259
119
2556
1436
28
0
715
6
5
670
1286
330
23
5
25651
31965


