144
1883
4189
15
712
2854
47
87
1052
7562
5352
13
1418
0
7240
77
327
6
37
12
9
1103
2356
17
54
6
27
23532
2
657
0
932
2356
13
91
4254
1
2529
336
1
2162
1
46
6874
27
1056
23
5352
6
3683
5897
2
281
0
327
127
27
33
6624
1
8047
336
76
225
5
3416
1869
1
13362
62
158
14137
6
27
64
1612
6
2854
451
2
297
94
11
167
2529
336
1
0
712
2854
18
87
211
7562
5352
13
1418
0
7240
77
327
6
37
12
9
1103
2356
17
54
6
27
23532
15
1154
544
1
761
2665
13
4142
1
206
61
225
6276
684
2
15
4216
6
3239
30
805
3
9931
458
21
30
10835
19
10062
62
112
21
1
253
1
30
40
1145
28
0
1814
2
57
13
41
330
112
21
13
669
2
11546
336
492
0
87
211
3
154
766
6
5
9114
7562
7
0
2854
47
28766
683
7
190
2
249
36
10
8697
1
11546
336
310
14
27
431
34
2133
27
984
3
2854
2066
1573
1186
28767
133
50
1047
94
7
1570
133
324
16
35
581
315
157
3
32
7
0
2854
4
80
14
71
2206
13
5
1377
2
35
1188
38
15984
7
0
1971
1244
4619
3
210
42
431
23
0
4177
1
50
13
141
0
237
551
11
5
596
669
11547
89
480
28768
27
573
3
1364
12
27
38314
754
1
11546
336
1
28
17765
1
13
98
1418
0
3580
6
1414
27
431
12
3683
5897
1
39
719
248
37
2356
17
5
1154
544
182
27
5887
2
527
7703
9
83
1127
9
315
98
30
5
198
17
19
111
1079
7
5299
1
113
21
5898
5
818
4
1663
2066
11
0
13993
2
10096
16
11546
336
18
1127
9
315
1186
28767
2
4695
1
257
7562
3683
5897
12
0
4195
3837
2241
0
1573
1155
21
34
739
3
161
63
19
179
227
1
38
421
48
70
366
14
27
431
93
27
1129
3
1126
94
5
573
2
11546
336
1
38
254
41
29
126
1
22
7
37
421
772
16
35
12295
20
1099
1131
3052
459
24
659
38315
23533
16
3683
5897
17766
16
712
2854
28769
16
488
5174
23534
16
38316
5275
1
28770
31
16
2373
11410
38317
38318
16
38319
28771
1
5138
38320
16
20119
736
53
38321
1057
441
7
51
38322
16
38323
736
53
3281
1057
259
7
51
38324
16
28772
736
53
928
1057
870
7
51
5459
16
101
5121
6
999
38325
53
3281
2288
1239
13363
241
1903
1606
51
96
158
4587
14
36
171
13364
27
1132
245
35
3
124
5
38326
2
360
112
0
1448
33
1470
1
36
309
1265
5
28773
120
0
452
9
215
1746
6
27
23535
1
50
30
40
5340
1064
9
19708
8424
7
0
5729
2
139
58
3105
0
5730
38327
12167
6
4544
14470
1
50
13365
3274
28
2482
50
15609
35
8633
38328
2
2241
179
251
6
0
2854
8698
1302
336
1
38
13
41
1785
3
0
1394
1
22
16
35
281
36
34
5
573
17
552
182
27
5887
123
36
47
699
716
94
108
223
7
0
712
2854
1
114
92
33
75
38
46
2953
12
48
4
161
48
13
459
223
171
141
32
12
38329
52
176
16
35
15
1694
7816
2482
7
0
1962
6
5887
6628
11
5
128
205
1164
2
281
0
1448
33
1470
24
1685
8047
336
46
722
7
27
737
62
32
289
216
1814
3
38330
65
712
2854
479
22
16
35
104
33
1591
6
37
6074
6
5
3105
6
0
12167
6
4544
14470
50
60
33
3559
1753
2
57
58
32
3421
3
1183
38331
3077
5682
6
257
7143
689
26
281
2356
327
33
6624
1
11546
2529
336
76
177
27
673
13366
26
15
1154
544
1
38
13
41
909
1
206
61
225
6276
684
26
11546
336
492
87
1052
3
251
7562
7
2854
18
28766
683


