299
30
79
178
8168
3
5297
34447
450
3
2667
0
264
7
14707
162
136
966
12668
1
25
73
32
310
2
221
13
6934
1976
63
606
20
136
4813
17
5902
2172
4519
34448
7
9932
450
3
1499
0
255
2
15
255
9734
2132
1880
865
31
316
134
153
81
70
1
2298
1993
63
0
1650
3
5297
2096
31
8620
3
14605
784
357
0
2275
7
1246
1
7048
4
21314
2
297
94
11
167
34449
4769
33
214
831
374
5
3907
3
688
3
1103
25
23
25
6439
162
9932
7
0
610
6
4432
299
17827
15
1206
950
30
490
14
25
30
118
178
22208
22209
6801
22210
2023
50
2438
1633
11
0
3076
6
35
34450
90
44
1499
0
255
18
966
12668
6758
29
40
680
3
2929
14
480
92
91
4468
860
6
4259
69
0
255
20
966
12668
11
1607
1633
1
92
33
79
178
8168
7
1012
7
1010
6158
1633
90
44
517
11
299
2
15
86
9
180
22208
22209
6801
22210
2023
2438
1633
11
0
3076
6
35
34450
2
2413
9017
964
140
72
9759
3
1160
1
4
72
8959
3
389
11
823
269
2
861
86
333
2023
720
1
92
33
1335
14
44
33
41
157
7
125
1061
114
44
759
1298
8982
6
14707
3
1349
49
1
371
25
2514
11
34447
3
6081
69
0
4755
6
14707
2
15
998
43
9742
31
1427
1279
2160
26825
7
5
695
6
6167
1294
2
52
78
1112
14
25
941
645
1294
63
0
606
6
0
255
47
4813
2
52
22
16
35
57
13
128
5989
14
0
255
9734
2132
1880
30
40
615
4
92
33
86
333
4452
3
2438
1633
20
5
71
56
60
183
136
860
6
4259
1
1303
20
9932
1
33
182
199
906
2
35
249
3075
13
91
348
3
1651
12
0
846
8574
17440
60
252
3
6501
14
850
686
13
91
617
20
136
4813
3
1695
2172
4259
69
0
264
2
35
15
1710
1048
7
2172
34093
1459
77
0
81
70
32497
0
17686
7
51772
1835
4134
34305
52
5515
998
163
14
0
9734
2132
1880
10
615
31
316
134
153
28
72
51773
7
190
9
608
3
72
51774
81
70
2
15
1206
950
729
14
0
178
22208
22209
22210
2023
33
35
2656
20
0
51775
51776
7
1010
4
33
157
11
35
21450
26826
7
3546
12131
25083
2
221
33
5
557
835
265
9
8168
50
2423
392
1097
162
1
50
33
157
3
5297
679
2
15
1206
950
22
14
81
70
0
9734
2132
7205
4
7928
10529
2096
3
2667
0
255
7796
90
44
93
0
6224
1
5
3787
134
153
1083
12
0
1033
70
2
1427
1279
2160
26825
22
67
735
3
32
617
136
4813
3
1695
2172
4259
69
0
264
10729
1758
6
4769
29
40
450
3
2667
0
255
162
9932
7
612
187
2
674
149
4062
51777
1
0
864
3767
1449
1
180
11
299
1386
106
3
9932
3
465
17
0
5838
18
8
6037
863
8
17
2172
2937
2
9932
8
3162
34451
26827
78
1644
14
299
10
214
23
37
35
2880
51778
11
4769
133
4
169
43
1534
3
1530
3
143
0
2175
2
34051
0
255
11
0
2106
1
401
26827
22
4304
2081
4
0
3580
6
2172
147
4
4543
43
16966
11
4519
1571
3
124
357
0
944
2275
2
96
22
2172
4769
1
169
5368
9110
12080
7
1019
4
0
3381
1121
1
43
35
1534
3
51779
3
1499
299
1
6849
25
3
32
109
0
15513
342
403
6
1451
1
2880
51780
2
257
7405
46
32
11046
3
5
111
72
26828
341
5
70
2954
528
11
255
9
4335
2172
4769
7
9932
2
15
1655
46
32
176
3
0
72
14020
0
257
394
30
369
7637
3
0
864
3
1665
606
7
0
5838
704
48
70
2
51781
225
16845
4818
6
792
6
1642
112
44
33
780
17
2172
4519
4138
7
42
14707
2
281
44
33
1444
626
62
10143
7
42
14707
1
0
9687
13
473
5217
1
687
88
557
55
6
4071
2
15
2057
51782
1755
30
2033
0
1206
950
3
84
67
3
1048
1393
3158
162
12668
35
7
554
3
1789
7152
278
1
4
2940
0
4150
11
51783
3
1103
25083
2
65
1206
950
3762
22
16
1166
2540
20
0
255
1835
13
136
4177
4
9734
2132
10839
5
245
6
2425
9
2576
5371
3
5297
26826
2
35
982
675
0
256
6
265
8168
1
10998
2023
1
10726
1532
1
2487
4775
23201
1
12144
7852
4
8168
9
7
2272
3
362
5340
6732
5513
2
1166
674
70
1
136
694
7205
4
7928
10529
26826
3790
0
255
7796
4
60
46
722
3
9125
136
1835
3
429
217
38
29
100
122
3
2667
0
255
2
1319
9932
8
3162
34451
26827
30
763
4769
33
2874
3
759
193
3
1842
0
944
2275
4
1220
299
18
2081
571
13833
1644
46
1651
12
299
91
196
6
0
846
8574
17440
1
50
750
25
2514
11
3621
3
32
9009
197
2278
1142
3
225
2031
2
15
2302
785
13
54
6
1314
846
1809
106
4
1020
2031
2190
0
956
931
3
8443
99
7
3
1
17
1644
539
3
1651
12
0
3673
23
5
1030
2
15
1427
3021
902
5
9672
28
2957
6
1427
1644
1
38
76
13141
0
423
3021
3
17734
0
3517
114
6
1335
14
25
13
253
1472
11
255
2281
3
32
8573
12
3744
2111
635
3
1142
113
44
206
29
100
6493
6
5
2616
644
2
1206
1027
5675
417
209
1209
5
3089
3826
11
1644
3
99
0
19766
2
8
281
60
188
3
429
1607
3621
28
627
3
299
1
465
17
846
3382
627
99
28
1434
1
429
257
3621
23222
2031
2265
1
1695
1607
3621
23222
2031
31
4138
323
1
4
124
1607
3621
55
6
136
19877
1
261
2190
33
2904
2
8
13833
1152
1
0
518
6
2177
171
1651
3
355
0
106
1
2527
4
108
537
3402
3256
0
3064
44
252
3
402
282
1161
2
8
1206
1027
5675
417
1209
5
3089
3826
11
1644
3
99
0
846
8574
17440
1
50
750
25
2514
3
10655
3621
357
2278
4813
1427
16515
292
3757
603
271
417
6
8
34452
8
17
27
327
0
53
19766
51
58
667
3
299
1621
5
8
51784
8
11
20763
2
7719
7
0
302
1143
68
3757
22
16
8
57
13
419
3
154
5
333
347
879
3
505
5
2630
3
257
2031
85
3
154
105
82
879
3
4456
5
257
7496
28
5
1607
13054
2
8
15
6174
14
299
46
383
5
1161
7579
11
3621
13
37
1597
6
0
1822
6
34452
14
30
383
416
253
8980
7
0
12515
12
2031
4
1064
9
3272
2190
2
8
15
255
10
1728
100
1161
7579
2735
3
0
8511
6
0
19766
2
8
26
51785
16
1206
950
30
483
22208
22209
6801
22210
2023
26
2413
9017
964
140
72
9759
3
1160
1
4
72
8959
3
389
11
823
269
26
221
33
5902
2172
4519
34448
7
9932
450
3
1499
0
255
26
1427
1279
2160
26825
131
25
13
8
128
5989
8
20
71
10024
1350


