258
8472
1369
691
278
144
1846
14
1203
22994
23
122
5580
912
4368
61
40
308
23
8166
369
361
4705
13
9514
1687
39468
1221
4800
76
2801
39469
27
8090
3187
61
129
144
3133
495
3299
6439
23
23557
61
377
32781
47
24
3290
23
24
1566
87
14
908
10779
5
1028
13
20307
8166
64
24
1687
9246
57
39470
27
1585
24
1203
39471
61
1969
64
24
3052
5717
34
22487
5
18981
61
99
1599
14
3232
57
815
349
437
6495
9
39
61
8462
9
4211
10351
5
2801
39469
34
18733
27
119
8128
39471
3119
13
20307
331
15958
331
94
24
308
57
8166
58
3133
57
21503
27
251
318
87
324
76
14
9905
23
23557
144
1267
58
24
39472
22994
119
7565
149
10817
91
8462
8789
4053
39473
31336
9
39474
23
14
4156
5800
61
1489
13
24
23553
2903
1490
27
39475
54
9291
34
24
1566
61
502
3492
47
13
166
454
57
1687
4156
29012
5
6441
13210
61
215
87
1341
64
586
262
1687
8128
308
61
1030
846
61
278
2765
45
100
108
34
363
494
61
40
647
1072
2010
61
646
87
39476
23414
2
24
39477
8422
278
253
100
1599
13
1645
133
14
1687
9525
34112
39478
1145
24
23280
10363
23
24
116
57
23557
1221
970
24
1783
57
4678
9
22994
12086
27
23414
2
24
8128
39471
2995
185
64
14
893
3890
139
542
438
24
23280
10363
23
23557
256
122
1203
22994
23
11055
119
8462
99
1094
1481
449
9028
14
24365
3135
91
9558
2801
39469
5
8710
815
1882
13
24
1490
61
24
8462
330
237
149
456
23
334
6828
13
1415
1687
4108
5
39479
33
13
24
308
27
23414
663
12185
4253
122
6300
34
39480
61
39481
5
38358
123
2801
10351
27
17825
288
663
2977
2801
12790
5
39469
123
24
8710
815
27
119
39482
87
663
1622
13
90
10786
7249
1046
6271
104
7004
8895
47
13
1987
76
122
9288
13
221
308
108
27
842
183
99
45
100
9805
5149
34
24
8462
647
30208
6439
27
251
9905
87
324
3477
2244
1778
14
6377
123
400
26189
23
23557
144
1267
495
1178
8462
1609
750
24
1490
262
1687
187
825
107
334
9634
57
24
39482
912
1001
61
5
825
7940
308
912
15684
4053
39483
31336
9
39474
3299
6439
185
1072
2010
5
99
647
11
14
753
11379
515
99
21718
37065
5
34283
24
1687
471
39484
120
57
791
3463
5856
39485
39486
5
525
469
61
11418
791
13692
39487
39486
27
119
1203
99
14219
3096
6678
5
7814
5
10787
64
14
4382
57
5361
515
358
1862
5434
9549
358
516
1790
10023
5
5158
4678
9
22994
4328
27
251
20564
61
39488
61
11688
14
2192
8733
104
14
1804
57
8128
7838
123
334
4678
9
22994
8130
104
24
23280
10363
23
23557
27
119
39471
1520
183
87
1094
4389
13
1415
15958
33
13
24
5580
119
39471
99
663
1377
4098
4531
57
1533
1284
360
308
5
104
24
4581
8316
23557
76
4606
57
8169
5
29323
13
39489
37065
27
7100
13
24
22994
99
100
3373
13
1478
16628
12081
12086
61
5
358
278
34
24
594
398
100
11235
27
2906
23557
12084
278
7427
23
3085
57
1511
1284
360
4150
14413
449
5832
39490
1185
515
28611
39491
4929
61
1155
64
6649
39492
37
1687
39493
27
246
39494
2977
2801
12790
5
39469
23
39471
37
4734
34
331
15958
331
246
23414
1599
13
2502
24874
123
14
3232
57
2801
4162
815
246
22227
39471
225
3119
8166
13
107
3126
64
24
331
9246
57
19571
331
246
119
1454
726
144
3133
58
358
3299
6439
23
14
39472
22994
246
251
346
57
6678
5
7814
278
100
14219
647
22994
23
1072


