258
8915
973
5
6889
12211
261
262
48785
264
61
15
266
1268
268
269
262
37226
264
61
2778
266
1268
20885
308
278
100
6555
9
1413
185
15070
57
596
9
34
24
7465
27599
5
6514
239
185
14
3899
627
23
334
13729
7989
57
941
27
48786
34392
4117
48787
61
2584
61
1077
2
946
8676
10408
58
215
149
1481
3858
185
24
937
57
26982
61
6114
941
185
2414
4896
23
14
344
7156
9
2674
239
27
2380
61
129
1014
104
306
890
25555
288
2933
23
24
315
61
105
253
6555
14
7501
9
2033
3476
123
334
1920
296
8731
23
7328
941
185
2272
27
305
608
5977
8262
61
8001
2335
48786
37
596
825
4699
13
24
348
13
12417
13
308
2797
23
24
351
34
442
76
122
13710
27
13115
262
2380
61
129
1014
104
306
890
25555
288
2933
23
24
7465
596
57
48786
34392
4117
48787
69
174
5
700
71
278
6555
363
308
23
8478
13
24
239
91
14
7437
18678
38394
5
7450
12663
262
119
15508
9
2033
1077
2
946
8676
10408
58
215
149
1481
3858
185
24
937
57
26982
61
32
57
941
37
594
13729
21936
61
35
2414
4896
7637
14925
288
6555
185
15070
57
596
5
32
5786
5
166
24346
185
15070
57
20256
334
5675
27
691
288
361
184
23
2946
104
1356
642
8226
61
6785
3894
330
27
119
7501
9
2033
149
6555
185
15070
57
596
5
16504
641
545
563
27
119
3899
593
61
129
1910
185
24
1317
30739
20689
1535
61
149
319
13
8720
37
733
7628
256
24
239
40
1077
147
27
2380
330
358
288
7004
334
331
3098
1027
331
18609
14
10444
5
288
361
13843
91
14
346
57
2395
129
278
253
799
2237
27
10880
57
24
239
953
64
24
955
89
48786
37
897
149
3731
4032
5
25003
237
632
27
331
1134
15508
9
2033
5786
149
17999
5
5217
91
14
1581
346
57
31734
5
8691
25555
61
2884
76
6300
331
61
20106
798
481
48788
750
8197
942
37
943
27
331
396
7623
4238
947
61
5
167
310
322
104
24
348
5
104
16370
733
7628
61
215
1077
147
515
4896
27
331
2387
1702
1703
8449
48789
61
57
24
20792
5
26745
8193
19303
61
330
48786
4508
14
331
7459
5
7623
3256
239
331
27
396
359
262
331
119
1092
815
57
35
2414
278
174
48786
37
2255
5
5772
485
1294
5957
27
7941
262
779
273
349
48786
37
2255
13557
48790
61
324
76
525
7916
47
61
645
664
1462
13
24
348
575
215
149
6699
4404
262
48786
37
2255
718
107
719
9737
664
10881
91
622
485
273
331
48786
37
2255
99
769
525
503
318
5
87
373
2467
13
5967
76
24
8332
815
515
278
11
13
24
897
57
525
688
27
331
628
1835
8123
2386
13
24
448
5
8898
57
372
391
13
107
2933
9
1222
723
278
35919
14396
515
851
318
1099
278
100
2933
23
237
315
628
2402
723
13
444
542
13
620
2786
23
13
24
642
27
331
48791
13
1018
818
825
3340
23
707
355
18528
542
641
610
278
433
704
372
4723
27
331
251
2634
2
24
593
37
2255
61
13557
48790
61
149
174
76
664
104
24
348
575
215
1077
27
187
1869
262
331
1003
3059
27
1003
474
87
2043
27
628
603
723
818
822
61
24
8638
87
18709
27
5322
2628
2255
27
331
8194
262
251
642
8213
23776
87
324
104
24
348
57
24
2390
10409
1843
591
1814
13
14
1317
432
1728
149
14
1442
57
14
716
2634
781
91
48786
13
54
2255
61
2065
14
467
57
158
64
14
318
27
187
330
262
331
6569
723
34
361
24
512
2343
27
599
13
34217
61
4457
723
34
1690
27
599
2
48786
27
331
119
591
149
4494
91
2670
349
24
2889
37
5942
61
5
1630
23
5790
27
119
955
61
3731
4032
5
25003
91
942
11472
48792
3731
61
825
5183
104
14
147
1987
625
24
642
643
99
8346
27
8082
262
1707
1014
104
306
890
308
288
2933
23
24
239
185
48786
34392
4117
48787
61
324
1102
610
369
1103
13
1104
1105
34
1106
1107
27
246
48786
34392
4117
48787
61
2584
61
1077
2
946
8676
10408
23
26982
246
396
149
489
185
2414
4896
23
14
344
7156
9
2674
239
246
2380
6555
14
3476
123
334
1920
296
8731
23
7328
941
246
187
87
648
104
306
890
25555
288
2933
23
24
315


