258
480
20169
261
262
37169
264
61
890
3192
1268
268
269
262
30260
264
61
890
3192
1268
251
6384
583
99
6182
24
582
6670
13754
2956
333
58
54
715
149
174
34
3970
4615
949
310
442
9
5
87
1094
2278
34
525
562
23
11033
4014
27
15377
22487
61
895
61
4553
24
582
2956
333
104
4884
1835
185
563
4504
1348
54
715
37170
906
3233
61
5
149
750
515
14
5087
44
107
76
158
362
1413
4615
27
842
183
149
244
641
890
5977
515
2356
515
14
5087
2113
1802
47
9
2394
334
332
5
1849
5297
9
2033
589
22487
13
16436
1741
21625
61
575
926
149
1399
185
30454
776
2
15911
10834
27
808
22487
99
1094
1805
133
104
24
582
333
61
2496
834
215
4553
1413
607
1411
54
55
1724
104
4884
1835
5
24
5087
37
7210
9
503
13
107
37171
91
14
5603
843
2496
158
54
1724
149
23
14
19165
27
30049
262
15377
22487
87
6384
58
215
289
24
582
6670
13754
37172
1348
54
715
37170
906
3233
9
5
183
510
4047
3970
4615
13
6420
27
589
22487
87
1094
2278
34
525
562
58
776
15911
10834
11203
1071
12700
15377
61
57
37173
61
1202
5749
61
330
262
331
628
149
821
3573
449
37170
40
705
227
628
4553
237
582
333
183
149
14
5603
11248
104
723
61
723
44
244
377
1407
33
27
119
7308
9
57
9
190
359
262
331
187
750
846
628
149
23
14
19165
57
493
14680
61
818
628
149
244
2050
13
848
1145
652
628
44
278
100
185
24
2956
34
4615
27
331
727
1399
851
3236
23
24
310
10084
61
818
723
1018
244
1028
13
3335
75
542
61
40
628
1019
237
582
1156
87
10643
27
331
1003
715
149
821
3233
1348
926
2168
13
320
27
1307
628
285
13
850
525
61
628
648
926
149
423
27
187
149
8332
27
331
119
582
13754
5542
1804
87
1564
13
107
14
22264
3028
34
6670
3155
9
76
2639
9
411
14680
76
450
3071
361
605
17255
185
1720
358
2831
3613
122
10332
1185
2934
14
320
27
119
6553
87
24
582
333
26150
24
402
9
2329
6670
3155
37172
76
125
411
133
9
57
9
4615
412
27
6670
3187
1014
515
32176
183
5
26555
183
76
133
9
57
9
4615
15094
412
34
10332
11609
825
221
183
3468
34
342
13
444
310
442
3924
104
28061
5
12325
27
16771
23913
262
1307
14
5087
2113
2084
104
890
5977
515
2356
61
589
22487
149
4410
13
16436
1741
21625
61
575
926
149
1399
185
30454
61
776
2
15911
10834
808
22487
4042
215
105
10341
100
750
515
14
5087
44
107
76
158
362
1413
4615
9
5
1222
709
9
32
105
3469
61
215
149
13
2956
33
27
4360
14072
4556
61
215
44
45
444
218
61
3100
44
54
1093
27
396
330
262
331
408
288
3885
3431
1533
5
1533
5794
5911
24
257
27
628
44
278
289
334
332
2208
40
628
648
24
4047
2193
512
61
5
628
648
610
1825
107
2169
735
23
13099
34
4615
27
331
305
449
890
5977
24
5087
1802
47
61
215
8461
37170
5
750
846
215
516
37174
525
40
935
750
846
525
4089
3589
1191
149
2330
818
215
289
334
332
13
4956
525
13
320
27
331
1042
22695
278
4942
5
926
37
1094
185
30454
27
331
589
22487
61
14
4644
2992
2421
61
20449
2
14577
27
579
87
330
13
107
14418
40
87
373
1814
13
31181
27
119
582
13754
5542
1804
87
1564
13
107
14
22264
3028
34
6670
3155
9
76
2639
9
411
14680
76
450
3071
361
605
17255
185
1720
358
2831
3613
122
10332
1185
2934
14
320
808
22487
359
262
331
187
4063
308
821
19556
449
496
37
24
512
1017
13
1018
27
187
37
821
11807
5
628
1019
358
2236
6349
13
1292
1022
33
13
24
2033
1156
27
331
628
639
37170
37
45
24
55
1066
13
107
174
1030
237
34
4615
27
331
37175
19885
3817
10071
28297
330
215
105
781
13
24
6670
58
3880
622
375
449
24
333
27
396
330
262
577
187
37
3117
9
628
696
100
218
183
2208
1348
2394
830
24
3240
1156
831
6670
3155
34
707
2534
272
5
183
37
4564
10877
27
331
187
37
3466
646
37
100
3071
76
24
346
57
2403
2467
23
5
342
3935
226
27
331
251
8567
34
5749
328
329
61
502
3890
13754
23
5480
76
8465
17456
3155
61
330
262
331
408
516
1030
13
3035
34
24
10957
1515
13
589
22487
5
525
485
256
122
1724
13
6670
13754
27
331
119
582
13754
5542
1804
87
1564
13
107
14
22264
3028
34
6670
3155
9
76
2639
9
411
14680
76
450
3071
361
605
17255
185
1720
358
2831
3613
122
10332
1185
2934
14
320
27
119
6553
87
24
582
333
26150
24
402
9
2329
6670
3155
37172
76
125
411
133
9
57
9
4615
412
27
31764
23
4046
23
2010
6670
2681
61
13754
87
343
13
1687
738
37176
23
1356
2788
57
24
5188
237
751
27
12053
377
372
3477
24
2403
1018
45
2296
13
107
8559
8769
104
704
61
5
2053
223
218
1117
418
8827
64
14680
3204
542
122
25806
842
5353
1155
64
24
1611
4040
3111
278
37177
9813
24
582
37172
61
1448
515
372
3477
24
2403
1018
45
2296
13
107
8559
8769
104
704
61
5
2053
223
218
1117
418
8827
64
14680
3204
542
122
25806
27
691
1099
935
107
6754
13
4081
185
24
2956
76
16536
1185
4047
1222
9683
27
6670
3155
149
807
23
9269
13
5736
310
5542
2535
24
5969
23
334
1761
13
4030
24
346
57
342
37178
5570
47
23
37179
6670
3187
1014
515
32176
183
5
26555
183
76
133
9
57
9
4615
15094
412
34
10332
11609
825
221
183
3468
34
342
13
444
310
442
3924
104
28061
5
12325
27
543
13754
61
14680
825
107
1399
218
13
14
1724
116
2230
129
825
5558
1222
358
2296
13
738
13
13099
61
14
10332
8505
61
14
33205
1185
718
444
91
76
18
9
24
9
2956
5542
27
119
11742
718
6120
3307
133
334
332
61
1399
1463
1594
218
13
14
7658
61
767
334
133
9
57
9
4615
10332
16781
61
1185
17078
24
10785
13
14
37180
1185
7824
27
162
405
2788
57
24
1566
24
582
333
825
107
1876
91
1409
7599
655
23
819
183
825
107
21801
91
6670
332
333
27
397
758
64
1400
57
6120
2390
367
361
1996
61
646
278
253
100
341
57
24565
361
1391
13
308
76
37181
27
2906
342
2590
3373
37182
20177
369
253
735
1793
4615
34
9874
310
5542
61
655
819
278
100
750
13
2956
33
24
256
257
652
646
87
709
32
787
13
4174
13
542
27
246
15377
22487
4553
24
582
2956
333
104
4884
1835
1348
715
37170
906
3233
246
16391
750
14
5087
516
2934
24
5297
9
2033
362
1413
4615
246
1307
709
9
32
2084
61
14072
2403
503
285
13
14
1374
9
1231
5603
246
1307
14
5087
2075
2084
104
890
5977
61
589
22487
149
4410
13
320
246
1585
2278
34
525
562
58
776
15911
10834


