144
20486
2975
287
16
29792
138
1
414
405
411
65
247
145
239
28
2398
2002
262
3810
859
39
36
175
8
5
333
1176
4321
8
6
13556
277
132
3
4141
17
0
1230
2
14800
3390
1
316
1
34
5
245
6
16325
11721
12
27
2322
1145
421
48
70
2
3083
5009
8669
4
77
9
0
9
3178
13556
3
185
27
4141
17
0
14107
2
40369
5148
16
14800
3390
239
39
317
1176
13556
4321
3
185
27
4141
17
1230
262
859
3
1684
5
16325
2322
10683
527
117
1969
36
10
317
79
35
5
333
1176
40370
5
132
90
36
10
490
3
286
17
5
2036
2398
697
230
39
0
1012
2
15
957
145
1
28
24266
1
407
970
1
4689
5
149
6
16326
1230
4
5
2398
3481
2
89
36
239
20
1554
927
1546
286
12
522
896
2
527
2633
9765
3390
4
145
29793
1002
6
42
1907
4
15943
2
68
3390
1
3969
1
5
3156
1
22
16
35
96
392
29
40
317
5
333
1176
4321
85
0
4734
398
5
132
2
96
1527
1226
3
282
1
123
55
6
0
1211
27
1133
115
27
8566
55
12
0
5964
2
35
249
60
306
36
10
20
286
60
202
539
36
445
1530
2
1188
84
141
3203
14
37
1176
64
77
5
894
6
71
73
1797
212
2398
112
66
402
317
14
77
64
3
105
40371
52
40372
29
342
196
6
136
664
1
1414
27
109
48
2
8
10200
16
3083
29
78
75
3
20654
6
5
9504
5148
6
13556
1
50
13
113
44
154
37
1176
295
6
4321
277
132
77
5
879
894
144
0
71
14800
806
20
286
1
27
2398
2002
10
9211
2
29794
2002
73
768
7
5
2846
2448
1349
9
49
6
3840
7
0
843
2
68
3390
22
16
35
135
22
36
171
29
5
2398
3481
1307
184
45
27
265
3040
0
111
29795
1100
37
1566
13
602
3
32
477
1
14800
47
117
13
1912
11
684
3
32
204
3
688
3
1695
705
40373
2
68
3390
22
16
35
281
5
16327
13
14
1116
1
25
171
32
5009
2
40374
29
5
5101
324
1166
3884
10046
1319
45
13556
10276
84
141
233
29796
14800
47
117
22
27
54
9
70
9
83
198
3760
13
98
91
4496
11
31
19
244
2258
24267
9
866
2
14800
47
145
29793
1
2537
1
176
16
35
3760
254
141
3777
3
32
1073
49
340
5
1618
114
6
11453
15
3026
9
83
18
2308
10
477
20
24266
29797
397
2
570
7242
3692
1
6
0
1240
29794
40375
9040
1
38
531
5
625
12
13556
9
7773
2398
709
7
40376
728
1
131
16328
6
88
34
204
5
35
9504
40377
133
317
54
62
64
253
169
77
418
230
2
35
2607
38
858
204
5
9504
5148
84
2471
1
40378
1
85
0
75
38
858
469
3
922
22917
22
570
3692
2
65
23375
4
6622
1729
20015
3612
479
22
16
35
40379
13
5
1161
4
2560
16327
56
157
7034
4
56
29798
4985
33
1180
2
35
2866
3472
30
5
1869
63
5148
4
6065
41
3
154
67
85
398
4321
7
156
13115
17361
26
238
7
146
17
13556
9
7773
2398
1038
29
204
5
8
9504
5148
8
26
14800
34
1296
2398
3481
3
688
4
1800
27
45
27
265
3040
0
6047


