828
6
0
1353
4670
0
172
18
1404
3447
1115
6489
8894
1
14
780
18983
1
29
40
10962
11
301
3
0
1814
18
1040
2
9807
4233
0
4625
12
53097
18
3837
12887
1
20
11180
4958
1
33
2055
3
3844
0
514
2
6116
7048
1933
3
0
548
39
0
4625
7904
79
90
802
322
2
15
1814
18
298
29
729
0
514
309
7
0
4543
329
4
80
1353
29
40
8027
28
0
4168
2
15
3837
12887
6489
8894
1814
53
137
51
12
514
7
11180
4958
1
1940
440
2
580
6489
43
12
9
1103
892
418
75
29
40
204
3
11180
855
828
6
0
1353
4670
0
172
18
1404
3447
1115
6489
8894
1
14
780
18983
1
29
40
10962
11
301
3
0
1814
18
1040
65
130
3978
3091
26727
77
11180
7542
23
1296
3274
1101
3
22288
5
4625
14
1047
55
12
1103
6489
1814
3837
12887
79
90
802
322
65
822
19115
5293
479
22
54
130
7
19
6606
10
1933
3
11180
286
1029
3283
4
3091
13970
119
418
4807
464
43
1015
31
4474
2
2456
605
33
170
91
8600
31
4474
20
0
548
4
64
6
88
46
32
204
3
11180
286
2
135
22
0
13021
1296
13
91
1015
23
5
753
358
2
8
104
352
2093
136
1296
2385
174
94
3
185
4141
17
0
8303
92
1
8
21
22
2
8
57
18
1084
6
10887
2
8
15
1814
18
298
1
53098
1
29
729
0
514
309
7
0
4543
329
4
80
1353
29
40
8027
28
0
4168
16175
718
0
684
13284
23
3091
26727
77
11180
7542
23
1296
3274
1101
3
22288
0
4625
14
1047
55
12
1103
0
6489
1814
1
3837
12887
65
31287
6944
7
11180
7542
33422
5
9433
6
381
12
6489
1814
3837
12887
23
7634
2339
3
22288
5
514
14
1047
55
16221
65
1917
6
2311
4
4217
4232
479
22
25
10
3591
458
2971
514
7048
58
32
735
2
8
57
18
5
706
504
3
812
20
48
986
1
8
36
78
13287
2
8
580
6489
33
12
1103
2
8
15
697
9
10167
4168
13
2533
6
10593
17715
10422
62
10529
4750
4
30
5
1353
6
1627
75
2
6996
576
13897
6
0
17741
33
348
3
1065
12109
434
3
13877
7
0
663
2
238
130
7
19
6606
10
1933
3
11180
286
1029
3283
4
3091
13970
119
418
4807
464
4
1445
43
1015
31
4474
65
25180
53099
16
0
3837
12887
53
137
51
773
18983
470
415
2
65
130
7
19
6606
10
204
3
11180
286
17
3283
4
3091
13970
4217
3274
718
12
23
7634
1101
3
22288
5
514
14
1047
55
12
1103
6489
1814
3837
12887
15
697
9
10167
4168
3837
12887
53
137
51
13
2533
6
10593
17715
10422
62
10529
4750
4
30
5
1353
6
1627
75
45
100
6489
10
12
1103
26
828
1353
10962
11
4670
3837
12887
50
780
18983
26
9807
722
3
1111
0
514
50
13
521
3
29
309
7
0
4543
329
26
1914
7
19
6606
1933
3
11180
286
17
3283
4
1029
3091
13970
26
15
13021
1296
13
91
1015
23
5
753
358
26
580
6489
33
16221


