9629
149
9630
35
632
1348
334
4164
9
967
1536
149
4598
1914
1145
2097
9631
76
6423
8006
9
4255
5690
27
305
24
227
61
9632
1196
24
3952
149
1950
185
1579
2534
4203
57
5383
37
965
9633
1783
40
646
44
107
2276
9634
27
251
4855
3091
13
107
334
4164
1074
99
9635
515
24
2804
87
4048
14
1576
64
398
57
14
3634
515
331
825
1292
24
9636
5
748
9637
14
1876
34
1579
3225
27
331
521
159
34
522
251
5234
4164
1074
99
9635
515
24
9638
2804
87
4048
14
1576
64
398
57
14
3634
515
331
825
1292
24
9636
5
748
9637
14
1876
34
1579
3225
27
331
119
8814
149
1391
13
6627
8763
27
187
857
9639
57
334
4164
9
967
1536
9631
76
5690
69
324
71
23
2097
119
8814
2
24
5234
1074
149
1391
13
6627
8763
27
187
958
331
1576
5342
331
104
24
1565
40
638
244
1367
321
1366
27
162
3396
61
4164
1099
107
1950
185
334
9640
1536
13
4987
9637
37
4623
1185
14
5244
9
1914
1536
515
516
9641
663
4987
5383
37
9642
3634
27
119
5690
185
24
9643
2992
44
107
1129
13
8914
24
437
5
442
9644
2533
5244
9
1914
1154
61
34
5127
27
9645
515
4164
87
1071
14
1536
1099
3083
1030
14
9646
61
40
183
87
244
24
55
227
1155
3625
278
100
3978
91
24
9647
3952
27
162
334
4860
35
506
61
4164
4767
416
9648
9649
330
515
484
54
897
23
555
1704
9650
105
5457
1071
14
1536
27
396
750
2465
9651
262
331
1704
9650
149
630
631
9382
334
9652
27
628
1019
354
278
334
9653
2539
34
9654
9382
27
331
1134
1099
3083
1030
14
9646
34
4164
13
1550
61
40
183
87
244
24
55
227
1155
3625
278
100
3978
91
24
9647
3952
27
162
334
4860
35
506
61
4164
4767
416
9648
9649
330
515
484
54
897
23
555
1704
9650
105
5457
1071
14
1536
27
396
750
2465
9651
262
331
1704
9650
149
630
631
9382
334
9652
27
628
1019
354
278
334
9653
2539
34
9654
9382
27
331
9655
61
24
4164
1074
37
8814
44
107
9656
13
334
7574
4245
23
9
1536
1123
1156
515
516
4987
9637
37
1154
27
119
9657
2992
76
24
1240
185
24
908
149
4598
91
24
6697
9658
23
2780
2781
27
119
6697
3089
301
1414
24
2421
496
215
149
2931
61
40
215
747
13
748
334
7940
27
842
14
522
2
35
506
1046
14
2381
1536
61
502
147
9659
13
107
334
9660
5244
9
1914
9657
9661
27
162
3396
61
4164
1099
107
1950
185
334
9640
1536
13
4987
9637
37
4623
69
24
9637
9662
87
324
71
1185
24
8814
44
107
9656
13
334
7574
4245
23
9
1536
1123
1156
515
516
4987
9637
37
1154
9655
61
24
1576
4598
23
2097
44
107
14
5244
9
1914
1536
27
119
5690
185
24
9643
2992
44
107
1129
13
8914
24
437
5
442
9644
2533
9642
1154
61
34
5127
27
816
4164
149
4048
1155
1124
61
358
516
516
4987
5383
37
5244
9
1914
354
69
324
71
1882
13
9663
61
24
2097
3789
57
9664
9665
69
9666
71
383
24
1576
149
9667
13
4164
27
119
219
57
5244
9
1914
354
34
5383
9579
1189
308
13
107
2590
542
185
1857
9668
23
316
13
360
494
27
1172
9669
330
24
354
516
373
107
4090
1573
61
5
5383
516
6546
5128
185
834
358
9670
76
622
1573
5
9249
27
842
808
9669
516
244
748
14
1987
34
933
9671
354
185
9668
9672
9673
61
586
515
24
1156
99
13
107
5309
1487
13
223
8023
27
396
750
6219
35
751
104
24
9674
1840
2118
6207
23
9675
515
215
3119
13
5498
24
222
575
54
4090
77
709
849
99
13
1666
24
354
27
543
2213
5690
185
908
57
24
1536
61
405
278
330
515
87
401
3096
34
183
13
107
14
9633
1536
1030
5383
37
6423
8006
27
331
9676
3096
5690
61
331
330
9677
9678
1111
9679
27
331
187
99
5690
515
369
9680
159
104
704
1413
9681
57
24
1576
27
331
1134
516
321
9682
1981
13
24
5244
9
1914
1536
4726
27
331
5349
34
515
4726
61
503
190
1198
278
100
1725
24
5186
9683
13
4090
1155
1573
61
5
4164
87
244
32
57
542
61
331
330
9663
27
331
1134
4186
703
33
13
14
822
1533
5562
9684
262
4164
87
2522
13
1550
185
5383
37
6423
8006
76
14
2381
9558
23
1579
2534
9685
1154
27
331
691
330
183
2290
2457
64
398
57
24
5326
2779
9686
343
147
237
506
61
637
183
516
5562
2430
503
76
5330
9687
1155
64
1605
1606
5
2780
2781
27
1134
516
9688
14
7292
4608
23
4164
9685
61
502
99
100
500
6423
8006
9
4255
3224
1541
647
4164
53
183
24
4191
9689
4195
34
4206
27
1307
9025
91
2952
61
4164
2937
13
2951
185
24
1536
23
5218
1185
496
1579
5843
149
27
543
2213
5690
185
908
57
24
9643
4164
1536
61
405
278
330
515
87
401
3096
34
183
13
107
14
9633
1536
1030
5383
37
6423
8006
69
324
174
71
27
5383
807
1579
6423
8006
9677
23
1073
61
5
99
9690
24
9677
1541
647
69
6423
8006
9691
438
9692
9693
23
941
324
700
71
246
9645
288
53
91
334
1074
23
334
8814
1391
13
6627
8763
246
119
5234
4855
9635
515
4164
87
4048
14
1576
64
398
57
14
3634
515
331
825
1292
24
9636
331
246
9694
857
9639
57
334
4164
9
967
1536
9631
76
5690
246
119
2097
9666
383
24
1536
149
4639
13
4164
246
2906
278
9695
183
44
107
3477
3224
34
14
6423
8006
4987
246
6386
278
330
24
1576
1099
107
2815
5244
9
1914
9677
246
4164
99
818
420
2937
13
2951
185
24
2504
57
24
1536


