15
1536
547
11
0
17341
1001
6
27114
10
74
810
5
652
1
67
5
1333
6
54365
2920
2063
2
89
7336
12
48
621
84
74
252
194
6
5
652
1
114
92
13
100
1136
2
788
169
8
3405
8
33
720
1
25
13
67
109
3918
49
5
7289
4014
2
297
94
11
167
35123
16
15
621
1565
162
0
5848
7
27114
4595
7
0
2920
1171
9
1849
6
7067
982
3405
33
0
1024
3966
455
418
15068
6
6815
11740
17011
1370
2
2307
3450
3405
100
879
389
9
86
75
143
42
220
2
13664
1
0
54366
11
261
3405
43
116
28
0
6889
6
4074
2079
39
0
2100
868
2
836
44
33
116
7
487
18880
1
23
33
0
3405
8
30252
7048
9
17341
7271
180
8
11190
8
1
50
1256
1445
1
6489
1
12802
4
842
3380
2
7233
121
102
1
264
14049
16
15
2079
7289
621
54367
162
14557
10052
7
2920
7067
378
0
8
652
8
1
5
700
4366
95
427
4
121
1095
5
11190
122
184
1
4
309
49
0
54368
4264
2
15
957
621
30
21547
9
1456
2293
14
33
30386
4
54369
7
1877
1
86
0
11190
18
501
54370
10
17141
2
54371
455
20
63
575
1606
1
162
724
6
14557
1
2071
10052
809
8562
1
480
0
2446
3368
2
15
54372
14807
6
0
2175
10
7291
31
5
11190
17
146
1445
2447
122
11
282
2
24
8180
63
14639
1
45
92
43
74
156
2
2413
700
1141
19
2446
4
14651
268
0
3405
43
472
8223
3
8223
2
380
0
14049
16
15
8
11190
8
3405
29
383
5
753
5191
11
2556
2215
3
688
37
1876
1822
6
1024
1232
700
348
282
3
124
103
241
60
34
3
355
152
2
15
108
700
840
282
1804
49
0
17341
11190
1
0
2446
4
6889
1
4
154
88
3
0
243
6
0
1370
2
52
840
282
54373
136
501
1001
1
4
60
43
99
12
136
152
2
1169
11
189
2
924
67
11190
224
991
282
2
12487
1
136
1001
34
3
32
15794
9
0
245
6
11190
1
0
245
6
1445
62
912
6
9687
21598
38
30
3
22057
0
1370
2
27115
85
66
1347
16
15
3405
1
3927
31
54374
4562
1
312
3158
6
49
3
575
724
134
889
104
107
1608
3
32
627
49
127
37
15708
245
6
9560
11190
2
104
43
1073
10195
3
143
25
7
71
3
703
0
54375
12044
9903
7
0
1381
20
0
267
6
0
621
1
4
11
136
700
1
38
6375
76
74
1125
80
132
17
54
207
6
1445
4
143
5
576
2
1437
60
649
54
11190
1
17
64
3365
1445
9
0
222
23
282
2
3814
34
0
122
6
152
98
218
1232
700
309
3601
2
15
108
1
1676
54
213
94
4
348
19
1445
3
18687
42
1001
2
1232
700
32067
2
8
4461
100
1694
1
118
50
700
3601
148
1
8
21
22
2
17681
619
16
35124
206
29
3
356
42
1001
112
44
1118
216
11466
627
7
0
108
3004
104
34
5
536
389
123
3
0
1399
1381
2
15
1001
99
58
32
20
136
6671
2
139
13
2539
54
6
0
172
18
67
3947
1001
11595
2
191
2505
37
4198
3
4356
7336
5189
2
54376
53
17533
54377
21249
1
54378
51
2010
9241
3090
2202
28
160
62
338
3
10288
35074
1
2582
28
35125
35126
28
72
54379
2
54380
53
54381
51
2010
5
908
6
501
304
4
12349
2769
7
7067
4
23491
2
65
851
9
132
7067
54382
8
7425
1746
2150
20
72
54383
134
447
1
173
2357
1024
1
4543
4
148
4029
2
26
35123
3461
7
7067
29
116
17341
3405
11
37
2079
621
26
15
8
11190
8
3405
73
1499
3158
6
49
3
575
1606
12
0
23924
957
1370
26
15
621
1565
7
27114
4595
1
7
0
2920
1171
9
1849
6
7067


