13221
851
485
739
714
13
1533
1284
170
14
5720
308
1099
1274
1138
61
40
515
87
6526
496
32
485
278
1789
13
10861
27
13222
76
24
6056
2886
739
13223
61
24
485
2114
13
1264
5
5361
14
13224
522
57
542
23
122
739
13225
27
119
13029
61
502
99
100
717
185
7812
61
99
1094
100
10149
1533
1284
12044
23
1511
1284
14
632
27
521
159
34
522
13222
76
24
13226
714
61
237
485
99
1391
122
6248
739
13223
64
14
13224
522
119
13227
485
1153
24
13029
61
502
99
100
10149
1533
1284
12044
607
61
64
14
485
331
13228
331
13229
24
1751
522
109
13230
13227
61
54
715
61
13231
61
5
122
272
13232
61
190
61
5
13230
10385
61
1413
61
278
750
486
13
4082
24
522
122
1687
6248
13233
27
13234
24
4215
23
2870
13225
1221
76
1245
13235
34
621
485
416
1221
24
485
61
2
10124
61
5748
9042
61
1347
2859
122
2534
13236
185
1002
61
4182
13237
27
691
221
1793
2211
10042
23
24
522
61
349
24
1217
515
13230
99
105
14
13238
61
818
24
485
825
45
107
722
14
188
318
27
119
485
2035
24
13224
23
2870
739
13225
61
621
76
14
12943
13239
691
1153
24
522
61
502
99
1533
1284
12044
7095
185
7812
61
13
10695
24
10741
57
14
582
1536
162
14
3232
57
2211
10042
61
24
13227
485
663
10695
571
13230
99
105
14
13238
396
99
663
417
47
54
1086
64
14
2108
3973
185
13240
27
742
715
13241
262
1687
187
912
24
2511
829
57
54
562
61
215
912
2050
13
3003
54
1086
5
799
223
76
54
13242
119
485
663
1367
515
215
99
105
14
13238
5
7695
449
14
1478
511
215
2469
23
10700
4242
8341
27
119
522
663
9009
486
61
485
5
3207
4010
185
24
272
27
569
13232
2048
14
13243
237
506
61
13230
10385
87
3477
14
11095
9
5481
415
27
13230
663
13244
515
215
99
417
47
54
1086
64
14
2108
3973
185
24
7249
7279
61
13240
3548
13231
13241
262
331
187
37
24
2511
829
57
54
562
61
13245
2050
13
3003
54
1086
5
799
223
76
54
715
331
13231
330
262
331
628
1019
183
37
14
2928
3339
2391
5
14
2928
4530
2391
89
24
13246
57
14
9800
485
27
331
13231
61
203
61
99
7272
1793
9339
64
398
57
525
1086
5
663
8640
23
14
2329
4474
27
2286
13231
750
13247
262
1687
628
1019
183
37
14
2928
3339
2391
5
14
2928
4530
2391
89
24
13246
57
14
9800
5988
5842
515
24
485
1018
45
1550
2786
1687
401
13248
61
926
359
262
1687
408
728
10823
1030
13249
5
628
629
13250
308
1030
13
850
622
308
2540
13249
57
13251
119
485
1153
24
1029
57
24
522
13
2645
122
582
522
9
2540
3104
27
5855
3463
5856
3955
3956
61
174
61
3748
54
272
13
9382
54
739
714
185
334
13252
237
506
1134
13253
485
288
1013
24
503
5303
13
5361
14
739
522
237
506
27
2226
632
61
1202
5749
1707
407
14
4203
57
13254
7263
1221
76
24
73
13255
1687
13254
2356
61
10938
13
13256
1221
64
122
6248
13223
27
4716
7768
2886
2062
663
1515
14
4367
237
506
27
13257
61
24
13258
6248
714
11258
14
2347
11428
1348
570
13259
149
1039
23
183
810
14
929
13260
27
9294
61
8671
13261
237
506
4151
14
9337
739
714
858
185
1002
76
525
485
3244
23
12889
655
13262
13263
104
5250
739
27
162
1428
10023
61
3955
3956
3748
54
272
13
9382
54
739
714
76
54
715
61
13264
61
185
334
13252
27
397
14
3340
61
215
2291
47
76
14
4761
3351
185
61
655
54
715
149
4977
405
13265
13266
5
13267
912
471
5095
27
13268
13269
13270
13271
13272
61
203
61
4602
34
14
5244
9
6429
739
714
23
502
215
87
1083
13273
655
54
715
1308
525
512
9745
57
14
1687
13274
27
119
522
87
1129
13
10695
515
13232
13227
61
190
61
2048
14
13243
5047
23
24
506
423
91
1042
469
13230
10385
61
203
61
99
319
47
11095
9
5481
8214
61
24
485
10695
13
122
486
13231
750
13247
515
525
485
61
2
10124
61
5748
9042
61
1018
45
1550
2786
331
401
2351
331
246
13222
76
2886
714
8487
61
13227
485
13275
13224
522
246
12901
183
64
14
485
331
13228
331
61
358
10695
1793
2211
10042
9
349
515
583
13230
99
105
14
13238
246
119
13029
99
818
420
100
10149
185
7812
1533
1284
12044
607


