999
57
3440
37
2190
11313
129
87
818
1021
215
3529
3383
64
14
331
3078
23257
331
87
3431
33
23
24
11915
167
2189
54
35
1851
9180
23
14
3125
27
16058
7036
61
2154
61
2048
54
55
7150
2100
23
10645
40
99
769
705
2100
647
935
5
370
99
24
2190
7150
1264
23
24
1566
27
396
99
100
6021
133
2213
607
23
54
35
1851
9180
5
99
2035
818
10492
515
215
1347
105
54
1611
8129
8009
319
868
27
23258
262
23259
16058
7036
23260
23
24
11915
64
215
87
6704
91
2039
3605
69
700
71
23
941
27
16058
99
769
1851
9180
23
14
3125
5
87
648
13
107
3440
37
2190
23261
10614
23257
262
16058
7036
69
700
71
87
1805
23
24
855
91
23262
3605
64
215
87
6704
23
5657
558
27
396
99
769
1851
9180
23
14
3125
58
2548
54
55
2100
23263
262
16058
232
3881
18
91
14
5087
58
361
6704
91
2039
3605
23
5657
558
842
1537
1284
748
47
61
16058
2168
14
10122
1725
23
6258
818
215
718
1645
185
2278
27
4360
54
170
14
6189
57
9868
61
215
87
2522
34
54
1462
208
75
334
64
1521
5234
2063
23
941
185
563
16
27
16058
61
57
326
23264
61
277
61
330
262
331
628
696
100
14
3078
861
8986
27
628
1825
603
14
5139
27
628
706
2765
604
444
32
61
40
628
2245
1030
628
3935
183
27
331
1003
1264
1308
244
12342
707
23265
2236
27
1447
278
100
1793
607
575
628
1019
628
2831
278
2048
185
131
61
1185
2168
14
23266
61
5
24
829
99
423
24
622
880
27
331
628
1019
308
5928
846
13
1248
1094
9
40
723
718
7529
515
628
1812
707
512
13
81
705
414
227
628
1431
23
24
11915
27
4360
707
1264
8129
87
704
628
639
61
704
628
761
34
27
331
16058
1802
7150
58
14
2046
6010
1915
502
1850
158
81
2424
133
57
4653
2049
61
349
2540
183
13
24
8069
9
11958
57
24
1611
2433
15250
27
23263
262
16058
7036
69
174
71
87
9314
156
9
237
227
91
11887
4891
23
266
555
64
215
23267
47
1851
9868
23
14
3125
1843
252
262
16058
7036
87
1805
23
24
855
91
11887
4891
123
122
2100
23
555
27
162
2488
61
7036
99
769
1851
133
57
54
20667
7150
9180
5
769
54
8009
10978
2439
262
2134
23268
11887
4891
69
700
71
6122
16058
7036
23
18151
2007
61
941
61
23
266
555
187
37
14
23266
262
5214
4891
69
700
71
23269
54
7526
104
16058
7036
185
24
880
13
17
123
122
2100
23
18151
2007
61
941
61
23
266
555
842
647
935
215
99
32
57
24
2190
8129
2960
57
704
227
5570
19030
2960
2964
23270
377
215
99
32
57
24
2190
8129
2960
57
704
227
27
396
330
262
331
1307
9180
278
100
1481
47
34
846
61
358
278
244
600
105
707
512
6604
104
474
9
628
696
100
3886
308
37
23271
5
183
37
3958
846
707
8009
27
331
727
2391
104
11313
1030
23272
18760
5
358
278
32
124
7180
14
506
61
104
32
222
628
105
1526
9180
23
507
3133
27
23263
156
262
8810
23273
69
700
71
99
16058
7036
185
24
23274
64
215
6122
158
23
14
23275
5136
23
23276
61
2461
61
23
5657
558
23277
156
262
6649
6092
23278
69
700
71
3697
16058
64
215
87
6704
23
534
555
27
396
99
1094
22922
47
1851
6122
23
14
3125
331
628
516
444
14
1724
586
1463
99
130
133
5
718
628
1550
122
513
27
999
7180
628
105
374
4615
331
3043
61
5
594
57
515
149
1949
185
14
676
13
3272
27
331
3948
76
14
2439
2922
61
16058
5227
4846
5909
5
44
45
584
641
215
149
190
27
396
330
262
331
628
696
100
8129
34
6324
494
27
628
510
183
47
13
1199
707
2534
4372
61
221
707
9378
5863
5
221
308
1735
57
846
27
628
1019
628
629
373
2931
515
27
331
628
840
707
6778
825
221
24
1611
8129
7587
748
846
33
707
8009
818
628
718
1645
185
2797
707
725
27
331
742
1264
87
373
226
1284
804
16875
129
3003
24
8162
23
2336
58
2189
23279
133
57
4278
7150
9180
27
23280
262
6649
6092
23278
5173
54
7935
7219
58
20482
7036
185
131
23
534
555
119
1428
37
8129
11856
7587
61
24
1611
11801
5346
57
4675
61
1085
7036
37
8009
23
558
1348
358
1770
10877
34
54
450
58
6806
818
3096
16650
13
24
219
27
23281
4053
6628
7714
9361
330
262
331
2186
5150
13
107
5778
109
87
515
215
99
709
1611
11801
5346
57
4675
8009
27
331
396
105
54
8009
7356
34
54
2534
6604
27
16058
37
5176
7180
87
455
13
1018
76
24
23281
27
331
816
215
15195
13
23282
34
54
8009
61
515
825
107
5457
61
40
215
105
54
8009
319
868
34
54
512
6604
27
331
119
5993
1017
109
87
515
16058
87
14
821
4369
635
111
27
15980
2066
158
61
5
215
37
16276
185
8129
27
408
1999
34
54
2534
12721
215
2831
107
2182
27
331
408
278
14
7508
57
4014
13
11354
5
610
516
604
13867
10828
14
7180
76
1214
15381
57
8129
27
331
808
9361
359
262
331
119
1264
1577
1512
1284
183
87
27
396
600
1399
47
14
692
3193
27
396
600
638
54
821
821
512
27
331
396
99
105
54
227
61
5
610
9146
158
24
512
23
1193
712
15540
27
331
23283
7526
262
4961
23284
23269
14
861
104
16058
7036
23
1372
1972
64
331
3440
37
2190
23261
331
87
6704
156
23285
262
16058
1410
14
1805
2
4961
23284
27
4338
2548
54
55
1541
7180
23
10645
61
24
331
3078
23257
331
99
1094
769
1851
2049
23
14
3125
246
16058
7036
61
2154
61
2048
54
55
7180
23
10645
40
99
769
705
32
647
246
396
99
100
6021
133
2213
607
64
215
23267
47
1851
6122
246
7036
99
2035
818
10492
215
105
54
8129
8009
319
868
246
842
215
99
244
417
47
24
7180
5
2053
2168
14
10122
1725
23
6258
246
396
825
1550
185
54
1462
6733
185
563
16
167
54
3554
1264


