119
3607
5087
4001
76
24
6480
29247
4756
23
29248
1520
215
825
278
709
10860
1222
215
718
45
107
4273
61
14
549
3283
902
27
1787
9361
61
334
13925
104
24
1747
1968
15888
29249
23
11245
11246
61
11247
61
575
1787
29250
5
54
715
20079
14438
61
750
2952
515
24
5087
99
100
17049
76
486
27
331
8259
37
2050
13
16356
846
2
237
40
1347
1222
215
1308
244
628
278
1910
707
562
34
158
5
628
278
709
10860
61
331
215
99
330
61
808
9361
750
2952
27
2617
29250
61
14
2032
9
2033
571
57
316
61
87
32
57
316
6795
2278
34
122
763
27
11041
29251
6382
29252
61
2
15941
61
5748
9042
61
87
663
2278
34
525
562
104
14
29253
320
64
24
9303
23818
75
24
2190
1541
4720
23
2079
27
29254
262
1787
29250
61
324
76
54
715
20079
5
122
316
272
61
10681
29247
655
1950
76
342
23
29248
27
396
5
54
485
7458
13
817
23
24
1566
1347
58
29247
1770
13
4722
11593
262
251
1862
104
29255
5249
57
18851
23
11245
11246
61
11247
2971
2002
34
2617
29250
27
1447
87
503
14
890
1299
1300
823
5830
34
308
129
1510
4743
76
24
29256
4751
12439
21646
308
278
100
1745
91
29247
23
1202
2604
61
76
2709
57
372
23
29248
61
1489
13
24
2118
4810
25736
61
40
24
775
57
24
6795
840
2031
825
5885
542
218
27
10195
262
2617
29250
99
330
515
215
87
933
54
3236
23
8259
13
442
158
252
24
29247
4756
378
2
525
82
23
12092
61
26129
61
2617
29250
37
2255
153
61
12194
61
330
926
149
23
331
8651
6849
331
76
525
688
37
715
61
20079
61
5
515
926
149
20034
34
542
365
27
579
330
262
331
187
37
14
821
821
5613
227
27
1787
87
14
3486
635
111
61
821
18654
61
2931
496
215
912
3539
704
54
562
13
1018
27
331
396
912
7918
54
562
23
24
680
57
14
2628
8259
5
612
603
23
515
8259
29257
703
27
331
408
8234
9114
34
158
5
610
29258
24
16935
57
24
1016
1146
27
396
37
14
3991
111
27
396
37
2931
496
215
37
2931
13
8819
54
8259
5
610
369
574
308
13
8234
27
331
7222
57
29259
37
482
61
14
1862
1918
262
331
29260
34
1787
27
331
18240
262
6382
29252
61
324
76
525
583
1543
61
663
497
4743
655
1950
23
29248
29250
61
129
99
100
1950
64
310
3608
34
334
29247
501
5360
4051
1876
91
27804
37
29261
61
17317
515
215
105
25806
1277
76
29247
35
632
61
8484
29262
61
14
8567
34
24
5748
9042
9
1893
1435
61
750
24
9907
4883
1840
27
119
4756
718
738
6187
34
166
3133
5
10892
1298
1299
1300
57
372
4743
27
4810
1061
369
104
4238
4031
57
4019
24
4751
61
502
10553
218
6849
76
13931
21732
27
1447
87
709
1969
14733
34
29247
61
502
11643
76
25806
349
5086
5
13947
8490
5
29263
13
23642
61
29264
5
23000
5
7785
12979
27
29250
61
129
105
16644
29265
13
20378
1348
371
342
61
409
4663
3383
1348
215
17317
24
25806
5
4792
77
273
61
29262
330
27
396
87
1094
361
279
23
334
14140
4051
104
14
29253
320
5
87
23
2317
4382
27
396
87
1461
47
5
1950
185
54
1117
61
29262
330
27
29266
262
2617
29250
57
27804
37
29261
5352
11010
87
1253
536
8923
7479
64
215
1001
76
29247
342
23
29248
27
29250
87
663
361
279
58
9837
3360
4743
76
24
4756
305
223
262
1178
395
1046
29250
61
174
61
536
8923
7479
5
13923
34
342
23
29267
331
742
5086
87
29268
61
331
926
330
27
331
396
99
405
29269
5
19035
820
396
37
14
821
4013
1066
5
14
821
168
1066
61
5
215
912
2278
64
610
1825
5928
1463
1030
158
13
7180
27
331
742
485
61
129
105
4534
13
29248
76
158
61
105
4634
13
24
4744
34
14
1374
9
737
2158
35
632
61
484
215
1142
133
449
54
4382
27
691
278
1253
709
8151
57
24
4751
27
2952
19523
515
54
715
87
45
104
122
82
23
11245
11246
61
11247
61
40
87
4349
5
5101
76
485
27
4303
2267
13
29248
61
29250
61
129
8624
310
276
23
26129
23
427
61
105
3366
64
14
5663
104
259
804
9361
7628
61
5
215
1841
54
166
506
15473
35
506
27
1984
24
13139
61
215
5
54
715
1789
13
1813
3225
5
3896
445
54
393
15277
818
515
358
44
219
13
2604
13
1510
5396
310
29270
35
1372
27
691
285
13
29248
64
398
57
14
316
9
506
29271
76
27804
37
29261
27
331
119
29272
57
14
1066
1030
515
129
1520
61
577
628
629
2050
2604
61
628
629
2050
13
575
308
2296
846
24
594
61
577
183
2236
9198
13
723
61
331
7714
29273
61
5359
5
5171
57
29274
4810
7245
61
330
2414
61
10842
1341
27
331
187
9198
13
851
474
27
331
13904
262
2617
29250
37
715
5
272
285
185
14
2158
33
13
24
4744
484
215
2859
171
25806
23678
262
29250
5
29252
61
700
61
369
365
23
14140
61
502
87
1311
34
122
775
61
486
330
29275
29276
29277
61
129
105
731
310
276
76
158
61
750
24
9907
1840
515
215
149
244
5246
515
29250
105
1399
3383
23
7749
13
442
819
27
7313
57
29250
1950
23
29248
3193
158
23
669
29278
53
57
14
29279
4951
515
215
517
34
4615
14
257
655
371
29247
342
27
29252
105
4534
13
29248
76
525
583
27
579
3366
64
14
29280
61
15752
8923
19364
874
91
450
4014
1061
371
29247
342
23
29267
61
24
15941
379
1341
27
29252
5
525
583
1543
369
45
310
9896
61
40
1537
213
29270
76
2431
494
824
3269
4751
5
8439
9
16881
188
1146
14715
27
29281
2
15941
61
5748
9042
61
24
540
11258
316
760
484
3031
6180
61
55
13
4438
5
29282
484
3031
13
29248
27
331
187
37
144
1311
2108
61
331
525
19175
61
5295
259
23420
61
330
27
396
958
24
540
64
4797
61
21884
308
129
288
15049
13
817
5
442
167
24
19190
37
4789
27
4020
4014
262
4040
274
1950
76
29283
29284
29285
9402
13
1415
1449
13
342
2072
23
334
14140
351
104
24
29286
29247
322
116
23
29287
23
13347
29288
29289
262
13347
29288
1094
99
24
498
346
57
29247
597
61
104
29290
27
119
4720
2859
23
7440
1042
583
61
1543
61
11250
24
3554
2108
13
24
19190
18
22724
61
215
330
27
331
396
37
5957
61
331
23420
330
27
331
396
847
244
2236
107
76
54
715
27
579
912
23
14140
27
29247
87
821
4750
27
579
37
45
2931
758
27
187
37
18426
2108
27
331
119
4720
2859
23
7440
23
266
5
4722
13
14714
29248
5
13347
29288
23
3133
27
8519
29291
7627
185
2414
497
24
55
29253
5087
13
1067
23
334
4720
24
2118
4810
25736
1520
27
251
29292
5087
1950
23
24
1566
1077
505
237
751
27
7627
61
129
625
1903
64
14
310
6954
13
791
29253
3989
10385
3605
61
149
1950
64
14
1685
76
24
23000
5096
9576
104
24
1566
37
2704
320
61
24
259
29293
23178
9627
4040
2095
23
29267
27
4338
1068
3233
76
29247
61
215
149
319
13
14
322
4051
185
24
8970
57
24
4368
61
575
215
1077
61
330
29294
29295
61
334
382
450
3954
27
119
6646
4720
57
29247
99
4722
13
104
306
1413
2846
23
1202
2604
647
24
56
57
24
506
27
419
420
61
183
99
3138
29296
5284
61
5
4743
29297
27
29298
5310
2581
29248
61
7440
61
13347
29288
61
5
14684
27
119
4751
10553
218
6849
76
4089
61
1816
21732
1185
6849
76
4514
2
4743
308
1185
2609
27
187
99
503
14
890
1299
1300
823
5830
27
12054
16117
11828
26913
4527
104
29299
1709
23
14684
185
1078
1011
58
1048
23
2
29248
61
575
215
105
731
24
10925
57
54
2179
61
129
105
663
29300
13
24
4751
27
742
1669
663
1010
23
29301
185
1579
880
13
14684
61
14990
4789
515
24
4756
1099
278
663
2950
14
7482
1566
27
3809
12359
29302
61
29303
3770
57
29304
104
24
1956
57
6587
61
330
262
1687
816
24
4751
232
2050
23
14684
183
516
107
384
34
4814
27
1687
14684
99
1015
2383
76
24
1428
5
3096
622
29305
14684
61
7440
61
29248
5
13347
29288
369
1094
3572
90
7967
1221
40
4047
377
237
1099
45
107
6949
652
29247
99
334
29306
1272
57
316
13
6324
1267
5
718
45
107
4001
185
24
2697
27
17767
2581
175
5086
61
12979
5
1187
13
24
15926
1156
27
1447
87
709
4672
1185
14733
27
187
87
4722
91
6849
76
4743
4089
1185
622
13931
21732
27
993
4742
647
24820
1348
29247
149
55
1324
278
100
23
2604
61
76
24
3240
498
897
24947
361
29307
27
20174
262
119
4720
99
4722
13
7440
61
13347
29288
61
29248
5
99
1094
1745
14
111
23
420
1533
29308
2613
14684
27
119
4720
87
24
7061
1541
57
24
7456
4751
64
24
897
24947
29309
139
21646
397
24
897
24947
5923
13
204
23
29248
61
7440
5
13347
29288
61
14
5887
2787
1566
149
1143
18
24
4581
13
122
2534
501
57
29247
262
24
420
1533
29308
2613
5580
57
14684
27
14687
450
4948
17722
13
1728
24
4722
57
29247
185
1750
58
14
111
4703
76
32
57
24
1146
37
7061
4708
3793
183
91
1669
13
29299
61
2604
37
2704
1032
76
6324
5720
308
27
119
1217
515
24
29310
2
29248
44
4767
334
5396
1941
663
11258
582
4789
515
622
7967
44
1550
24
4751
2217
2604
343
13
5242
1614
57
7967
5
24
1217
29247
37
25806
369
2381
13
622
4708
27
14687
948
377
14
29253
111
1077
57
29247
23
14
29299
320
4386
58
7520
23
24
1566
185
207
27
187
87
24
55
501
57
29247
13
107
383
23
14684
647
24
6646
4720
1770
23
1202
2604
505
237
506
27
14687
4810
5856
29311
29312
330
704
29313
57
8678
23
24
1566
369
1094
185
331
471
150
331
5
450
948
369
2335
704
308
129
105
6849
76
24
13075
27
246
3607
5087
5
2495
9
57
9
316
1787
29250
149
371
29247
342
23
29267
61
29248
1348
215
17317
215
105
24
25806
246
1331
2276
4744
11281
2230
61
6382
29252
61
2
15941
61
5748
9042
61
5169
841
34
24
29256
4751
246
691
369
23
14140
64
358
1812
13
2051
24
4756
61
502
1755
308
13
11263
29314
5
2
24
2664
5
10892
1298
1299
1300
57
5284
246
12439
21646
308
278
100
1745
91
24
4756
23
1202
2604
246
364
175
499
29247
1141
2
13347
29288
5
29248
278
663
433
24
3582
9
32
1077
2414


