258
463
464
3968
261
262
33940
264
61
1371
1372
558
268
269
262
33940
264
61
1371
1372
558
251
2255
129
149
4001
76
3121
3976
655
7734
18
33941
1348
926
65
7764
13
14
4518
3059
627
170
880
218
525
322
27
33942
33943
648
926
105
14
12225
1499
30313
61
40
149
750
14
11583
23
525
3121
149
11579
1348
926
149
1656
9193
7734
27
11331
926
44
1522
14
2745
57
21617
515
149
244
15673
13
525
15643
318
5
926
65
7764
237
751
13
741
3583
5034
11793
61
104
30166
7628
27
33942
33943
330
76
31380
926
2831
278
3832
926
149
104
6076
4031
57
3121
3976
64
926
105
14
485
2079
57
24
4751
119
8474
9
2033
2
33944
438
33945
61
87
170
9
880
218
525
322
27
119
1785
34
2425
932
5717
1094
2881
1533
21617
5
14
3977
61
40
1520
926
99
309
6201
2002
3458
2
525
583
22209
61
70
27
589
33943
61
129
87
663
2255
13
30997
1072
61
1519
166
61
3249
149
244
5794
449
525
3121
11583
641
525
33946
330
926
2831
444
183
3881
133
27
11901
118
262
33942
76
5034
27
579
87
373
3981
3976
322
579
330
262
331
628
285
13
24
32
9
1728
3121
8505
104
30166
5
183
149
4001
646
5
935
515
628
105
14
8910
2710
20700
27
331
187
149
144
8632
61
1690
640
818
182
5
646
837
149
1013
1487
227
13
1019
449
183
27
305
515
222
61
628
648
577
496
87
237
2050
13
1018
13
707
15643
3059
778
577
27
331
119
2745
57
21617
515
628
105
1308
1013
2236
9922
15643
3046
5
628
149
15196
13
738
13
1751
4522
76
707
7741
27
331
628
1018
1013
1028
13
1018
2554
311
13
2208
40
13
7463
24
2219
4014
5
2002
628
278
309
30166
7628
27
331
143
628
1028
13
5605
1193
893
129
2743
2151
23
14
2381
4918
14
1440
57
840
5
16275
515
14
3121
3976
23913
61
3458
23
7741
61
87
45
24
1029
57
24
1146
5
515
183
718
107
14
841
61
1222
886
61
8999
27
331
569
3121
3976
23
7741
87
1296
9
183
22594
449
32
23
5435
7734
2282
9
183
87
24
594
1474
3976
4001
123
7741
27
33947
1308
1013
384
3121
3976
61
40
183
87
391
515
7741
14952
718
26314
24
2868
57
3121
3976
27
543
31380
61
589
33943
61
552
4015
87
692
61
718
850
515
926
149
104
14
175
4031
57
3121
3976
58
525
2343
5
316
33948
33949
288
4001
76
24
4751
27
579
330
262
331
727
1019
723
2354
19956
40
723
2354
45
61
5
183
1046
834
752
5812
10093
87
27
187
87
818
752
13
418
851
14907
6705
104
1193
636
5
1222
723
532
1407
61
1720
723
2354
5786
1185
5784
61
13
444
183
3881
133
27
331
246
2286
9
57
9
316
3249
648
3121
11583
149
14
12225
1499
30313
246
331
187
149
144
8632
61
1690
640
818
182
61
331
926
330
57
525
3976
23913
246
33950
7764
13
741
3583
5034
11793
237
751
5
99
14
692
4015


