144
6895
2349
135
33
0
106
17789
14
163
0
1972
225
6
5
145
9
6
9
105
23
36
18667
49
713
3772
7
79
608
82
2
16675
3311
467
27
142
6
830
56
36
10
118
406
1
4995
0
2524
4
31473
11
279
2
203
1712
6
0
4128
9
83
1
204
12
105
1443
2646
150
36
10
542
1
163
27
1547
12
0
222
233
90
91
482
3
186
3
225
644
2
16675
3311
1
137
93
7
526
1
515
6
1418
1034
11
3836
28
5
8269
9
83
3331
583
2
191
1
122
1
23
37
4289
9
83
7
1098
56
106
443
27
787
56
36
732
3
1070
49
3
186
3
225
3085
4
14489
635
836
0
6988
957
145
1
28
4508
7
3375
13
374
2511
494
311
133
23
36
3181
5
146
4
5
272
70
905
11
3836
28
5
8269
9
83
3331
583
23
21
3618
7
1266
2
378
4011
904
372
1
0
891
68
10931
1796
4375
1
3597
1
78
3311
38
490
4056
16
35
308
14016
212
152
69
0
142
6
37
2524
447
1
2995
42
1193
4
123
762
14
1193
2
35
24
29
2725
0
128
536
1106
14
25
47
2857
3
1231
2524
75
28
66
11
5
1710
894
6
71
2
35
24
58
32
2036
7
95
2102
43
24
41
3
84
86
2
2607
38
33
148
3140
7
136
2124
1
0
2524
4
0
31473
1
392
29
0
3007
2647
6
0
25354
2086
0
186
306
129
3311
34
67
85
713
2178
12
27
1020
585
1536
7
2581
56
36
20616
13429
4543
11
0
2524
4
175
5
12708
2
96
34
10107
316
3772
31
0
71
36
10
118
598
2
1722
82
192
36
1691
5
642
5367
4
219
12
5
4056
8228
17
27
123
2340
7911
1133
2
16675
3311
13
137
7
151
17
5
0
222
5681
12
27
225
2
380
48
3020
1
36
482
99
3
186
39
3836
72
2034
28
5
13358
9
83
211
1029
28
2717
2
96
34
1031
3
185
27
17
25355
45
3122
27
1276
1254
969
4
10
856
11
316
347
1
45
123
4822
434
3
71
36
444
12
21377
101
522
411
36
10
452
187
1326
17
27
200
284
56
36
10
289
5
643
554
39
91
780
17
5
2902
2248
8477
17
1923
4280
3380
28
37
83
16085
47
102
2
4000
7
460
151
3311
10
99
7
186
39
3836
72
2034
28
5
13358
9
83
211
1029
28
2717
2
96
34
1031
3
185
27
17
25355
45
3122
27
1276
1254
969
2
96
10
856
11
316
347
45
4822
434
3
71
36
444
12
21377
2
15
776
3085
2314
79
64
187
192
39
0
8269
83
583
34
40
93
24849
12
19
122
243
31
49
3
105
10320
4
10
1029
2515
43945
7
19
122
2083
4
619
2
15
186
306
23
5
768
6
0
10320
1
0
583
2217
3
1450
1
1477
17
5
2610
4
34
10610
3
185
17
48
1899
576
199
23
17835
4
5288
4
19407
19
3321
2
52
444
148
6
0
132
2197
12
19
1266
549
0
640
898
1589
7
5
10473
1263
4
887
19
917
661
114
6
19
8148
1157
4
3
1207
0
10610
3
226
7
4
55
2
89
1679
21378
4524
22
3311
4
27
280
58
1886
5348
140
363
0
583
47
260
4
473
219
69
0
1589
3
1447
1187
4
5268
2
271
21378
22
16
8
15
583
1
12
169
2646
1
10
2167
11
88
3
84
48
2
52
47
5
11444
130
4
20
278
1
5236
0
298
2
8
89
0
130
2249
106
4
22
5
16343
3931
279
21
10
3163
34
40
1923
2
15
3818
492
128
1689
63
3311
4
27
280
91
7
0
1589
4
36
10
100
879
2954
2
89
81
484
406
1
36
574
49
20
19
102
4
56
0
583
78
27
3
165
184
1
36
210
27
619
94
19
5295
2
271
21378
176
16
8
96
10
350
11
279
45
114
36
107
141
325
156
1
36
43946
0
4071
6
19
1370
2020
18668
4
1145
72
316
2
96
10
1359
3
59
63
27
126
23
36
107
48
2
249
21
408
36
34
204
0
279
1
21
4800
20
27
311
2
8
4011
904
372
1
113
16675
3311
1
6
4508
1
3375
1
10
856
11
67
85
146
82
2
15
186
306
129
36
34
1654
713
2178
7
608
82
15
4176
22
0
583
2755
3311
47
11316
4
180
27
5
5274
1
45
36
1047
456
4
93
2
249
19
14880
806
760
39
1
21
115
0
3818
1360
55
6
19
1528
1
4110
3055
4
7128
4
692
1006
385
10
821
2
15
8269
9
83
78
59
110
34
510
4
0
14880
180
0
106
2
3311
192
1243
91
7
0
130
47
102
4
366
21
10
15066
114
21
10
5
8
1509
21379
2
8
96
123
932
36
34
204
0
583
47
279
11
4033
11
1166
707
8142
1319
14
36
34
289
59
2
101
11405
1480
13624
523
31474
22
3311
10
98
12
6568
4
176
16
8
96
43947
0
1525
48
2011
30
34
2
31475
5216
13
109
100
108
5216
330
3
130
2
8
2607
38
33
7911
3
2340
163
0
568
583
9653
20
0
71
6
0
2011
4
44
46
84
711
44
73
3
17384
42
252
11
14
642
2
8
68
31474
61
1039
5
723
6
2786
3
0
186
28
3311
50
22
16
8
24
86
2859
188
3
2115
49
7
0
22685
596
4
41
2973
113
24
322
159
3
124
95
679
28
2
8
24
659
41
5
849
447
4
24
183
14
25
10
821
2
24
322
2426
28
0
1857
6
95
664
2
8
26
2475
9
6
9
105
16675
3311
30
18667
49
713
3772
7
608
82
26
4128
9
83
1
28
4508
1
3375
1
309
142
6
830
56
36
10
406
26
2403
7
1034
39
2703
36
3122
28
5
8269
9
83
3331
583
26
7991
36
13
8
2426
28
0
1857
6
95
664
8
7
723
3
186
26
203
17789
163
1972
225
6
673
1020


