44786
8
44787
31
1432
3137
1288
3269
1483
53
44788
27578
72
44789
51
1978
169
9793
2228
84
66
29
218
14047
218
1315
85
2696
218
563
1584
5196
245
218
4175
9
6159
16
30576
44790
31850
21488
15
863
13
14
92
47
300
54
67
14
66
29
3
29
1
158
56
66
181
66
29
4190
0
207
2
44791
30123
13
44792
65
8465
21505
9695
930
44793
44794
1
4
112
92
47
158
0
7088
880
6
66
248
3
2378
1375
25556
62
2372
9761
9
31543
54
1152
1
66
33
159
3
252
25
12
212
6986
2
1432
3137
4
3269
1483
29
2453
42
4810
17
400
22900
4
18761
2
135
1709
896
25342
1
80
28
0
6036
1669
1
28
5086
4
44795
7
1201
1
3
44796
31851
7
0
1121
4
35
25557
44797
44798
7
0
336
2
135
3845
42
8885
11756
1
4
123
355
282
0
8342
11
54
6
42
1545
12045
2
19451
1
112
388
1
29
0
8052
6
996
31852
4
31853
14539
40
86
44799
3495
7
5
957
672
2
31854
1824
189
1
4039
17261
4029
16
56
21
2751
3
35
5
6061
3
44800
1
21
10
1614
1359
63
5
231
9
889
11128
1
5179
31
19
1545
3156
1
7254
3408
47
2633
2
334
54
199
8354
1
17086
31480
25558
7
19
2826
18058
241
39
216
1
44801
44802
10
658
3
29
4161
19
1266
2
5086
10
1
23
60
183
1
5
19692
1
45
67
114
21
34
5
13382
1976
11
832
85
114
21
107
141
109
0
4122
2
380
418
2646
7
0
28397
1
21
44803
94
15376
11888
8477
17
10241
1
2398
4
27880
7339
1
4
1365
21506
14
92
10
35
739
419
85
5
2398
44804
2
52
34
414
626
9
44805
1
4
118
112
2998
6
88
34
1376
420
647
1627
379
6
13522
5
8064
10
25
4126
1161
11
0
44806
2
52
392
29
4109
5
396
6
25559
626
2
1978
107
44807
383
1268
47
796
8064
218
2499
25
10
273
3
32
1495
13533
47
1545
1
86
100
1233
1340
76
3572
3
517
25
103
0
8580
1
79
7
276
21
12539
7
11
2051
2
25560
44808
2977
17
5
1132
9758
3
10547
156
626
21
10
1031
2
281
25
34
141
40
12987
4
3589
1
21
44809
850
21
10
1773
20
3416
44810
1307
12
3
0
898
4
2548
25
23
416
184
28
59
23
686
2
11739
7621
34
316
20890
1
4
2137
481
20
277
6
88
1534
105
4029
5
132
11
59
458
21
10
92
62
41
2
52
34
19
8126
198
2176
49
4
2256
7
1034
11
25561
54
6
19
44811
3
193
2
318
3685
3237
10
25562
1783
17
7528
4
10792
2
334
7621
10
1397
7
1838
1
5
743
3207
920
6
44812
2511
10
115
7
19
20250
2
11474
14261
3438
25562
1783
1
253
1
45
25
206
29
40
0
773
6
19
6123
31855
2
380
5
703
3
19
9197
7
1686
1
1961
3453
10
3036
41
3
2005
5
1906
1
21507
21
32
12172
24940
2
7901
25563
6
22818
9553
44813
12942
1
0
670
25564
6
0
30268
12764
1
1225
56
12476
4
4109
23
5
8354
109
12937
2
1461
14905
44814
6
0
2782
2117
3652
4
31850
21488
6
15712
43
7831
3
1616
996
6973
2
21488
1243
25
16
35
57
47
253
25565
11
9884
2242
21
6561
49
3
775
23605
5
132
2
238
349
17240
21
4243
1041
9618
31856
1
1264
7413
31857
1
44815
1
1189
14011
4
44816
2
53
25566
212
31857
5659
4
24071
88
17
5
305
21508
4
25221
1
17
3742
4
6956
3
4122
2
51
31858
44817
9
44818
10
5
6305
44819
38
1886
175
2592
4166
90
1740
4
865
3392
119
21
10
2042
1
687
14340
3
1910
156
2600
626
28
19
2803
2
17275
13687
47
5840
9
15999
227
44820
1
1189
3
5102
7
42
747
953
1
1122
0
1573
3
1070
99
114
44
34
4913
3
934
3429
2
852
3
19
10198
3156
1
5633
47
2372
9761
9
44821
35
1824
3793
1910
86
2541
14
21
76
454
2042
25
56
97
2803
10
170
44822
4
97
5767
170
44823
2
5446
0
148
645
24104
11403
1
609
1
10
44824
15128
1
38
10
44825
0
31859
6
5361
1
2541
4364
1612
90
2942
4378
10
529
2
318
1545
8729
553
5
5361
1
2541
1
5692
2449
453
0
1099
16075
2
3137
4
1483
44826
0
8342
323
45
1
8410
1
517
0
16075
55
6
25
2
1768
8629
672
13
24281
2803
9
7004
4
2309
9
2415
2
24
4996
110
47
11
1740
218
26
1432
3137
4
3269
1483
29
25506
896
25342
26
135
3845
42
8885
11756
4
355
5
8342
11
277
54
26
31854
1824
189
17261
4029
4
5086
10
5
19692
26
44827
13
1268
18
796
8064
114
25
10
1495
13533
18
1545


