258
17919
13272
261
262
28450
264
61
608
534
1268
268
269
262
32437
264
61
608
534
1268
251
7160
99
53
1533
1284
1389
21546
23
144
316
454
2
14
2755
3306
26983
61
1775
2406
10456
27
8465
2406
278
6903
13716
5717
57
331
181
331
2726
58
183
953
515
14
414
12764
3306
23
53467
61
3050
99
100
4723
34
17210
44232
1145
1389
18194
14
257
27
1843
3306
26983
23
1317
13716
2321
116
149
837
64
27597
61
5812
1389
7591
18
24
1271
1272
27
251
3486
26288
262
119
53468
9
537
3306
26983
575
5113
278
105
13
3896
1389
53469
23
53467
61
3050
17027
5802
1543
2006
61
129
149
19413
23
1372
61
27338
14
24600
57
23115
8497
58
24
7160
510
18
3031
14752
13625
2
642
27
119
6918
1367
515
23
1372
5
4824
61
2406
590
133
1389
53470
23
17210
2
24
498
9
24862
26983
23
53467
61
5
1389
53471
2
24
32
23
13716
27
808
2006
61
129
149
2104
14
3486
185
1372
2584
61
330
262
331
187
87
821
8237
5
628
1019
183
1046
24
7160
87
45
361
27332
27
331
119
4006
515
628
516
1153
87
181
27
628
1018
2236
2245
24
7160
87
144
5049
5113
64
8661
27
331
5115
3486
3862
1389
10560
61
40
87
15717
13
1389
2744
1222
2406
3896
362
316
3133
27
119
3050
2321
87
23
8794
941
5
1579
9668
369
4173
37803
27
9348
13654
262
119
622
26983
23
13716
2321
116
575
5113
105
13
3896
1389
7591
23
17210
419
2321
6620
13188
1459
1533
57
24
3306
31937
61
502
369
14423
34
3031
14752
23
3023
13
1728
31937
3431
12225
1348
14752
10123
1292
27
53472
89
24
16212
351
87
14
758
9
1969
3258
23
24
12973
8799
61
5
87
958
64
331
5773
5
4996
23
14
3306
26983
1348
1429
331
27
53473
12007
7165
10053
61
26068
1821
19759
61
330
215
149
331
5246
331
91
24
175
2488
27
331
119
6553
87
13
444
24
9668
3031
61
331
215
330
27
331
162
707
18223
183
87
1013
13
4568
14722
27
331
119
31864
10123
47288
830
185
24
2190
26983
61
9013
35
751
831
2150
24
14752
149
53474
33
27
842
515
87
45
14
106
1607
308
2831
6246
24
3306
26983
1348
24
4472
87
1013
3466
27
331
24166
548
262
53475
61
496
87
648
13
107
32
57
24
5690
515
4639
2406
331
42447
119
13716
1177
3830
8514
24
4824
6918
58
808
2006
3283
24
6918
34
1372
27
251
13716
5717
1609
330
262
331
408
600
1550
1193
11572
14616
89
3229
1348
8331
14
501
27
331
10306
129
1014
358
288
19413
11639
1393
55
12417
13
24
7160
2933
61
935
13
334
3103
53476
9
40
3096
3896
47
61
652
57
24
227
5
29506
2933
27
143
1222
5113
1248
334
12417
104
24
498
1191
61
358
278
13
3896
104
24
1751
1389
10560
5830
5
8838
1347
278
13
2922
24
7160
37
3862
27
13161
6209
6
13162
99
807
9217
2367
185
13177
34
24490
331
18
9
42051
331
14752
1123
3774
61
3924
218
2055
27
258
3802
61
3225
2
17210
1393
107
1399
33
89
437
11213
1185
1857
10789
61
58
361
1129
13
3896
34
24
3958
57
13625
27
246
53477
4277
1389
10560
621
288
2104
133
91
13716
5717
61
3050
246
331
53478
331
2321
6620
13188
278
319
18
14752
13625
2
642
246
1843
3306
26983
1317
11258
2276
1389
7591
23
24
1271
1272
246
13115
262
331
187
37
8237
5
183
1046
24
7160
87
45
361
27332
331


