15
530
11
8
11927
2194
8
9
0
5359
35633
2960
12
0
2576
6
136
3555
571
9
30
204
5
111
1070
1763
3
0
15953
6
5
2734
12756
2
17628
16989
1
37
12756
20
0
577
15114
6
1739
7
3887
1363
6952
1
131
0
14848
16965
6
501
9786
1334
2026
19296
17247
14
5
2960
146
278
0
912
6
1177
13
56630
140
136
2508
7
0
25340
6
0
3555
571
2
11927
2194
9
2505
12959
9
909
98
14
19297
30
40
56631
3
5
8377
2960
9
30
40
3449
35633
11
2318
1
45
30
202
40
6624
2
16989
5909
0
16965
6
10732
19298
3028
3330
9
501
1334
4
8377
10317
9
4
22
14
231
3330
532
3
32
27012
103
9
733
1292
3
42
539
16965
2
15
19130
2960
9
146
278
0
912
6
1177
9
46
9879
2026
19296
4
19297
4
773
23016
7
0
19298
3028
6
10281
52
78
10795
20
0
513
27183
2758
12
426
14
0
148
623
1164
11
0
14848
16965
10
5
8
24767
9
2379
3555
5739
8
9
5
12592
265
6
2960
912
14
13
2131
511
3
356
0
19298
3028
3330
2
52
1273
0
2960
58
32
146
278
2959
85
1177
9
140
0
912
6
56632
4
58
32
9743
1261
724
28
0
2508
1
62
63
6429
278
557
85
0
1177
2
19660
37
7300
0
912
6
7269
12
37
14848
5546
14
1082
25
3
647
178
1261
724
6
0
2508
9
373
3
19296
18
5546
9
76
32
0
3966
2
360
1
434
3
0
10592
553
1
25
46
32
1905
3
11
56633
10795
3
2596
5
9790
6
0
19130
9136
848
6
136
3555
571
2
1544
1356
9
2960
19297
13
504
3
1167
1763
3
0
10592
553
2
15
19298
3028
2984
12
0
7446
6
136
3555
571
1
4
11709
17247
5
2960
61
27462
55
92
15
3555
571
23
60
183
25
1
1045
53
14492
9
15945
51
1
15814
1
20129
1
1177
1
7269
1
9268
1
21834
1
56634
4
19296
657
108
10795
33
12
0
17621
4438
1
44
29
10902
19
5945
2
3879
15606
1
28
0
422
6
1134
78
577
15259
14
16989
8
30
2823
55
5
152
3
2805
129
199
5
2960
76
31621
1345
6
136
3555
571
2
8
788
119
1
3860
1
0
530
254
74
6628
602
1
24
273
0
2959
547
10
14
21
738
282
14
92
33
1678
3
325
14
530
2
8
24
84
74
181
21
228
30
156
530
14
2744
25
13
55
92
2
8
56635
56636
1
28
0
12587
1782
3182
7
9287
1
2754
1
22
16
8
57
1181
5246
3
121
14
5
885
3555
886
5739
23
501
23
19296
76
29
0
1593
21
2417
2
8
885
89
886
24
183
17628
1
4
24
351
662
21
107
0
11709
122
2
8
15
1033
6588
2960
1
19297
1
13
54
6
0
1404
6
0
19298
3028
8377
10317
1
20
125
12130
724
1456
2
57
213
15920
31
0
1147
27183
1809
7
1570
11
2036
3
1118
80
0
12071
6
5
8
2960
8
1
18879
14
97
2379
13
41
6931
511
3
536
97
5546
6
3189
3330
2
26
56637
3
16965
6
10281
2026
19297
17247
5487
2960
13
56638
20
88
1
327
12756


