119
594
23
9
5100
7075
23
465
278
100
901
76
1747
465
61
1605
1747
5713
5
5618
22873
24
2580
27
53319
23
23624
37
2923
9
527
510
133
908
2697
23
53320
2580
57
2871
53321
331
21602
34
24
169
5769
23
14
3125
61
76
29319
7989
53322
2467
23
104
346
316
27
1605
1747
5713
105
24
594
7075
23
24
908
890
61
167
1747
465
3477
133
24
908
316
15603
61
76
1413
7075
185
24
2580
27
521
159
34
522
1134
1413
9
8700
1563
23
53319
61
23
24
2923
9
527
7989
57
23624
61
1747
465
61
6586
34
2947
53323
5720
35
751
53319
510
133
908
2697
23
53324
908
890
2580
57
53325
21602
34
24
169
5769
23
14
3125
1134
1563
87
34
1560
23
53322
61
502
6275
53319
23
24
2923
9
527
57
23624
61
5
650
23
104
346
316
185
24
2580
119
2930
99
100
4431
34
1533
1284
2947
31040
5720
5
20250
166
16231
61
316
18807
5
166
10931
16138
290
32086
23
7058
37
7784
650
23
104
346
166
61
53326
23
7058
37
7328
9
7784
7427
104
346
1413
61
53327
23
24
1032
37
527
650
23
104
346
360
5
53328
23
24
31321
1202
16709
133
24
2580
104
346
890
27
119
2871
53321
331
21602
6095
7075
1489
13
502
2788
278
24
594
346
57
4166
11484
1299
30286
61
18
14
1272
57
166
454
27
8341
7986
7075
663
53
24
2580
61
76
39240
5748
23
7023
37
7328
9
528
2467
23
104
346
190
27
33083
5
49599
61
365
23
7023
37
528
61
288
663
3866
185
24
534
267
13
266
5392
2580
61
2467
23
104
346
533
5
363
13823
27
305
346
166
185
24
2580
149
24
1605
1747
5713
7989
57
290
32086
27
1134
1563
87
34
1560
23
290
32086
61
23
7058
912
7784
119
53329
2979
2930
99
166
16231
61
32
4549
61
14
10931
1584
61
5
87
1622
13
1532
34
1533
1284
2947
53330
305
346
1413
185
24
2580
149
24
1605
1747
5713
7989
57
53326
27
1134
1563
87
34
1560
23
53326
61
23
7058
912
7328
9
7784
119
1413
9
8700
1563
104
1371
53331
17909
6302
185
14
53332
2979
2930
27
187
663
99
166
18807
5
316
10931
16138
32110
267
9
53333
5392
16
27
53319
69
15532
71
15
27
53322
69
15532
71
2778
27
290
32086
69
10926
71
916
27
53326
69
10926
71
1507
27
53327
69
10926
71
608
27
39240
5748
69
53334
71
741
27
53335
3274
69
15532
71
4884
27
33083
69
53334
71
2779
27
49599
69
53334
71
890
27
53328
69
10926
71
53336
267
9
53337
267
16
27
53319
69
15532
71
15
27
53322
69
15532
71
2778
27
53338
69
10926
71
916
27
53339
69
15532
71
1507
27
12504
3274
69
53334
71
608
27
53322
3274
69
15532
71
741
27
53326
69
10926
71
4884
27
16361
3274
69
53340
71
2779
27
25172
44620
69
10926
71
890
27
39240
5748
69
53334
71
842
490
638
45
2457
61
76
24
32
7989
13
107
3866
23
35
5769
37
2580
9
16361
3274
23
527
9
528
7627
1221
2555
133
57
24
908
890
27
331
49364
369
24356
24
14780
1747
870
15284
5605
502
1099
3934
1607
4656
369
3031
868
2
490
2788
61
331
53320
219
57
3197
1704
4476
330
27
18940
6833
20671
11737
3608
3507
18940
330
1747
870
15284
288
3360
1533
8363
13
32193
61
343
13
24
1779
37
23085
8678
131
27
1134
1563
23
53327
61
23
24
11035
7989
57
7058
61
6586
34
2947
53341
5720
35
751
27
53327
149
346
360
185
24
2580
305
346
190
185
24
2580
149
24
7986
7989
57
39240
5748
27
1134
1563
87
34
1560
23
39240
61
23
7023
912
7328
9
528
119
9800
61
1572
61
1413
9
8700
2930
104
30922
2436
53342
6036
87
1622
13
1532
34
1533
1284
2947
6894
1134
1563
87
34
1560
23
53335
3274
61
23
23624
912
7328
9
528
27
119
53343
7989
650
23
104
346
374
185
24
2580
119
166
9
8700
1563
99
316
18807
61
14
2239
8766
61
316
10931
16138
5
87
503
14
2347
48237
584
2
24
5978
331
993
18883
57
24
4939
369
537
104
2930
109
27
2947
6912
718
444
723
14
729
82
23
14
6201
2923
1032
1845
655
237
1623
1099
45
444
723
822
14780
23
622
3752
61
331
808
18940
330
27
1747
465
37
53319
5
53322
663
4627
24
3240
5769
37
2580
27
162
24
1271
5769
35
506
61
24
908
1413
7075
288
53344
23
10926
61
12504
3274
23
5618
61
53339
23
15532
5
53345
6531
23
10926
27
16917
57
542
288
1039
23
237
5769
37
908
890
27
305
346
533
185
24
2580
149
24
7986
7989
57
33083
27
1134
1563
23
33083
61
23
7023
912
528
61
6586
34
2947
53346
119
1413
9
8700
1563
99
316
18807
61
316
10931
16138
61
1628
8281
53347
5
1572
2797
9909
331
1447
149
14
1842
1533
2975
1795
7058
912
7485
7075
349
53344
5
53345
6531
35
506
502
99
5178
13
2788
23
24
7784
76
7075
290
32086
5
53328
14022
14
175
346
57
4656
61
331
808
4476
330
61
331
187
10440
515
1508
2603
2788
369
9558
2381
26217
104
14
1533
23085
1623
27
331
3116
45598
24
2580
61
53348
12785
24
346
57
18286
1299
7989
69
503
349
7075
76
1533
1284
1011
2930
39555
71
18
166
454
27
119
346
57
18286
87
935
4982
76
24
346
57
15284
4431
23
24
351
61
5
7075
369
11956
13
3193
24
2788
575
5100
53349
8051
27
305
346
363
185
24
2580
149
24
7986
7989
57
49599
27
1134
49599
1563
87
1622
13
1532
34
1533
1284
2947
53057
305
346
1413
185
24
2580
149
24
1605
1747
5713
7989
57
53328
27
1134
53328
1563
6586
34
2947
36351
5720
119
360
9
8700
2930
99
1413
18807
61
316
10931
16138
5
20250
36219
7095
18
12243
13071
5200
246
119
594
23
9
5100
7075
23
465
278
100
901
23
1747
465
61
1605
1747
5713
5
5618
246
53319
5
53322
61
23
23624
37
2923
9
527
61
510
133
24
346
32
5
346
316
15603
185
24
2580
246
1605
1747
5713
105
24
594
7075
23
24
908
890
61
76
1413
7075
185
24
53348
2580
349
290
32086
61
53326
61
53327
5
53328
246
53350
369
11956
1489
13
24
2788
515
278
24
594
346
57
4166
11484
1299
30286


