119
4930
57
49414
2782
87
38965
14
6778
8419
27
49415
49416
99
4934
6993
13
49417
24
965
522
2544
31481
147
237
506
27
5305
49414
2782
3641
61
24
40402
2544
4128
14
49418
4107
61
761
9
2175
5180
5
334
4166
4162
522
7279
27
521
159
34
522
49414
2782
3641
4128
14
49418
4107
5
4166
4162
522
7279
27
187
825
3553
110
64
334
47
9
5
9
2467
22285
23
14
30644
4211
61
5
2053
57
2505
1817
76
1117
9
18285
5442
61
110
825
850
14
55
9
1066
1772
57
122
4211
5
8156
26123
91
3078
5180
69
1253
71
119
2544
825
3553
110
64
334
47
9
5
9
2467
22285
23
14
30644
4211
27
6117
57
2505
1817
76
1117
9
18285
5442
61
20909
43082
825
850
14
55
9
1066
1772
57
122
4211
78
5
8156
26123
91
3078
5180
27
1936
1579
6282
23
427
24
49414
2782
3232
4627
2947
15
2843
69
1389
22937
2843
71
23
3197
40
49415
8322
24
31481
23
555
58
3197
19477
27
119
49414
2782
3328
3522
35
751
37
49419
515
15199
9445
23378
49420
87
749
33
1579
2534
3368
3232
27
1936
1579
6282
23
427
24
49414
2782
3232
4627
2947
15
2843
69
1389
22937
2843
71
23
3197
40
49415
8322
24
31481
23
555
58
3197
19477
27
49414
2782
3641
69
49418
4107
324
71
825
107
407
23
24
3475
34
24
23775
916
61
4544
999
61
23775
2778
61
4544
12913
61
35478
8619
5
32244
49415
6359
334
836
23
1605
1606
35
2356
13
10695
24
6993
61
76
16195
1773
17601
49421
804
49422
5
7901
15916
49423
27
49414
2782
3641
87
14
40402
4203
57
24
965
4162
31481
49414
2782
27
187
4128
14
49418
4107
5
4166
4162
522
7279
27
187
825
3553
110
64
334
47
9
5
9
2467
22285
23
14
30644
4211
61
5
2053
57
2505
1817
76
1117
9
18285
5442
61
110
825
850
14
55
9
1066
1772
57
122
4211
5
8156
26123
91
3078
5180
27
49414
2782
3641
825
107
407
23
24
3475
34
24
23775
916
61
4544
999
61
23775
2778
61
4544
12913
5
35478
49424
119
1751
2544
825
663
107
787
185
331
5330
3824
1133
331
5
24
3952
330
1533
952
516
107
4934
387
27
187
825
2457
4179
2
16195
1773
17601
61
1003
49425
49426
61
119
49427
61
35955
119
49428
61
49429
61
13529
4489
61
119
3623
618
30785
5
2007
7314
27
49414
2782
3641
825
107
407
23
24
3475
34
24
23775
916
61
4544
999
61
23775
2778
61
4544
12913
5
35478
49424
119
1751
2544
825
663
107
787
185
331
5330
3824
1133
331
5
24
3952
330
1533
952
825
107
4934
387
27
49414
2782
3641
825
2457
4179
2
16195
1773
17601
61
1003
49425
49426
61
119
49427
61
35955
119
49428
61
49429
61
13529
4489
61
119
3623
618
30785
5
2007
7314
27
12862
23
24
2572
5
7144
718
1374
9
3023
24
2544
61
502
663
726
76
24
49418
4107
61
4205
49415
37
1783
34
2947
6197
27
119
2544
87
1622
13
4204
16319
61
637
952
449
1374
9
8821
5
14
5361
1987
278
244
100
4934
27
2318
61
49414
2782
3484
825
107
14
331
5411
4849
57
4162
6465
575
723
5
851
4107
18408
369
24
3022
331
61
330
24
3952
27
16948
57
6465
825
107
787
104
4204
10554
1245
25146
57
4162
61
76
582
6465
13428
359
13
24
1804
9
47
27
10896
825
107
644
13
2502
49430
3641
2241
334
3207
7717
40
49431
87
14
5362
24912
818
825
2296
13
107
4166
27
2318
61
49414
2782
3484
69
324
71
825
107
14
331
5411
4849
57
4162
6465
575
723
5
851
4107
18408
369
24
3022
331
61
330
24
3952
27
16948
57
6465
825
107
787
104
4204
10554
1245
25146
57
4162
61
76
582
6465
13428
359
13
24
1804
9
47
246
49415
49416
99
4934
6993
13
49417
24
965
2544
246
49414
2782
3641
4128
14
49418
4107
5
761
9
2175
5180
246
17028
825
663
4204
49414
2782
3641
3484
9
334
4166
4162
522
7279
246
25347
5
4107
718
107
1374
9
1599
23
24
2572
5
7144
34
2947
6197


