999
57
24
43
129
149
12561
185
2043
20642
655
1950
104
999
2118
20643
2095
185
202
87
3992
54
679
57
24
8332
2956
1724
215
53
13
54
715
27
6781
20644
61
57
20645
2916
61
1605
6414
61
1520
215
289
54
715
20646
13
377
20647
61
19556
57
496
149
2050
13
2191
13
158
5
1382
3036
20648
6781
6801
64
358
20649
5226
11228
175
655
1950
104
24
20650
27
119
316
288
12561
34
1298
146
484
273
57
24
14749
3789
57
1605
1606
1789
13
1714
542
91
2058
218
14
5584
57
929
185
24
20651
674
5
5885
542
23
13
451
27
521
159
34
522
14486
3586
262
6781
20644
69
702
71
61
32
57
24
3036
20652
104
999
2118
20643
2095
515
149
12561
202
61
99
3283
215
289
54
715
13
377
3586
61
19556
1222
215
516
221
183
6503
13
451
262
119
55
3036
20648
87
31
23
13
999
2118
20643
2095
91
273
57
20653
185
202
12684
257
262
119
316
43
1949
1298
146
18155
5226
4900
175
58
122
20654
4527
61
20655
542
185
24
83
57
24
1071
331
628
1018
1013
639
496
912
2050
13
2191
61
331
6781
1520
215
750
54
715
1348
215
289
27
331
408
2354
1189
175
27
628
1018
1013
639
1222
1185
834
183
912
2050
13
1456
133
27
331
1331
61
1489
13
24
1605
1606
3801
61
215
1770
13
377
54
20656
23
501
24
2190
640
27
331
628
603
723
61
331
215
750
54
715
27
331
16600
4014
57
24
272
27
331
4303
262
1856
57
20653
1650
438
6801
5
20644
64
358
5558
24
512
880
13
444
24
43
13
451
4338
262
5447
61
14
4608
149
164
23
24
929
5
24
316
43
288
31
23
1331
54
2956
1077
27
20646
5
7648
688
177
935
1949
24
1462
2277
20034
23
122
2797
1547
61
2456
515
1690
516
1456
133
34
24
512
27
143
183
638
61
1348
6329
58
15
5977
24
43
288
31
23
2
122
20657
61
2241
1193
947
27
119
43
288
935
4410
13
19848
7628
575
358
288
279
34
20658
20659
27
246
6781
20644
149
32
57
24
316
3036
20652
12561
185
999
2118
20643
2095
1348
122
20654
5145
185
202
246
119
316
1949
1298
146
18155
23
24
90
484
358
288
8401
91
273
57
20653
246
20644
61
57
20645
2916
61
1605
6414
61
289
54
715
104
32
222
13
377
3586
5
3204
525
834
822
215
1689
525


