139
13
0
604
14
743
752
5
1278
19
142
56
21
5759
5902
1057
94
5
2371
39
8098
99
3
1123
5
706
67
10052
7
19
303
2
1306
2601
1
591
1
28
6787
1
865
12
0
81
389
6
0
81
132
6
5
164
7282
919
7
0
18271
120
272
9
877
2
52
556
972
3283
3
19
1942
45
14133
1671
0
3937
3744
18658
2
15
16738
604
16
1306
2601
175
48
5863
0
638
90
21
865
12
0
81
132
6
5
164
7282
919
7
0
18271
1306
18
579
16
997
21067
103
4600
4
972
120
0
1219
21
118
735
520
11
972
3283
12
19
1942
39
19
2826
10
1922
49
3
19
13058
120
0
10227
1306
18
1586
52540
1
3931
0
81
604
21
175
1
61
1671
0
1219
2
52
22
16
8
15
2639
1110
810
923
98
1
45
92
13
41
5
3500
12
25
2
334
24
34
1141
1840
24
79
408
25
92
4
469
3
1070
25
12
45
25
58
74
2
1437
1
56
24
213
3
0
286
4
25
34
12476
55
1
25
574
12
2
8
10551
4162
1
2934
1
22
1306
10
3946
0
391
170
614
2
1306
34
2183
0
974
58
1018
59
5
391
9487
45
19
83
1132
1671
96
22
16
8
1306
30
40
39
37
1586
399
11
4028
4
56
25
58
74
1070
12
1
21
273
21
10
159
3
124
5
111
54
2
89
60
33
5362
25
224
12
114
14
10
56
21
87
1002
3
121
2
8
581
315
34
40
78
14
21
34
40
7293
103
1
45
60
107
74
183
63
156
579
2
318
391
627
99
12
10
109
25
10
1413
3
32
2
8
1306
22
16
8
24
10
1418
9971
317
799
6
0
10052
1
4
24
10
63
3
210
95
391
184
56
24
309
3
5530
4
1208
95
14248
2
24
10
3601
11
185
23
24
10
1840
133
45
123
24
76
74
114
24
34
2951
7
95
2803
2
8
1772
6
1306
18
4387
280
2888
0
1476
23
21
14090
94
0
2371
2
4162
176
16
8
1306
22
56
21
213
3
0
1857
6
0
2371
21
692
21
34
74
1175
711
23
850
622
2
8
378
0
235
6
0
2371
1
1306
22
5
396
6
75
34
204
42
12723
103
3
154
947
2
318
1618
4162
22
16
8
9026
21
34
74
1
114
19
7564
10
80
2828
2
8080
181
12723
33
41
3387
45
1306
30
98
1738
14
44
33
2
8
8
57
10
7258
4
7568
34
2429
103
25
1
8
22
1306
1
8
294
24
10
159
94
24
10
450
3
429
1308
31
8966
95
7756
7
1
45
25
9635
121
77
4
312
95
251
133
25
10
5
5851
702
4
10
0
87
71
24
382
388
273
24
10
159
3
1530
2
8
52
176
16
8
308
84
252
5
7564
2
57
30
2054
95
142
2
8
14621
16
15
1278
53
528
51
13
11632
31
19
145
4162
53
122
51
17
19
566
1560
53
93
51
334
91
7293
103
0
2371
339
19020
1
7
4998
1
1306
10
192
1015
20
52541
13114
1759
18
855
11
1641
972
3283
2
52
22
16
8
294
24
865
1
95
2826
1922
49
3
95
13058
4
24
213
3
54
547
56
24
309
3
3023
94
4
24
622
77
12
3
54
2083
114
0
108
54
10
8732
2
387
13
56
0
93
2083
219
849
2
8
4162
22
1306
18
93
2083
10
8
810
5
7965
8
2
96
176
16
8
52
13
1726
3
32
323
2
57
76
29
40
5
2790
410
804
2
8
52
13
323
4
73
812
0
11570
1
50
13
0
650
551
2
8
1306
2888
0
5863
34
752
59
19
142
4
22
11
0
87
71
388
21
273
21
10
159
3
1530
120
0
702
26
1306
2601
1
591
1
865
5902
1057
119
317
48
1008
604
7
0
18271
26
52
9355
103
4600
45
14133
1671
17
118
2111
579
26
318
1942
43
1372
7
972
3283
39
21
157
88
3
3023
19
1219
26
15
19984
34
2183
11
5
391
9487
45
19
83
1132
1671
253


