65
911
6905
28
0
54444
6
5
753
6941
30
2290
4236
77
0
2858
5954
25
10
8271
17
2
15
1271
8
240
54445
240
13
599
16291
8
43
1458
7
3397
599
28165
12
5
588
6022
2
15
911
10
1148
12
0
35147
35148
357
0
22260
7
0
2661
3653
6
35149
7
3413
1
301
3
5
737
12
0
2661
54446
461
946
2
1366
26680
478
12
302
1152
1
0
2922
6022
10
5949
31
169
3461
12
0
461
946
38
2410
25
8
6475
8
4
8
11672
8
2
139
2858
6022
532
12
0
35147
35148
357
0
22260
7
0
2661
3653
6
35149
7
3413
20
0
872
238
2130
395
16
8
12016
125
75
84
181
109
14
97
459
0
172
13
199
5
7965
8
2
1094
22
16
8
1188
882
181
109
14
218
218
218
8
3531
130
11945
35150
78
0
10255
491
21
10
1274
8131
56
21
408
0
787
1
324
25
10
717
3
177
199
2922
1138
86
373
3
102
2
68
35150
9
38
2405
49
7
2661
9
22
16
8
3778
13
48
170
159
12
1
516
141
60
1751
28
683
2
221
1026
3
32
67
6
37
12419
6
0
410
17199
2
8
2661
283
1153
729
3
507
491
440
44
43
1591
6
0
911
4
7112
0
3413
781
6
6038
4
15033
24625
53
35151
51
2
8
294
760
23
60
492
1591
6
25
60
482
75
3
233
11
25
8
1
35151
78
507
491
440
2
360
44
61
22
14
23
6
426
1241
44
76
325
100
7448
6
0
2858
6022
2
26
15
6022
10
1148
7
2661
1
316
6204
884
6
3027
26
20545
911
2290
4236
56
25
10
633
12
5
487
461
946
26
3413
781
6
6038
4
15033
24625
43
1664
26
8060
44
354
25
30
98
40
1145


