19238
19239
4634
13
7142
1569
3689
58
14
751
9
402
6213
185
4386
5
3283
926
105
2982
4002
13
3051
14
11580
2
525
19240
27
119
3973
5
791
8006
4093
330
926
105
14
331
10947
632
331
64
926
3805
6551
13
850
1222
24
11580
149
11579
61
40
3283
515
4047
278
417
525
14
6495
3019
57
450
27
119
2052
9
2033
4093
5
477
2255
9
57
9
166
99
100
868
2
24
3193
34
14
751
58
3981
4002
185
1372
2431
27
119
7279
105
45
3283
24
106
34
525
6213
27
618
4386
61
64
926
19241
24
620
57
3564
9
4093
1704
19242
61
19239
497
12473
64
926
330
4047
1142
24
11580
35
751
5
15682
525
13
3994
4002
409
61
586
358
638
244
1030
834
183
132
27
521
159
34
522
19243
262
7142
1569
3689
3564
9
4093
19238
19239
4634
13
24
3193
185
4386
296
58
14
751
9
402
6213
5
3283
515
926
105
2982
4002
13
278
14
11580
3068
2
525
19240
19244
262
19245
24
620
57
3564
9
4093
1704
19242
64
6
19246
132
185
61
926
330
515
926
3805
34
334
4016
632
13
532
133
1720
24
11580
149
11579
61
40
19247
183
149
45
4338
24
4046
61
19239
330
926
105
334
4016
632
735
13
532
133
1720
183
149
11579
27
331
408
105
1189
4238
6307
104
82
5
3339
5303
76
24
2907
61
331
926
750
4010
104
24
56
57
24
3193
185
4386
27
842
19247
646
87
709
1862
57
3976
61
926
330
61
637
926
3818
926
105
3539
2151
34
24
2190
27
331
419
3096
308
628
639
278
19248
159
24
2816
57
515
3976
2895
61
5
132
104
183
1348
358
278
7232
1021
2108
820
5
456
11566
1022
61
19249
13
7180
183
61
331
926
330
27
331
419
628
2193
1222
628
2168
515
1211
57
2108
628
516
107
23
122
12744
5
61
91
122
5127
61
644
13
7180
183
27
628
638
244
444
515
843
2
707
4047
27
628
2168
14
3466
5
6495
3019
57
450
5
628
629
19250
27
331
579
663
330
926
149
19250
34
24
2002
2
525
485
61
486
61
3536
61
4010
5
7142
1840
5171
61
8621
19251
27
13229
1533
104
7142
5
3689
1160
13
223
262
19239
19252
19253
1704
19242
5
6
19246
3447
185
1481
185
4386
296
19254
33
262
579
19255
5
547
34
876
76
549
19256
19257
61
14
1382
8006
19258
19259
262
691
8739
24
3564
9
4093
76
14
2216
9552
525
33
13
24
3193
185
4386
19260
262
19239
4151
237
843
185
2272
58
14
751
9
402
9643
6213
331
628
44
45
107
1533
19250
34
707
485
5
707
486
129
696
2169
91
846
76
1225
2002
61
331
926
330
27
331
1134
6922
7142
485
279
846
1030
485
24
6922
880
27
331
628
629
1219
45
14
1066
129
1410
14
1842
34
12427
61
40
628
1219
1018
244
1550
183
34
12427
1094
27
331
579
663
19261
19251
34
331
605
846
24
227
515
628
4995
13
15397
5
107
3486
331
5
34
308
129
65
525
1096
64
926
11401
76
496
926
289
331
14
2549
57
14
5156
331
27
19239
61
19242
5
3564
9
4093
6
19246
935
229
76
14
2216
53
91
19262
19263
19264
19265
27
119
4093
37
19266
996
149
4934
91
525
1960
185
24
3193
185
202
1372
2584
1348
926
638
45
3193
47
34
7508
24
257
58
4002
27
119
924
99
747
13
4941
952
57
19239
37
4382
61
2394
183
331
14
1409
710
331
27
7142
1840
331
15995
19267
149
13966
23
13
6867
19239
27
14012
5182
262
15995
19267
149
7427
23
19239
37
513
185
7142
1569
3689
35
751
1348
24
77
330
515
24
4093
516
107
3477
14
2347
3133
445
58
3981
14
3982
779
262
19239
99
100
477
13
791
16786
136
13159
19239
69
174
71
647
10714
27
691
278
166
272
262
1093
11772
1519
363
61
5
316
760
262
190
9
506
9
2033
3605
5
360
9
506
9
2033
19268
842
185
2272
61
926
4151
515
926
99
4818
5
149
1905
13
24
3193
27
331
19269
57
4182
19055
13
107
33
19270
608
1835
264
185
19271
3555
331
926
598
185
2272
27
331
4883
369
4182
19272
1030
704
57
723
3555
331
19239
2168
525
56
23
7249
23
1897
58
926
149
1975
13
19102
185
19273
262
119
870
19274
27
579
1636
5887
5
149
387
1975
13
4093
24
12419
7245
37
119
15334
1312
2181
23
10714
27
119
256
506
61
926
472
13
19275
1348
926
149
4872
104
636
2265
13
3564
9
4093
119
8006
27
579
37
4534
185
13
7142
23
1268
27
579
37
100
477
13
791
16786
136
13159
19239
647
10714
27
691
278
166
272
262
1093
11772
61
363
61
5
316
760
262
190
9
506
9
2033
3605
5
360
9
506
9
2033
19268
27
246
2286
9
57
9
166
61
1823
61
149
7337
2
7142
1569
3689
185
1372
2584
5
24
7279
516
45
8041
1607
926
149
45
185
24
3193
246
842
185
4386
61
926
4634
13
24
3193
5
3283
4047
105
1142
14
11580
23
525
19240
515
358
15682
525
13
444
3068
409
246
579
330
926
1949
334
4016
632
735
34
838
13
850
1222
183
149
11579
9
40
926
99
100
417
24
704
3466


