7637
16518
40645
4533
33
1533
1284
6970
494
369
24
55
6492
13
16426
2
14
681
9
743
227
5484
23
7803
27
251
77
57
12470
3366
11847
2272
13
3051
24
10148
2
14
12536
54431
57
24
12487
4809
1385
27
37557
1014
24
24429
57
32953
288
7918
646
23
54432
91
22705
3623
28037
29291
9723
5
2465
24235
94
819
27
3518
24239
262
1134
16518
30842
4533
33
1533
1284
6970
494
61
149
23663
2
14
681
9
743
227
5484
23
7803
902
119
5484
87
391
13
1495
6492
1155
64
2033
40645
5
20540
61
40
24
4382
57
24
8249
87
45
1521
1969
27
6628
57
4809
6574
54433
54434
515
405
44
278
20068
18
227
27
29281
53
57
54435
61
24
227
5484
149
391
13
278
100
14341
23
24
12536
54431
57
24
1071
1348
20193
185
24
1779
6240
1770
27
54436
262
119
10148
149
743
23
14
12536
54431
57
24
12487
4809
1385
54437
57
2079
262
37557
1014
24
24429
57
32953
288
7918
646
23
54432
91
22705
3623
28037
29291
9723
5
2465
24235
94
819
9723
149
6979
57
12487
104
24
227
27
119
227
5484
149
35
22564
123
411
11225
13
24
4809
1385
23
54438
5
1579
8249
8052
13
14
30780
3306
61
54433
330
27
187
87
361
3068
1094
652
57
334
7201
1229
52379
3634
104
24
1071
27
119
227
5484
825
45
107
409
4032
40
2053
319
13
7803
37
11512
57
18342
3742
61
575
183
825
107
6640
9
50102
13
9055
1579
8249
27
22705
3623
54439
262
9723
149
6979
57
12487
104
24
227
6240
262
119
227
5484
149
35
22564
123
411
11225
13
24
4809
1385
69
324
71
23
54438
5
1579
8249
8052
13
14
30780
3306
61
54433
330
27810
54440
61
14
33110
104
24
7899
61
4610
29828
868
104
24
54431
185
2272
13
5498
24
3306
61
14
2532
515
149
1622
13
1550
1793
4615
13
1306
27
54433
330
24
4734
87
13
4699
183
13
24
1783
7141
1462
506
27
119
9052
726
144
454
58
2276
227
5484
149
554
2
24
2436
4809
1385
61
502
1903
64
24
1779
37
55
7208
57
4929
27
1031
402
9
3481
227
5484
61
4533
13
54441
61
1802
47
23
14
14026
12068
6303
24
1071
5
1348
4032
61
149
1142
13
1495
14
54442
57
758
9
27126
6492
349
3830
54443
61
14
767
185
2734
1398
5
14
1392
2
24192
57
24
1272
27
51002
133
2532
262
119
227
5484
825
45
107
409
4032
40
2053
319
13
7803
37
11512
57
18342
3742
61
575
183
825
107
6640
9
50102
13
9055
1579
8249
246
7637
16518
40645
4533
33
1533
1284
6970
494
369
24
55
6492
13
16426
2
14
681
9
743
227
5484
23
7803
246
251
77
57
12470
3366
11847
2272
13
3051
24
10148
2
14
12536
54431
57
24
12487
4809
1385
246
37557
1014
24
24429
57
32953
288
7918
646
23
54432
91
22705
3623
28037
29291
9723
5
2465
24235


