258
463
464
3968
269
262
40207
264
61
608
563
558
17548
23280
61
24
1146
37
7648
9
28885
17545
61
87
13
107
132
58
104
14
7899
76
14
1389
1851
2979
3236
4289
256
7747
18
6993
13
1456
183
89
14
2222
966
27
3849
7028
37
1136
8603
44
278
6359
1409
27734
15759
58
24
1736
57
1737
3283
183
149
5557
13
3234
24
17545
37
1389
2584
2979
7118
3019
61
40
2053
24
17548
23280
825
107
331
27126
34
712
7363
331
27
119
40208
8603
61
1893
104
16468
21990
40209
61
14841
61
87
13
107
132
58
91
24
6734
3052
11512
57
24
1741
8729
69
40210
71
27
162
7514
1267
262
1134
9398
91
12179
20559
19343
4226
10770
40211
1046
834
17548
23280
132
1348
183
149
23
333
21990
262
119
12374
9
2033
17545
825
278
24003
23931
1949
185
183
34
24
55
227
119
897
57
3849
7028
104
24
17665
57
9692
23
40212
27
40213
91
487
40214
119
1454
87
6271
104
13142
24
40215
57
24
40216
9
2033
8603
61
64
183
825
1119
24003
23931
13
107
1949
185
24
8808
34
24
55
227
27
119
5182
87
9233
91
24
9830
57
14
4368
8469
57
1389
666
5720
2
24
40217
4571
502
87
13
107
17948
91
24
21560
76
14
321
1389
666
5720
27
251
22412
1609
330
262
331
1134
40218
13173
1389
1851
5720
61
76
24
2539
57
321
24003
15209
61
825
5448
515
23280
825
5449
24
18890
57
24
5580
912
19343
13690
61
1875
64
14
28885
8808
57
24
1741
8729
101
525
22895
798
5
8808
912
1565
27
331
119
1609
359
515
23280
825
5449
24
1136
57
24
2362
5908
3849
641
61
64
1195
737
61
24
8808
87
53
24
1136
57
24
9149
5908
3849
27
119
2362
5908
3849
61
2004
17595
10385
34052
61
330
262
331
119
8808
99
100
104
24
474
57
24
1741
8729
34
12374
5
87
28933
57
24
2278
40219
5
1638
57
24
333
27
34108
104
24
50
37
197
44
278
1510
14
9427
1222
23280
149
4872
133
34
1409
15759
3779
369
64
752
5
27950
23
6646
607
61
34
5127
23
1904
61
4853
5
24
20246
61
64
358
288
104
24
227
57
9692
27
331
628
1835
3330
6602
76
237
13909
27
331
187
825
14825
19080
24
880
23
502
23280
718
107
27126
34
24
826
57
24
5580
5
712
7363
61
655
40220
525
2383
76
24
1741
8729
27
331
579
825
107
23
24
680
57
334
6048
502
825
2391
58
525
4293
9754
5
99
704
24
7150
824
515
525
5910
5
10829
40215
10595
27
331
618
27619
57
24
333
61
628
1835
19555
8564
13
909
20783
40217
5
24
40217
4571
34
122
5548
23
2540
237
1243
27
331
4338
6993
288
3283
64
13
24
3027
712
57
24
17548
23280
104
24
1029
57
35
751
61
3096
7643
7747
515
24
8603
44
107
1802
89
14
1409
6452
966
27
162
2488
61
17548
23280
149
23
333
34
3983
494
61
14
1272
57
227
502
99
40221
100
17948
91
1193
9800
17545
1736
57
1737
13188
1028
13
35972
24
8808
40
330
183
718
45
370
107
1129
34
2809
64
183
87
373
398
57
24
8729
37
17677
251
1741
8729
4855
35
632
262
331
1134
87
3117
27
1134
2865
8808
2831
107
2072
91
24
8729
5
2848
34
496
183
638
13
237
1566
27
331
187
87
334
5369
5
237
2831
45
2191
27
816
3849
7028
2193
496
54
6080
8808
149
361
1802
89
61
215
516
1456
23
54
7644
27
331
842
8729
3187
6237
24
3236
4289
2108
27
17595
909
40222
9445
61
10053
57
24
40210
61
330
262
331
1134
87
6201
2108
27
331
119
3052
11512
57
24
1741
8729
87
24
8729
5346
912
6954
185
8807
13690
5
10664
610
369
24
2212
1435
13
17488
24
3236
515
825
107
537
58
237
1146
9
186
2865
17545
27
331
119
8844
57
24
40210
87
24285
13
24
8808
185
14
1783
575
646
99
100
14
8807
7899
9886
34
18
1469
494
5
575
24
8808
10940
2065
622
13690
11522
1155
64
24
291
6134
5
17548
40223
40224
23
16468
21990
40209
27
23280
37
4446
511
650
23
24
17665
57
9692
23
40212
61
101
24
6140
57
2004
9
17595
7028
69
702
71
129
149
15082
14205
185
4767
123
24
10948
119
10652
12464
13
17548
23280
288
53
40225
494
495
23
29058
13071
484
926
1481
13
1252
5
285
185
13
2244
2151
23
7514
104
24
17665
57
9692
27
579
1903
34
14
2488
57
3983
494
9
14
1272
57
227
40221
17948
91
1193
9800
17545
27
119
17548
23280
370
23
16732
3217
23
16468
87
24
1937
8808
13
11113
24
3584
58
360
3240
1318
638
818
27
3520
1508
61
24
55
316
288
2043
47
5
12749
61
316
288
5874
91
434
5
24
7482
6642
23
40226
27
119
6646
17548
23280
149
807
23
40227
5
28885
23
40228
27
187
149
1129
23
316
15413
185
24
864
7484
57
40229
23
40228
5
40230
64
758
64
24
2051
57
13747
290
9982
438
15246
23
22400
27
1295
1579
4446
511
650
23
24
17665
57
9692
23
40212
61
101
24
6140
57
2004
9
17595
7028
129
149
15082
14205
185
4767
123
24
10948
27
119
8808
149
319
133
57
333
23
37637
5
4411
23
16468
15114
641
40231
61
1348
183
149
4534
89
24
1741
22415
40209
4741
4789
34
1579
40232
4382
27
331
119
7899
912
4851
87
365
13
14429
5
19080
24
824
57
24
3096
10331
57
6802
13
17548
23280
91
19472
3096
57
24
5382
17295
13
24
8808
5
24
17665
57
9692
27
331
7883
57
24
20396
91
24
10081
23
54
3584
61
909
20783
40217
330
262
331
17548
23280
87
14
4156
4219
5
628
2245
22320
515
24
40217
4571
87
398
57
237
3634
13
5448
1579
712
34
24
1741
8729
5
34
24
5580
27
331
13342
9
4638
11213
223
1770
185
23280
35
506
58
1880
1881
38422
19362
149
1938
14
1389
2584
5720
6524
34
1579
16946
27
251
8729
1609
330
262
331
119
6524
8171
24
594
5021
33512
647
24
8808
4634
2
24
17665
57
9692
23
40212
5
99
253
4952
14
6076
1343
57
24
4951
1779
57
24
8808
1284
1541
27
331
1134
223
825
1359
5
1510
24
4887
57
24
582
3236
27
331
251
40233
55
9
5830
8808
57
24
1804
61
23280
149
807
23
29058
61
1787
61
23
40234
27
842
24
8808
825
5449
186
34
1579
511
23
24
17665
57
9692
2424
494
147
5
64
24
513
57
2004
17595
3849
7028
912
897
27
1295
61
23
147
562
23280
149
13
40235
64
14
1986
8603
40236
23
16468
15114
641
24
9857
1348
183
149
19383
91
24
8930
34
13790
1322
5
99
647
100
4828
91
10331
57
40237
2
1145
24
1146
27
246
21990
8603
13
107
132
58
104
3052
11512
57
24
1741
8729


