144
3507
17323
293
16
36658
138
1
598
600
151
291
287
16
19633
138
1
834
600
151
15
7121
6
3371
17
2717
30
9349
2429
31
63
5
1636
7
0
81
13087
82
3371
33
499
623
3
1682
2717
209
85
64
1612
320
1
1471
758
2
65
753
625
115
0
2739
6
2326
0
1324
7
83
512
30
2429
31
5
1636
150
0
6016
2
360
1
0
3157
245
6
2717
7782
13
12
0
1083
114
67
6
282
495
3
37
512
56
0
2095
13
148
8980
2
57
13
41
602
536
459
0
2717
759
30
1376
45
0
1816
422
1471
181
25
206
32
6815
434
3
419
520
11
664
1324
133
173
3698
17324
6
679
11
232
777
906
133
50
76
1231
127
2717
2
57
76
61
32
94
3
7150
7
1864
77
0
81
1669
2
1759
38
764
20
164
11
879
33
499
623
3
124
2717
192
7
142
2
89
0
1471
763
14
2717
133
173
5832
47
1324
133
1053
5
676
8503
12
0
798
4
2124
1
50
46
118
1048
7
0
627
82
2
15
625
61
115
14
0
6398
6
462
102
1457
17
2717
34
1735
28
3511
134
153
3
1913
134
153
1
17
3070
1457
7
419
433
2
139
1877
5
7419
8503
12
481
4
817
728
206
32
20
759
1931
6
1245
462
2
15
1471
22
0
1831
76
32
114
0
2524
4
11346
33
67
623
3
1580
337
20
102
28
10610
1
319
11347
1170
118
23
5
81
2565
56
44
33
253
1312
3
462
11
784
2
15
625
1
933
7
0
19634
1
1180
6385
13088
4069
27843
197
954
4
411
1
3420
129
169
4344
34
2717
2
135
1292
0
2155
17
0
1339
6
216
304
6
10010
2039
38
34
40
1180
197
5231
4
3127
2
15
7121
1463
17
2717
1376
28
17325
134
153
3
10611
134
153
77
0
3026
894
1
5
1219
6
823
134
153
2
65
625
6
472
4971
75
310
14
647
0
1454
1390
92
33
98
4301
3070
1000
85
3888
64
1612
320
2
11348
332
5
6434
2438
6
5
843
17
5832
18
1324
1953
1796
3859
1
6
0
422
6
1121
11349
22
16
35
939
60
33
41
324
13
14
0
1758
6
2039
17
2717
13
1840
2
89
13089
552
808
2450
30
5
1611
759
85
44
107
316
82
320
2
35
5306
23
0
1390
4028
92
46
32
67
75
7
0
36659
9
77
5813
2
35
104
181
14
759
8082
3693
17
664
1324
29
2479
36660
2636
181
14
54
773
206
32
0
2968
256
6
679
11
232
777
906
199
23
15610
36661
1
50
33
273
3
29
5
5658
1593
114
44
185
3205
5
6814
4152
6
777
3
0
843
2
1094
773
206
32
5
1219
7
0
1758
6
22853
2
13090
13
330
3
1048
0
759
6
497
0
1324
2
11350
15611
13
1506
5325
223
85
266
77
2450
17
27844
134
153
273
3
29
2717
1
1292
3
27845
134
153
6
266
563
5832
47
2758
479
22
16
35
139
3947
625
76
6435
14
419
664
433
4
1864
33
10612
3
326
5
754
7
7151
2717
15611
2
35
657
48
13
205
546
1
48
13
54
625
50
1026
6436
4036
4
206
41
6435
5
3098
3366
2
35
11350
1053
0
1192
433
4
637
462
1377
1418
0
22854
570
1318
9477
1
3033
9
7
9
782
6
0
19634
22
1
35
65
5833
7
15611
6
2717
7
0
1446
1390
13
37
650
4
2954
1820
2
35
89
25
13
41
5
6014
11
394
3
36662
2394
7
2717
462
4
774
2
35
11350
1053
5
5096
1377
11
217
1792
1
42
869
1
0
798
1
4
0
36663
26
221
33
98
4301
3070
2717
1000
85
3888
316
82
320
26
36664
75
7
0
255
29
2717
1292
3
0
3888
36665
26
11350
13
67
8980
543
223
9
27844
980
6
223
77
2450
29
2717
1
1292
3
79
27845
980
6
266


