1178
5155
9
841
6319
111
6903
57
5669
10667
166
7079
99
3252
45
3253
13
1526
6987
23
2959
61
575
14
10668
330
32
57
542
61
14
2213
506
2033
61
87
7734
27
2388
8915
10669
61
2154
61
57
10670
3252
45
3253
3354
13
1517
349
7466
61
10671
2943
5
3932
3743
10672
27
396
553
561
76
709
2949
61
5
2959
2960
4431
709
5700
34
158
27
10669
87
6903
57
7455
316
9044
9
2033
7079
647
891
5
10673
14
188
730
27
10674
262
2388
8915
10669
61
2154
61
57
10670
3252
45
3253
3354
13
1517
349
7466
61
10671
2943
5
3932
3743
10672
27
396
87
6903
57
7455
316
9044
9
2033
7079
5
10673
14
188
730
119
2943
1517
10675
215
7438
24
7079
655
5363
215
149
5155
9
841
5
105
10676
3219
76
14
893
2241
2496
525
215
99
24
4756
515
1755
5202
27
9618
377
10669
44
855
14
562
6578
1222
215
87
560
57
722
3219
76
14
318
101
145
27
119
501
10677
24
55
227
515
24
2915
2916
10668
912
2964
99
2940
334
1509
76
10678
272
655
5363
515
215
524
24
4756
515
1755
5202
27
331
628
149
7907
1348
628
1850
515
642
2401
61
331
2915
2916
3226
6354
8014
750
119
10670
4595
27
8014
330
10669
105
1167
13
24
316
9044
9
2033
7079
652
54
695
87
2674
13
32
57
24
272
5
24
622
8838
1949
24
2356
76
542
27
119
10679
510
513
1411
891
16
5
563
2010
61
1489
13
24
10680
27
10669
99
100
23
24
2915
2916
3254
647
54
7707
185
563
666
27
742
7988
149
1481
104
2947
16
5720
27
8025
1520
215
87
6760
57
24
450
9754
57
24
5284
23
237
501
61
1720
1185
45
1193
57
542
10681
5155
218
10669
27
246
2388
8915
10669
61
2154
61
57
10670
61
6319
61
87
5860
1526
1517
246
9586
57
5669
10667
166
7079
246
364
57
542
61
365
2213
61
288
7438
61
5
32
87
7734
246
119
188
593
149
7983
10682
246
10669
87
5860
14
562
6578
1222
560
57
722
3219
76
14
318


