144
4162
940
11
1112
65
1036
1823
423
1077
30
204
0
5712
22286
6170
3
5
111
232
9
31
34806
430
7
9786
381
119
2027
208
3
5
1719
2179
2
19215
13927
175
196
7
0
841
7311
119
12
5
4226
11216
17
0
6747
4533
2179
7
303
23
196
6
5
448
11
0
16993
6
2816
2
68
13927
1
761
423
5044
34807
0
642
11
2039
1
5634
14
0
2179
10
5654
5
8
10155
1323
565
8
2
1036
1823
423
1077
19215
13927
30
204
0
5712
22286
6170
3
5
111
232
9
31
34806
430
7
9786
381
119
2027
208
3
5
1719
2179
68
13927
175
196
7
0
841
7311
119
12
5
4226
11216
17
0
6747
4533
2179
7
303
23
196
6
5
53072
448
11
0
16993
6
2816
68
13927
1
761
423
5044
34807
0
642
11
2039
1
5634
14
0
2179
10
5654
5
8
10155
1323
565
8
334
3868
63
0
2179
5305
637
559
21
78
0
34808
34809
34810
53
34811
51
16
8
3240
1
25
13
5
2816
2179
2
8
101
5
456
2124
25
171
32
49
3
277
1845
447
3
2488
458
44
188
3
10935
2816
4
154
0
3693
3754
1
8
21
78
0
1387
2
34316
1
26674
4
6249
6
2816
13
2172
7
1089
892
1444
501
3508
13
17707
2
101
600
1
5
186
1846
14
1753
1312
728
76
21270
42
220
2
19215
13927
13
54
6
169
270
998
4
4943
2281
140
0
172
3
154
0
1377
3
1251
2752
3
666
34812
21709
34813
53
34814
51
62
10630
34815
11263
53
34816
51
2
334
3868
63
0
2179
5305
637
559
21
78
0
34808
34809
34810
53
34811
51
16
8
3240
1
25
13
5
2816
2179
8
19215
13927
13
54
6
169
270
998
4
4943
2281
140
0
172
3
154
0
1377
9
3
1251
2752
3
666
34812
21709
34813
53
34814
51
62
10630
34815
11263
53
34816
51
1398
108
4956
33
61
497
7
12
0
1236
2
895
321
519
778
10922
3275
2024
0
1377
4
4549
1598
2273
3
84
25
39
59
2
2221
367
30
805
3
84
25
1
1075
5
6307
969
2
2307
1
18955
14756
4
1401
3491
29
617
25
9
4
292
524
10
61
4549
31
2072
4569
4
4380
4829
2
15
751
564
30
2479
4
289
5
6307
969
2
26
19215
13927
175
196
7
0
841
7311
119
12
5
4226
11216
26
15
6747
9
232
2179
10
7
303
23
423
1077
20190
430
7
381
26
52
192
22
0
2179
10
1041
23
5
448
11
16993
6
2816


