871
6
282
84
74
109
3
312
0
1344
90
16118
1
45
56
212
1447
13
6908
31
5
5404
14626
66
143
37
9523
9
158
56
3271
38998
2264
4
24
1681
5
20316
2
89
1
5348
12
5
977
1
25
18
1107
1075
95
38999
5
205
5855
2
39000
3016
13
118
54
6
261
16119
8
6233
2
101
0
1152
1
44
2053
3
1178
2
297
94
11
167
155
5191
16
15
4239
12455
1213
15
14627
13
207
3
2954
67
85
6696
75
12
1103
48
535
12456
3651
16
563
5400
7767
0
29105
4576
1977
12
1103
712
5729
18
1814
1
12455
1213
15
14627
15
22772
5357
13
543
169
10051
9
4602
29106
12
1103
0
39001
12455
1213
15
14627
1
712
5729
18
200
14628
9
1108
13109
1
50
81
149
207
10626
12
97
17905
20259
2
11317
29
5139
29107
3173
17
4070
5600
1
50
73
32
6537
127
1713
6715
2
24
256
3271
23
5
471
1185
1
3
143
3351
4
3
1781
95
23772
12
17773
4321
140
0
1814
2
15
29108
3767
39002
61
29
1099
2016
28
7539
29109
453
1310
9
4112
15835
5123
1045
541
9
71
1222
303
31
11515
1625
2
139
1814
13
1474
3646
20
1676
39003
2
15
12331
39004
2409
329
53
0
1404
6
97
1084
20
1099
51
30
8223
1246
1
5
9698
20317
4
8636
164
2
221
18
61
37
16120
3642
53
216
87
51
1
50
23006
55
77
0
1814
1
5
29105
4576
1977
11
9021
4
39005
7152
1
4
39006
31
39007
9
5
19601
2295
8734
11
22923
20
1099
2
24
893
29
5
39008
1
4672
16
39009
16119
4308
4
1850
11610
7
0
19511
12457
22772
5357
39010
29110
16
29111
23773
46
61
32
344
3
1659
0
8223
1246
23
196
6
37
2090
2911
6
4271
7233
5
1135
16
15
6379
1982
12
0
12455
6
0
14627
13
79
54
6
0
4271
12196
12
48
20318
4168
378
0
5719
1
95
5400
2750
121
3
8420
55
95
10719
3
1605
12981
55
6
742
2
101
95
39011
783
1
0
5400
30
64
1942
140
95
1857
4
19
225
7
95
2916
9
4
24
233
23
609
24
382
34
5
849
17906
2
15
12455
18
542
3574
675
5
39012
626
1393
4
5
6025
39013
513
12918
2
590
98
1
12455
1213
15
14627
46
1065
12
48
243
6
0
4878
1
10521
1940
1201
28
27
102
5838
6
1460
2
101
436
1
36
46
1842
0
4195
90
1051
0
2025
19917
0
5729
2
5373
1727
0
10150
14626
2688
6
71
3
1595
19
39014
14629
2019
2
4580
5821
12
12455
1213
15
14627
53
39015
1
23774
39016
39017
51
1
9673
1460
12
534
608
1
964
28
72
39018
2
57
46
10626
3
39019
4
11611
7
1268
1
29112
18
822
1114
4958
1
4
6910
39020
7
1010
90
2582
3
1460
2
26
155
712
5729
6632
1814
12455
6
0
14627
13
9935
55
6
1460
48
535
26
57
30
16121
173
5404
16119
38
2053
3
1178
23
168
23
15989
39021
26
15
13109
2384
0
993
6
91
0
172
18
439
1404
6632
1814
1
17
471
11
743
2992
1445


