258
5618
14603
261
262
39045
264
61
916
266
267
268
269
262
39046
264
61
916
266
267
17825
57
11245
30736
23
11247
288
14
398
57
1203
2079
505
237
751
1348
14
9242
57
29353
4633
218
24
1478
2321
27
1477
237
9242
132
1030
24
19554
7125
57
29353
515
1502
9292
218
24
351
61
646
149
32
22337
35169
9
5113
27
5115
57
24
29353
23
24
9242
288
398
57
334
9642
17677
57
1573
361
5169
91
24
4744
8090
61
76
24
840
358
825
32
257
107
14279
13
8673
2051
2788
27
521
159
34
522
119
4744
8090
5594
47
76
38774
481
13
4090
14
9242
57
9642
1573
23
11245
30736
61
11247
61
324
27
5115
57
24
9671
9327
1573
288
5169
185
122
23265
13
4207
31043
5
15929
349
437
39047
61
22096
14752
61
9249
5
14752
23134
5305
24
39048
4905
39049
61
24
9677
1129
23
24
3291
11245
30736
2826
3866
14
175
3368
39050
15867
9
1185
8771
3456
27
1134
2600
15797
9677
87
10194
57
11150
24
437
206
5
2706
8053
91
39051
14
6557
76
14
8771
61
5
4247
24
3189
515
87
10600
27
119
39052
87
663
9631
76
14
10821
24623
13
4734
61
5
2073
24
9242
912
1923
27
5383
37
5244
9
1914
354
1153
2381
14661
5
26812
13
4207
218
9446
5
9687
27
119
8130
149
14
6206
3634
1411
24
4744
8090
4307
9
9674
1322
61
23028
5
15517
7175
69
39053
71
5
38774
481
23
27000
27
5115
57
24
9671
9327
1573
288
5169
185
122
23265
13
4207
31043
5
15929
349
437
39047
61
22096
14752
61
18225
5
5112
1573
61
9249
5
14752
23134
23
365
8673
5
2887
4090
2788
27
119
9642
1573
288
398
57
24
8090
5
17570
39054
4102
39055
39056
24073
69
39057
71
3777
61
5
24
2046
9242
149
24
230
1679
57
24
3777
912
39058
33957
39059
27
119
1573
1129
23
24
3291
11245
30736
2826
288
9631
76
14
175
3368
39050
15867
9
1185
8771
3456
27
1134
2600
15797
9677
87
10194
57
11150
24
437
206
5
2706
8053
91
39051
14
6557
76
14
8771
61
5
4247
24
3189
515
87
10600
119
9642
1573
61
324
61
288
398
57
24
8090
5
17570
1935
331
4102
39055
39056
24073
69
39057
71
3777
61
5
24
2046
9242
149
24
230
1679
57
24
3777
37
39058
33957
39059
27
1856
57
24
8090
5
38774
481
369
1253
15790
24
2826
1134
3777
149
1481
47
13
1358
31918
1914
4128
13
6646
9327
1573
23
24
8090
912
17677
27
5305
24
39048
4905
39049
61
24
9677
1129
23
24
1573
3866
14
175
3368
39050
15867
9
1185
8771
3456
27
1134
2600
15797
9677
87
10194
57
11150
24
437
206
5
2706
8053
91
39051
14
6557
76
14
8771
61
5
4247
24
3189
515
87
10600
27
119
39052
87
663
9631
76
14
10821
24623
13
4734
61
5
2073
24
9242
912
1923
61
5
704
57
237
9677
718
107
3879
64
14
20630
13
1687
13857
1193
1203
39060
27
162
24
39061
8130
61
24
20630
149
12088
2334
24
8090
37
39062
29353
5
24
39063
39064
24073
69
39065
71
1576
61
324
27
5383
37
5244
9
1914
354
1153
2381
14661
5
26812
13
4207
218
9446
5
9687
119
1573
288
663
9631
76
14
10821
24623
818
273
57
24
4744
8090
4307
9
9674
1322
61
23028
5
15517
2095
69
39053
71
44
4734
61
5
2073
24
9242
37
1923
185
39066
5327
61
324
162
24
39061
8130
61
24
20630
149
12088
2334
24
8090
912
39062
29353
5
24
39063
39064
24073
69
39065
71
1576
27
1687
119
39057
39061
1218
5
1154
2035
6526
64
1564
61
5
11401
5204
76
704
57
24
1189
9
1146
15929
515
14
1189
9
1146
9242
516
39067
330
1543
1965
61
39057
3777
1785
34
38774
481
39068
5
14749
4675
27
1687
187
149
821
752
515
610
105
23686
2
24
9677
61
35844
5
12804
21865
61
1817
76
612
3855
3707
61
109
104
24
39069
359
39053
11821
1785
7541
39070
27
331
408
369
821
6028
76
24
838
57
24
8130
61
652
183
3545
8599
1290
13
24
8090
912
16275
13
444
15889
1124
89
24
680
57
24
39071
27
331
246
119
9642
9242
149
5169
104
11245
30736
61
11247
505
237
751
246
6108
2933
28500
31043
349
14752
5
9249
246
10821
14231
9631
13
621
9095
288
1129
13
4734
5
2073
122
2510
246
569
8771
33646
11141
24
437
537
34
39072
5
308
246
5298
29353
288
935
31030
13
4180
24
3965
23
9242


