258
2006
10755
261
262
55750
264
61
3970
1372
1268
268
269
262
2794
264
61
3970
1372
1268
178
6574
99
105
2331
22710
1717
104
158
123
14
1986
4111
61
183
149
3138
902
27
119
1409
11351
104
14
642
924
726
64
24
12822
9
2033
3663
57
8890
5585
13
1550
185
1533
16250
2020
5
1577
13
5448
215
718
2648
54
485
23
24
836
57
334
239
27
119
3515
4111
149
3283
91
14
1093
57
32
57
24
355
2933
23
24
11351
61
129
598
185
14
5538
7279
262
1687
1003
2495
2333
14
2331
7663
104
178
6574
9
496
14
3820
13
55751
27
1737
262
2136
23
54
1894
4316
61
178
6574
87
2522
13
1550
185
1533
16250
2020
64
215
1577
13
5448
215
718
2648
54
485
23
24
836
57
334
239
3105
3539
262
6574
149
330
13
278
4828
24
11373
1707
37
1389
37360
3065
23
50469
61
1787
27
368
369
324
109
104
24
116
123
2276
1986
11351
523
485
262
119
3663
5
11842
57
8890
3447
76
178
6649
23
24
990
57
24
3177
485
82
23
24732
27
178
6574
87
537
13
5448
215
718
2648
54
485
23
24
836
57
334
239
6574
149
330
13
278
4828
24
11373
1707
912
1389
37360
3065
23
50469
61
1787
61
1341
119
2414
1460
61
166
454
58
54
715
7273
65
7764
13
178
6649
27
742
3613
726
166
494
58
1760
520
2057
14
1089
11842
57
7874
27007
91
14
12081
23
14
16250
51068
64
926
5
178
10385
288
5008
218
941
912
1202
6554
27
19052
149
55752
23
24
16648
23
24
534
1972
239
61
5
122
1885
9
1886
3194
61
11298
5
34908
23
7698
9
23
496
149
719
64
24
594
4238
3077
57
16250
1140
23
494
27
10385
53
334
2805
3613
13
24
1271
11380
1986
116
23
1787
23
427
61
575
215
1846
12154
2278
1411
29323
5
1687
55753
2884
76
8281
14802
5
2331
22710
27
119
3065
1015
13
24
1700
10336
15680
14
16131
1455
34
355
13
20639
1189
9
562
16128
9
76
1245
10715
787
61
1155
64
22895
1185
361
14
918
9
1804
310
798
27
1934
262
119
3065
1015
13
24
1700
10336
15680
14
16131
1455
34
355
13
20639
1189
562
16128
61
76
1245
10715
787
1155
64
22895
1185
361
14
918
9
1804
310
798
26605
57
1025
262
178
10385
5
54
715
19052
61
11842
57
7874
2391
997
17439
64
122
1536
87
7487
91
12084
185
10327
6423
23
1968
941
23
534
1972
187
698
14
12154
9
47
57
14
1478
2321
76
9668
61
698
61
4366
61
5
1347
14
15214
27
1447
87
663
14
2526
7224
61
5
14
1751
9
2146
18644
57
14
1669
5
676
61
1341
24
2414
1460
27
251
10768
10308
1609
2937
13
2951
1348
4322
91
2952
902
61
40
14
16250
4855
383
515
14
331
1409
3613
331
13
14
642
1986
3065
510
513
27
119
2108
3522
341
515
24
540
369
13
5655
16250
2849
5
4330
1015
276
5
3733
486
13
107
6649
912
30167
61
13
748
122
688
14
1440
57
34577
64
215
13680
47
27
55754
55755
16107
61
129
285
13
14394
76
178
6574
5
6638
14
1563
76
24
540
104
290
4586
912
1956
61
825
107
32
57
6649
912
190
30167
61
183
149
3138
27
7273
912
276
549
2
14395
733
61
1625
5600
45897
55756
61
87
663
14
28173
61
64
87
32
57
6574
912
7648
486
12359
2992
55757
27
246
7310
11351
330
13
278
319
513
104
11380
1707
3065
23
1787
246
5619
4111
3283
91
1093
57
32
798
2933
23
11351
246
579
330
262
331
1003
2495
2333
14
2331
7663
104
6574
9
496
14
3820
13
14461
331


