6996
7
54
3338
6
1389
1522
213
5
128
425
1
4
5
305
706
5851
1
2583
390
634
415
2
65
11238
1267
7
5
5844
9
283
329
3342
69
4664
1
2093
15858
4
22204
1189
94
0
1004
23
5
768
6
0
6110
232
2948
0
1252
30
40
5531
6
612
2
191
0
1600
551
10
780
12
710
31
5
9973
546
20301
2
297
94
11
167
65
11238
1267
2264
780
514
390
634
415
7
1389
1522
15
4625
482
22204
4
1881
1189
94
0
1004
114
6
0
6110
232
2948
7
0
329
9807
806
12
0
548
760
39
0
4625
467
4
34
0
514
55
7
316
379
15
514
467
56
0
989
2948
601
0
1267
3
226
7
965
17
5
1137
785
621
1
50
1006
207
0
1881
12
514
2
9807
760
806
12437
0
548
23
501
22204
4
5
333
670
28995
2534
94
0
1004
46
170
12
514
2
57
175
88
316
379
3
210
55
0
4625
1
4
9360
100
54
10
900
2
15
51708
309
56
0
2948
601
0
1267
3
1858
5
785
621
580
54
1182
49
2280
28
0
1189
22204
62
4202
51709
15
2295
601
108
744
357
0
1252
23
168
1
17
13883
4931
14
7730
75
43
340
785
390
470
415
2
2307
18
1371
1885
12784
10
170
344
3
124
3602
3
217
1170
2
26
65
11238
1267
7
1389
1522
780
514
7
0
390
415
269
6
634
26
15
4625
10
309
39
0
1267
224
7
965
17
5
1137
785
621
26
15
6110
232
2948
123
601
15858
4
4202
1881
3
1412
94
0
1004
26
9807
806
12
0
548
4
210
55
0
514
7
316
379
1
17
100
579
91
364


