258
10918
21638
2226
8998
104
4496
6611
185
20490
1372
555
21639
21640
262
119
2350
2755
7596
17157
1804
185
237
21641
21642
2
744
237
506
11499
61
76
21643
21644
515
19622
331
14082
825
1191
133
1533
1462
506
1222
3870
3839
5
9001
5449
24
1271
21645
14082
104
24
1687
124
18381
3828
7599
278
1082
1533
1284
21646
1299
1300
64
10331
5336
449
7004
13039
237
1985
27
119
3940
1479
57
16301
1299
3042
99
5867
2
1389
2431
14
506
13
1389
9560
23
144
14
2347
454
61
1489
13
24
3855
3853
21643
27
119
5547
87
14
3340
57
21647
21648
1623
6672
515
278
7345
47
24
3940
6248
1879
3870
3019
91
2431
1299
1300
61
1185
1389
18190
61
13
14
1264
175
57
1389
21649
27
1486
57
237
204
61
1389
2582
61
99
423
1594
89
24
21640
57
1611
21650
61
10021
1569
5196
21651
69
21652
71
61
21653
61
21654
61
21655
5
10021
10579
27
119
5547
1221
212
91
24
6439
7599
1221
825
21656
775
5
16326
5557
13
4361
76
24
2511
3958
57
2797
14800
34
104
306
4846
494
27
21657
5
14797
3085
2349
334
4724
346
825
278
13
221
14
63
3532
237
1985
1411
3869
5
986
27
2906
21658
16349
369
23
3870
8439
61
502
1506
358
1099
278
13
21659
122
3869
237
1985
27
1295
61
3839
369
7635
13
204
2276
666
1299
1300
18
24
1462
1413
494
61
3477
32
23
1413
16349
1221
21660
1221
89
3870
8439
27
1791
825
107
1805
91
14
1687
1058
21661
57
722
13
3896
34
16210
17171
406
5
14
1389
21662
6632
13
14865
13
4968
61
4391
61
19926
5
5451
6439
13
2597
9822
4305
8661
27
21663
718
2648
2786
5
221
21664
57
64
822
64
1389
4278
14
506
91
16947
3828
19622
27
1295
61
3096
278
100
21665
652
358
1018
45
2294
21666
1185
3236
24
3828
7599
27
5898
21643
4934
14
6406
11383
9
47
1564
13
21667
24
7317
15286
57
7366
21666
515
221
183
13857
1138
13
532
24
21668
2528
27
21651
7599
459
24
1623
10794
185
2384
21669
185
21670
5
5721
21671
3862
11408
2
21643
3193
24
204
23
19622
331
16301
14082
61
64
758
64
24
21672
1623
8325
23
3870
3839
13
18
1389
21673
34
1864
162
712
646
825
107
14
4316
6266
2479
5
3334
9576
3862
34
3821
5
406
13
442
308
221
14142
27
6720
21674
61
8789
7164
57
24
2805
3042
1816
12939
14836
61
330
2108
57
24
2384
21640
516
1687
19027
24
21675
515
11733
2245
3763
122
21676
27
543
1145
7366
21666
787
61
21643
330
594
11733
1772
24
3828
4939
64
21677
7317
5
1131
13
4207
27
187
4227
515
91
14859
19622
13
5736
14
9023
709
9
4304
12021
61
11733
825
107
644
13
221
1533
11086
12846
449
122
3828
3839
27
10140
87
14
10685
57
1579
12021
17018
13193
61
502
24
3853
4227
44
107
20216
91
1462
1985
262
21678
5115
8549
718
503
278
32
9023
12021
1299
2078
6511
61
1299
3870
27
119
166
2078
1353
369
17078
21679
61
1374
9
2078
3878
5
9023
8840
61
1155
64
8840
2062
5
21680
27
21678
21681
825
444
14
3334
9576
1623
5
14
9013
6266
2479
1481
91
21643
9
21682
542
13
4330
24
21668
9023
12021
1533
2537
27
119
3853
4227
237
825
5428
16349
13
3204
104
14
14415
1720
358
718
1813
3225
91
16947
8549
1185
3031
13
14
582
2528
27
21678
993
622
21666
1393
278
14
10145
1029
1987
5
9013
5967
5
367
27
543
1508
577
2869
577
21666
61
646
825
107
709
4779
185
24
346
61
2745
61
10533
1185
15842
57
9013
4522
6115
61
349
4472
6770
27
21678
21683
21684
104
24
1029
57
24
6524
825
107
1377
27
1791
129
1018
45
1862
47
13
14
582
2528
1348
122
9013
4522
6524
11007
825
4191
13
24
9023
12021
27
691
825
663
107
2801
13
14865
27
21678
21643
3119
704
3828
9001
13
107
12284
23
2125
5
21685
61
34
5127
331
1389
21686
331
64
758
64
331
18612
9831
21687
331
27
2847
1319
1046
515
11733
718
3871
226
13
1366
8739
237
880
27
187
825
107
24
12019
57
334
331
21688
331
16060
34
406
5
3821
27
21678
21689
825
278
13
4959
24
1623
57
704
122
21666
23
24
1271
880
818
11733
718
20554
1411
9023
5
9013
4522
21666
27
1134
825
5448
6076
17068
27
21651
3952
16301
14082
21690
9384
185
24
1623
358
3896
34
21671
406
5
3821
61
17336
76
622
3104
3862
61
21691
24
7720
1623
2940
13
1864
27
21692
61
24
7720
1623
87
175
1487
13
14651
14
16301
27
21693
61
21671
9001
204
818
175
515
61
34
14
4539
227
61
24
3828
7599
221
14
189
1299
3042
27
1295
61
5760
24
21671
3958
57
406
5
3821
99
5867
91
1145
1011
1299
1300
647
2336
61
40
24
1623
2940
13
1864
99
1082
91
4846
1299
1300
27
21694
104
1611
21650
61
24
1428
912
2511
8549
61
21695
91
1145
14
5769
23
1972
13
14
1264
1389
21696
27
119
3952
1400
24
3865
825
107
159
237
506
27
2847
11737
3608
61
3507
21697
61
7149
21643
912
5816
288
286
27
1687
408
369
1950
1131
13
151
3839
64
2330
64
1243
34
704
612
21698
215
330
27
1687
21643
912
2401
87
21281
27
119
21699
87
21700
16550
21701
61
57
21651
1428
61
502
9198
34
24
124
19622
61
663
8279
21643
912
16301
17157
6918
27
1687
251
5857
57
21640
705
2347
454
1308
45
5736
14
16131
467
57
24
3940
21640
18
14
21702
926
330
27
1687
21651
1198
1018
2296
13
221
14
16301
64
358
369
21703
5436
621
21704
21651
6628
1172
21705
99
289
14
8114
57
3855
4781
61
14797
3085
5
21706
34
3354
13
532
1246
13
442
1864
237
1985
27
10988
778
7164
3608
1075
21707
330
262
331
408
1019
14
3334
11955
2831
107
9719
1853
704
21666
61
818
515
308
718
20554
24
1751
4623
57
3828
10028
104
14
14415
27
331
21639
21708
3839
623
8653
14797
1623
16328
47
13
21709
1504
23
744
5
369
5004
13
3307
183
1015
13
61
1185
1347
702
61
1507
1504
64
704
57
24
970
9
4934
10794
799
89
1426
27
10021
10579
149
24
55
57
24
4396
3085
13
4568
9001
1348
183
1399
406
21666
47
91
1526
1504
5
1579
3821
1517
91
890
1504
2
744
16
27
21342
3965
1611
21650
2384
406
3839
91
2195
1504
5
3821
91
2584
1504
23
744
61
655
23
891
10021
5
5196
21651
11258
3821
91
2978
1504
5
406
91
2195
1504
61
1817
76
21653
61
502
2384
1579
3821
9001
91
21710
1504
5
406
91
21711
1504
27
21712
11258
406
9001
91
21713
1504
5
3821
91
7547
1504
2
1372
16
61
655
1623
6672
57
21714
1504
34
406
5
21709
1504
34
3821
799
89
1426
34
21655
1864
185
4824
890
27
1178
6456
643
91
14797
1060
10988
778
970
3283
515
1347
274
104
3828
7599
369
4314
91
24
21715
1479
57
21666
2977
91
19622
27
21651
7599
288
1142
13
107
8115
1864
76
21716
1366
449
24
346
57
21666
787
5
369
361
2072
23
24
2350
449
24
512
10028
61
6456
1319
99
1142
27
21689
278
253
2859
13
1454
13
5800
405
57
21643
37
9976
27
869
237
632
61
10021
1569
5196
3874
4934
6993
13
1532
704
57
24
3821
183
21717
185
24
3098
4939
61
4982
76
24
3853
37
13193
515
1011
1504
57
704
16969
1393
107
1596
91
1268
27
246
21643
377
19622
2296
13
331
17649
4372
331
23
3855
246
21651
4939
331
21718
91
7317
21666
5
4793
57
17068
331
246
9031
6672
68
13
331
3870
8439
331
4928
34
16349
246
10303
7539
13
217
6314
57
331
9525
5220
331
3828
7599
5
4030
9001


