7913
6363
46422
19183
61
24
908
6320
23
24
6217
5
24
619
4517
37
582
3965
61
1308
244
4923
24
3308
57
6795
34
722
14
103
18223
57
24
33069
6402
27
6795
369
331
700
331
13
1019
6207
87
2931
14
46423
1086
61
215
330
23
14
6206
4860
76
1385
6243
259
6244
515
4862
2414
2356
185
4846
4847
27
331
628
516
244
9298
13
19795
237
6207
61
331
215
330
27
331
628
718
3204
723
24
6217
99
100
11612
19681
34
1413
494
27
628
1020
61
183
37
14070
100
5696
159
27
331
19183
37
2534
5360
4255
99
799
101
7101
237
632
2
6352
129
3335
515
358
728
361
11639
34283
27
2318
61
6244
87
3477
434
2
6352
18
334
6404
215
6322
13
5389
3965
6203
6204
1778
122
15787
27
1385
6243
259
6244
5
6217
16498
6381
46422
19183
193
159
34
122
55
6206
4860
647
24
582
6320
3308
6207
46424
505
237
751
27
119
6320
4781
3957
122
5360
4255
61
502
99
253
799
101
7002
91
6352
162
6439
34
1511
1284
14
751
61
6320
4781
369
4033
144
834
7402
24
219
87
515
25547
24
10064
27
1936
24
55
632
57
6207
61
6244
4137
14
18706
2
666
273
57
54
2534
46425
1982
1533
18817
6094
27
6244
34251
13
24
13163
5
5204
2048
46426
13
24
46427
61
40
1021
4089
1411
24
6319
46428
5
24
700
6790
57
24
6320
4139
3469
13
46429
64
24
4846
4847
4860
31493
35
632
27
16816
54
331
9845
1264
87
64
18817
64
2295
109
61
331
6244
285
58
24
26130
4139
37
16341
27
331
17656
61
14
1842
87
361
5008
91
4156
3085
109
23
4772
129
278
11258
3225
5
144
9535
24
46430
133
57
846
61
331
215
750
4846
4847
331
2452
46431
61
5612
515
358
1018
183
331
652
183
1001
27
331
331
691
4568
3225
61
1399
183
23
122
9096
61
5
3896
2786
124
16973
61
331
215
330
61
2394
24
6828
13
151
24
6320
4139
38998
331
14
223
23
2541
27
331
6244
53
3383
24
6557
57
6344
26780
237
632
58
215
4838
5389
3463
5856
6203
6204
13
5800
14
6206
4111
57
6207
2241
33059
54
1960
1853
24
585
1185
24
1705
1385
61
502
1500
14183
6252
2
2734
6256
57
1779
27
119
15161
61
1385
5798
6381
6382
6383
330
61
149
331
1754
27
331
6383
61
129
87
6244
37
26835
61
7176
515
24
6439
57
24
1385
6243
87
331
45
13
107
41636
27
331
3989
6215
6216
37
1609
289
24
1029
9
1876
14
3077
57
331
6339
61
331
5
24
1705
1385
330
6216
516
45
2597
76
6204
123
24
3613
61
1094
4011
34
563
2778
61
343
13
24
8366
57
5377
37
6713
27
46432
91
46431
18
24
46433
61
6244
5778
262
331
628
65
5707
14
6256
47
515
296
27
331
331
842
646
37
6088
23
24
1146
129
718
4174
449
24
1206
57
6406
9219
61
6088
718
4174
449
24
1206
515
24
37155
3447
61
45
144
13
24
8036
326
5
13
5
13
5377
61
612
6751
24071
40
13
24
6922
1146
61
40
6373
6204
61
331
215
359
27
6244
43742
54
2002
34
582
6290
185
6283
61
502
6204
15787
40
24
1705
1385
1308
244
61
5
7635
515
24
1385
516
19795
5185
7498
185
24
8036
5197
1566
1222
183
1308
244
30474
1579
5451
3777
27
396
663
383
515
24
1385
516
6823
14
5190
605
6216
24
7587
13
7004
2278
8112
27
119
6446
3965
3957
54
829
13
6404
6204
13
4081
13
6207
61
586
6216
27241
18
24
4894
1206
515
3699
2881
23
54
4809
57
24
5040
5800
185
207
4896
27
331
119
5359
87
3108
13
4975
1030
183
37
45
646
27
842
183
87
646
27
143
183
37
2050
13
107
14
1206
13
612
14001
1222
610
1018
244
5800
183
23
14
2523
880
61
331
215
5778
27
46434
91
4846
4847
331
2452
46431
13
46435
6216
37
46436
64
982
1185
2257
61
6244
46437
5
330
24
5359
37
6591
10377
87
331
982
61
1189
982
331
19183
99
105
14
2347
1876
9
22225
57
54
2534
76
6352
647
3477
24
17621
57
24
6217
505
237
751
27
397
24
6217
5798
6381
61
19183
551
23
24
35
6330
185
14
9825
13
17649
3023
13
24
46438
1816
27
842
6217
6352
369
1094
10937
158
57
3477
401
7402
14
620
13
24
33069
2532
27
19183
2072
24
6217
23
4111
641
10101
185
2272
4718
29435
13
6226
27027
24
12537
46439
20776
64
398
57
14
10089
13
278
334
3098
4099
2532
27
6344
39994
377
515
503
6320
29435
309
613
3626
61
3400
27
331
3627
503
638
7561
19183
738
33
185
54
4006
61
215
4418
24
3607
308
57
14
1147
4099
185
1508
752
29435
27
396
663
26384
24
758
144
3133
89
24
582
6207
61
331
2097
6363
22910
23259
330
23
14
3800
3801
15428
9
33091
61
5570
19183
37
2534
720
33
185
158
27
2281
19183
5
6244
4727
20906
3989
6216
23
4824
45
13
4975
185
8329
36071
215
331
2627
24
758
331
484
24
582
61
316
9
506
4111
57
6207
1347
1770
27
6216
795
10092
61
5
1094
215
5
6337
369
46440
185
5231
452
2
24
12537
46439
20776
9
502
215
1520
215
706
26293
9
13
6591
25449
185
11457
6795
9
14
5190
6337
377
358
1492
244
1347
1415
47
34
4099
27
46434
91
46431
13
46435
24
6591
40197
64
982
1185
2257
61
6244
46437
5
330
61
331
9424
61
1189
982
27
331
396
8962
515
6337
23
6207
516
107
2969
13
223
76
6216
185
54
10377
13
4683
24
46441
6591
8840
34
1950
775
61
1204
27
331
408
728
704
34
759
1950
415
775
1145
3699
61
331
6244
330
27
331
628
1019
610
706
1550
14
2391
104
237
1348
215
14679
54
3558
47
61
1465
515
44
107
132
104
23
24
5760
14922
57
46442
612
6591
18011
5
749
5803
159
34
421
27
331
6216
87
1481
13
1501
54
3558
13
6207
185
207
61
4801
608
27
19183
16645
515
5162
149
2276
1190
351
515
6337
5
6216
44
5562
2597
23
24
6666
185
27
119
6217
3965
7530
133
515
24
5359
37
1105
185
5162
25995
14
6266
24845
2
1856
57
6207
2
365
4098
5546
123
24
4809
57
24
5040
27
246
19183
37
2534
5360
4255
99
799
101
7101
237
632
2
6352
129
3335
515
358
728
361
11639
34283
246
6244
87
3477
434
34
4690
6204
13
4081
13
6207
2241
55
33059
54
6344
1960
1185
24
1705
1385
246
331
1447
37
6088
23
24
1146
129
718
4174
449
24
1206
57
6406
9219
820
449
24
1206
515
24
37155
3447
820
40
6373
6204
331
246
46434
13
46435
6216
37
46436
64
982
1185
2257
61
6244
46437
5
330
24
5359
37
6591
10377
87
331
982
61
1189
982
331


