14439
17788
3887
3138
837
1389
14731
23
9818
652
926
331
17789
1869
331
14
17790
5
638
244
1019
926
516
17791
61
14
2959
944
119
11457
17792
57
14
6997
6670
8789
3887
3138
837
1389
14731
23
9818
652
926
331
17789
1869
331
14
8058
17790
5
638
244
1019
926
516
17791
61
14
2959
944
27
2036
17793
12727
17788
105
100
3880
17794
17795
37
17796
69
17797
71
2
563
2336
9
6329
58
24
897
57
525
583
909
972
17788
27
999
57
24
367
149
515
24
17798
9
2033
638
244
761
76
2938
2359
40
14
2959
944
926
1770
3564
9
17799
76
4501
972
17800
61
6015
61
23
1372
1972
27
17801
288
750
14439
17788
11086
17802
7681
5717
515
525
582
4068
105
4534
89
24
485
37
1389
17803
82
23
10022
17804
61
438
12680
61
2123
61
40
638
244
3204
24
3789
34
5836
5
5837
69
17805
71
27
119
16206
3608
3138
926
149
244
832
926
105
13
5302
24
8058
449
808
17800
641
358
288
477
27
119
2959
944
24
540
2228
24
2138
104
5108
6608
17806
23
6785
23
558
40
14439
17788
9165
4952
24
1366
13
17807
17808
5
17197
2053
57
24
17805
27
1936
525
801
104
12704
10943
943
185
4386
61
24
17792
149
1253
334
1366
17790
2381
13
32
515
516
696
100
1391
13
525
104
24
227
525
17797
3820
1770
27
842
926
750
17801
262
331
628
149
4150
818
822
104
24
227
515
628
1393
278
17789
1869
183
27
628
2422
4150
449
17809
5
2372
331
515
1492
244
107
2298
331
27
331
14439
17788
3250
16793
3091
1389
17810
91
12895
13024
13
5302
24
17805
926
149
2797
76
808
17800
27
143
17801
510
1511
1284
890
146
13
532
525
45
3253
9
14
14455
502
149
2011
91
6265
2
24
17792
37
485
23
24
1857
17811
27
7614
57
24
12723
589
17812
17813
330
262
331
1477
926
4942
13
17814
1366
13
24
17805
610
1018
244
4082
926
638
183
13867
27
331
119
2959
944
14439
17788
61
129
149
14
17793
23
24
1202
3248
1411
9270
5
555
61
2011
808
17800
23
12514
23
2336
5
65
158
14
11213
1086
104
525
16204
27
579
2987
525
10483
58
361
7272
91
642
23
534
35
506
5
17801
288
750
14439
17788
99
590
24
3225
33
23
1751
27
119
2959
944
14439
17788
5
972
17800
2228
24
2138
104
5108
6608
17806
23
6785
23
558
40
14439
17788
9165
4952
24
1366
13
17807
17808
5
17197
2053
57
24
17805
14439
17788
11086
17802
7681
5717
515
525
582
583
105
4534
89
24
485
37
1389
17803
82
23
10022
17804
61
438
12680
61
2123
61
40
638
244
3204
24
3789
34
5836
5
5837
16816
61
5364
17815
330
104
24
227
57
909
972
37
897
61
54
17792
105
13
1550
18
54
511
64
14
3608
57
14
16206
61
4568
316
272
5
221
10925
11648
27
143
14439
17788
750
24
2959
262
331
187
149
401
822
27
628
149
3108
13
17816
704
24
11952
27
331
14439
17788
87
24
3608
57
17817
7314
17818
9
14
1565
502
3492
360
16204
61
166
1374
5
58
9
276
4484
5
316
2176
4484
23
3272
5
3221
61
1202
17819
27
17820
909
972
1077
1519
12194
104
122
82
23
10022
17804
61
438
12680
61
23
2336
1882
13
122
1490
61
926
330
47
24
3104
76
525
583
909
972
17788
23
8908
652
926
1545
24
512
4014
34
122
688
17821
129
358
3765
2
17822
23
9270
27
17820
909
972
9
129
149
10053
57
24
1202
3248
8057
4810
3909
69
17823
71
34
18
890
494
9
1077
1519
12194
104
122
82
23
10022
17804
61
438
12680
61
23
2336
27
119
6670
8789
105
14
17824
2115
104
24
17621
57
24
1202
3248
17823
5
7031
58
14
3760
57
11460
16273
23
5657
15307
27
17825
23
24
1202
3248
11258
14
3153
10979
76
1533
1284
6912
1326
58
14
1385
57
9809
12640
502
289
34
54
17826
18
24
11859
27
17827
9
1131
3816
909
972
37
1915
149
14
17828
17829
13
17830
679
5
23
13520
215
510
18
24
485
3104
17788
3303
2859
91
54
2495
64
14
5142
23
16464
61
1202
3248
61
7754
494
505
27
2520
54
1123
61
183
14711
13
1510
32
57
24
2704
9095
9
6452
1198
23
3440
76
14
17677
57
12440
1573
641
17831
4430
23
6585
27
909
972
61
129
149
3132
23
16464
61
289
17832
13
24
3104
23
744
6585
40
658
185
64
10053
57
24
1202
3248
17823
27
396
149
663
14
4156
3865
64
14
416
57
24
6670
1398
4767
5
14
2211
549
57
6916
349
909
17833
10917
27
842
123
24
147
494
57
54
17834
57
24
1202
3248
17823
61
909
972
105
13
13428
13189
2403
34
54
17826
18
14
3760
57
11460
1400
999
57
24
3762
149
515
7600
288
5260
24
6670
64
822
64
1389
17835
23
3819
5
24
1389
916
5720
3958
13
24
17823
57
334
15881
1344
91
334
3607
3952
57
7600
27
246
12727
17788
105
100
3880
334
17836
58
24
897
57
525
583
909
972
17788
23
2336
246
119
791
17793
638
244
3204
3789
34
5836
5
5837
515
525
4501
972
17800
4534
23
23
1372
1972
246
119
16206
3608
3138
926
149
244
832
926
105
13
5302
24
8058
246
579
99
590
33
3225
5
149
1142
45
3253
57
16793
3091
3212


