65
30883
9
83
442
567
6974
6079
430
12
25377
195
1135
18676
119
19
145
10
317
5
17404
1
811
7
1647
665
161
2
65
6156
9
83
145
210
27
198
7
0
195
1135
7
27
471
549
5
13760
1844
12
446
2
203
812
15
13760
11509
14
36
210
0
18676
77
19
5906
9
609
36
732
3
21233
88
7
2
4118
16
15
567
1708
6079
430
7
5
13760
1844
119
19
145
10
317
5
17404
6598
2
1736
19772
78
43989
8
15
442
10
7
5
195
1135
2
15
235
196
10
11553
1
45
92
18
5
1857
196
14
1110
197
0
284
18
1673
1
14
10
41
11553
2
8
788
119
0
145
10
2592
1
0
442
43990
97
152
94
450
3
124
55
1
4
25
829
109
0
442
6079
1403
31
500
14
2
8
4000
1
0
145
18
1133
224
102
3
325
0
567
1211
4
41
4110
1
15
13760
11509
364
2
15
442
10
4555
420
20
7721
8961
2451
1801
1
301
3
0
1387
2
203
33
3098
3
2235
0
358
2
8621
0
145
3708
27
1133
30
40
432
1
106
161
2
15
567
18
145
1365
210
0
195
1135
18676
77
19
5906
9
609
36
732
3
21233
88
7
53
1630
783
51
26
65
6156
9
83
145
210
27
697
9
215
9
83
198
7
0
195
1135
7
27
471
549
5
13760
1844
12
446
26
203
29
22
14
36
210
0
18676
77
19
5906
9
609
36
732
3
21233
88
7
26
15
442
567
1365
469
3
124
55
4
6079
430
9
80
119
19
145
10
317
5
17404


