563
3354
4014
700
30
116
5
427
11
142
39
2582
5
2103
5
1856
93
12
0
99
1135
6
19
195
9
3931
72
1688
7
1357
2
7489
12644
1
2622
1
34
40
624
7179
8121
7237
8150
3
13325
1001
652
56
0
1856
14591
55
6
0
937
7
5
4319
1
41607
19
24644
2
52
34
40
1444
0
9362
5082
6
279
39
20967
5
18364
28
19
7573
262
0
193
6
19
145
9
4
12
8771
19
2358
131
21
809
8
14134
8
2
30401
16
24645
700
7489
12644
53
93
51
8950
5
5001
28
7179
8121
7237
8150
39
2582
5
2103
0
1856
93
7
19
4014
3931
72
1688
7
1357
68
8150
1
2233
1
6
12645
1
22
16
8
16332
14
279
58
29
40
0
267
6
95
656
2
24
10
4255
2360
307
52
1738
21
34
93
0
2103
7
0
195
79
1578
39
68
12644
1376
59
20
0
652
2
52
176
16
8
24
10
1360
357
0
195
1247
56
24
1738
24
34
74
213
95
2103
4
24
10000
2
24
469
3
2220
94
216
4014
45
44
80
34
8302
2
8
24
10
2360
2
581
265
79
219
69
2296
9
94
4
24
107
74
183
110
3
84
6657
24
10
79
7
5
41608
2
281
24
981
342
14
2103
25
58
29
40
0
267
6
95
656
2
8
104
29
1115
25
49
28
739
11
0
81
697
82
4
60
33
7179
20553
2
104
84
74
29
0
4976
6
3238
2
57
13
504
147
1
45
25
8937
282
5
576
2
8
334
1117
30402
94
216
14901
0
244
9
6
9
105
806
99
20
0
4014
7559
7
5
41609
349
3
325
68
12644
1572
7
19
195
17
0
2103
3871
12
0
1856
1135
2
24646
13334
16
68
12644
890
8
8733
13
0
237
1173
8
4
30
945
5
245
6
4123
342
1556
3
1445
7
0
424
52
22
16
8
24
10
128
1966
2
24
22
1
240
2161
66
183
110
10
7
14
2103
218
10116
25
48
152
1
25
13
41
5
920
6
8042
62
5
1387
2
221
13
72
1688
7
92
240
2
8
68
8150
498
7489
5
1357
5001
3
2928
59
9
7
37
13453
3367
8
3
95
237
427
7
0
172
8
9
4
30
158
3578
59
4
19
227
3
19
102
11
5
117
3150
2
68
12644
1
2622
1
22
16
8
52
743
34
5
664
343
1
21
10
228
2481
307
8
52
224
49
3
121
4
348
112
24
1738
110
10
7
0
2103
2
52
10
128
1
128
9684
2
52
34
79
1082
5
195
45
16019
0
2103
412
6
279
2
8
57
13
41
0
87
71
68
12644
1
38
30
40
5
994
9
4692
4014
700
11
414
82
1
30
115
457
7
0
99
6
19
195
2
2007
64
82
320
54
1856
93
5
7627
3931
72
2732
7
1
45
7489
1992
1307
99
3
0
130
18
102
3
505
25
2
155
427
16
68
8150
844
5
1357
5001
3
68
12644
7
37
13453
5885
8
3
95
237
427
7
0
172
8
836
1
262
19
776
325
1
21
13
6083
1341
4014
1700
3
84
0
222
112
44
325
784
7
0
222
1081
2
7489
22
16
8
378
0
267
6
0
132
8733
13
0
237
1173
2
221
33
125
1700
38
84
74
505
457
45
110
13
0
547
218
8
281
0
1096
34
41
29
180
121
4
100
9
54
34
29
366
25
39
406
62
823
269
24
58
29
204
14
2103
1307
3
0
106
652
2
8
7863
2270
33
0
148
1379
551
93
374
45
148
6
88
98
73
32
9463
5109
2
8
581
827
13
3
3850
80
95
4014
624
2570
14
112
44
325
385
4123
79
355
25
99
2
8
26
7489
12644
34
40
317
7237
8150
3
13325
1001
652
26
68
8150
10
1444
9362
5082
23
21
981
79
12262
7573
18364
26
334
8771
21
981
342
0
279
131
21
8
809
4255
2360
8
4
8
14134
8
26
20968
8121
68
8150
498
13334
5
1357
5001
4
3578
59
3
1740


