5777
9381
29
40
3434
1438
28
248
345
17
15441
613
20
0
1596
2
657
169
75
6376
14
199
5060
58
32
9382
1
125
19404
4
3950
29
499
19405
3509
2
15
22606
6
8889
4
9895
18
1033
1173
34
118
1438
707
5184
17
8
54
18
613
8
699
85
613
3951
1
301
3
10511
689
2
22607
7
5777
18
22606
6
8889
4
9895
46
100
879
32
867
3
29
707
2482
17
36077
65
3247
17
5777
18
111
1694
61
1585
14
9381
73
41
29
345
62
4227
2482
17
3008
613
182
42
4795
2
27513
197
3008
613
4
19406
33
867
23
189
23
54
6
0
4491
13
41
36078
62
27514
0
108
2
5777
10
543
0
87
3
1275
9381
28
345
17
613
44
2483
56
5
1173
10
116
7
4484
39
5
2216
6
707
3712
1448
3952
9381
1
301
3
0
36079
2
1398
3950
3861
705
62
67
19405
3509
7
0
4917
4
9913
2
12971
2790
1438
3634
9
27515
2482
7
468
4
422
6
5961
107
86
7
151
2
360
1
125
29
7092
3358
199
2190
2
9383
10512
1
5
1113
1991
544
20
0
513
1755
6
422
22607
1
22
14
0
2482
171
41
32
1274
7361
2
8
982
2482
33
159
3
7337
12
3776
4
66
392
210
23
169
14033
2822
12
88
23
686
1
45
5
9384
17128
254
74
1608
27516
22
2
15
1033
1173
20
5777
10
3
1344
9381
28
248
345
17
8
54
18
613
8
699
85
19406
3951
8
982
2482
33
159
3
7337
12
3776
4
66
392
210
23
169
14033
2822
12
88
23
686
1
45
5
9384
17128
254
74
1608
27516
22
2
15
36080
107
161
14
199
2482
197
9381
4
613
76
667
3
8
8440
8
2
15
1486
20
5777
226
23
97
15441
2877
1053
182
493
31
0
631
781
6
2516
11
97
3299
6
707
833
4
6377
1000
2
57
13
41
536
112
156
6
0
2181
43
696
7
3634
9
693
22608
2
27517
9
146
3950
34
5778
27518
17129
5185
127
88
20
0
2230
6
48
70
11
42
3299
6
707
833
1000
1
301
3
0
8890
1623
2
5777
18
537
164
10
61
182
493
4
115
7
7097
6
1827
1694
7
405
11
64
1000
1
173
54
113
0
693
3635
77
5
70
11
5
595
63
27
707
833
2181
2
15
537
164
1301
3
22609
97
707
833
4680
2
26
422
18
1033
1173
118
1141
345
17
8
54
18
613
8
26
1953
2482
17
27519
613
44
19407
61
1438
26
5777
4
10513
108
19404
182
493
11
707
833
1173


