119
3965
57
51639
51640
9
40801
465
99
747
13
28867
24
7465
2367
104
24
2451
39616
11485
237
632
61
3091
54
352
2831
107
14
384
34
19705
61
45
45940
27
162
14
376
407
13
24
833
61
4039
408
7801
3627
51641
2686
18744
61
24
51639
51642
40801
3965
61
48101
51643
61
330
24
1060
37
21238
13
331
12187
13
24
41537
14057
51644
57
24
1202
331
2831
107
719
64
692
2108
34
5724
61
129
1393
13189
24
7084
5
9876
7095
57
3096
5828
7122
27
396
330
24
4098
352
13
24
7060
23
6846
149
9885
5
13447
1348
4982
76
834
3096
1248
122
763
4270
27
396
663
3138
515
405
4098
4781
278
1129
24
4894
2367
34
122
2534
9786
27
51645
51646
61
51639
51640
9
40801
912
325
61
510
330
5724
2831
4377
11873
1155
64
2451
39616
119
1060
5224
24
1146
37
4098
4781
369
2590
24
15357
836
34
122
2534
4098
1354
51639
51640
9
40801
87
334
6292
4098
2222
502
4680
34
24
3540
57
14
1362
17181
27
331
119
2511
1121
57
24
1146
1030
6216
5
6204
369
253
3621
13
1194
24
815
57
35
632
34
122
8499
40
51647
12453
61
167
24
11514
45
18694
5
12472
1521
13
107
383
61
331
215
330
27
569
594
870
5724
3965
23
465
278
6182
24
7060
51639
51640
9
40801
330
5724
331
1018
45
2296
13
107
51648
449
24
41217
57
3078
562
331
5
24
4098
352
1046
14
331
17051
5
17934
3786
331
13
24
3291
2367
27
119
1060
1195
5892
7058
13163
8400
17895
4242
17887
17884
162
14
592
5016
61
51639
51642
40801
37
833
8637
51649
51645
51646
1400
5724
2831
4377
20589
11873
1155
64
864
4122
2451
39616
5
23677
5
7814
3621
13
27743
119
18744
27
331
408
2831
45
980
34
24
20589
5
4694
16341
57
14944
1030
2451
39616
5
8831
23
2941
4255
2367
27
691
369
286
61
10055
5
42107
27
691
980
89
24
23396
57
361
1129
13
321
51650
6407
5
16959
14535
3740
5
334
11664
2734
1398
61
331
215
330
27
119
6406
6292
1060
105
663
1195
5892
7058
13163
8400
17895
4242
17887
17884
58
215
149
560
57
3223
7056
11546
13
24
775
57
982
7838
27
51645
51646
51651
3096
76
54
2504
185
51652
5
54
21238
13
28867
24
6292
4809
119
1060
99
747
13
28867
24
4894
2367
185
6846
237
632
51645
51646
61
149
12881
23
10709
505
237
506
1348
215
737
13
748
14
4174
104
7058
37
1678
57
13526
26815
20268
11430
51653
1831
51654
51655
27
808
51646
37
6270
149
4960
58
14
1857
7808
27
119
1060
663
650
101
434
58
1037
185
870
3484
3193
51652
61
4710
13
28867
24
6292
4809
37
40764
531
5
51656
2572
1203
9886
23
5810
27
51657
61
129
87
1545
91
24
870
7604
1707
34
54
4328
23
24
8036
326
162
1920
744
14
11157
858
57
14
635
627
61
391
13
107
870
4894
51658
51659
37
688
61
1083
14
10420
219
149
717
185
14
1002
3229
27
742
549
10259
51657
61
14
791
870
23261
61
149
663
324
6493
6078
64
215
4602
76
316
25174
6256
27
396
935
3469
23
14
522
6540
133
5542
185
834
13
1167
6480
8796
23
7058
27
162
1078
61
51659
717
14
467
57
14
318
38892
334
2943
8048
5
1725
14
1724
9
13
9
7935
34
622
870
5724
13
4458
6292
4809
37
9860
5017
23
24
8036
326
64
758
64
866
14
858
185
1002
57
14
635
318
38892
14
8048
27
463
464
465
99
9025
51639
51640
9
40801
34
2951
27
246
51639
51640
9
40801
465
99
747
13
28867
24
6846
2367
246
119
1060
407
14
376
4039
408
7801
3627
51641
2686
18744
246
19148
352
87
13447
13
10439
819
129
1067
705
257
246
1963
5224
4098
4781
369
2590
24
4918
34
2534
9786
246
691
278
289
185
5724
13
13189
24
331
7084
5
9876
331
1202


