139
167
332
0
2001
638
37
10322
700
3243
5
130
3
0
640
8
7
994
9
1480
8
120
5
7938
12
0
1777
6
1647
160
2
15
4014
700
1
816
5
588
4583
4
599
2970
1
73
32
214
17132
17
5
130
208
3
19
599
195
1
17
0
700
917
1456
661
2
294
0
130
816
5
15398
2826
1
38
13
521
3
32
5
848
6
0
270
1
12291
9025
20
0
13334
1
0
700
2264
7864
59
49
4
20731
59
3
0
640
2
6433
16
563
10322
700
53
816
588
51
10
214
17132
17
5
848
6
0
270
7
1647
160
10567
7
8
994
9
1480
8
1
0
700
7864
49
0
130
4
12291
59
3
0
640
12
18092
2870
294
5453
6841
55
6
303
1
0
130
1512
3
19
948
4
30225
430
103
90
4506
0
700
7
0
18301
2
378
48
547
75
7155
3
429
0
7938
1
50
510
12
18092
2870
7
8627
1
1647
160
1
12
506
1152
2
15
700
1
38
926
11
10322
1
327
21
10
12
19
152
3
5
431
56
0
130
1200
661
0
700
9
243
917
23
21
10
1136
3
1207
4975
357
0
538
2
65
479
11
10322
1
50
3218
75
3
672
41180
319
5
1132
1055
1
22
0
700
107
41
29
5
1856
7
19
195
20
0
71
2
96
22
16
8
15
700
10
41
12
5
431
9
21
10
2447
3
165
3
3586
552
2
8
52
10
1141
1136
11
4975
885
3
1842
7
376
6
59
886
4
119
21
10
1141
552
5330
661
0
195
917
9
86
21
10
2788
430
2
8
104
929
1549
3
1487
14
37
10322
1079
700
10
1156
7
8627
2
104
33
2370
136
412
337
3
0
700
38
30
698
3
0
106
3
365
0
358
2
8776
0
700
7
1332
1
4699
8415
49
1
13
11697
2
8
334
91
2256
3
0
640
1
0
130
1512
3
19
948
4
30225
430
103
90
4506
0
700
15
11665
510
339
18092
2870
1
330
11
97
13560
1
12
446
1152
15
167
10
204
31
588
14901
700
5182
41181
1
38
10
5173
103
5
1856
1137
20
0
71
2
52
22
16
8
24
592
4
408
0
10322
195
4
5
130
3601
2
24
692
385
10
2621
1
8
24
309
3420
4
0
130
224
55
6
0
195
2
1437
21
4
5
2407
309
1259
2
8
378
14
547
24
34
3
1221
103
4
192
24
408
106
20
0
548
2
8
15
10322
700
10
180
69
0
839
18
160
6244
12
470
415
4
192
219
3
365
0
358
3
0
106
2
65
3994
203
479
22
44
43
1591
6
0
167
4
14
362
1002
3
64
266
7
0
18092
2870
329
12
446
166
2
580
4061
29
40
116
2
26
3077
332
10322
700
4
5563
17132
7
1647
160
1004
26
15
584
43
1799
18302
23
0
130
4526
0
4014
700
26
41182
700
123
214
3918
49
0
130
4
3938
59
3
0
640
26
10322
161
700
10
2901
7
994
9
1480
4
14
106
43
3825
26
2161
66
183
0
10322
700
218
19663
41183


