6258
225
22811
15805
5224
54
83
825
107
1533
5071
1348
358
1550
185
9039
34
122
16369
4782
16407
58
14
22812
15
9
15
10144
2554
75
465
185
202
27
15805
10222
170
14
3214
3604
110
61
349
22813
22814
61
16594
22815
61
51
52
5
8520
179
75
465
5
24
4793
57
2820
185
24
8751
2057
104
607
64
24
4313
11116
6844
3279
1996
133
185
14
1025
81
27
331
1134
149
14
692
4090
2
502
610
718
2554
405
22816
61
331
330
15805
61
129
970
6322
54
6524
13
9832
27
331
842
24
77
37
12059
825
5547
206
57
24
9039
2544
27
408
825
107
822
1533
5747
75
542
27
331
22811
15805
87
537
34
14
352
2
6258
256
14
103
3368
75
465
6258
37
11751
22817
1213
24
2118
2434
7597
14
15062
67
68
104
24
22818
9
11365
9
22819
15805
22820
334
15866
166
9
111
22821
515
45
17613
4942
13
17330
417
22822
22823
61
22824
22825
5
22826
22827
61
33
58
14
316
9
5
9
14
9
170
506
6213
61
105
604
2469
609
27
331
408
604
2236
105
612
155
101
1123
61
331
15805
3818
40
330
215
516
1359
18912
64
215
1577
13
221
54
77
1533
14659
61
76
54
110
22828
8798
1533
1502
27
6170
2108
34
15805
149
24
4699
57
22827
5
22829
22830
61
33
34
24
55
227
647
744
1268
61
58
122
402
60
22831
27
6258
37
19705
87
2330
3604
64
358
1550
24
68
18
465
61
24
11116
2434
6844
972
22832
69
174
71
31
465
1191
76
14
3486
138
123
24
15
9
15
2554
23
6258
119
22833
3320
64
24
22834
22835
32
33
75
24
2118
2434
6844
331
727
847
244
5928
1690
13
223
58
1155
402
22831
27
408
638
45
9375
1022
515
610
1545
13
61
331
330
15805
27
331
842
610
639
515
610
2296
13
81
185
2414
27
331
20494
22836
37
22837
67
49
149
14
321
841
222
34
24
219
220
76
24
133
9
57
9
163
15033
156
6261
34
6258
76
54
22838
74
13
13313
13
188
185
24
704
9
227
22839
2580
27
331
727
718
600
13597
185
20494
13
17325
562
89
14
2544
61
331
15805
330
57
24
136
61
129
99
4000
34
163
104
11085
6886
27
6258
4995
334
22837
67
74
2
20494
22836
13
10903
14
2554
75
24
22840
6258
278
100
663
100
3708
23
24
20510
27
691
278
1789
374
131
2
1413
192
61
64
3096
64
5790
5
6785
61
76
7841
166
3466
104
24
908
57
1963
6749
543
6258
23
1751
765
75
9039
2347
825
7529
75
24
2118
2434
7597
1775
76
166
131
13
22841
122
16971
33
185
2073
27
543
7826
9263
61
3322
22842
5
24
622
110
10222
185
202
2472
13
1550
18
61
6258
5449
24
11717
13
81
64
358
15956
58
908
2697
23
24
1060
27
331
187
149
1219
45
24
3368
610
288
537
34
75
465
61
331
6866
22843
22844
330
27
331
408
369
832
57
834
4238
24
4918
87
34
24
16369
20510
27
842
709
32
2831
107
5794
27
331
246
6258
4000
13
14
15
9
15
10144
2554
75
465
185
202
246
22811
15805
5224
54
83
825
107
1533
5747
34
16369
4782
16407
75
9039
246
15805
10222
170
14
3214
3604
110
61
349
22813
22814


