258
4577
2905
261
262
13587
264
61
2213
563
1268
268
269
262
53885
264
61
145
563
1268
251
5244
9
18898
4324
9257
6903
23
14
6480
6474
13
20254
43
76
53886
1086
2971
5
935
8694
542
149
1142
3253
57
2942
596
185
207
5
44
855
24
897
4447
27
251
8672
23
40877
4634
24
14455
23
24
501
75
1075
34167
61
129
149
2940
76
3319
316
43
2
6319
5
32
2
20219
61
4777
27
251
111
2
1747
9042
149
2876
40
7639
5
12586
449
2329
34
54
562
5
4124
23
24
10480
61
2358
215
516
11263
13
897
27
779
273
57
24
5284
16889
5
17856
868
617
64
24
14455
149
1869
27
34167
61
129
663
149
560
57
2285
596
23
53203
24
2729
9484
61
25579
23
54
25546
61
502
215
4183
652
57
33
3071
27
1075
34167
15525
89
24
17811
123
12146
23
21197
2916
41612
53887
943
185
563
1507
806
215
149
1142
3253
902
5
2881
24
897
4447
10604
36763
61
700
61
48757
54
715
14519
23
2959
806
358
369
24
448
57
593
2441
36763
119
8672
515
560
34167
825
4699
147
13
4082
1720
13
3596
24
897
4447
34
158
27
40378
262
9618
330
34167
10401
54
55
593
61
23299
32231
61
76
24
5605
57
14
2639
9
17115
19671
1086
104
14
2887
6319
34287
9618
61
129
105
1414
16805
13
1153
1474
1440
5
4699
14
3253
14455
61
7595
24
20774
9
2033
34167
24
53888
23
24
555
6474
76
14
175
276
393
215
6629
27
119
15508
9
2033
393
61
53889
53890
61
149
560
5
3218
35
506
13
562
23
5672
2241
24
3317
57
13124
27
3226
5364
53891
750
16805
646
149
709
3937
3259
515
34167
8727
24
13685
61
5
215
8739
166
1243
13621
34
2942
596
9
2235
24
10938
61
456
76
14
8191
1185
456
76
14
2056
27
396
330
646
149
331
2957
37529
5
9382
61
331
14
12448
57
24
897
4447
2942
596
2479
27
331
396
149
24
8738
1778
237
6474
61
331
53891
330
27
9618
330
24
5284
61
704
159
185
122
4578
5
76
2347
485
2489
515
2290
7463
122
53892
61
288
10401
76
2971
57
53893
693
27
999
111
149
1745
438
40877
61
5
24
819
288
2876
104
14
34571
6319
12597
123
6561
1086
5068
27
119
572
43
288
23299
32231
61
4028
61
57
40877
806
1543
53894
61
20667
61
57
20219
61
4777
806
5
2441
36763
61
3983
61
57
53895
27
36763
37
1816
149
1142
23
14
9621
7644
438
334
40877
9
351
740
20585
27
119
9484
61
2452
19404
61
12586
515
215
944
24
13452
57
14
2895
64
215
2287
23
918
57
34167
104
24
44981
1086
1783
27
19404
61
129
149
2876
23
334
12249
61
6021
24
8044
16153
27
331
628
53690
1145
61
331
12586
19404
61
129
750
14
24652
679
57
2329
218
24
10480
5
4124
34
374
4615
27
331
628
149
3573
449
12979
13
897
27
331
618
801
262
1936
14
10668
37
73
376
61
1075
34167
149
4373
14
331
1439
45207
331
129
510
3275
57
54
5284
91
605
542
331
14
843
57
840
5
1292
5
14
582
56
23
562
331
7619
262
397
758
64
23299
32231
61
1543
53894
69
174
71
149
1142
8809
23
14
9621
7644
23
555
27
1707
147
22564
24
1816
57
2441
36763
69
700
71
9618
330
183
149
14
5921
515
19404
61
129
663
149
24
3022
1844
104
53890
37
801
61
7639
24
3528
76
34167
23
23457
2916
61
4846
2313
528
57
10670
27
331
1539
91
24
10527
57
8259
638
215
1488
76
54
562
61
331
53891
750
24
8672
27
187
149
19404
331
1488
185
4957
608
61
555
61
515
11
4948
13
532
53894
37
1816
23
24
1271
351
575
19404
149
2876
27
32231
37
1816
663
149
1142
23
23457
2916
27
34167
61
129
4634
13
6319
2
11247
23
4399
58
3269
1793
494
23
5672
185
14
5668
802
61
12586
515
215
2011
76
19404
5
515
19404
149
24
32
129
31
14
2895
27
12160
262
53889
53890
99
253
100
3218
13
562
23
5672
2241
13124
34
54
511
23
24
18590
27
396
87
1622
13
13598
75
34167
23
54
801
53896
23
262
34167
87
12669
13
14
25546
343
13
14
33
60
331
187
53897
166
607
449
15
2769
2
707
855
61
5
628
1663
89
24
10480
61
5
215
1663
58
846
61
331
34167
330
27
396
12586
515
24
316
36627
185
24
27139
1675
5
19404
2291
47
3014
190
2919
27
331
628
330
61
24244
1031
37
851
190
61
331
818
1222
215
149
2050
13
6457
846
61
215
149
2050
13
278
13
1018
183
76
54
680
61
331
34167
12586
27
34167
37
10662
105
330
515
6460
12443
158
1893
503
185
14
51686
5
515
24
5744
12161
5
2056
11341
6467
2977
288
41424
27
53898
262
119
2367
510
513
58
43
1718
13
24
1271
13063
9558
223
185
14
53899
14497
12597
52603
262
3226
28727
53900
61
174
61
5
6263
3509
972
53901
16356
122
73
7186
23
24
40877
10006
34167
37
4954
650
58
24
11376
10222
1579
501
2241
2394
53890
61
129
105
100
26421
13
13598
34
24
11376
27
1447
149
709
9634
1607
215
638
244
13598
61
5
20614
288
101
14
11848
3023
27
53890
61
2
53902
61
149
978
64
334
1509
40
638
244
855
14
1243
897
4447
652
215
149
14
8241
1348
24
10938
392
27
53890
61
1094
2195
61
105
330
24
10938
288
2183
40
215
638
244
850
1193
3317
13
1728
24
13685
27
396
330
215
5873
34167
516
6457
158
5
54
2670
1222
215
2140
445
642
27
2286
262
27721
34167
1918
123
14
217
23
4954
23
24
596
801
57
525
688
246
1075
34167
61
5555
560
57
8180
166
43
61
316
57
502
215
10401
13
122
897
91
14
53903
6428
246
53889
53890
61
54
11557
61
99
253
100
3218
13
562
23
5672
246
34167
2881
24
897
4447
23
24
18590
57
1543
53894
61
23299
32231
5
2441
36763


