258
1523
1524
261
262
55700
264
61
1371
744
558
268
269
262
57180
264
61
2195
744
558
251
111
129
149
433
185
548
9535
23716
13
897
104
14
331
7969
4608
331
12597
149
561
902
34
2655
12676
27
15377
57181
61
7754
61
149
719
6819
360
57182
76
14
17539
14330
9
9535
32
57
24
57182
4983
607
27
396
663
1745
166
23716
91
21480
542
185
24
219
76
14
8222
3268
5
2590
7957
765
27
742
11156
972
57183
61
2154
61
149
971
6819
57182
76
14
17539
14330
5
2397
23716
18
14
20286
27
2281
43
288
971
17639
47
23716
91
122
13266
5
2555
542
185
24
1675
104
57184
16877
23
20219
27
119
6456
13940
129
1062
24
4325
1767
9
401
5728
13
107
1253
23
1751
546
9
4373
24
12597
14
331
7969
4608
331
5
330
215
1850
331
776
5
897
331
215
825
604
107
644
13
9500
27
521
159
34
522
9
57185
11169
11170
1446
1060
11727
3160
971
3554
6597
57
2655
12676
104
57184
16877
61
20219
61
34
316
454
35
2157
1178
6456
643
3283
7459
2655
12676
104
57184
16877
61
20219
999
46046
7389
149
971
76
14
35590
1610
57186
2
1579
1816
23
14
501
515
11956
331
94
24
2190
597
57
2655
12676
331
24
4791
6558
104
20220
10943
331
943
105
1541
944
57187
12597
3034
2153
1544
510
54
2534
562
58
24
4325
13
54
2609
149
554
57181
149
561
902
34
2195
3133
5
57183
149
2104
14
1085
3254
6578
34
2655
12676
27
119
7459
4325
149
554
23
3515
1729
91
531
1060
11727
3160
27
119
1767
2057
1061
9535
23716
76
17501
2132
61
17926
57188
61
57189
7450
1853
122
15787
5
21480
2609
2334
2261
11228
27
5401
1284
6970
4615
57
9875
1767
5
4278
1275
288
12606
91
24
1435
912
13940
27
119
4121
61
6247
18
316
454
35
2157
61
663
5292
402
4522
4702
5
7459
7465
2655
10629
27
119
501
149
958
64
331
94
24
2190
597
57
2655
12676
628
278
719
331
91
14
4791
6558
104
20220
10943
331
943
27
57187
57184
16877
3034
2153
1544
61
12279
61
2876
3383
23
24
219
23
14
344
8955
185
11118
37
7314
237
506
61
166
1267
58
24
643
149
407
13
24
833
27
119
12597
105
100
8536
91
24
877
57190
1449
2820
7565
9
502
1400
13
5448
1449
87
1542
23216
5
13
331
175
9764
57
451
331
27
119
877
57190
9016
87
6581
13
748
1449
2820
10659
13
1864
5
15635
27
187
87
373
361
7920
502
14739
1363
15088
2
57184
16877
27
119
6456
13940
19964
24
7459
987
57181
11298
14
7389
13
897
76
334
17501
3268
27
396
330
262
331
9783
8268
24
9019
2
24
18707
64
19554
5
2339
183
18
24
219
57
32
57
24
4703
57188
27
331
187
510
158
1793
16650
484
215
2113
19621
24
25559
61
3223
24
2655
89
57191
27
331
396
935
4548
104
846
13
442
158
3337
24
2655
89
24
982
8733
27
331
187
510
846
14
2347
7404
13
4005
64
628
144
718
45
444
1129
13
158
2931
237
27
331
119
4089
149
4516
133
57
24
2655
912
219
61
5
7683
57
8491
27
331
628
2168
6314
57
24
7917
5
24
4089
285
704
18
707
7385
61
24
674
5
24
982
8733
27
331
397
387
64
24
57192
149
810
24
8733
61
9783
1399
24
12886
185
5
2287
868
27
331
57181
2
326
57184
61
20219
61
3252
3253
13
360
6987
57
12676
13
23716
5
57188
61
23175
13
11727
12489
3161
10645
27
16877
2230
15377
57181
99
100
561
34
2195
3133
34
54
398
23
24
3554
4325
9183
185
2609
104
57184
16877
61
324
61
655
11156
972
57183
309
14
1085
3254
6578
396
663
3252
3253
13
32
2479
57
13024
13
2648
23716
2
8638
5
776
61
23175
13
24
11727
12489
3161
10645
27
57181
663
3818
2590
7957
765
13
9019
57188
5
32
2479
57
13024
13
2648
23716
2
8638
5
776
61
91
7405
23716
91
24
13266
5
2555
542
2
18067
13715
27
396
149
561
34
2195
3133
5
1377
2
24
7004
61
11737
61
31849
61
4014
1185
1123
57
12597
2609
34
890
494
27
57183
61
2
57193
61
20219
61
129
1094
1001
64
14
12999
2421
61
3252
3253
13
316
1517
57
12676
91
6764
5
6819
57182
76
14
17539
14330
5
2397
23716
18
14
20286
27
396
663
3252
3253
13
316
1517
57
13024
13
2648
2609
2
776
91
7405
23716
91
24
10428
5
7917
61
2555
542
13
24
1675
5
6764
542
655
3031
542
27
396
149
417
334
533
632
3254
6578
61
1085
34
14
506
61
5
1599
13
1645
133
10361
4615
57
11555
223
27
162
11572
365
1061
750
20220
11280
943
358
288
2404
34
122
7280
61
515
358
105
309
709
1986
5
358
105
1414
34
442
27
251
188
12597
2230
4312
14
989
11300
2
24
6047
27
1702
1703
2006
15036
61
24
6047
912
12597
2655
12721
798
61
330
262
331
119
12676
57194
133
91
1508
316
43
149
9875
27
331
691
2057
3330
709
1643
1185
24021
34
24
23716
23
122
4014
5
2053
279
542
76
32935
61
7464
5
12468
27
331
1134
35411
2726
87
14
80
8804
34
14168
129
369
2050
24
2243
1034
34
2655
12721
27
331
246
15377
57181
61
7754
61
561
34
2195
3133
58
6456
1729
3283
7459
4325
104
57184
16877
61
20219
246
1570
9
2230
972
57183
61
2154
61
18789
1085
6578
246
16877
3034
2153
1544
2876
3383
23
24
219
58
4325
149
554
505
237
506


