144
1417
5603
4
1883
4189
293
16
32441
138
1
870
460
151
291
287
16
46104
138
1
870
460
151
6433
16
15
547
9
10744
256
6
10421
3
7022
3847
13
91
18766
31
1113
106
23
1993
77
0
1830
6
0
1998
2114
6496
106
362
33
182
1073
906
3
429
42
362
319
32442
10421
20
547
9
10744
908
2
65
1622
13
3
32
933
31
0
4492
203
10690
3121
69
0
256
6
10421
7
0
86
9
180
1221
9
7022
5575
2
139
10390
3
0
256
6
0
7022
1158
23
5
373
908
1998
1
113
0
16804
13
1145
4
13
8420
69
37
1845
47
265
7
5
356
1093
3
15679
1230
2
203
33
91
78
3
5442
1789
0
10248
6
199
15182
2
15
31084
496
23
111
998
163
0
256
6
10421
31
106
7
246
4
970
30
67
85
4325
3
25893
15182
5
70
1
2298
2541
1976
63
0
3754
3
0
270
6
67
3838
256
6
0
2023
2
950
11
577
7737
1758
1
434
3
32
443
12
426
1
46
163
10878
6
0
2015
30
5466
28
140
12505
7
746
3
18715
7
0
64
82
468
4
411
133
25893
5
70
2
5034
12314
1
2496
3104
6
0
5113
1
78
0
4212
16
35
104
29
2834
1335
63
125
6
0
1678
4
2896
7
50
885
8007
886
13
157
2
35
104
29
2303
1335
3
21686
63
0
256
6
8007
7
0
1221
9
7022
46105
13693
6578
1
5
1564
38
4896
418
4354
317
684
127
0
106
77
8007
256
1
22
16
35
221
13
5
541
1976
140
550
4
5984
2
35
15
2973
13
14
10421
206
383
0
5313
4585
6
14678
699
85
91
157
23
743
4447
794
3
1695
645
32443
15
1083
7
8007
256
496
39
0
1206
950
467
6603
55
11879
111
2015
3
1244
357
0
264
7
954
39
1486
867
0
2015
3
32
157
31
1356
9
2561
106
362
39
105
20645
550
699
85
118
31
7633
2306
7402
362
2
7560
1
485
134
153
6
106
362
133
46106
133
33
1971
17
10421
2
297
94
11
167
15
245
6
362
2306
3
256
10421
30
3192
5442
7
0
81
333
82
15
1755
6
1986
203
2614
22
0
256
6
1221
9
7022
13
18766
114
25
13
18487
1
1614
157
39
0
544
30
1552
17
0
1998
1
4
473
1107
46107
0
1400
2
2258
32444
1
21686
18
479
12
1971
106
1
22
92
43
35
12074
32445
63
0
256
6
10421
7
0
1221
9
7022
356
9
45
2164
0
998
2
52
22
0
1083
7
15182
46108
3
0
1048
7
2015
91
4845
55
357
0
264
1
4
107
41
3932
10421
91
157
67
473
2
8007
256
7
0
998
6836
3596
0
1998
45
41
3942
1
7153
0
1998
4
7144
0
925
914
12
0
1400
1
319
7
0
1221
7022
5575
4
3942
0
8007
133
50
2317
7
118
140
575
134
153
6
1000
1
301
3
21686
2
68
32444
22
16
35
982
998
163
0
256
6
8007
30
1735
7
621
17
0
24525
6
67
2015
2
35
221
46
32
1335
941
31
2423
14
84
141
6687
1190
0
10992
2472
6
0
1048
4
92
46
32
75
2298
1335
77
48
38
84
141
2990
17
0
106
248
10421
2
35
24
58
4794
14
92
33
67
12074
1335
140
1221
9
7022
4
140
8007
256
12
3140
75
85
12
261
46109
13693
6578
13
5
1564
5970
5
245
6
4354
317
684
127
0
106
77
8007
256
2
52
22
16
8
135
33
91
157
23
5
6671
3
5495
17
14678
1
699
85
46110
552
38
206
29
5
4447
1998
784
2
8
203
33
61
182
906
77
8007
15182
127
3140
2423
2
101
555
1
5478
9
83
1186
46111
133
38
34
20190
430
7
3849
4
10
2048
3
922
430
133
239
7
5
11618
39
106
1582
5
8007
20
59
363
19
102
7
5138
1
3304
2
101
411
5
5235
9
83
290
10
303
31
106
17
5
32442
8007
2
15
290
1
38
10
11142
64
12132
4
2048
3
1797
888
1
10
54
6
67
85
316
126
303
31
362
319
0
3035
7022
3807
1
998
163
2
101
600
2076
32446
1
928
1
6
46112
1
338
13
1969
3
29
34
5
2448
664
343
39
91
312
31
0
2669
46113
766
31
5
106
544
2
65
106
25201
13
182
152
69
0
193
1
39
25
1172
14
68
32446
206
29
40
6238
11
5
404
130
17
0
222
540
2614
43
180
3
0
972
3794
3993
1634
47
102
31
19
145
32447
3
465
17
5
1263
197
59
4
5
2512
2
96
366
27
198
10
11237
4
35
3045
4
46114
90
21
10
303
1
50
93
59
35
6056
4
46115
4
17
35
19
1069
46116
2
221
29
40
452
32448
9
1785
1603
7
0
255
150
1686
1
80
521
3
32
28
0
13223
256
6
0
1998
2456
347
90
0
358
21
34
2837
28
37
14848
12144
4
10
3435
1594
3
15006
5
1969
664
641
56
21
239
2
380
697
2646
1
6782
43
5142
3
0
1221
9
7022
5860
2
203
22
0
8007
10
157
3
14161
0
290
4
35
1695
645
1797
3
234
27
1
0
270
4
0
31051
39
36
467
10945
35
46117
7
822
32449
1
5742
1
7
600
411
2
15
6349
10
54
6
67
85
316
126
3864
17
0
2015
7
0
424
105
82
1
301
3
998
3316
182
0
5924
6
6552
2380
2
135
1041
231
126
808
591
1
146
808
414
4
608
808
598
2
203
362
29
61
303
2881
1532
1
64
6595
4
5
10422
17
10421
7022
9
3807
150
468
2
674
149
1
0
904
10969
1395
22
25
10
41
8994
635
127
37
544
38
5532
5
8007
127
3551
130
7916
12390
1
4230
2
15
106
544
8774
19
599
2610
11
5
25894
14913
2
15
11675
510
12
436
406
81
70
39
607
43
489
6
5
130
1360
162
0
704
528
7
7481
1
3375
1
17
5
17296
7768
1998
2
68
12390
1
38
30
556
64
10320
4
4883
20
5
8
17777
47
3057
8
1
10
12
19
152
3
5
2787
3
1118
280
11
5
1447
4
107
41
3203
711
10
821
268
0
544
46118
59
2
15
2633
1
38
13
98
8715
620
684
127
3375
10372
1
10
204
3
286
90
91
443
2
203
192
432
5
4398
83
130
521
3
32
0
541
3302
45
21
10
443
340
766
39
100
1998
10
115
2
68
12390
1
38
30
178
2443
4
64
5440
1
22
16
35
139
544
4359
14
19
7478
10
46119
114
21
1474
516
141
812
0
2089
197
5
3706
83
130
4
5
1020
2
35
24
322
2525
14
0
7605
29
116
48
595
114
24
322
98
2481
63
0
715
6
605
23
48
4389
9
596
544
1575
3
8424
136
1777
2
52
176
16
35
24
10
4405
371
95
152
94
0
1004
56
24
306
48
130
3601
2
24
34
100
961
25
10
6313
20
121
4
24
273
24
10
91
25332
2
35
89
2264
24
809
5
676
794
12
95
99
4
48
3035
1907
219
122
162
95
265
4
24
2837
7
5
13614
12
0
898
2
24
10
3601
80
0
71
1
1166
24
659
3551
307
24
659
3551
307
1319
8
334
68
12390
865
3
0
898
225
94
1
0
106
544
28811
12
19
99
90
25895
59
2
68
12390
22
16
35
144
48
986
21
76
1474
177
14
24
10
3706
4
95
1360
2610
10
7
412
1106
45
21
76
141
1604
3
794
19
2784
69
95
99
4
2280
121
2
8
15
544
98
902
5
5309
3712
942
2
26
8007
256
30
3192
9
67
85
259
134
153
6
362
98
1256
54
26
221
29
40
5
245
6
1603
1785
3
10421
26
46120
29
32450
3
25893
5
70
1
1548
0
245
6
746


