258
4577
2905
3968
261
262
10096
264
61
16
534
1268
268
269
262
44297
264
61
15
534
1268
119
53560
37
3052
20697
87
20108
1579
5784
2804
42898
6029
56851
56851
58
3880
1533
1284
56852
6225
2
24
1857
27
56851
56851
61
502
1506
331
6662
331
1185
331
10636
331
61
87
503
24
169
3296
6029
3132
104
24
3052
20697
647
24
55
41063
2084
23
17975
13
9469
3989
1075
9878
37
2865
3613
13
12641
27
56853
278
4411
14
108
13688
57
22702
1411
24
316
2846
27
521
159
34
522
44695
262
119
53560
37
3052
20697
87
20108
1579
5784
2804
42898
6029
56851
56851
58
3880
1533
1284
56852
6225
2
24
1857
42224
2255
34013
41101
99
100
13923
34
525
6029
23
24
42898
42324
647
926
149
3132
744
1656
27
56851
56851
825
278
525
1857
9501
1920
23
267
27
34013
41101
37
503
622
3296
6029
61
14
5786
901
56854
56855
61
149
3132
23
7066
5
149
4634
13
12641
23
1972
34
12678
27
1809
42898
41065
41065
87
24
571
57
365
6069
27
119
29885
1414
24
1857
13
9298
34
32
57
360
5251
34
24
582
6029
27
119
819
288
56851
56851
61
56856
56857
61
11701
56858
61
56859
5
56860
56851
27
119
5251
288
14616
91
1197
4902
23842
56861
61
4744
4902
13
12641
3277
56862
61
42898
24928
104
24
3052
20697
61
24
6612
1060
3689
57
24
3052
20697
5
24
12641
17782
5
1322
2095
34
24
17749
42224
27
119
1975
3584
149
14616
91
3689
57
24
3052
20697
27
13097
47
262
56851
56851
149
19486
104
24
53560
3052
20697
1671
6344
262
119
29885
1414
24
1857
13
9298
34
32
57
360
5251
484
56851
56851
149
1975
17749
41063
369
5457
11728
12422
23
24
95
61
5
12678
542
23
19289
99
5209
1098
61
3458
23
4772
27
20697
1232
278
53
5231
4556
13
26829
56863
1579
5784
42898
652
24
1047
4942
13
6027
14122
27
119
582
7764
99
417
29885
1232
4786
4372
23
24
4772
41063
331
7410
13
442
1503
24
42898
2571
27
2226
506
61
34013
41101
65
7764
13
14
6029
61
40
183
1077
58
190
1267
652
1579
31968
105
244
5896
10087
5
288
244
3223
1487
2646
13
1579
22694
27
119
29885
37
55
42898
540
61
56856
56856
5
56864
56864
61
105
360
6069
123
24
3766
61
3400
2185
1910
1533
1284
14
2347
1267
27
246
119
53560
37
3052
20697
99
901
1579
56865
9
2033
42898
56851
56851
246
187
1506
331
6662
331
1185
331
10636
331
246
5401
1284
7591
308
11004
34
24
3584


