4338
759
775
2732
3860
7464
64
14
12721
798
61
14
7058
893
99
2151
1510
334
4927
593
57
24
24605
27
162
14
485
38194
91
755
61
57313
57314
497
1579
2107
10864
185
3354
2356
1348
525
583
7983
6699
24
22049
9
2033
2255
13
897
23
122
11035
7058
82
27
1707
10043
57314
57314
61
6015
61
57
3319
54
715
405
227
58
915
61
484
6540
3383
89
57315
642
924
104
741
5977
27
691
330
24
540
37
17388
9
2033
1093
32314
57314
978
13
9153
40
4508
4238
620
947
5
149
319
13
320
27
57313
57314
149
331
26057
331
489
23
525
6735
82
23
7058
37
527
185
3354
4896
1707
278
2940
57314
76
24
596
57
54
715
5
53203
76
11264
13
11020
25590
13931
9922
23
8478
13
24
60
13
54
1093
27
119
7465
239
149
14
1025
13
791
21567
61
8073
5717
5171
57316
29838
61
129
2193
589
57314
34
525
223
759
622
775
218
3860
7464
5
7896
607
27
331
579
149
821
13923
61
34
525
485
1185
13
525
10719
61
331
665
29838
750
15361
27
331
408
369
3330
1089
5
5957
27
331
1447
105
100
709
14396
57
3860
7464
23
665
57314
37
6735
82
61
926
330
27
1307
926
1077
61
665
57314
105
100
1950
34
57317
27
589
57314
37
897
726
363
494
58
525
2255
149
1745
23
14
17840
23
11035
17128
27
579
149
8488
1348
926
4023
57
24
189
4205
14
2108
2401
27
1042
1093
32314
57314
69
324
71
149
663
2352
23
24
239
61
502
7983
510
513
104
24
680
57
589
57314
37
583
57314
57314
331
691
330
32
57
24
308
515
69
149
71
1745
149
707
2343
61
5
358
330
525
3584
5
628
144
285
23
1025
27
4540
820
628
18767
61
628
1805
2208
61
628
330
61
24244
187
847
244
107
707
2343
331
61
331
926
750
11613
37
51652
104
24
227
27
331
628
847
244
1014
183
61
628
373
847
244
1014
183
27
331
7667
1543
57318
330
14
5016
10429
3283
24
4927
3319
149
7465
27
331
187
149
2471
14
8600
239
61
331
215
330
27
331
187
37
8237
27
331
119
540
37
2889
32314
553
23
14
7058
320
575
926
87
361
279
91
14
6976
8628
27
57314
825
5449
23
2946
256
14
57315
8465
943
2504
185
207
575
215
638
45
9375
34
7988
27
589
57314
87
324
109
23
1073
61
4485
449
24
897
57
525
2255
129
1077
23
14
14
17840
23
11035
17128
396
6547
132
13
14
1060
57
120
23
2959
185
207
61
129
174
23
617
58
642
11
158
868
27
19002
16550
57319
25003
24
501
641
3192
2779
104
1968
8465
943
27
7667
57318
330
642
288
373
745
34
14
10444
27
331
69
32249
7464
71
87
14
710
515
610
2528
76
24
594
61
331
215
330
27
331
408
2528
76
183
705
257
27
331
162
24
2213
454
13
891
267
61
507
2282
23
10926
288
5284
57
3860
9
7464
2674
18590
27
162
14
2381
18664
57320
24
11654
99
100
331
26331
982
2282
331
61
23
14
531
6271
104
18008
24
3860
7464
24605
23
465
27
1882
13
122
1342
589
57314
87
24
6810
893
13
1067
14
8600
897
23
465
23
5392
2574
27
3520
372
2265
61
2195
57
24
13075
2193
24
4927
36463
27
1102
610
369
45
370
11344
1105
185
237
4144
27
246
57313
57314
149
6699
13
897
23
525
82
23
6735
185
3354
246
1042
583
57314
57314
61
6015
61
99
100
2940
76
525
596
246
777
1093
2436
57314
61
2195
61
149
2352
1348
926
978
13
9153
246
589
57314
149
14
12721
798
61
623
819
2732
3860
7464


