258
53016
53673
261
262
50043
264
61
2213
744
1268
268
269
262
53674
264
61
2431
744
1268
53675
262
119
39298
5
54
635
688
1077
4286
1348
122
2421
769
1123
57
24
1576
251
1611
571
5
54
374
9
506
9
2033
688
288
1745
1348
14
53676
2421
28769
89
542
64
358
288
1867
23
24
4324
23
24
2426
8073
3032
27
119
11052
9
2033
111
5
54
688
1077
4286
23
24
7459
437
1757
61
502
2352
190
9249
5
174
24
2421
31674
27
119
315
640
104
16
1835
185
4386
123
14
402
1806
2176
4581
13
3856
43465
61
24
1029
57
24
6292
19301
751
57
21494
27
1707
23
20444
330
646
288
2707
17861
437
18786
18
24
1806
2176
23
515
14241
2574
27
1486
288
1515
91
5113
10634
437
16704
91
1914
401
1006
61
3060
30701
2241
10015
5
45
3886
1487
311
13
24
437
61
330
53018
53677
53678
11253
61
7163
3608
57
20444
642
37
15442
5
1123
116
27
119
1611
53679
5
54
688
288
1745
23
8787
53680
61
14
8899
4791
185
24
8404
57
20444
5
1579
6734
14241
53675
27
1707
330
24
3542
2421
105
4719
10776
104
24
11517
57
122
36341
27408
5
769
1123
57
24
42922
61
502
935
23556
445
24
437
5
28769
89
24
1060
27
119
2421
61
129
99
45
100
901
61
750
355
215
149
25775
5
15521
58
1950
5911
24
1857
2176
27
396
149
319
13
17125
7628
23
53675
34
322
5
87
361
184
91
642
655
358
3911
24
315
27
119
316
5284
288
94
533
308
1745
18
24
4581
23
53675
27
0
185
1750
190
273
57
14
29163
485
61
349
1413
272
5
122
448
61
1077
1348
122
2363
53681
1805
14
20286
484
16151
18
5
29734
89
447
27
993
190
5284
1077
104
24
348
27
119
17127
37
9668
369
18529
11348
76
334
3940
15777
1914
10437
2101
705
257
27
1882
13
642
2960
61
646
288
7366
1263
23
24
55
316
454
57
24
506
61
6824
23
307
12629
27
38105
262
1447
288
2707
17861
437
18786
18
24
402
43465
4581
23
20444
2574
61
642
330
8288
6918
2
24
2118
4810
15783
3193
646
369
53682
437
12629
705
506
1299
7591
6721
23
24
17127
9
1533
1284
890
607
24
346
1515
91
437
18786
23
24
53683
6039
24
346
57
437
18786
23
24
6292
1566
14818
64
53684
5724
4474
13
444
82
23
227
13
217
122
257
9
402
1006
104
36244
27
2226
632
14
485
57
360
61
349
14
363
9
751
9
2033
3059
61
288
1745
1348
122
1536
28769
89
14
1576
502
105
2182
23
24
6666
10415
57
14
13000
27
143
23
1078
61
7501
9
2033
11253
53685
61
334
3542
393
1893
23
941
5
140
485
23
20444
61
1077
1348
54
11536
2755
16576
1805
14
11322
104
1890
61
935
16613
5
2339
89
14
1496
484
5570
89
14
20427
27
119
53686
1805
24
1496
76
1155
765
61
183
10066
23
316
484
29734
89
447
64
54
469
53687
61
2584
61
686
23
4543
2
14
1536
23
918
27
119
1047
105
100
133
34
24
257
76
486
738
9
53688
104
20444
53689
27
162
14
3833
315
24
1271
751
61
166
900
8860
1461
185
14
4515
735
34
14
6933
82
58
223
288
41466
159
1348
14
4984
53690
133
57
1123
5
1668
89
122
3403
23
20444
27
246
4242
61
428
61
5
688
1745
1348
445
9
437
1576
28769
89
20391
246
26892
2352
190
9249
5
174
24
2421
31674
246
50256
104
16
1835
4386
123
2176
4581
13
3856
43465
246
4617
17861
437
18786
18
4581
23
20444
2574


