258
2006
10755
261
262
25447
264
61
4504
5657
1268
268
269
262
25448
264
61
4504
5657
1268
5565
23
890
16349
285
2241
3869
104
405
222
237
1985
13
1813
3225
61
14
1344
1400
27
5401
1284
14
188
57
308
8369
237
751
663
330
2215
33
185
3828
24139
87
5738
122
2820
57
562
1185
450
9
47
2
32
23
190
1348
2381
1319
149
658
133
14
506
495
27
119
1342
799
58
14
3760
57
1623
25449
2
3828
6864
3194
23
64
13737
906
27
20885
23
890
11733
330
515
358
1014
13445
3828
23
24
1428
99
1510
1687
25450
27
25451
262
20885
23
890
11733
330
515
358
1014
13445
3828
23
24
1428
99
1510
331
25452
331
1468
32
23
190
308
8369
91
25453
330
358
6705
285
2241
3869
237
1985
13
151
3862
159
61
655
32
23
1851
330
358
600
638
237
5
170
330
358
638
818
9715
27
119
1490
912
14797
1398
3608
7630
1369
330
262
1687
1307
183
726
13
13445
3828
61
3440
99
1876
11911
2340
89
334
21901
11459
9
64
14
3340
61
308
369
2050
6481
27
1687
119
3958
57
3828
87
1094
818
175
515
16349
369
2050
2241
3869
23
24
2767
57
1985
34
2349
57
2329
47
14
1581
25454
869
237
751
61
21653
149
24
35
57
24
124
190
3828
6864
13
5547
1579
21666
61
256
14
3760
57
2381
25455
2
21652
61
1611
21650
61
21654
61
10021
10579
5
21655
27
14728
47
262
869
237
751
61
21653
149
24
35
57
24
124
190
3828
6864
13
5547
1579
21666
61
256
14
3760
57
2381
25455
2
21652
61
1611
21650
61
21654
61
10021
10579
5
21655
1843
16060
1490
61
25456
61
970
330
16349
1500
1153
1145
2424
1299
1300
57
122
6248
3828
11738
123
24
1985
454
61
2540
24
1462
3940
16327
9023
3019
5562
13
107
758
18
1389
5415
27
331
1307
183
726
13
13445
3828
61
3440
99
1876
11911
2340
89
334
21901
11459
9
64
14
3340
61
308
369
2050
6481
331
7630
1369
61
25453
14797
1398
3608
119
1342
288
784
1267
58
24
8058
37
1136
2007
25457
149
807
61
9558
16349
402
9
4522
22144
13
442
542
221
122
3861
1533
3828
25458
5
164
3839
27
2906
7039
278
330
24
330
515
24
7565
1308
45
738
420
1487
5
825
45
1728
308
25459
89
3870
8439
27
251
1609
34
24
3789
57
21651
5
25460
9392
330
262
1687
119
5161
8058
87
3330
2101
13
19409
3870
8439
5
99
14
4623
57
21940
23
513
13
442
1149
16349
5557
76
5721
3828
3839
27
5985
13039
262
187
149
3138
16349
1500
1153
1145
2424
1299
1300
57
122
6248
3828
11738
123
24
1985
454
61
2540
24
1462
3940
16327
9023
3019
5562
13
107
758
18
1389
5415
1687
364
5720
16349
825
444
442
101
24
21740
6688
25461
9033
237
506
61
349
1533
1284
32
5720
2330
6919
16326
129
825
1522
1389
10560
445
122
3019
27
331
119
8058
87
3330
2101
13
19409
3870
8439
331
3789
57
21651
5
25460
9392
1609
1687
119
2007
25457
825
442
10331
2468
122
3861
818
358
369
226
25462
61
76
2243
442
34
372
129
2296
183
594
27
1687
9975
25463
25464
5
15393
10154
25464
369
663
787
13
442
1149
16349
5
610
369
25465
218
24
21651
5214
13
21667
21666
5
221
4149
11733
369
644
13
444
24
512
25466
5401
1284
4291
308
510
398
23
24
25453
8342
237
751
27
246
1007
377
2215
33
185
3828
24139
87
5738
122
2820
57
562
246
895
1504
57
11733
377
1428
13445
3828
99
1510
331
25452
331
246
21653
149
35
57
24
124
190
3828
6864
13
5547
21666
237
751
246
25467
25453
8430
3440
37
331
1876
11911
2340
89
21901
11459
331


