1707
23
4745
37
2603
1779
57
22212
14219
334
4927
416
57
24
23183
54919
22214
129
87
344
57
8191
272
13
45332
122
24578
61
334
2805
330
185
3354
27
22212
1779
7807
5306
6628
6475
54920
54921
4927
515
16594
54922
54923
149
398
57
24
22214
37
10833
9
11393
11915
27
119
11915
516
20448
272
5
1550
542
13
11207
3861
76
310
1240
575
122
24578
288
3068
61
54920
54921
2940
27
119
23183
54919
22214
23
4745
3890
334
10833
9
11393
11915
502
99
8265
635
272
331
408
278
1793
7186
23
3098
3799
515
222
13
14
7279
57
1793
2081
129
516
2382
308
76
9550
2023
61
3458
272
61
5
20448
542
61
331
215
330
27
54920
54921
330
24
597
738
33
1793
494
61
40
215
330
215
44
244
748
1193
4143
952
1185
7780
4121
652
24
643
87
373
3098
27
54922
54923
61
6727
61
149
14219
35
632
1817
76
2276
3476
23
14
7719
1536
27
119
43
288
6534
3212
5
18684
18685
61
54920
54921
330
27
396
330
54922
54923
87
24
18283
57
9300
54922
54924
61
14
908
23183
54919
3965
27
0
23
24
257
54920
54921
1391
334
1151
1002
843
449
24
10833
11393
643
27
22194
4948
1018
244
6068
221
124
37870
185
1002
27
7670
369
319
2
276
5
5426
23
26266
31116
13
278
122
24578
3068
5
935
6586
54922
54923
87
24
18283
57
9300
54922
54924
61
324
61
14
908
23183
54919
3965
251
3965
57
32
57
24
125
2941
3085
515
45943
47
35
506
23
22212
13
238
24
22214
37
1123
750
14
1827
924
58
956
449
24
15166
515
308
23
24
351
2193
24
23183
54919
7437
149
2933
23
10833
11393
652
1793
272
105
100
8401
23
54
2321
655
361
5426
23
14
26266
10148
810
14
2992
27
331
691
288
810
14
26266
3306
61
19928
3244
23
21734
61
331
8519
8457
16594
54925
61
3965
57
24
11431
331
5244
9
6263
331
1060
23
54926
61
330
23
14
296
4860
76
54927
1827
27
54925
330
24
2992
6534
24
272
149
1794
13
24
9574
1032
57
54928
50580
5
2291
47
23
54926
58
2540
14
286
1456
27
331
691
288
704
272
2
24
1271
4745
932
276
61
331
215
330
27
396
330
24
272
37
448
105
3748
542
13
738
185
334
8152
13
24
5978
1348
358
288
5562
8265
27
396
330
24
272
288
1802
18
13
122
448
129
13357
13
54926
27
54925
638
244
377
1348
24
272
288
8401
5
638
244
7940
54
13617
3354
27
22194
4948
278
330
7152
11393
87
709
849
24
908
4855
57
6919
34
24
23183
54919
61
502
149
625
14
908
15125
57
18684
18685
27
119
948
377
24
22214
37
3017
4190
57
6919
369
7745
7295
61
7745
39591
5
19283
27
246
16594
54922
54923
61
6727
61
87
334
4927
416
57
24
23183
54919
22214
61
129
87
344
57
8191
272
34
122
24578
246
396
87
663
24
18283
57
9300
54922
54924
61
14
908
23183
54919
3965
246
119
22214
369
3477
1533
57
334
2975
23
10833
45231
64
7152
11393
87
709
849
24
908
4855
57
6919
246
7670
369
319
2
276
5
5426
23
26266
31116
13
278
122
24578
3068
5
935
6586


