65
130
30
40
572
17
14245
3195
833
39
37
343
14
93
11398
1279
778
6873
17
5
1175
14246
2
15
17242
2695
1279
61
556
5
2859
7823
225
39
21
10
2431
7
0
1004
31
5
130
38
532
3
29
204
9523
3
19
2302
685
63
1498
2
7719
7
15
491
12
302
1
0
4681
22
21
2888
11
19
142
56
21
10
1156
7
10054
2222
1
336
160
1
7
7181
7824
12
437
2
191
21
180
11
106
2647
7
594
2
65
130
30
40
572
17
14245
3195
833
39
37
343
14
93
11398
1279
778
6873
17
5
1175
14246
2
4695
1
3126
28059
23
214
12
461
4
1
93
1
68
6873
39
0
833
3126
28059
1
2729
1
6
37010
2222
1
336
160
1
46
1032
20
15690
9524
372
2500
572
17
2461
68
6873
4
5
130
7
19
6606
38
224
3
0
1279
47
1469
2
674
166
1
25
1172
14
5
130
6
0
222
540
116
2659
63
68
6873
12
461
269
90
0
358
2
563
1063
7
14
540
4472
5
695
6
685
4
6689
3176
63
1936
23
168
23
327
14
6873
13
1064
9
5992
2
15
1063
11342
35
37011
5
604
6
0
4681
1
7825
59
5
35
37012
4
14247
16
35
6873
13
5
6243
4
11399
37013
4118
6
0
830
16
68
6873
10
1156
7
28060
2057
53
137
51
7
10054
2222
1
336
160
15
1063
11342
6887
1
79
269
90
0
343
16
35
24
1494
615
19
2757
1308
112
24
1494
6925
22945
3
0
1894
22996
52
176
16
35
37014
37015
6
0
1476
1084
2
8947
141
158
29
0
17422
885
5353
886
3
2929
25
2
37016
68
6873
10
3782
11
1712
56
19
6353
1933
357
0
1004
4
2431
59
1
12127
4
3601
63
0
6212
2
11400
16
15
17242
2695
1806
48
17
0
604
6
5
6056
4
7823
68
6873
39
0
833
15
4504
336
1279
489
520
20
1137
822
1675
47
855
1
9024
2
68
6873
10
3310
182
8170
31
106
421
48
215
39
21
22
7
5
1703
14
4504
34
40
35
2658
37
1498
9
456
28061
4
2033
75
3
12230
80
1865
3380
1
825
1
9408
4
2556
2
8
24
2580
3
0
640
1734
558
48
130
13
159
3
2061
121
3
193
8
16
778
6873
2579
19
2936
39
343
7
10054
2222
9
4
129
21
531
106
3
1400
144
22997
37017
24
10
1360
94
0
1004
7
10054
2222
7
7181
7824
4
497
69
95
195
56
64
12231
3513
2453
121
2
238
6
88
22
21
10
687
299
0
208
132
4
58
361
5
783
17
121
11
19
4124
99
102
2
24
2027
7
0
538
7128
844
17
59
23
19
427
175
5
604
2
3291
6
0
2323
6
95
1072
24
408
5
130
19742
991
121
109
5
6649
55
6
4965
2
22998
16
778
6873
10
93
17
5
1175
14246
4
9525
56
21
10
2431
31
5
130
7
1004
52
2823
69
121
4
10
37018
4
28062
63
0
6212
2
52
592
109
0
1950
38
926
55
4
622
128
1798
2
52
4526
121
86
169
278
24
887
1734
1
35
249
13
48
159
3
37019
89
25
107
141
2
24
219
69
110
17423
448
35
37020
37021
109
513
7491
10675
17424
56
21
2185
10676
4326
1
2927
95
225
4
1069
2
52
213
4356
19
9025
43
141
497
162
4
2548
121
99
991
0
17425
2
24
342
95
14248
4
9504
10037
1
5601
69
5
37022
12
5
12231
37023
24
34
4109
20
5
333
269
421
2
24
10
12
0
640
1734
35
48
130
13
159
3
2061
121
3
28063
2
52
10
86
17288
21
213
12
235
6
121
4
1117
2087
5
37024
122
12
95
4987
2
24
809
5
2789
3500
4
9491
19743
2
57
219
12
11
63
105
379
133
5
189
71
56
9025
33
19744
94
12
66
2
9026
1
0
64
12231
3513
1200
59
103
2
581
6353
15528
1477
357
0
538
4
24
1992
49
0
538
374
59
2
24
10
7
5
849
152
45
24
10
1571
21
58
141
124
184
17
25
2
24
180
6616
4
562
59
3
106
2
52
692
24
10
374
59
2
24
14062
94
4
0
106
78
121
3
429
262
59
2
24
1200
0
195
77
4
408
59
165
94
5
243
1004
2
657
24
10
1359
3
0
106
1
21
15691
4
1477
77
3
5
971
429
2
378
48
547
5
106
1144
19745
726
0
2323
17
146
106
362
7
25
2
1722
43
223
2
57
10
109
37025
4
10677
2
24
4800
1
35
52
13
497
12
0
580
928
28064
4
0
106
1992
69
0
1269
6
0
538
3
429
25
2
824
16
15
17242
2695
1279
22
21
30
8
100
961
8
459
0
343
7
28060
2057
53
137
51
175
242
15
28065
14249
8048
12
3
0
971
1
4
696
5
130
55
17
7764
12
2
24
29
100
961
459
25
510
1
609
24
1400
95
6353
10
5
9526
28
37
2350
4695
9
3210
304
2
19746
6
19
15692
1
24
29
100
13147
63
1535
55
12
1157
109
1498
4
0
3381
1121
2
104
495
7
5
7492
1
4
23
552
38
30
40
4242
23
37
1279
12
231
2646
1
24
29
5
122
3
1836
95
10678
2
191
109
108
4956
38
29
556
705
2659
4
1150
1
24
322
3359
3
1580
5
1895
6
2647
28
0
660
86
24
73
722
3
84
86
2
1544
609
24
29
79
574
1205
82
83
1
24
322
2731
8433
3
2929
14
24
107
141
1018
5
957
3465
2
89
24
322
41
1309
3
429
1259
11
110
24
354
7
602
2
2577
60
33
41
648
3038
685
12
48
1954
2
26
778
6873
10
93
17
1175
14246
56
21
10
2431
7
1004
26
52
61
556
5
2859
7823
225
262
1867
343
7
10054
2222
26
1279
22
21
2888
11
19
142
9
4
30
180
11
106
2647
7
594
26
1914
46
98
1032
7
186
572
17
14245
3195
833
26
674
166
1
25
1172
461
2659
43
116
269
90
343


