101
5
584
6
2189
4859
20085
28
0
2273
857
518
1
13082
3
1598
4
6634
2273
38194
127
11339
11
1547
1210
15659
515
6
8
20086
8
701
1648
3187
1
4
395
14
1973
5624
9
1932
4684
17
433
462
14087
43
1323
5697
8642
7100
11
163
2
3083
2648
28
37
8
1966
28699
8
4
5
1378
14
44
29
5
8
240
122
240
3
32
77
9
17733
1
8
395
1635
4563
1194
3267
3
6634
2273
4
27
433
462
20087
38195
38196
2
15
1598
2273
12113
12375
7
3250
5130
1
7148
443
67
85
3510
3198
6
20085
12
437
23
196
6
0
5869
1087
6
1489
845
1493
6021
3
0
270
2
2607
43
0
230
16
15
2273
857
518
23130
14
807
58
118
17734
0
8
20086
8
1648
3187
114
44
43
15750
3267
13
1
4
10
1
37
17735
2561
346
11
3250
5130
18
3022
5271
11530
1
50
10
192
14260
7
0
38197
541
1617
3606
56
0
17736
805
3
2254
17620
1484
28
17737
2273
18
11531
20
0
839
2
3267
395
6
27
6048
8
14
11339
33
1
12
0
1030
1
128
17738
63
110
44
28700
3
32
28701
12
42
1650
3
722
3
143
279
50
5044
88
7
0
2341
50
44
29
5698
4
1824
77
0
81
333
1612
2
527
2337
5698
15779
28
0
513
2451
1755
1
50
23482
17735
19440
11
156
807
38
19496
386
3
615
964
7
0
2115
6
111
10065
964
2
8
135
354
44
33
91
53
62
46
32
51
28702
197
959
1212
7
50
44
29
305
785
3
1231
42
2203
2332
4
38198
1
8
3267
395
1
8
4
1735
4331
50
46
61
1789
42
1051
785
2
8
96
61
1527
3
9039
433
462
9392
11
5
1378
6
19724
63
0
2332
1080
14
1405
82
6
1864
1
38199
4
838
9
1788
38200
2
8
1768
38201
63
4331
1
20088
3187
1
959
462
1
17735
3402
4
42
240
122
240
3
32
77
9
17733
392
80
32
5198
23
194
23
686
1
8
3267
395
2
8
1768
2600
1966
28699
73
41
1
4
171
41
1
32
5198
31
20089
38202
5060
50
46
14495
0
731
6
3187
2
8
38203
20
27
537
853
1
3267
78
1112
14
36
10
8
2426
14
24
516
74
32
6
156
185
2
8
8
308
29
780
121
12
5
2112
437
1241
4
33
1514
63
385
24
614
12
77
316
82
320
1
8
36
22
2
3022
5271
11530
17735
1635
4563
1194
3267
53
2812
51
4
594
5554
1027
3981
17739
53
4258
51
395
17740
20085
20
0
17704
6
0
9643
20086
1921
50
209
2685
13343
1366
2373
6634
28703
2273
58
192
356
3
155
331
1
313
5
1135
7
0
321
3644
1
4
383
0
4930
28704
2491
6
349
3657
4
98
36
18
38204
5
389
11
813
101
216
9515
1
5
13035
38
1130
0
857
518
950
6
3460
38205
133
7
766
6
38206
17
721
1062
1562
133
4
27
1983
1
12376
0
87
3554
12
5
951
3
1227
64
230
6
270
13221
63
27
433
462
2276
2
8
15
3334
616
11
48
64
132
942
58
32
3
38207
5703
28
635
14
60
33
3636
3
3297
3
80
217
1562
55
92
14
188
12998
1
8
395
3981
17739
1
0
594
5554
1027
1
4
2419
38208
2
8
1544
609
136
3334
616
13
1323
22646
1
8
44
28705
1
8
60
171
41
1208
0
1683
11
125
270
1864
2
8
8
871
38209
171
32
955
75
17
4685
2361
1
1269
1108
869
2481
63
0
594
1
4
1113
2281
2
982
955
75
171
6261
120
217
4756
56
60
354
67
75
46
32
1559
2
8
15
3250
5130
1960
43
477
99
28
270
1106
11
406
82
39
0
267
6
0
2273
1723
1
4
171
29
40
443
5
70
320
2
836
14
44
29
312
0
2945
7
670
23483
1
3584
46
623
3271
88
11
2793
44
73
256
127
17737
2273
1
38
13
539
3
32
0
4415
2104
9
28706
7
0
2699
3154
1464
2
26
12377
20085
5555
914
12
99
9
471
28707
374
8
20086
8
951
7
0
6016
26
238
4507
395
14
807
118
188
3
8
143
279
50
5044
88
7
0
2341
50
44
29
5698
8
26
1094
22
64
230
6
1502
270
13221
63
433
462
3187
58
32
79
11
163
1
3
6676
8
1323
22646
8
26
2273
12113
12375
13
5625
792
6
3198
6
1960
28
0
6016
857
518
79
56
6634
1026
12378
0
568


