258
3311
47995
5
3955
34786
261
262
47996
264
61
2778
4824
558
268
269
262
47997
264
61
2778
4824
558
3440
87
1461
185
14
1389
5722
30452
38862
406
10374
515
44
107
1586
1533
1284
24
6825
5748
5908
406
27
119
1479
87
2523
1284
1195
648
5
516
6120
1415
3828
1623
32696
5
9299
2
35346
34
4757
27
1477
503
449
493
1299
1300
57
24
406
87
23
47998
2788
13198
34
34939
61
183
516
373
107
1586
1389
2845
2843
27
47999
262
3440
87
1461
185
14
1389
5722
30452
38862
406
10374
515
44
107
1586
1533
1284
24
6825
5748
5908
406
27
187
87
773
38862
406
718
21012
24
5864
23
24
880
5748
5908
4965
638
23
24
26372
5
26373
119
1191
57
48000
38862
406
825
107
383
1462
751
23
14
1344
91
24
1611
29388
23882
61
28885
91
24
3789
57
21651
5
25460
9392
61
1489
13
3855
4190
27
20895
369
935
5562
13
748
24
738
9
206
34
31580
61
2456
24
6168
5859
9818
718
81
18
14509
9976
27
842
6648
377
24
14509
3958
87
401
175
34
1687
48001
1221
1185
21024
31479
61
24
6997
6511
57
17186
406
91
14859
1229
61
2721
5
399
104
175
102
3838
896
21756
27
13304
26351
1515
316
29389
23
6084
35
506
5
4305
7039
13667
24
6511
44
48002
24
1229
8051
27
2572
1319
663
1520
515
29354
362
316
2313
57
14
48003
1783
718
5928
2930
9001
13
4407
91
837
14
5769
27
9856
1015
13
21651
6628
3966
34916
330
215
149
1687
2471
3432
449
24
5483
57
14
582
3860
21504
5
2765
3119
13
107
644
13
1194
183
61
40
183
87
2471
14
14414
2532
5
610
2296
13
738
23
76
612
1009
48004
27
1477
24
38862
406
3365
369
11607
13
1020
14
980
23
406
9001
61
646
44
107
1487
13
2297
1622
124
10794
34
494
27
15263
5
406
12470
369
663
3358
449
24
175
7077
57
406
23
1428
9480
61
502
87
45947
1284
1347
2572
38862
27303
5
516
5205
8896
26351
27
119
5161
4227
515
38862
406
718
21012
24
5864
23
24
880
5748
5908
4965
638
23
24
26372
5
26373
27
1543
5199
99
11845
14
25422
13
502
215
4838
38862
406
12470
13
799
13
10806
6423
27
2318
24
10037
87
3020
14
1687
11527
582
6591
48005
34
31580
1198
27
21651
5856
259
17886
87
1622
13
748
24
738
9
206
34
31580
61
502
99
100
1085
34
24
35
506
652
57
451
5
14509
9976
27
2226
506
61
38865
10121
1085
1579
31580
5909
58
48003
1515
316
1478
29389
438
10468
27
251
3355
3855
4855
76
7287
7334
57
24
48006
8342
330
262
1687
1307
24
8342
13244
24
2146
57
24
3063
61
183
825
107
334
6168
3865
27
119
3027
87
515
183
825
107
14
2523
346
1284
24
2488
11608
2
24
5748
48007
11593
262
9856
1015
13
21651
6628
3966
34916
330
215
149
331
2471
3432
331
449
24
5483
57
14
582
3860
21504
48008
48009
406
44
19080
3440
912
3828
1140
61
6590
35869
5748
5908
48010
5
4030
14064
40091
27
5818
3190
1299
1300
57
24
5748
5908
406
5
4965
3365
278
100
1129
47
5
23
1011
494
3440
825
107
6177
185
406
2
3609
1221
6960
1258
5
17126
27
1295
61
503
449
493
1299
1300
57
24
38862
406
87
787
34
10373
3786
652
822
57
183
99
100
1142
23
2612
2613
2788
61
1155
64
24
5748
1202
61
5748
5713
61
22571
57
4242
61
1747
18643
61
326
3248
5
24
5748
326
27
1427
57
1508
2788
278
253
4508
14
2930
1623
11410
61
5
818
48003
516
107
5562
13
14113
6315
3773
27
1178
30276
5575
35
751
2057
12420
1299
1300
57
29354
516
1537
278
14
4968
48011
438
122
82
1284
14
48003
758
27
842
38865
1400
24
7348
6970
30452
19592
2769
57
38862
406
23
24
48012
27308
23
24
5748
1202
44
5408
48013
693
27
7813
9
48014
377
24
9636
87
17458
34
14
2347
454
123
4044
31580
5
515
24
1675
718
107
4634
13
1579
791
1153
27
842
3689
57
24
2682
1400
515
24
849
9
4522
4790
546
1675
44
107
4509
27
4586
7954
61
57
24
1435
61
330
262
1687
2686
48015
13
38862
406
87
646
369
13922
57
1229
37523
91
48016
5
399
61
5
24
2532
8171
821
175
1153
57
1229
10092
27
1331
646
912
24
4031
57
7090
32454
27
1687
408
1018
1013
1019
38862
406
516
1347
1728
24
204
23
406
9001
10092
5
183
87
2276
4600
3870
2867
4651
27
19613
646
87
24
4031
48016
825
4966
133
61
5
183
87
14
821
1590
45334
48017
246
1477
503
449
493
1299
1300
57
24
406
87
23
47998
2788
13198
34
34939
61
183
516
373
107
1586
1389
2845
2843
246
119
1191
57
48000
38862
406
825
107
383
1462
751
23
14
1344
91
24
1611
29388
23882
246
20895
369
935
5562
13
748
24
738
9
206
34
31580
61
2456
24
6168
5859
9818
718
81
18
14509
9976


