251
1762
185
897
3125
825
34
24
55
227
23
2079
278
1579
501
944
23
465
912
498
2959
27
39230
2123
12665
39231
87
1481
13
107
5874
58
926
2549
14
893
23
744
558
58
8424
2
525
3034
39232
39233
912
20798
23
119
27308
61
528
7023
61
5618
27
119
893
129
39231
2549
4508
14
5722
2710
13
525
4681
185
916
744
558
61
502
87
3134
64
14
1687
4238
39234
101
24
32249
11727
3161
23
7986
3802
61
5
39231
149
3299
91
24
7160
23
3094
1268
27
15317
5163
24
1762
104
709
3958
13
24
6567
377
24
125
7160
515
87
2278
34
39231
912
20048
23
24
6633
943
87
12922
1857
3225
91
39235
24
501
27
932
57
4060
7160
99
747
6047
1747
465
912
5605
13
39236
24
5666
5
3734
704
26297
34
525
104
709
2243
3958
2
24
227
57
5470
27
1687
119
7160
87
3539
13
3531
14
190
3865
6565
2278
13
6457
14
1762
1348
358
2290
1248
23
24
6633
39237
17898
23165
39238
61
2850
57
24
12171
11727
12489
11684
750
463
464
465
27
39230
2123
12665
39231
87
1481
13
107
5874
40
44
107
4273
91
14
230
6633
943
4233
1687
951
1762
2831
107
3748
13
107
1745
91
14
7160
5928
91
2959
39239
808
39238
9991
27
162
2360
7773
39231
912
501
516
604
278
53
183
13
24
6633
943
40
525
4145
99
319
334
1151
18095
343
13
24
6703
23
502
24
125
7160
53
23
7919
829
34
525
13
107
1399
159
27
162
891
1268
61
39231
912
3034
665
39233
3252
3253
13
1517
57
525
1762
1286
1687
4238
39234
104
39240
10943
943
40
24
125
7160
61
24
932
57
4060
61
638
45
9375
34
14
20048
3023
185
39231
2
24
17793
104
515
227
27
816
358
105
9719
34
24
3023
2
24
17793
61
24
5218
57
1720
24
4447
69
897
71
149
27332
13
24
60
1515
69
14
5722
24997
164
71
516
278
100
11258
185
12417
13
14
6558
104
24
5188
2959
27
6117
61
24
7160
6671
515
24
1762
2831
107
5874
123
14
7160
5584
4463
27
162
14
1392
13
24
932
57
4060
7160
61
24
5171
57
6047
15532
13159
39241
61
598
334
5605
13
30191
5
935
3633
39236
5
39242
39231
104
709
3958
13
24
7160
2053
57
5049
525
5874
27
119
1392
61
719
91
463
464
465
5
781
185
891
2779
61
267
61
330
262
1687
397
3978
545
35
632
61
628
718
1740
515
6047
1747
465
516
107
108
13
10789
24
1762
1969
64
39231
69
967
91
39232
39233
71
13
612
39243
11727
18123
109
23
23624
23
3023
34
525
13
3994
334
5021
32350
8454
101
24
17255
57
612
1901
39244
1687
1134
516
8153
14
6279
1265
57
32350
3794
5
2667
365
810
5
922
37801
61
23
612
15575
32350
116
5
612
930
28772
39245
27
119
5843
57
237
516
107
13
9055
61
23
64
10941
14
6703
64
1243
61
24
18671
16425
57
237
1762
27
1687
408
369
644
13
13418
5470
5
10789
104
709
4294
13
4060
932
5717
27
6047
1747
465
369
3539
13
1550
39231
89
612
4014
5
2946
5
3734
704
26297
34
237
1762
2
24
227
57
39246
1936
24
5584
956
61
502
510
513
185
1114
891
61
1268
61
104
4060
12054
7175
61
32
57
24
308
185
24
5584
149
24
1271
7160
798
129
3793
24
1517
75
39231
912
3034
665
39233
27
119
77
57
19126
2278
39231
912
501
2
24
12171
11727
12489
11684
61
349
1075
39247
8721
5
4586
39248
61
87
1094
11629
24
829
515
24
5584
650
13
1893
185
7919
3802
4798
27
1687
119
7160
798
129
3793
24
1517
935
7427
64
14
416
57
24
166
1066
5584
502
2114
13
1399
24
1762
39249
808
39238
750
463
464
465
27
1687
119
5218
57
3802
87
1720
14
613
15978
39250
2290
1019
515
24
39251
1461
185
14
5584
87
14
71
14
10948
57
2975
1185
26006
71
76
14
5376
57
1374
39252
39231
99
100
2797
23
14
10146
104
24
6047
116
23
5618
34
837
6324
454
655
24
1106
2051
99
2469
133
27
5618
912
498
2959
55
18533
24
829
13
22045
525
185
891
890
61
267
61
40
24
19126
278
1094
100
12427
4873
17287
5683
13
12417
13
24
6633
943
57
465
27
808
39238
3818
262
1687
187
912
14
2549
57
14
28707
1687
1539
32
23
493
597
444
218
185
796
996
39253
162
14
1392
13
24
932
57
4060
7160
61
24
5171
57
6047
15532
13159
39241
61
598
334
5605
13
30191
5
935
3633
39236
5
39242
525
104
709
3958
13
24
7160
2053
57
5049
525
5874
27
842
24
7160
6021
33
24
5605
27
1687
24881
1284
1104
24
5605
5
1415
24
710
13
334
1029
9
5082
1106
12146
104
3958
5
10663
525
2
122
7755
2028
57
932
57
4060
9
5
45
1775
14
485
8488
1184
24
932
57
4060
7130
5
1094
358
278
2168
13
7180
23
24
175
39254
808
39238
330
27
39231
912
501
825
107
944
23
2959
23
3192
27
251
1762
185
897
3125
825
34
24
55
227
23
2079
278
1579
501
944
23
24
6633
943
57
465
246
119
932
57
4060
7160
53
334
331
7919
829
331
13
6457
39231
246
119
2123
12665
2549
14
893
23
744
558
246
579
4508
14
5722
2710
164
40
183
149
3180
64
14
331
4238
60
331
246
5717
2114
13
22045
39231
123
14
7160
5584
4463
246
10990
14
17793
7271
1720
14
1762
2831
107
1745
246
119
12171
11727
12489
11684
369
2278
525
501
104
709
3958
246
816
358
81
24
7160
825
278
13
3896
1106
1388
246
6047
15532
2977
13
1550
39231
5
30191
525
34
18671


