144
1318
18390
9
30476
287
16
20348
138
1
834
417
190
7827
2003
30
2079
678
3
1349
5
1462
1910
3734
7
5
260
21
931
5962
94
4
1715
9
1682
114
25
254
74
2020
0
1026
6
19
117
2
15
1127
9
671
854
10
289
0
1264
914
3
18063
19
72
12604
3394
7
8835
1
820
160
1
4
1349
216
45
92
10
5
81
977
586
3
0
4040
2
26397
5881
3
16530
1153
5
132
90
25
10
434
3
165
90
5
1329
2892
33
1399
194
0
222
45
17
37
16710
9
0
105
9
6734
16904
2
18522
7827
2003
18
111
260
951
30
7356
19
2355
45
98
0
951
11
37
16904
53
1857
93
51
46
41
165
515
15
1504
678
738
5
775
1057
232
1910
3734
11441
414
1057
357
4
159
28
28
0
4877
49
3
0
2352
6
0
200
898
2
15
146
1443
4074
12
235
6
54
216
58
29
40
907
140
72
5333
4
58
29
477
11879
16769
6
381
2
57
58
29
10474
2359
1910
4
752
72
7730
5
70
3
389
1
371
0
3770
9
912
33741
2251
31
0
2211
6
6286
1
0
12838
4
589
328
3866
1774
1488
233
109
49599
2
238
487
1
38
348
41
3
32
909
1
22
16
8
7827
2694
34
19
664
207
12
0
16904
2
8
89
7
0
267
815
140
323
10
324
21
10
118
20509
0
83
260
86
21
76
124
0
1910
3734
7633
116
3
19
15686
2
8
49600
94
5
3520
205
5529
9
83
260
907
7
0
1252
6
72
259
736
13
41
385
14
13
592
2234
19010
112
25
13
79
3
210
5
1910
3734
7
1
86
5
396
6
282
181
21
213
726
0
1096
1107
31
324
21
58
124
5621
6
0
16904
2
8
13824
102
16
15256
1
761
1255
4755
12
3
2003
18
102
1
4
452
605
29
2033
1329
694
6176
0
3539
324
8
281
552
931
5
2006
260
459
84
44
41
79
1160
54
5467
1162
218
8
4940
1111
16
2003
1
93
10
2033
31
2512
1786
15256
1
122
1
3
356
55
6
19
72
399
341
160
102
699
85
18063
25
11
5
2006
260
3
9512
5
8988
775
1057
1910
3734
7875
1786
15256
1
38
13
5
2512
6
2003
18
7
8835
1
1171
160
1
531
37
343
127
0
678
1
45
0
17365
498
42
8165
11
0
533
3
32
2459
94
4
1715
9
1115
2
2003
9
671
47
585
14488
38
98
2925
11
0
155
331
1541
8230
9
107
41
2047
0
935
2
16530
6163
2123
3692
562
0
3748
23
35
49601
1
1453
16
35
57
13
37
3388
4500
3
0
30955
15256
1
0
8269
9
83
1770
237
330
11
19
17119
6
4857
49602
1040
49603
7
0
611
11579
7821
1
366
0
533
6
0
260
58
773
1825
5437
4
10
41
7810
3
0
329
2
2003
8145
14
19
260
1
1115
7
2767
1
30
808
2859
4
13
41
1123
11
3447
23
5
117
102
2
10031
16
2003
6450
3
7206
19
8835
102
1
892
0
1504
8232
741
1318
33742
13
4723
3
0
16364
35
3506
3767
6731
33
11344
1
10897
4
3078
7
474
1
17
838
16810
1
6899
1968
4
1245
49604
301
3
2829
5881
3
0
1096
31
49605
2682
1
0
2759
2901
12
19
5159
2
15
1263
7
22903
8835
30
40
24916
150
488
1
56
864
3866
2003
3660
11
1329
3723
2
15
864
3866
133
38
14185
0
35
22025
9
22025
9
33743
438
7199
11
195
839
6792
133
13
0
776
7
5
189
621
6
3216
3
154
37
1062
7
20548
1910
4074
2
6286
1
0
12838
1
18984
4
589
328
8906
1774
1488
1
1736
2387
4
14019
7706
1
29
80
8271
55
12
49606
1910
4074
2
1488
30
1365
444
67
85
72
1795
12
19
608
1057
16904
1
4
13
98
521
3
32
1329
5
2652
3734
182
19
2137
898
2
57
30
40
1273
14
0
2507
8658
17
33741
206
41
32
79
63
5
21192
11
1910
2
238
3734
1832
1
38
348
41
3
32
909
1
22
16
35
1232
2848
874
12526
3
32
1154
9
5103
4
44
33
350
11
2981
11750
4
49607
2003
1082
19
260
7
2581
56
21
10
669
3
797
3468
16235
2
15
295
5481
7
1098
2
89
21
13
2157
3
32
1912
3
3205
19
160
1955
3
32
373
3
42
247
263
1
14864
2
318
111
102
46
61
675
5
2620
1724
4
2259
2
15
864
3866
9
38
14185
0
35
22025
9
22025
9
33743
438
7199
11
195
839
6792
9
13
0
776
7
5
189
621
6
3216
3
154
37
1062
7
20548
1910
4074
2
6286
1
0
12838
1
18984
4
589
328
8906
1774
1488
1
1736
2387
4
14019
7706
1
29
80
8271
55
12
1825
1910
4074
2
1488
30
1365
444
67
85
72
1795
12
19
608
1057
16904
1
4
13
98
521
3
32
1329
5
2652
3734
182
19
2137
898
2
2003
47
111
102
13
539
3
154
63
231
187
3
1046
2
2266
546
6
0
1369
1329
4040
68
15256
22
16
35
135
1994
32
7647
69
0
4877
4
25
1994
165
12
11
187
4
187
2
8
221
33
5
396
6
1778
75
726
323
62
75
109
121
38
147
28
102
133
24
2253
133
4
25
47
5
2789
49608
84
44
29
3
5962
25
94
218
24
858
202
649
7827
2003
4
24
858
213
739
127
0
130
20
80
2
24
659
662
21
47
5
128
2120
130
4
21
47
2954
3
1349
2958
21
2211
2
89
4672
41
323
1
41
208
3
121
1
17
80
0
49609
15256
176
16
35
139
157
3
32
5
2214
242
3
495
1
45
7
0
81
851
82
92
47
40
12715
1
12715
49610
32
7647
69
0
4877
4
25
1994
165
12
11
187
4
187
2
15424
13
118
9690
182
4214
956
5395
2
15
260
47
1504
8232
1
741
1318
33742
1
5
179
1468
6
0
712
3182
6
257
33135
1
4723
2003
47
4040
2
52
22
0
260
30
35
205
49611
4
13
7
205
641
45
1088
41
3
29
40
168
49612
2
33744
26511
304
0
6184
4
8835
2758
34
61
180
11
0
4040
3
32
2256
55
1
324
0
1422
6
0
111
260
35
30
100
876
62
49613
2
26
33745
107
74
1032
39
81
9
977
586
7
1329
4040
26
72
5333
3734
58
29
477
2359
1910
7
11879
16769
6
381
26
7875
1786
15256
531
2355
8
3358
3
2003
18
678
11
0
260


