144
5652
2072
1722
3
178
82
69
5
984
13
0
148
1379
71
11
0
130
62
211
3
29
37
2356
1
5
111
2018
30
366
2
852
3
774
31
22827
1
0
148
5296
9
157
1176
9
7146
1829
587
7
0
172
1
0
35
452
9
70
36570
13
5
551
6
0
424
2
1169
118
254
22660
454
194
8074
85
48
1
0
569
61
2756
14
5
295
47
87
2635
13
623
3
12158
37
2356
2
104
1351
74
812
16
22827
13
0
1192
1176
9
7146
1829
587
7
0
172
1
17
77
17300
875
28
1314
1142
1
173
0
321
17301
1
0
774
738
14
25
13
5485
234
266
4
223
38
33
623
3
10599
20
48
71
2
19605
30
575
341
464
7
1314
1142
140
0
172
2
13062
15590
16
13063
27805
1
2654
4
2240
6
1176
9
7146
1829
587
19605
1
137
323
1
131
0
148
1379
71
11
0
569
18
464
3
10599
13
39
105
3
178
82
6
984
57
18
2654
1
13063
27805
1
131
0
71
56
5
295
87
29
5
284
13
86
717
1
25
73
12158
54
6
0
14115
3
10599
2
35
11333
19606
4
14150
206
19607
120
4
39
0
878
6
5
87
284
4
4389
36571
21
131
2
35
13064
223
100
879
474
6215
1
62
33
4255
13065
31
42
2635
1
4699
266
73
325
345
7
373
9999
3
42
284
17302
2
35
15591
75
325
784
3190
11
552
363
0
984
3
185
88
1118
1026
14
33
141
91
649
20
102
2
8
15
955
512
6
19605
464
13
384
9
775
1
17
37
5636
990
6
266
4
223
2215
3882
2
19605
61
800
5653
5094
1
19608
6
97
464
28
896
1142
9
27806
28
0
321
9
1514
63
129
473
44
29
345
17
42
14115
2
321
223
7111
0
874
56
25
224
3
36572
8973
1
17
903
134
153
6
513
223
2164
1
2703
3
248
100
345
17
42
9440
20
80
2
26
22827
61
2756
14
5
295
47
87
2635
13
623
3
12158
37
2356


