7979
7980
225
804
331
7981
331
7982
99
3469
23
2959
58
361
7983
433
76
7984
7985
27
7986
7987
7982
149
133
185
7988
1348
215
149
6555
91
4678
9
7987
642
23
7023
7989
7990
185
202
27
119
7991
7992
7437
37
326
2916
7993
9
104
9
7935
3469
23
334
133
9
57
9
7994
2959
2940
76
5667
6987
57
1914
655
1085
61
3077
57
7988
61
7995
14
1169
4144
61
7996
7707
5
7995
14
6218
9
1413
2627
27
7979
7980
225
804
331
7981
331
7982
99
3469
23
2959
2940
76
7997
57
7984
7982
149
2182
91
642
1348
215
149
361
5008
218
7023
7989
7990
185
202
1707
330
1348
358
2182
7982
358
1142
14
4380
7998
101
24
2421
37
7208
57
7982
37
1536
61
64
758
64
1413
5084
57
7999
61
1969
64
7984
27
7982
149
23
24
2315
7208
1348
183
149
8000
91
8001
2
24
4678
9
7987
1824
8002
256
334
643
89
54
8003
3104
5
14
346
57
8004
185
54
82
5
515
57
54
688
61
341
24
7559
7244
27
869
237
506
24
8005
9
2033
61
57
4592
8006
8007
61
8008
61
105
54
2421
37
8009
1085
5
149
1599
45
13
996
54
82
2
2779
5977
5
608
1835
27
8010
225
7982
3469
23
2959
2940
76
5791
6987
5
8011
23
2946
1707
377
14
4380
7998
149
1142
101
24
2421
37
7208
57
7982
37
1536
61
215
149
1461
23
24
2315
7208
119
7979
7980
225
87
719
23
8012
58
361
6555
91
24
4678
9
7987
1824
8002
23
7023
2387
7666
8013
1172
8014
750
24
133
9
57
9
7994
2959
956
2055
1767
3299
2
24
82
57
808
7982
37
688
61
8015
7982
61
1046
24
7979
7980
416
1914
13
5
2
24
82
14
2488
57
5667
607
1411
744
15
5
891
608
61
341
119
7030
27
1707
3820
185
1413
576
215
149
1062
185
522
7520
104
24
3159
922
8016
4615
27
251
35
2479
57
3791
7719
7702
8017
13
500
8018
2
334
7983
7719
8019
8020
4818
104
8015
7982
37
5800
27
808
7982
750
24
7988
3622
215
2831
107
7882
652
215
149
14
1131
9
1950
8021
5
4995
13
4014
34
54
4703
715
61
341
24
7559
7244
27
396
330
262
331
579
37
100
23
5
133
57
320
1348
628
629
45
646
652
926
847
244
5244
9
8022
8023
61
331
341
119
7030
27
7666
8024
8025
330
183
149
54
1343
808
7982
37
715
105
100
2797
104
122
688
37
1563
27
808
7982
330
54
715
149
1502
104
122
688
37
82
652
215
105
14
2536
76
8026
27
331
408
728
144
3108
13
444
158
445
542
5
151
308
868
2
646
27
331
7982
37
82
5
3104
288
663
657
185
202
64
398
57
334
7201
1824
8027
1742
643
27
119
2959
944
652
808
7982
149
253
185
7988
61
215
2831
107
8011
23
2946
641
2272
296
61
575
215
149
343
8028
484
2959
27
246
7979
7980
225
804
331
7981
331
7982
6555
34
4927
7997
57
8029
8030
7985
246
1707
377
14
4380
7998
149
1142
101
24
2421
37
7208
57
7982
37
1536
64
758
64
1413
8031
5084
57
7999
246
7999
87
14
6218
1413
2627
87
1162
1969
64
7984
1185
8032
246
396
149
6555
91
8001
2
24
4678
9
7987
1824
8002
23
7023
7989
7990
246
7982
3469
23
2959
35
2356
2940
76
5791
6987
5
8011
23
2946
23
7023


