144
3357
49431
52
445
402
1972
32435
45
1424
5289
18
16465
7
526
163
100
911
6
21321
2
15
179
246
15519
10
93
49432
19
3715
39
5
6103
629
19062
2596
12
0
17940
1182
19
200
5729
589
328
18255
11
822
10913
11
79
452
2
5289
30
34
5
8704
70
1
1414
0
12636
7
440
123
91
2792
31
246
4
2055
7
0
2119
589
328
4
0
13661
9806
10344
2
1343
16
297
94
3
718
19062
18
8996
2596
3
13034
16273
49433
785
16
1424
5289
9880
0
873
991
0
2762
9
22002
17940
20242
6
3335
16
629
19062
26064
17
19
2083
12277
23
0
873
6610
991
0
17940
33684
16
19062
1104
0
873
54
9
1258
119
17710
3
267
5289
18
18255
12
452
18422
2260
16
5289
13
248
5
13688
70
4
31463
79
33685
7
49434
7
526
33686
19
32323
16
5289
1289
17
789
6924
262
0
525
101
575
16517
18255
7
526
1
5289
30
668
49435
1565
20
37
955
6
79
33685
2
930
143
457
2471
11
0
5276
9
83
1
822
10913
865
3
37
398
9
22002
1513
31
19062
18
33687
2
52
1527
3
29
3443
511
6
19
6920
31
0
1152
1
967
1
91
137
1289
17
19
205
427
789
6924
2
26
5289
55
11
452
23
822
10913
1208
3
33687
7
49436
26
49437
30
34
5
1245
70
1
23144
79
928
7
9806
5079
26
5289
10
2792
31
246
7
488


