258
461
462
34
463
464
465
466
14
467
57
54
468
469
470
13
14
471
472
5
473
18
54
474
61
475
476
477
54
478
479
480
481
23
14
482
483
484
485
5
486
27
475
37
468
469
61
487
476
149
488
5
489
185
490
37
491
492
493
494
495
23
496
497
465
37
498
499
500
318
501
502
149
503
504
505
237
506
27
475
61
507
61
5
54
508
469
61
509
61
129
510
185
24
511
57
512
111
23
513
57
24
514
515
516
278
423
13
487
61
365
517
518
23
122
519
5
520
57
487
27
521
159
34
522
523
257
262
480
481
524
471
518
185
525
526
257
13
475
476
185
24
491
492
23
527
9
528
490
27
119
471
529
149
14
530
13
24
531
13
532
475
37
468
469
61
487
61
129
149
500
34
533
494
58
215
149
488
5
489
23
534
535
27
475
61
129
87
536
14
467
57
487
470
18
54
474
61
330
484
24
526
515
487
516
107
331
537
159
2
538
331
185
24
539
540
541
18
542
262
543
14
544
57
54
545
468
469
470
546
14
471
472
18
54
474
61
475
476
547
34
34
24
548
76
14
549
61
116
61
5
54
550
61
480
481
69
174
71
256
122
526
23
490
27
475
37
485
551
34
494
13
532
487
61
552
553
288
554
23
555
61
556
13
557
23
558
5
54
559
560
5
561
34
562
23
563
237
506
564
37
24
468
262
565
9
13
9
107
480
481
566
24
567
34
525
568
13
479
475
476
185
24
491
492
27
569
570
476
61
571
57
475
5
54
572
468
469
61
487
61
330
23
308
37
573
358
516
107
574
331
575
37
24
468
331
61
215
330
183
516
107
14
108
485
576
5
577
578
5
480
37
257
331
13
107
229
91
485
5
486
579
37
54
580
262
251
581
550
480
481
5
525
582
583
61
475
476
61
584
33
159
24
585
58
586
122
526
587
27
588
13
24
526
61
24
582
589
476
590
591
185
592
13
475
9
552
468
469
61
487
149
24
593
57
32
57
465
37
594
175
499
318
595
5
596
597
27
579
598
61
331
599
87
244
600
601
61
40
602
603
87
604
605
47
185
24
606
607
27
608
494
609
5
610
278
611
105
612
613
614
57
615
39
61
616
5
617
27
618
24
619
620
61
610
278
417
621
622
24
512
607
61
623
621
622
5
624
609
27
396
87
14
625
23
14
562
227
626
627
5
628
629
630
631
107
54
589
23
14
632
331
633
634
262
475
476
69
174
71
5
468
469
487
64
635
634
27
162
535
104
24
636
57
145
61
487
61
149
488
5
489
637
54
485
638
45
639
496
105
640
13
158
641
54
553
288
554
23
555
58
14
402
642
643
5
24
485
149
644
13
645
158
13
557
27
475
330
57
54
468
237
506
61
646
105
45
100
14
257
647
515
215
105
244
648
57
158
119
649
471
9
502
650
13
651
487
61
652
57
24
35
653
9
654
215
517
484
215
149
488
5
23
24
402
494
655
448
61
656
5
570
61
657
34
122
627
9
149
24
529
57
24
526
27
565
480
481
658
14
659
57
471
518
5
525
660
517
402
471
661
662
5
663
658
471
664
27
665
481
61
666
61
517
14
667
9
668
669
670
76
14
671
672
5
673
61
674
675
676
5
677
27
475
476
105
590
591
23
24
68
9
47
13
54
526
13
665
481
61
586
487
516
331
537
159
2
538
331
185
24
483
27
678
679
262
119
680
57
681
682
540
480
481
5
475
476
369
324
27
475
37
571
61
570
476
61
330
515
23
24
494
256
24
683
5
595
596
57
475
37
468
469
61
487
61
183
105
100
57
684
685
365
13
532
487
37
553
5
13
151
54
485
609
27
396
330
215
99
686
185
687
64
508
688
509
5
475
278
689
122
562
690
27
331
691
365
278
692
693
61
14
694
695
5
358
696
697
698
61
331
215
330
699
23
54
474
262
475
476
69
700
71
324
185
54
526
257
61
536
14
544
57
54
701
545
468
469
487
69
324
61
174
702
71
470
13
14
471
472
18
54
474
27
331
396
87
76
703
704
24
227
61
705
414
257
61
331
475
330
505
237
506
27
331
396
37
373
398
57
24
485
27
396
706
600
107
707
469
5
628
706
600
708
158
61
709
710
496
711
23
24
712
331
713
591
262
162
14
714
13
54
582
715
480
481
61
475
476
598
14
716
591
27
162
14
544
57
24
714
717
185
592
91
24
582
589
476
718
107
719
54
720
61
331
628
696
600
721
57
722
723
64
707
715
27
724
707
725
726
602
27
727
728
24
594
729
730
331
475
61
487
5
665
481
704
731
732
292
733
23
527
9
528
490
484
487
734
655
735
34
14
432
104
736
185
24
491
492
64
215
737
13
738
739
740
61
185
534
741
61
535
27
742
553
288
503
743
23
744
555
61
58
494
57
745
23
502
24
746
747
13
748
47
745
34
122
688
5
331
749
158
82
331
27
570
476
750
463
464
465
505
237
751
515
64
752
64
183
105
100
331
749
487
82
61
215
105
100
753
18
24
35
754
45
13
157
24
755
756
54
485
757
61
64
758
64
759
54
622
316
760
13
761
762
5
108
763
27
251
632
484
24
526
61
665
481
717
14
591
13
525
583
9
13
9
107
475
61
586
61
331
599
87
244
600
601
61
40
602
603
87
604
605
47
185
24
606
607
27
608
494
609
5
610
278
611
105
612
613
614
57
615
39
61
616
5
617
27
618
24
619
620
61
610
278
417
621
622
24
512
607
61
623
621
622
5
624
609
27
396
87
14
625
23
14
562
227
626
627
5
628
629
630
631
107
54
589
23
14
632
331
27
764
765
262
766
5
570
476
69
324
76
122
767
505
237
751
71
330
64
758
64
768
24
553
57
122
769
688
487
61
183
105
100
57
770
685
13
151
122
485
609
101
24
771
5
772
61
502
215
773
13
774
13
622
775
776
755
5
189
27
777
767
331
564
87
487
778
119
779
37
780
331
781
76
782
783
5
784
91
785
786
61
87
787
2
788
119
526
149
789
91
790
5
24
791
792
793
794
129
795
64
24
796
485
797
798
34
24
746
23
24
494
655
487
149
500
27
119
483
99
799
58
14
800
506
34
24
485
61
76
24
801
5
802
57
803
804
805
34
487
37
595
5
596
806
805
149
561
34
562
23
563
237
506
27
618
744
15
61
656
5
570
476
807
122
767
61
331
564
87
487
778
119
779
37
679
331
61
784
91
785
786
61
502
808
809
330
149
398
810
679
5
811
14
812
34
775
129
105
813
814
562
815
27
331
816
24
746
718
817
609
61
758
818
718
819
61
331
215
330
27
331
119
767
820
87
821
822
14
823
57
24
476
485
61
818
515
133
824
825
826
622
827
149
821
822
14
828
829
830
34
703
831
13
107
168
27
727
369
821
822
832
218
833
341
834
14
835
562
836
837
600
838
23
24
485
839
526
610
840
825
107
14
821
841
5
108
485
836
27
331
162
24
33
57
421
37
573
61
646
87
575
87
487
61
575
87
24
468
778
842
183
87
578
5
480
37
257
27
331
618
525
526
257
61
24
550
717
24
256
843
185
525
592
844
61
331
475
476
723
845
846
705
414
257
27
628
603
723
61
628
847
244
848
822
849
13
850
851
852
853
854
855
856
331
61
857
58
24
483
91
14
858
57
24
859
76
24
720
61
331
860
64
861
13
278
846
64
54
862
331
27
119
540
99
423
185
863
13
864
865
61
866
108
867
449
122
227
868
27
869
237
506
61
475
476
750
870
871
37
872
646
105
45
100
14
257
647
515
215
105
244
648
57
54
469
27
331
396
87
76
703
704
24
227
61
705
414
257
61
331
475
330
27
331
396
37
373
398
57
24
485
27
396
706
600
107
707
469
5
628
706
600
708
158
61
709
710
496
711
23
24
712
27
331
162
14
714
13
54
582
715
61
14
858
57
502
87
717
185
592
61
578
476
873
61
331
628
696
600
721
57
722
723
64
707
715
27
724
707
725
726
602
27
727
728
24
594
729
730
27
331
246
475
476
99
874
14
858
57
54
468
469
487
18
54
474
34
54
526
13
479
61
480
481
246
475
5
508
469
509
365
517
875
876
57
487
61
129
149
488
5
489
23
534
535
246
877
518
288
14
529
104
24
108
485
483
61
878
24
649
502
879
24
487
476
345
246
487
61
145
61
734
655
536
14
471
653
9
654
185
54
880
13
881
740
246
119
526
882
445
334
752
506
34
24
746
76
24
883
57
487
37
884
5
885
57
24
448
331
767
246
565
480
481
590
591
13
475
61
331
602
603
87
604
605
47
23
24
886
607
331
246
475
598
331
628
696
600
721
57
722
723
64
707
715
27
724
707
725
726
602
729
730
331


