14537
14538
87
2815
14
582
1211
57
1379
14539
358
728
2456
13
221
14540
1229
262
14
14541
14542
14539
27
119
14543
582
8303
14544
316
5641
14545
57
14546
5
14
331
14547
3394
1497
331
87
1037
23
5330
7074
12487
14548
1489
13
24
1565
27
842
484
372
14549
14550
1456
868
61
24
14551
582
11865
8303
87
330
13
107
14
12792
2330
12913
14552
1489
13
14
14537
331
8567
27
6228
6229
6230
2994
1605
8303
262
14537
331
14538
87
370
2815
14
14541
14553
1379
14539
14544
14546
5
3394
1497
23
7074
12487
14548
14554
47
24
14555
61
32
1551
14541
14542
1489
13
122
1490
87
1871
14556
14552
1775
14
7581
14557
1469
14552
331
1547
34
24
14546
5
1497
61
14
8567
3006
27
1447
369
244
1193
1481
6993
13
14558
24
11865
8303
14559
64
57
1521
61
1204
61
76
14560
57
24
8303
373
2467
23
1489
13
24
1565
27
331
408
369
6028
76
24
352
818
420
61
1204
61
610
718
45
614
1193
4143
3197
5128
27
1031
330
61
24
5324
99
503
100
23
3595
34
316
1267
818
610
278
3373
1366
787
61
331
14
14537
331
325
750
24
14561
11777
27
119
8303
516
107
6586
104
14
1196
7720
1623
57
2947
14562
27
9841
334
8303
87
244
6526
582
61
1204
61
104
306
34
622
1449
14548
27
14563
262
14564
14565
37
119
14439
37
14566
14567
61
324
61
4128
316
14568
14569
14570
64
24
14571
1145
14572
57
1675
14573
61
3722
5
14546
14564
14565
37
119
14439
37
14566
14567
4128
316
14568
14569
14570
64
24
14571
1145
14572
57
1675
14573
61
3722
5
14546
27
331
628
629
2544
1222
723
369
3555
331
926
14574
6498
525
3564
9
4093
58
4043
24
5267
9
2408
14555
34
14
7262
515
3469
185
24
14575
7245
27
162
1920
558
14564
4934
926
99
14576
14577
61
1793
494
58
119
14439
37
14566
14567
149
12301
27
5298
6492
1030
14542
1234
6199
1416
278
100
719
104
14578
14579
1145
24
1566
27
14580
6199
778
251
14542
1234
6199
14539
87
719
4132
91
14
983
185
592
61
171
1793
14581
57
1234
6199
144
7124
14582
14
2131
14583
14542
185
908
64
758
64
185
24
2611
14584
262
251
14542
1234
6199
14539
1037
13
2581
14585
14586
5
4301
14587
18
14588
14589
14590
87
324
9173
14591
262
14592
14593
23
1605
1606
932
87
3458
14594
34
122
14542
1234
6199
1416
61
32
719
91
14
983
109
3997
14595
14596
14597
3643
14598
14599
14600
14601
2106
262
246
14602
4090
8303
4128
316
5641
14545
57
14546
5
14
331
14547
3394
1497
331
246
3198
13
107
1037
23
5330
7074
12487
14548


