119
17784
1956
393
129
87
23
1147
4382
58
5994
2
334
22639
9
674
21882
1547
99
100
901
27
16740
11751
61
1526
61
149
1142
3206
185
20642
185
24
188
9
674
917
57
14
41888
23
41889
23126
61
7703
61
185
3354
2356
27
808
11751
61
334
3732
104
17784
61
7983
53
54
880
89
2276
393
37
1547
575
215
3068
54
2220
5
1764
2
24
3036
61
642
4190
377
27
41890
262
16740
11751
61
1526
61
149
1142
3206
185
20642
185
24
188
9
674
917
57
14
41888
23
4883
23126
61
7703
808
11751
41891
2
41892
260
104
9067
1202
41893
6423
104
1145
41894
5
149
4410
13
7504
8558
290
5869
37
7628
575
215
149
4431
23
4238
4382
27
119
20653
383
1920
207
296
515
24
8518
149
21875
5
1483
185
54
2534
27
1707
4190
750
24
1605
1606
463
1840
24
393
2287
89
14
41895
37
1547
185
24
22639
674
57
24
41896
1071
104
1145
41894
61
5
149
391
13
107
101
24
7852
57
7156
27
119
41897
57
24
1547
497
5794
5
289
20858
58
926
6934
1846
24
3357
9
2033
1550
445
704
54
2220
23
918
57
525
27
258
24
227
642
2084
185
24
348
61
24
17784
393
149
1142
7419
3206
185
14
20654
546
14
188
9
679
3036
27
2520
24
7852
262
957
377
808
11751
1099
278
100
185
7156
1348
215
1764
2
24
3036
12994
262
251
5786
17784
393
61
1526
61
1764
133
57
334
22639
9
679
3036
104
41892
260
23
24
13588
3354
2356
61
917
185
14
20654
1339
14
188
9
674
917
1882
13
24
3830
61
24
593
149
776
2
1404
23000
12979
27
251
5784
393
750
14
4857
185
24
348
515
24
635
111
149
821
5538
5
105
3096
486
185
3780
27
6899
24
139
1793
494
61
14
346
57
17784
403
2101
8955
91
5994
2
14
1071
185
3780
27
162
558
61
21229
30997
20616
9
41898
61
2195
61
939
13
525
897
2
24
20490
674
57
525
41888
259
10438
260
27
1447
87
709
4006
104
237
227
1720
24
3357
9
2033
5786
393
149
3108
13
1550
54
562
1348
215
41891
2
24
22639
9
674
1547
27
246
1809
393
149
1142
7419
3206
185
2002
10533
1339
188
9
674
3036
104
41894
3354
246
16391
4410
13
7504
8558
290
5869
37
7628
6934
776
2
1404
23000
12979
806
149
958
64
21875
5
1483
246
7009
6934
2287
89
13
22639
9
674
1547
57
5784
393
104
41892
260
655
175
185
7156
5
1770
41186
484
3477
24
9646


