15
130
603
6
1003
234
19
198
4
19
87
227
3
1357
7
12
1648
3509
13
306
12
4450
2703
21
3493
601
5
1393
3
1219
12
19
198
1
50
5861
59
1
4
123
93
59
3
1530
1
25
1172
209
2
5118
4999
1
3281
1
28
12261
1
155
331
1
10
432
4
572
17
200
9
1895
466
4
1648
1866
81
70
39
19
200
227
10081
9
7133
11
27
142
9
1301
3
1802
5
5644
119
1359
3
59
63
19
198
18
193
2
65
891
1846
800
14
0
202
9
90
9
306
11427
76
32
157
23
530
127
59
7
19
644
2
4947
4948
3875
1343
7461
16
5118
4999
13
12
644
11
200
9
1895
466
7
0
193
6
19
198
7193
1
38
10
5861
3
193
31
5
1393
4049
983
16
334
851
269
11383
31
106
1
21
1085
490
21
34
40
92
56
0
1393
865
12
19
198
7193
4
34
3493
601
25
3
1342
1
90
687
59
3
1530
3101
227
16
19816
63
0
1648
6001
12
19
198
1
56
10081
1
137
1
115
55
27
315
175
55
5
201
15749
1173
12
27
1
36
2405
4482
4
2888
11
27
142
2266
0
193
6
19
198
7193
7
954
1
11
50
21
489
5
201
9422
142
1648
6001
1
19
87
227
7839
10713
7
5
260
514
39
497
2535
7
0
2839
7
5213
2
4999
12262
7
12
5
201
4301
142
1648
1173
760
39
2
380
0
11427
1
3316
31
2861
18
37233
1
0
14190
9
83
73
32
306
1191
10081
119
44
43
7
5
1340
14
21
34
1145
19
1393
18
376
14307
4
941
25
12
5
957
11428
90
7193
10082
3
84
0
4509
2
8
24
107
74
2276
0
1393
1
24
22
1
8
4999
22
39
10081
348
59
11
0
2883
7
7193
18
193
2
8
580
1
24
22
24
34
739
3
84
3657
45
24
22
24
175
2213
6
0
1081
494
25
510
2
8
203
432
4999
760
39
4
23102
59
11
851
269
1
7
50
21
1243
1003
19
198
2881
278
2
101
0
106
11383
11427
1
61
3316
31
2861
689
1
21
22
16
8
24
115
59
420
2
24
8588
10000
2
24
84
74
183
2
24
84
74
183
2
24
93
59
2
8
23103
16
334
851
269
6
11383
31
106
1
4999
1085
2703
508
5
196
7
19
198
18
193
4
687
59
3
1530
23104
16
5118
4999
18
87
227
7839
10713
7
5
260
514
39
36
492
2535
7
0
2839
9
0
3226
6
50
1
4999
34
7505
49
17
4716
4
834
10714
79
230
90
8604
21
78
106
21
34
40
92
56
0
1393
865
12
19
198
4
601
25
3
1219
2
8
24
1151
0
1393
917
114
24
34
3
124
549
3
356
0
37234
11
0
1393
1
4
56
24
107
1
25
3294
1
4
25
79
1
27417
1
8588
865
77
1
8
4999
22
2
52
7136
25
10
37
974
1
45
107
2929
14
21
93
19
198
3
1530
2
8
52
107
2929
14
21
601
0
1393
3
1219
12
19
198
2
52
107
2929
14
21
93
19
198
12
0
898
2835
1
45
21
202
490
14
25
10
5
1502
1
6695
1236
1
8
22
23105
655
6598
28198
375
37235
2
8
15
362
20
0
548
107
74
177
711
55
6
0
4943
1
8
21
78
2861
2
8
135
408
110
532
3
32
64
7124
296
4
110
532
3
32
37
974
2
8
19816
63
0
1648
6001
12
19
198
1
56
10081
115
55
27
315
175
55
5
201
15749
1173
12
27
1
36
2405
4482
4
2888
11
27
142
2
14274
9
10715
16
5118
4999
10
1799
31
19
227
4697
129
5
1393
19
198
10
346
12
10
37236
9536
387
18
110
3309
27
3
147
17
106
1
973
3
200
9
1895
466
4
1648
1866
635
127
5118
4999
7
0
193
6
19
4946
9
83
198
1
7193
2
191
155
331
4
665
811
33
98
317
5
111
233
20
0
2896
6
0
5213
193
6
19
179
227
1
7839
4999
2
10081
4999
18
17469
11429
28
37
37237
5830
5
70
90
36
224
653
2
96
1974
4999
34
8605
125
6
0
1648
279
28
19
198
18
193
69
5
142
1648
1173
12
27
2
35
24
58
32
907
201
7694
341
420
3
37238
36
3827
120
5
19817
23106
2
334
1535
3
4223
18
2244
81
70
1
36
1301
3
1802
5
5644
3
5846
585
27
315
2
96
116
418
8412
1
0
87
105
319
5
3598
7840
2402
7
27
4277
2
15
368
3420
175
242
7
5
9560
1340
7
155
331
18
10631
23107
12263
1252
7
1388
6
497
59
3
3498
27
13007
63
0
193
6
19
198
2
35
24
531
59
3
354
136
984
34
5
880
112
21
224
37239
10081
4999
22
7
5
612
942
1
0
315
36
13
98
7
0
1087
6
14105
1572
7
582
5167
79
5
333
948
184
2
35
24
78
59
21
76
1193
9884
15
5644
1670
49
5118
4999
1191
10081
129
21
981
1145
19
1393
18
376
14307
4
941
25
12
5
957
11428
90
1514
7193
3
4509
0
8606
4
10542
1718
2
7193
4999
1
244
6
64
247
126
1
10
5861
3
193
31
5
10083
1393
20
19
117
18
2441
10508
16
5118
4999
2673
11
5
186
1300
20
0
23105
655
19818
7
12261
1
155
331
1
81
405
35
57
10
86
37240
4999
22
1
301
3
5
3420
6
0
3160
1
306
127
0
9419
6
1340
3368
1
545
800
7
186
2
17470
0
2883
1
10081
4999
23108
2
35
57
10
202
1413
3
22600
21
22
2
35
57
10
202
1502
28
1022
238
3
388
165
14
23109
4999
10
572
5
149
192
2
15
14190
9
83
30
1184
41
578
3
0
200
9
1895
466
766
7
5829
6
19
644
1973
11
208
215
2
281
1025
1
21
76
124
49
3
142
374
2511
2
101
37
772
17
15
1623
9
14308
6
8185
5
215
39
19
1348
1
4999
22
19
1127
9
227
18
193
1
19
198
18
193
4
158
5
1870
514
20
19
23105
655
2441
14
285
19
4488
9561
9914
1
11
50
21
4190
201
6696
53
72
2669
51
7
1648
279
1
43
80
79
23110
2
89
7194
2396
1
7839
4999
18
244
1
78
15
2697
1583
28
19
37241
1
665
1
102
14
21
107
74
181
849
3715
34
711
3
84
17
25
2
35
24
181
25
18
5
128
15750
130
17
5
128
1690
23111
22
2396
1
38
30
189
1969
14
19
198
9
7
9
537
4
179
656
1079
10
1497
11
19
7132
9
83
263
18
193
2
5118
4999
30
40
572
17
4594
19
198
4
46
32
37242
11
5
514
14
285
19
87
227
2
52
4190
1648
14309
12
234
2646
15
117
2441
7
14310
155
331
113
7193
4999
239
2
5118
4999
1082
0
690
17
1648
279
682
55
28
5
4482
514
14
285
19
87
227
7839
1
2396
10
78
1
10
2535
7
0
2839
39
14311
37243
10
15751
31
5
6939
3035
914
2
1100
5118
4999
13
9030
17
497
7193
4
42
108
64
126
55
3871
1
7839
10
1129
3
1927
162
0
2839
1310
114
4999
34
7505
25
49
28
0
363
230
90
1
324
25
10
1175
2
35
13204
10714
43
7
14
37244
2396
1
4693
1
8182
2
15
1648
1173
1
21
22
1
34
40
204
55
79
90
634
2
15
514
510
155
2279
18
1022
2
4999
18
17471
356
3
155
331
4
184
28
5994
557
23112
0
244
18
13007
2
1544
86
1
2396
10
2594
3
1487
6
4999
18
1348
7
19
198
18
193
1
4
9562
3
1751
0
5213
514
10
497
5
200
233
2
5461
212
8607
254
41
337
23113
2
26
5118
4999
1
3281
1
6
37245
1
155
331
1
489
676
142
1648
14309
39
1603
6
19
198
4
87
227
26
155
227
10081
2888
11
27
142
56
21
175
55
5
201
7694
736
1173
12
27
4
5846
1799
59
26
1485
1846
11427
76
32
157
7
644
26
52
3808
3
106
21
601
0
1393
3
1219
4
123
93
19
198


