4793
2641
4
1429
1139
46
1118
7
0
2335
9
3132
20
0
1044
1420
9
45
200
3755
4992
3395
10
5
1907
1636
9
368
11386
2
3395
10
2176
399
9
691
53
691
9
870
51
1
399
9
441
1
399
9
463
31
172
580
3511
629
10840
1
38
46
225
439
3755
12396
12397
7
0
200
2335
7
3490
2
238
451
677
28783
7
0
87
207
531
3
5
2584
9
677
50
0
6519
1117
413
870
9
691
2
4992
3395
13
55
6
0
1044
1420
1414
7
105
2180
3
172
245
3511
629
10840
10840
1017
200
3755
3395
399
9
691
53
691
9
870
51
1
399
9
441
1
399
9
463
7
42
1636
9
368
4130
12
437
10840
46
225
439
3755
12396
12397
7
0
2335
9
3132
39
317
0
19808
6
3395
191
1
892
21
1047
7
0
439
229
6
0
200
207
56
10840
482
5
12398
1456
1
0
23541
2054
5
677
547
7
229
452
4
1047
99
7
0
208
12
19
152
3
317
0
207
2
101
0
19790
1
3395
34
3
15991
1800
5
677
547
7
19
87
451
229
1
45
1047
7
0
1745
229
1
118
3
1006
1791
19
1850
1165
7
5
1263
2
387
93
10840
1990
11
0
525
4
21
1892
0
431
7
876
1
17
5
1189
1842
9
186
7201
3
726
103
5
1126
3
414
2
3395
342
19
1850
1165
5
1263
7
0
7393
207
23
10840
8134
5
2478
1023
12397
10
20032
7
2501
375
23542
399
9
275
1
399
9
441
1
1949
0
513
18
1614
11246
1850
1165
7
0
87
207
4
311
20
0
454
6
0
200
2
14312
2493
4961
7
0
200
207
408
59
102
2
2641
13
9657
3
313
0
9658
353
5018
2034
755
770
11
0
1745
71
7
231
82
4
21
116
769
147
6
17774
14522
7
19
1636
9
368
3
722
19
6452
673
585
20
0
1706
2
3514
23543
162
0
87
207
399
9
314
1
21
592
12
733
3
5786
14
17775
7
0
200
56
21
34
64
525
860
12
14522
18
1850
2
15
20127
2054
234
4
1047
99
3
4903
118
483
9
441
1
45
1548
9
20128
20
414
9
775
7
19
208
451
229
3
619
2641
5
399
9
314
1
399
9
441
313
7
1579
379
2
10840
46
225
12397
208
1
38
1017
375
23542
399
9
275
1
399
9
441
7
42
1636
9
368
2584
2641
78
38353
16
8
15
200
207
10
49
4
94
2
89
3951
25
10
5
205
1124
2
8
257
245
54
1139
413
81
149
18
15992
1420
4
2641
921
16
8
24
382
214
5
305
706
6
19
1893
48
149
2
52
18
2850
0
873
128
168
2
8
2866
71
24
326
59
1
25
18
5
676
1377
2
57
18
5
128
1702
525
1
5
396
6
189
9989
2
24
84
41
1347
711
499
2500
2
8
4793
2641
46
225
1429
1139
7
0
108
2335
9
368
12
377
39
2501
17774
14522
399
9
314
1
399
9
441
2641
131
21
13
3863
5
1905
525
127
1139
1
38
5638
631
1420
1501
14523
11552
1139
6109
69
5
441
9
275
667
7
0
1489
207
23
11552
18
1850
15604
182
0
87
1943
6
906
2
11552
13371
64
677
860
11
430
1
45
1139
2054
234
90
1949
11
5
439
7477
71
2
15
200
207
10
12
1850
148
6
0
152
45
1
248
698
483
9
441
49
1
1139
1085
115
67
9880
7
11552
18
1850
3
207
49
105
525
860
1
317
0
0
200
23
11552
7383
450
3
505
19
9016
12398
2
3288
18
235
3755
17776
940
7357
515
6
27
1636
9
368
127
1883
28784
434
3
5
2784
709
1
50
10
3055
11553
120
27
105
9
207
313
77
13372
38354
2
3288
18
235
3755
17776
940
30
34
3
9659
28
0
1044
1420
17
5
2784
709
96
2324
27
757
20129
7
3851
55
6
0
1706
4
22
16
8
57
38355
79
1572
1
1433
2
24
809
25
2931
1990
114
24
351
2041
12
95
93
2784
2
387
10
228
1693
11
121
2
8
24
29
74
34
71
3
124
37
6744
2438
602
1
45
24
893
84
14
4
177
110
0
863
13
2
8
15
172
245
54
18
5192
498
28784
37
6421
1812
3
5
2335
9
368
127
439
3755
14524
15993
39
0
10175
17510
23544
23545
691
9
399
53
691
9
314
51
1
399
9
441
12
437
2
8647
3755
3245
12399
10
23329
7
5
399
9
791
1
399
9
441
313
77
23546
28785
4
46
225
8261
12400
1
38
61
489
5
38356
434
3
200
3755
28786
28787
18
3666
709
2
8647
3755
3245
12399
46
225
8261
12400
7
0
28788
39
2501
23546
28785
399
9
791
1
399
9
441
15
584
649
7
0
2335
9
3132
6
522
18
1940
4
3369
1420
7
6886
1
12400
20130
7
105
504
9
2185
2180
90
1414
0
368
3
17776
940
2
8
57
10
5
128
1905
525
60
34
7
6886
2
24
10
79
5
547
184
28
901
0
525
1
8
12399
78
38357
2
8
57
10
5
1905
54
3
1208
2
8
96
18
40
508
228
168
86
416
48
70
1
128
4933
2
24
300
233
653
3
136
1893
9
24
181
44
352
300
4675
2
8
26
3101
3755
4992
3395
13
55
6
0
1044
1420
477
7
3490
26
3395
342
399
9
691
53
691
9
870
51
1
399
9
441
1
399
9
463
3
172
580
3511
629
10840
26
10840
46
225
439
3755
12396
12397
7
0
2335
9
3132


