258
1965
2968
243
369
2969
13
2970
13
2971
34
700
9
33
2972
2973
76
2974
171
2975
27
119
2976
9
2033
44
107
2977
64
398
57
24
1389
2978
2979
2528
34
2980
2981
61
129
99
2982
14
310
206
57
14
1454
13
2974
61
637
2974
278
663
1414
449
3
2983
185
2984
27
2974
278
663
100
2977
2985
2986
2
2425
932
5
369
2987
2975
23
2988
37
2989
2990
5
2991
2992
2993
57
2444
27
2994
521
159
13
2995
3
2983
79
34
2996
2997
2998
2999
778
243
37
2972
2973
87
361
2103
91
2974
76
2980
2981
69
546
71
1481
13
1454
23
24
3000
3001
3002
778
2981
1577
1481
13
3003
3004
58
144
2195
454
23
14
1389
3005
2528
2994
2981
3006
3007
1454
119
3008
369
3009
13
3010
334
239
515
99
719
3011
3012
996
58
54
2984
1272
5
99
14
3013
9
3014
3015
3016
64
1579
3017
3018
27
2983
1130
13
2250
24
3019
34
2974
64
243
369
3020
3021
133
24
2118
2434
3022
23
3023
34
158
13
1354
3024
824
27
3025
262
2974
369
3009
13
1550
2996
2997
37
3
2983
185
2984
2
243
1462
36
3026
262
2985
2986
87
663
14
3027
3028
34
2981
722
100
2977
13
2974
246
243
2969
13
2970
13
2971
34
700
9
33
76
2974
1919
246
2973
44
107
1129
64
398
57
1389
2978
2979
2528
34
2981
246
2981
99
3029
310
5
87
185
3030
57
3031
13
3032
246
2974
1028
13
1550
2996
2997
2237
2983
185
2984
1462
36


