144
507
491
1215
293
16
29870
138
1
835
522
151
291
287
16
28137
138
1
835
522
151
563
6002
9
83
3259
290
30
489
5
193
1350
8477
7
0
615
2757
6
5
3560
40479
4250
5450
14
10
1923
28
27
260
2
7957
24331
18
5450
10
204
28
27
3672
102
800
1
4
945
1780
39
3
0
117
18
9106
472
20701
17
5
2048
827
14
1039
8
8173
7957
558
66
171
922
2979
90
24
84
1
8
8477
549
2
7957
1933
3
163
0
5450
4
0
2623
3
27
145
1
24332
20702
1
38
180
106
1
1002
17
6214
1
4
2249
0
296
6
126
508
7
27
102
56
0
4420
2575
2
297
94
11
167
24333
16
7957
24331
18
5450
1
137
1
10
204
28
27
3672
102
800
1
4
945
1780
39
3
0
117
18
9106
472
20701
17
5
2048
827
549
15599
16
7957
18
145
1
24332
20702
1
137
17
27
263
1
1006
180
106
39
36
408
0
5450
8
53
24
351
1549
51
14
75
29
0
40480
3
1097
49
3
95
376
9106
4
1791
0
5450
323
1
8
20702
78
2606
689
441
2
8
3672
296
33
79
109
240
24
516
74
354
48
13
159
12
2
240
8
3672
106
3733
29
34
6544
1594
2546
4
1180
3300
1
45
86
416
44
29
732
3
124
3
0
1416
6
0
1350
2
15
2623
219
12
3
161
8
40481
581
81
540
2150
17
5
53
5353
51
20432
8
8173
7957
16
15
2048
2623
1
137
1
10
115
7
0
5450
18
615
2757
29871
16
7957
3052
14
27
3560
5450
18
2757
10
615
56
36
115
25
12
0
9106
2797
782
1774
40482
22
44
43
1129
3
154
29872
45
46
256
108
5945
3
325
0
20686
2
8
5245
48
13
5
830
1
1584
2
57
13
5
1976
3
0
296
1
25
18
5
1976
3
282
2
104
84
74
177
1000
109
48
128
473
2
8
7957
1
38
13
159
69
0
3625
5519
1
22
36
10
2525
4
4799
56
36
115
0
5450
11514
94
12
0
9106
2
40483
16
689
1
10026
1
4
4224
11
7813
1
3259
1206
16
15
5450
10
115
12
0
9106
6
0
117
18
3672
102
1
137
8
57
10
54
6
95
7897
8777
56
24
10
247
1
8
36
22
2
96
30
40
7917
90
1
27
145
22
2
89
7957
4044
3
6383
0
358
4
2033
0
447
1497
3
517
27
4
605
1054
7
594
2
8
12182
5065
2
2161
74
32
1409
2
2161
74
20703
3567
1162
1
114
25
18
8732
88
1
8
36
78
2606
689
2
26
7957
24331
18
5450
10
204
28
27
3672
1
3259
102
4
945
1780
39
17
0
2048
827
8477
549
26
15
5450
10
472
20701
4
0
2623
1039
16
8173
7957
558
66
171
922
2979
90
24
84
8
26
527
145
1
24332
20702
1
180
106
4
2249
6214
4
296
6
7957
18
280
26
3672
106
3733
29
34
6544
1594
2546
4
1180
3300
1
45
86
416
44
29
732
3
124
3
0
1416
6
0
1350


