258
463
464
3968
261
262
31410
264
61
2978
891
1268
268
269
262
31411
264
61
2978
891
1268
18552
6782
638
45
850
54
791
29208
9930
1679
14
31412
6778
75
24
31413
4775
185
24
16786
73
4581
9
652
215
87
45
3748
13
2995
1193
2526
655
215
87
1778
2132
27
119
6202
9
2033
791
3847
1029
87
361
184
104
4505
2916
6572
5
64
398
57
515
3061
1398
34
15808
709
192
369
4862
61
31414
133
2526
6308
2
54
562
655
215
31415
23
2946
27
331
569
10002
6782
5
3096
622
15808
516
1030
13
2995
2526
61
183
87
144
45
398
57
612
1398
109
1184
818
515
825
45
107
2298
61
331
2917
16447
750
8496
27
2226
632
61
24
791
16786
3022
3252
45
3253
13
8180
14
8069
9
7150
4523
129
149
1142
2876
982
438
54
12487
82
23
3094
27
521
159
34
522
2186
6782
23678
262
1605
327
29208
24614
3311
2792
69
2213
71
9292
2
54
1029
5314
75
24
31413
4775
123
24
169
170
57
334
16786
2526
2544
185
2414
29474
262
2036
16786
1605
327
29208
3847
1029
18552
6782
61
324
23
2959
185
4386
61
99
3252
45
3253
13
55
9
5780
596
23
24
2882
897
57
31416
21707
162
2959
262
6782
6307
13
54
3509
6092
31417
23
2959
185
4386
64
215
24750
45
3253
13
190
1517
119
6202
9
2033
503
2325
13
377
331
45
3253
331
13
621
57
24
6987
1869
133
23
16195
1700
8309
943
185
4386
64
24
2255
57
54
4927
593
61
31416
21707
61
21126
5911
24
12146
27
119
791
1605
327
29208
3847
1029
149
13878
35
751
61
1348
215
149
1805
76
14
11242
2580
57
2958
1517
61
349
55
9
5780
596
61
6534
14
29038
5
7997
57
14
29038
27
396
3252
45
3253
13
24
190
1517
64
54
4613
31418
8569
5
120
536
331
2904
31419
8562
331
132
185
27
396
825
1359
13
107
184
2241
7988
641
54
1462
956
23
1372
27
119
12473
352
2
21707
37
485
650
64
54
695
61
31420
8569
61
750
31421
515
926
37
7135
57
24
6858
185
6782
27
8569
331
2179
87
2207
13
6782
27
331
413
227
646
912
14
679
133
183
37
600
449
24
4927
596
5
183
37
45
449
24
755
515
640
13
31416
61
331
926
330
27
331
119
189
515
704
57
703
278
319
5
24
1217
515
215
87
14
3078
5
54
562
149
319
27
331
9618
3820
515
6782
10448
21707
37
3319
652
215
149
1090
104
158
34
11248
13
308
6782
105
3071
76
104
14
15214
1267
505
27
187
99
663
100
1196
515
215
1745
21707
652
215
2193
449
6782
37
4915
23
14
558
1058
9986
27
6782
99
604
100
2940
23
515
501
27
8311
262
31416
21707
37
2255
31422
23
2959
64
926
726
855
9
13
9
855
76
525
688
37
4927
884
31423
262
6782
37
4613
61
31418
8569
69
4051
71
61
87
324
76
54
12473
2255
23
2959
4386
20019
262
19954
6782
61
174
61
31422
123
24
24726
144
12247
2
24
593
37
448
6782
5
316
622
43
61
31424
8635
5
6475
31425
61
7983
6816
21707
47
104
54
82
23
16943
185
3094
1371
5
4633
13
24
23685
2083
27
742
1816
149
1142
91
14
8198
147
515
257
27
6782
61
129
149
130
91
24
29208
362
4615
57
54
7707
185
3094
2265
61
44
855
562
23
5672
2241
13124
1222
560
27
13115
262
31426
31416
21707
61
2154
61
149
1142
2876
982
438
13
6782
37
82
185
3094
1371
8830
5700
10385
31427
330
6782
37
10662
369
2246
515
6782
825
107
31428
123
14
801
27
331
3627
32
31429
57
4121
99
100
8739
1521
61
331
215
330
27
9625
484
21707
37
897
61
4948
377
61
21707
1391
54
2179
3210
867
27
396
1414
1222
926
105
719
129
215
149
76
1348
215
2168
89
24
1536
23
7803
27
1331
215
8962
129
183
149
23
14
880
515
21707
37
485
330
215
2193
54
2179
516
2294
27
331
16786
61
331
215
598
27
331
4816
818
723
639
27
331
16660
147
61
4948
377
61
21707
149
982
58
31430
4553
133
23
334
31431
20193
351
91
14
24475
58
215
301
2168
133
57
24
1536
34
496
215
648
149
14
4549
217
27
2939
278
45
330
129
2896
24
2919
61
40
1489
13
2959
5434
61
31425
750
642
23
1561
515
8635
330
183
149
6782
27
8635
99
3252
45
3253
13
14
2479
57
28402
13
596
58
24
1217
27
31425
99
3252
45
3253
13
14
29038
2479
27
2281
369
361
184
23
3254
2241
7988
27
2939
278
330
358
278
244
1142
24
596
8044
61
502
358
1014
149
14
31432
31433
29032
61
40
28144
407
505
237
751
1196
6782
1099
278
1414
54
4613
61
31418
8569
61
13
12887
57
183
27
14699
262
31418
8569
61
4613
57
18552
6782
61
3629
24
4505
2916
8309
943
23
16195
1700
31434
262
742
2255
19954
6782
663
3629
24
2959
58
215
3252
45
3253
13
24
1517
10176
262
14724
57
6782
1650
922
2959
76
867
185
4252
2394
34
54
5361
6782
37
1588
61
12308
31435
61
663
149
13878
185
14
2958
10665
2479
58
6467
377
926
747
13
13598
484
24
5014
8672
956
4121
23
24
501
61
1347
58
358
2977
525
11438
27
1042
5700
99
3806
926
107
184
2241
7988
27
6782
87
663
5362
13
24
643
57
14
558
1058
9986
438
14
7803
15214
27
569
31436
21707
37
897
61
642
1142
334
11211
61
1642
23
24
505
3319
61
104
24
82
57
6782
37
8852
23
4505
61
3772
27
187
105
100
11207
23
6782
37
3584
27
6782
61
129
99
3469
23
2959
190
607
647
54
7707
61
825
3235
23
2959
625
156
34
54
1374
9
801
956
185
1372
2779
27
396
5923
13
107
184
2241
7988
27
8339
262
31424
8635
87
7879
91
14
2959
798
655
18728
31437
7681
943
61
23
31437
61
12487
35
751
27
9618
377
215
149
76
6782
1348
21707
149
1745
9586
262
6475
31425
61
324
104
14
956
23
3094
61
330
183
149
6782
129
31
24
1315
246
2036
29208
3022
847
244
2995
2526
652
57
4505
2916
6572
1444
246
396
87
6903
57
3319
31416
21707
61
2154
61
23
3094
246
396
331
2876
21707
652
215
149
4485
13
308
6782
638
45
1030
331
246
396
3252
45
3253
13
55
9
5780
596
5
3760
57
2895
1517


