258
8314
5073
5
972
49360
261
262
49361
264
61
2778
563
267
268
269
262
49362
264
61
2778
563
267
396
99
100
24800
34
24860
166
607
484
27
419
10589
15489
105
709
3259
100
2456
5
20034
515
183
516
107
14
501
57
5887
227
539
1348
215
309
14
6747
34
54
511
23
119
15488
3520
6422
6423
27
1295
61
183
149
244
13
107
61
5
10589
61
2149
61
769
133
185
334
11432
625
156
64
6952
49363
149
901
2811
15353
34
9907
49364
6603
27
569
10589
149
43200
23
54
252
9
837
1011
494
58
215
149
55
24800
34
2186
37
12816
15660
49365
9
919
57
3207
33247
288
5347
34569
7420
104
24
3022
37
34796
27
6170
4578
1462
227
262
10589
15489
61
129
731
24
24860
76
54
2255
61
1996
133
185
334
2594
16452
34
24
5887
227
104
24
483
185
2414
2356
1002
31006
262
16948
57
3207
33247
288
5347
34569
7420
104
10589
37
2107
3443
34796
18836
22368
262
4716
57
24
33247
1039
10589
23
405
57
54
3240
13052
349
10714
3441
2698
11768
816
727
5130
43894
262
999
33254
7076
22368
516
696
100
1347
1533
3316
515
215
1996
133
185
361
23
334
16664
28573
319
104
24
483
1870
13933
8530
61
475
2251
5
31291
31292
94
819
564
37
10589
778
119
16664
24860
28573
319
91
475
2251
104
2414
2356
37
2594
19805
49366
26797
262
10589
26512
6952
49363
61
129
1004
158
13
24
11432
49367
262
22368
37
128
288
1165
13
117
13
54
155
61
76
4182
49368
182
4152
119
6429
11
13
4182
49369
4152
185
24
5538
9065
1783
64
308
22653
24
1040
27
842
45
704
57
10589
37
128
185
1002
648
54
19380
149
13015
64
405
510
13
24
5538
9065
1783
13
9282
158
27
49370
49371
4151
262
331
699
14
47736
61
604
14
550
4182
49372
4182
49373
4182
49374
4182
8488
27
331
49375
7420
262
1843
1002
12804
598
14
3232
57
18783
42132
185
3389
13216
57
24
3022
2
24
24860
4849
6170
4578
1462
227
262
119
3022
105
100
24800
34
2811
15353
34
54
511
23
119
15488
3520
6422
6423
49376
262
1427
57
24
33247
1039
1275
57
24
1040
64
6196
49377
23
119
15488
3520
6422
6423
49378
3555
999
33254
22653
10589
47
64
3502
3484
5241
49379
49380
20078
262
4716
57
24
520
1039
24
1040
23
617
23
32
57
54
3096
3493
609
76
14
467
57
334
2594
16452
20078
30241
262
999
33254
1062
1371
3224
57
24
3022
23
617
23
14
3441
1306
76
14
467
57
334
3443
23678
133
262
119
33254
6429
11
13
4182
49369
4152
185
24
5538
9065
1783
64
308
29551
7420
104
24
1040
9149
24891
262
10589
149
24800
23
8908
34
2186
37
12816
15660
49365
5
935
23
7066
34
119
48411
3627
2471
262
162
1073
215
149
24800
34
6523
1977
61
655
237
506
215
149
47
34
119
15488
3520
6422
6423
143
49381
598
262
331
119
15488
57
6422
6423
40
24
49382
57
24
2594
27
4182
49373
4182
49383
4182
49384
27
331
8138
49385
598
185
1002
262
331
9958
61
22368
373
1308
244
278
334
49386
27
628
1014
707
17684
144
17845
820
4182
49373
27
331
842
10599
49387
7149
515
10589
1492
244
107
5664
24
252
444
13
158
61
4084
262
331
396
2290
45
278
2048
334
3443
1521
61
40
24
1479
57
308
23439
69
9081
71
34
158
13
1018
818
1506
818
822
1533
1284
24
11432
4182
49373
27
331
49388
133
6552
262
487
7314
9
4961
61
13933
8530
61
7836
23633
5
15674
29487
3992
14
9139
104
35
506
37
2594
19805
61
655
24
4084
18
24
395
10983
358
288
6484
104
10589
37
4294
9499
24
550
262
999
33254
22653
10589
47
64
8708
49389
37
5241
23
2336
3441
2154
49390
61
502
6498
24
679
57
14
893
129
99
100
14
47736
2154
607
49391
262
999
467
1039
24
15488
3520
6422
6423
537
821
12473
2698
846
1222
723
718
262
10589
87
22653
47
64
3400
215
87
16796
13933
37
3443
2
35
506
58
926
906
18
655
2050
13
6546
183
33321
57
3058
262
119
15488
3520
6422
6423
3608
15487
5120
704
449
2189
215
149
24800
190
607
484
2548
76
54
205
6747
34
119
49392
119
13236
4182
49368
663
2859
4152
6329
58
54
189
27
187
149
663
14
4879
4896
34
2180
9723
129
61
1030
10589
61
99
309
1413
3443
24891
23
525
1915
818
420
27
579
149
663
24
503
23400
23
24
2811
3483
7104
34
24
267
24891
13
278
604
319
82
334
2594
16452
23
24
139
27
18149
76
2343
262
119
20528
9
2033
3793
54
2255
49393
49394
13
365
24
24860
5
24
58
2222
24804
133
262
2180
9723
663
4942
13
81
334
3443
34
24
5887
227
61
58
722
100
24800
34
3607
49395
23978
262
6952
2048
2811
15353
61
27160
27161
2811
3483
61
49396
49397
34580
3483
5
15949
15950
34580
15353
143
167
2456
24
267
483
2290
278
100
525
2356
61
2180
769
133
185
24
49398
13
4401
17950
3442
27160
27161
9
129
663
1004
24879
49399
13
24
5398
27
5298
9963
49400
185
2414
2356
3866
13933
8530
61
129
105
10341
100
5457
14
9732
9
23
34
2811
34580
3483
34
525
511
23
3607
49395
27
13933
516
278
53
183
316
6814
494
2329
1222
926
105
319
82
24
5398
9
722
100
901
2811
3483
34
10548
49401
49402
104
24
1268
483
27
1295
61
2414
2356
149
49396
49397
37
227
13
17330
61
64
24
3371
3442
510
82
24
11432
34
2213
13760
251
33213
27
6633
4227
262
13933
8530
149
24800
23
24
34580
3483
7104
34
3607
49395
61
40
4942
13
81
2226
506
262
13933
149
8643
2811
3483
104
24
1268
19805
34
10548
49401
49402
15949
15950
149
8643
2811
34580
15353
104
24
19804
61
9535
475
2251
61
49403
6241
61
6092
49404
5
49405
17352
13
24
5398
27
2318
61
10589
37
2504
104
24
24860
650
64
183
149
3283
215
87
24
4868
57
14
582
11350
343
13
1268
3441
1773
3520
119
49406
61
502
215
1542
27
119
1045
750
24
679
57
24
8895
57
49407
4592
23
1605
6414
61
40
1094
405
57
24
7908
369
16262
15489
5
1793
819
2933
76
2540
24
1045
34
331
12473
10957
331
27
1882
13
49408
61
24
11350
149
7593
185
35571
5657
61
76
533
356
273
12136
24
3388
57
542
64
331
49409
9923
19668
2
6414
331
149
9547
27
119
2959
5434
1869
262
331
187
87
997
2184
13
24
49410
27
49410
5
122
485
273
369
9168
5
3115
75
27
119
272
369
33644
104
276
27
331
8428
49411
49412
13031
12850
61
6783
2811
47568
49413
481
61
119
13031
40486
246
10589
769
13
6952
49363
34
9907
49364
6603
246
187
87
24
5887
227
215
99
1996
133
185
3477
82
334
2594
16452
246
4182
49368
5
4182
49369
2859
4152
58
24
1040
37
189


