5250
18811
18812
99
3327
5369
3091
183
87
1502
634
129
18813
18814
23
4797
3219
4325
597
251
18815
99
3327
5369
58
3091
183
87
1502
24
634
129
18813
18814
23
4797
3743
4325
597
27
162
334
4860
76
24
3052
292
18816
61
5250
18811
18812
57
24
18817
18818
18819
57
24
18820
61
330
215
638
45
1014
14
5296
1142
3253
57
3743
18821
2831
738
13
3254
1222
183
149
54
55
3258
27
396
1347
285
185
13
1759
18822
13230
4809
2526
220
11267
18823
64
14
331
103
2913
331
27
5250
18812
61
334
6695
10489
23
24
3607
18824
356
61
99
781
1793
14413
5
4123
10786
185
14
4797
7249
7279
27
396
330
262
331
1007
278
237
467
23
122
573
57
14
1066
2235
13
830
107
831
14
18825
27
331
842
515
912
45
24
501
27
18826
723
278
14
111
722
14
15926
10685
61
5
14
3370
726
58
158
27
251
1842
57
24
597
61
24
3370
3401
3970
61
2584
61
2195
3401
87
24
18827
27
331
396
359
262
331
10140
912
237
103
2913
18823
183
285
185
34
494
27
18828
262
3944
638
1013
2938
377
1407
778
6675
61
14
346
57
2907
2193
449
183
5
638
1013
217
24
1234
27
331
9958
61
723
639
61
641
3291
494
61
308
638
45
5676
23
122
573
515
183
149
14
2102
27
187
149
14
14057
10834
61
18829
806
40
358
638
1013
1019
57
183
23
5967
57
1106
1022
27
331
331
816
723
738
33
890
1185
2431
494
495
76
1245
3743
18830
3401
13835
34
7466
1185
7464
3401
183
149
821
1304
3793
64
14
5832
2102
27
331
10038
13
6757
54
18831
215
285
185
13
3084
515
594
57
1508
331
3749
331
369
14913
23
1992
61
502
18832
278
45
100
648
57
64
14
2102
27
396
330
262
331
816
723
738
33
890
1185
2431
494
495
76
1245
3743
18830
3401
13835
34
7466
1185
7464
3401
183
149
821
1304
3793
64
14
5832
2102
27
4885
648
57
183
515
880
27
331
16772
18833
7466
516
107
3401
40
503
1222
24
730
7345
525
501
27
14895
516
1013
4919
183
27
1007
3843
445
61
34
494
61
185
3743
597
27
628
2357
45
4149
1607
27
331
628
1019
10813
398
57
24
106
516
107
334
3280
61
515
183
4186
24
501
133
89
24
3098
61
5
24
730
912
3584
87
646
61
1185
308
825
3865
133
496
912
646
61
1185
24
3370
2933
3401
723
639
61
183
912
45
1399
23
24
2886
61
40
10792
5120
806
358
2354
11248
449
183
27
331
305
237
222
61
1193
5296
61
1193
18834
61
1193
5538
2230
61
1193
5802
61
1193
4723
1066
23
5529
516
1510
2933
23
14
414
3743
4975
3401
45
11001
15115
3401
358
2354
456
27
331
143
628
2357
18835
13
1019
61
185
122
55
17271
61
358
2831
45
738
13
3254
652
122
6758
149
45
11540
14
2102
27
331
842
5250
18812
37
1105
409
7199
14
3760
57
6725
7043
27
331
18836
2913
331
262
5250
18812
1196
18822
13230
4809
2526
220
11267
18823
149
14
593
999
10701
18837
18838
262
331
10856
1105
185
4325
221
846
18839
27
628
2236
2236
840
215
1308
244
1644
1019
24
880
215
4042
1022
23
372
7909
27
331
11267
18823
87
14
9350
5
24
395
308
278
23
122
1027
1348
54
3584
726
47
87
515
57
334
18840
18841
11540
18842
5684
185
334
1205
890
506
2033
23
14
4507
27
331
1843
598
262
331
18843
1030
237
449
18844
1550
24
5642
27
628
1835
3072
104
496
628
278
144
1869
27
331
6914
11291
237
6351
5296
10043
4325
5284
57
10823
64
18845
3555
727
718
18846
16959
1185
18847
18844
27
187
87
14
18848
5
18849
4975
27
8259
12343
723
34
851
1105
3555
331
18850
119
3052
292
18816
87
14
885
7037
76
24
18822
11429
57
18851
4797
3023
27
119
18852
61
502
23
6588
623
4273
24
3052
292
18816
2
8394
61
149
2933
23
32
57
24
594
17425
292
3743
4325
16273
57
3291
607
27
2847
791
3965
61
24
18853
18854
18855
61
129
105
1015
2383
13
18856
259
2465
3624
61
105
100
7920
34
14
3760
57
3743
4325
1400
647
24
9865
7364
27
162
7066
61
24
18857
149
7502
89
18858
58
183
953
18855
105
100
17454
18859
34
506
27
1605
1606
4809
9
1893
18812
7049
24
15522
7332
61
502
2696
24
5201
23
10645
58
183
953
18814
6903
57
5669
17454
272
61
288
361
417
24
3092
817
104
24
18860
101
3754
27
246
5250
18811
18812
958
11267
18823
64
14
331
103
2913
331
246
396
330
18814
1142
3253
57
4325
2831
45
738
13
3254
1222
183
87
122
55
3258


