590
4444
1425
1
0
2739
6
54
1963
7616
5
2493
14094
6
0
1248
8911
20
0
749
4224
25794
6
0
2279
5735
33
5597
5654
2
89
1
23
0
2144
14132
1550
1657
1
1550
12296
4
749
45611
5075
3
45612
3
207
0
873
6603
515
6
0
425
13815
12
405
591
1
716
47
210
0
276
11
2344
1949
0
19735
4
7616
48
1787
8902
4172
2
5323
47
454
17
3290
6
0
2279
2
7411
767
210
7
5
1124
14
224
373
3
1201
47
45613
6
0
1576
7
0
2864
370
20
11871
7
460
218
1201
1394
636
9242
1904
1023
7
0
2864
370
57
47
41
1472
1853
17
400
12493
2
1217
1821
246
47
8906
2
89
1201
47
174
2719
3
5
130
3
4389
5
737
9
5847
7
1249
14
170
24035
2
308
73
1190
42
25795
2
1978
254
5
1793
17
199
5
989
2877
2344
571
4
0
148
3961
1746
7
0
172
402
1414
218
89
254
141
14
22591
0
2698
6
1201
47
9181
218
590
9365
6
0
2279
1
25
6375
30
3
32
636
9242
2
590
64
82
1
0
13803
6908
850
21
34
69
0
754
6
1201
47
1394
2
7459
1516
41
687
156
7614
18358
241
9242
202
93
156
28721
6
4038
18358
2
45614
14
1509
8503
6
12493
1
110
37
1784
356
25
10
3
2806
0
13624
6
741
1401
3048
1
0
130
38
3900
86
15991
17
25
80
19
346
142
2
1201
45615
0
1576
7
0
2864
370
387
10
79
54
6
169
3034
50
116
9242
0
237
2864
370
1394
150
1961
25796
2
191
86
3
0
1248
2105
1403
1
0
54
756
12
0
166
31
0
2518
2
1475
25
467
7
12939
1
118
64
11673
29
413
25
453
15770
6796
1
11
21398
299
4
1488
3
1023
7
0
2864
370
7
14259
4
741
1322
21627
11
901
19
87
2991
7
5231
2
65
1636
9
1669
12
1
0
276
11
5
439
13
86
5243
25
58
1
810
10133
1
1038
0
9514
6
0
2105
112
3879
2282
107
141
313
25
2
1478
1218
13
19
118
45616
2268
4
1
100
1685
1
0
4264
5604
7007
46
7877
23
28473
23
388
2
89
716
47
32
3354
2
281
1218
10
7
156
108
195
45
5
2454
21
58
141
32
373
3
1262
13713
47
1248
3060
2
52
47
3664
901
5
64
9
195
1035
2
2282
30
210
386
0
3007
236
7
0
683
6
846
2344
2
3879
2282
30
210
386
0
3007
236
7
0
683
6
846
2344
2
1544
21627
47
237
236
107
141
226
373
2
15
2386
13803
107
141
79
313
64
12657
1
21
413
0
846
5018
47
6351
770
2440
54
6
0
146
15162
1490
14
1629
54
19420
1839
0
12657
2
221
10
61
5
8357
1352
20
0
2864
370
86
205
25
34
125
6
0
1793
47
973
45617
13099
59
3
108
16266
38
45618
42
229
1
109
2168
4
3081
2
65
2493
14094
11
54
1963
218
45619
1
25
13
1514
37
4035
396
2
89
123
48
10
0
70
136
11673
2719
37
4035
396
2
65
1473
45620
303
31
5040
4840
129
205
25
30
40
3
177
59
326
17
5
2545
12
19
225
311
48
70
1
25
13
17
5
1509
664
14
24
154
3487
5040
3
4810
2
89
0
725
13
1
21
716
846
2344
94
2859
81
149
2
15
87
770
6
0
146
9
1706
8111
11848
3
12322
0
236
2417
2696
6
279
20
6870
7
5149
5682
6
9455
13814
4377
2
3487
5040
482
55
821
827
31
45621
5149
11
3296
5040
30
5
4521
880
3
373
0
3099
12
3879
2282
1
0
130
973
0
8479
3
3339
1
38
30
40
4747
7
1488
31
19
2395
2
788
110
254
5040
84
218
15
6519
7138
3
326
7
0
8761
5018
770
7
3296
969
2
3240
1
24
659
662
0
1300
279
10
205
2
89
107
21
41
429
11
5
977
3
181
110
1822
6
827
48
8651
55
218
1978
33
0
936
6
282
2528
3
124
3050
7
0
8111
11848
4353
112
0
580
314
516
141
32
6405
3
163
49
218
1217
3
1046
4377
47
149
1
0
1706
10
413
31
15805
10288
453
9927
31
2454
2
380
0
846
5018
587
1
412
3990
11
11035
3
0
1645
38
213
10288
3
1126
0
2918
20
79
0
122
8696
3
1948
55
0
1825
2454
13725
12
0
1036
47
1767
2
45622
6
0
149
35
590
125
6465
1164
1
24
34
48
17422
1299
24
206
143
216
54
2
249
24
408
0
873
1018
4
2061
991
0
1587
1
24
273
1
1166
14125
1
48
13
882
159
3
45623
238
149
39
901
5
72
5553
18774
11
5
1587
7
54
7
1044
1
45624
5018
561
9694
32221
53
748
51
2977
3
14906
1
113
36
413
5
72
5553
5879
262
216
7747
2
101
276
66
43
8309
1
0
3324
12
14
2621
12
9479
4164
7
7477
10496
29
40
8708
20
77
6253
9
275
2
26
1201
392
15152
174
2105
11
10060
1249
7
0
2864
370
26
590
9365
6
0
2279
1
25
6375
30
3
32
636
9242
26
15033
3060
392
165
3
3879
2282
39
2748
236


