251
25941
6662
35420
129
510
5046
1586
10331
57
13813
2
14
9458
484
2074
494
185
24
1876
87
2113
5860
3254
27
8810
15036
99
3806
13
738
13
5672
1537
1284
1367
952
449
24
3024
13743
215
4818
2
24
22493
1968
3699
27
162
5280
24
37229
9
2033
11
334
36591
13
24
8603
61
1969
64
24
19345
57
3618
61
502
6642
445
24
9042
5945
23
53186
33327
76
6324
16161
57
5046
27
8810
15036
61
5560
61
174
61
5
695
26320
53187
61
3845
61
278
365
3818
10665
57
2959
23
10670
61
6319
3618
2132
319
2
24
22493
1968
3699
502
6642
123
14
35782
23
53186
1468
7366
308
19978
23
24
11626
9
20559
9458
27
15036
61
935
334
44915
4560
104
53188
9627
12051
23
10670
61
5
54
1727
3793
47
4606
57
2132
5
40645
61
822
57
542
147
6586
13
14
5046
8636
1060
23
1900
34
449
2947
1851
5720
27
396
149
6903
57
11017
54
24717
22128
61
129
590
2947
46292
5720
13
532
24
8808
61
133
57
24
12424
27
162
5832
12146
3793
91
14
346
57
24
28670
358
3138
24
532
149
1586
47
13
2947
14556
5720
27
10670
5700
13984
53189
61
129
104
32
227
3957
15036
37
1565
61
330
646
149
709
14945
15036
7673
1407
27
15036
5
54
695
61
26320
53187
61
3845
61
4942
13
3235
23
2959
23
558
5
8322
122
1561
11447
27
251
111
129
105
3366
34
24
540
147
743
53190
57
3212
1115
23
24
16579
5
14
767
289
6914
3116
11766
53191
104
24
2930
27
15036
5
53192
288
6555
23
5657
58
4744
12080
2103
542
159
13
24
53193
1655
2233
23
1561
27
691
288
330
13
278
100
5101
646
34
1533
1284
14
506
5
2590
6542
5251
61
1489
13
4744
12080
27
331
15036
149
18148
3401
10813
32
57
24
33548
25967
1541
1642
91
24
4744
8328
61
1817
76
837
36652
347
5
1871
14
8278
219
56
61
331
4744
2005
6092
46959
330
1348
24
1047
288
1142
27
119
540
61
365
536
1860
53194
5
33822
61
3818
10665
57
2959
104
24
3804
21958
23
10670
61
6319
61
58
8780
14
11571
14738
27
331
1134
501
2859
76
21817
39490
57
14
6558
37
3023
13
3235
23
2959
5
2291
1348
24
4744
8328
329
2168
122
111
5
893
61
331
6467
6934
330
61
1489
13
24
10670
4595
27
1178
4176
9745
57
24
22493
1968
3699
25459
445
24
9042
5945
23
53186
15036
87
330
13
107
5860
709
1533
1284
316
494
23
2946
58
215
3806
13
620
18
2947
53195
23
3212
515
149
1142
76
24
540
61
24
3830
1341
27
842
101
24
2528
215
825
45
278
13
13598
449
24
5046
13743
215
743
23
24
2865
9458
27
8594
4744
10824
10045
53196
11641
53187
8819
709
5672
227
27
15036
149
8011
89
2946
206
57
6468
61
40
54
695
149
407
185
7988
27
246
8810
15036
61
5560
61
11
334
5280
8418
13
24
22493
1968
3699
246
19345
6642
445
24
9042
5945
23
53186
33327
76
6324
16161
57
5046
246
40055
4942
13
614
21640
76
22128
5
285
185
24
1876
246
21192
1094
5860
3254
58
7568
3253
13
10665
57
2959
23
6319


