251
500
4740
23692
15212
3022
129
8233
23
24
1920
4615
57
1750
58
1775
14
19056
2222
331
10884
5
27572
331
149
4430
5
1745
91
14
1536
61
24
26194
330
185
3354
27
50565
50566
61
1526
61
149
15082
1805
91
24
1576
104
1145
9101
185
1750
61
144
334
2277
58
215
149
35
719
1775
14
2222
104
24
1956
57
5196
2097
19056
50567
50568
50569
27
742
1816
149
1142
185
24
1779
37
890
50570
185
14
29366
1145
166
2320
2
24
3733
37
3780
61
54
485
330
27
1295
61
642
44
45
2382
158
409
652
57
54
947
27
842
185
3354
1680
61
24
26194
6934
383
515
24
20051
912
798
105
1324
24
1066
129
149
1805
185
24
50571
50572
64
50566
9
14
1092
1029
13
14
316
9
257
1713
34
158
27
521
159
34
522
30827
262
30827
15212
3022
50565
50566
61
1526
61
149
4430
5
1745
91
14
1536
61
24
26194
330
185
3354
27
12978
61
215
87
324
69
174
71
23
54
2097
5467
29141
77
7121
61
5
69
700
71
104
24
2222
185
4386
2356
4139
4581
262
50566
149
35
719
1775
24
1956
57
5196
50573
50567
50568
50569
19056
50574
69
324
71
1920
1750
296
655
140
24
3788
123
5932
217
30137
262
742
1816
149
1142
185
24
1779
37
50571
890
50570
69
324
71
185
14
29366
1145
166
2320
2
24
3733
37
3780
61
54
485
330
27
1707
44
45
2382
158
409
343
13
54
947
187
87
7724
496
2745
57
1576
1805
24
393
104
47
13
3190
2288
61
6824
23
1155
4238
947
27
331
119
485
87
31715
821
5913
5
99
50575
1414
34
1096
61
331
642
750
45427
1507
27
119
1311
8833
650
144
4615
58
50566
37
485
105
2977
273
57
24
1857
14
2947
7591
13566
9
2384
2
2947
6471
9
34
1366
1330
13
24
2889
37
5309
4699
27
869
185
3354
61
942
912
2012
27
11205
50576
105
330
515
24
5188
9113
149
2335
14
331
259
24262
331
61
129
105
100
15082
4430
91
14
1576
185
24
4396
528
9
7784
50570
61
438
33083
27
9625
58
50566
149
35
719
61
215
105
289
14
549
586
215
149
331
24245
331
5
105
769
54
880
27
119
16749
4396
5
15212
3022
104
24
10062
276
105
935
769
6849
27
17243
330
215
149
5562
10884
104
24
227
27
742
1588
4856
50577
750
35119
262
331
396
330
215
149
2050
13
24
5978
1348
215
174
24
2222
40
24
7289
5978
149
2431
2313
868
27
331
50566
37
2255
61
25725
50578
61
330
515
104
1145
50579
525
688
105
289
14
549
61
24004
61
50580
61
5
750
525
215
149
331
24245
331
5
638
45
639
575
215
149
27
2226
719
262
119
3022
15212
136
105
709
3225
57
19636
185
158
1348
215
174
24
2222
61
4948
377
21725
262
742
1588
4856
50577
69
174
71
750
35119
215
330
215
149
2050
13
24
5978
61
502
87
2431
2313
868
1613
262
187
87
7724
496
2745
57
1576
1805
24
393
27
331
119
485
87
31715
821
5913
5
99
50575
1414
34
1096
61
331
642
330
27
12978
61
50566
149
1745
144
2320
868
2
24
19056
331
396
2928
822
330
61
577
628
2296
723
13
799
18
109
61
628
2296
442
27
577
628
1414
158
61
577
564
369
723
778
577
5
215
750
846
515
215
149
23
18905
5
515
215
638
1013
639
575
215
149
104
5
515
215
149
769
61
331
50580
750
10842
5200
5990
27
331
119
169
227
215
289
183
144
11551
27
628
638
1013
639
1222
54
2956
1077
61
1185
1222
215
9228
47
27
331
21139
24
833
2414
61
665
50578
330
525
688
149
821
4723
5
4013
13
54
4729
61
5
515
183
149
183
133
57
5241
34
158
45
13
6849
54
485
5
486
27
50566
37
448
4633
13
5165
5166
2
5789
2097
1750
13
4458
24
1713
34
122
688
27
50578
149
2235
13
17642
14553
5
4364
4366
3098
545
23
24
351
27
2318
61
54
486
288
140
3176
33632
23
4761
13926
5
15987
11950
27
251
500
7228
958
50566
64
14
190
9
2922
61
18190
3583
22855
111
76
2350
4008
5
8276
1009
27
2226
6849
262
25725
50578
69
174
71
61
50565
37
2255
61
330
14
549
57
525
688
37
61
24004
50580
69
700
71
61
2168
14
1724
2
158
104
1145
50579
1750
2496
525
215
149
331
24245
331
5
769
2393
262
3689
61
2670
5
9930
6638
54
500
7228
23
14
4233
13
2073
158
159
484
3880
24
1092
2108
515
215
149
1644
4430
5
1745
91
14
1576
185
24
1779
37
890
50570
396
149
536
14
669
5
471
653
9
654
61
669
50581
61
5
25949
50582
1348
215
1077
58
1775
24
2222
185
24
15453
1337
57
22941
11818
6423
61
14
19056
13350
1969
17691
64
331
15247
12918
331
27
50566
149
45
14
416
57
14
19056
27
5891
750
642
215
638
45
278
1193
3225
1185
8803
76
158
104
24
227
27
396
638
278
14
10190
2956
185
158
61
40
183
3469
13
278
1077
27
50583
24541
407
14
376
2414
35741
50566
37
683
27
331
50565
87
14
3541
635
111
129
99
32939
365
10898
5
50584
109
104
50583
61
331
24
2327
5361
330
27
331
2686
6922
50583
24541
485
87
821
5794
34
50565
912
451
5
612
55
10779
87
13
442
23
1193
880
610
718
13
5986
158
27
331
50566
61
3132
23
17989
61
2097
61
149
334
25752
15212
136
129
8769
104
3424
37
50585
6788
6603
10619
50586
5
24
3345
2501
57
50587
23
4745
27
50588
262
50566
61
129
99
8769
104
15212
7862
23
4745
5
3424
61
149
536
14
669
653
9
654
5
25949
7382
104
24
227
57
54
683
5
897
6503
24
4006
133
262
3689
958
158
64
14
331
2236
796
5090
331
23
1002
11666
396
105
663
2469
34
24
2097
5467
29141
27
251
1382
136
61
6952
11736
61
4151
14
467
57
50566
61
4084
262
331
1003
791
9911
61
50565
50566
61
87
500
820
35
719
104
40355
27
35647
796
5090
61
151
16858
24
4006
27
331
162
14
376
104
24
4581
61
24
3733
330
262
331
50565
87
14
3541
635
111
129
99
32939
365
10898
5
50584
109
104
50583
27
331
2686
6922
50583
24541
485
87
821
5794
34
50565
37
451
27
331
246
50565
50566
61
1526
61
8233
23
24
1920
4615
57
1750
58
1775
14
2222
104
24
1956
57
5196
2097
19056
50567
50568
50569
246
618
3354
61
26194
383
215
149
1644
4430
5
1745
91
1536
185
890
50570
104
9101
515
296
61
166
2320
2
24
3788
3780
246
1707
105
45
100
644
13
2382
50566
409
343
13
947
246
4847
484
897
61
215
289
549
586
215
149
331
24245
331
5
769
246
869
3354
61
2878
37
485
105
42579
13566
34
5309
4699
13
2947
1469
17283


