327
3018
23
17190
34
13039
9
5097
1986
2426
840
13
278
3022
2250
156
2
10227
2536
13
855
5535
258
259
40870
261
262
44246
264
61
145
5657
267
268
269
262
44246
264
61
145
5657
267
8440
183
149
24
81
18
5937
185
1750
40
2425
2426
37
3022
111
1786
16036
11258
14
1994
64
215
149
324
3477
14
217
123
54
13039
9
5097
1986
23
17190
27
119
327
3018
149
1391
13
24
2696
2787
7483
13
1890
47
54
11608
2
14
10227
2536
61
22489
158
2
24
4581
10215
4441
201
17
104
2436
2437
27
143
2426
1785
1543
7531
825
107
2456
54
4734
825
278
590
445
76
14
2158
13
4986
26282
5535
185
2414
27
40569
14
1994
262
16036
69
116
71
6405
76
128
123
14
217
2
54
13039
5097
1986
23
17190
119
19232
1577
837
9550
13
107
2241
16058
2992
16059
104
16442
2306
61
76
24
7519
37
4699
1987
2
14
2926
2536
515
99
2072
158
133
34
14
751
39133
4821
27
16036
61
129
87
1899
23
17190
76
14
2439
4462
220
61
984
4602
34
14
467
76
128
104
54
4319
5
2426
825
840
215
99
1718
758
13
54
1986
5
278
33
2425
237
632
27
396
99
244
2469
647
24
1605
10098
37
7314
252
91
11066
27
10990
61
14
2158
13
16442
2306
516
45
107
334
6018
13
35413
27
1295
61
722
2048
646
35
506
5
76
1501
5609
818
2330
61
183
2290
1456
133
13
107
24
512
4090
2426
44
107
8739
76
27
1773
57
2175
262
16036
99
45
2469
647
24
1605
10098
37
7314
252
91
11066
30827
111
262
16058
2992
16059
37
4699
2
14
2926
2536
44
107
3133
868
331
408
825
107
704
700
61
331
330
6866
5883
10470
27
331
16772
23
2523
192
723
2236
799
609
27
187
4186
133
851
512
10108
652
723
369
2236
5071
5
2236
11264
185
15640
308
286
27
331
14728
13
5535
87
14
2508
238
27
331
408
718
1550
405
4372
2
9535
5937
5
369
5896
2246
57
2050
159
646
5
3431
1533
57
24
1271
27
331
20663
24
3104
262
2512
44247
99
68
2426
37
239
23
16036
5
3356
16059
37
6213
246
327
3018
23
17190
34
13039
9
5097
1986
246
2426
840
13
278
3022
2250
156
2
10227
2536
13
855
5535


