47984
5
18424
2
14
18421
18439
23
24
2600
11783
278
21072
14
582
7484
2706
32
1033
1034
23
2146
27
36230
319
57
24
7484
57
47985
61
647
334
18439
445
1579
5945
23
4824
1011
61
1268
61
1367
24
47986
87
1875
13
5547
23
2146
23
334
997
1296
18421
1351
27
119
18439
445
24
5945
57
47985
7484
9
502
87
3875
362
24
9898
57
14749
9
3249
5347
334
47987
40
24
18421
32345
99
1094
16143
76
183
13
163
14
414
47986
27
521
159
34
522
4303
262
119
7484
57
47985
69
908
174
71
324
123
24
1238
18439
445
1579
5945
4338
262
119
316
7683
57
1810
324
902
58
29370
5
18424
2
24
18439
2075
30841
5
5362
24
316
13
163
14
414
47986
7013
57
24
1783
319
91
24
4280
5938
3193
834
24
316
35801
278
4610
21072
89
14
414
47986
18
24
139
2431
454
27
31668
61
1232
288
19556
834
402
183
516
35
652
18421
47988
57
515
2745
12927
13
107
27930
91
24
1252
58
14
4539
227
27
119
1712
330
24
7484
87
1094
12279
607
2523
1284
24
11102
38023
5
87
1622
13
1359
5726
61
3972
1341
27
0
3224
663
3283
11566
47989
57
24
1229
61
1515
91
18421
29377
5
669
5627
57
9397
5
35294
27
1477
24
351
6705
12094
29389
5
18425
61
358
369
1304
64
1590
64
24
2107
32
27
1134
467
61
319
185
534
666
61
1268
61
1046
24
582
47987
23
1579
1920
16658
5851
4338
29390
34
14
751
61
183
105
21072
334
47987
515
144
14942
6734
47985
119
1238
18439
1770
69
324
174
5
700
71
185
4824
1011
61
1268
61
5
99
5910
1541
647
162
1217
61
24
22161
57
24
582
7484
87
24
55
227
24
1351
99
640
23
837
1114
494
27
10113
1767
2057
25265
47733
2
398
57
24
1289
1145
24
47990
7484
7721
5
24
4280
1712
147
383
183
149
2467
2
24
582
47987
27
1134
7721
61
3875
47991
527
57
24
4280
4368
11102
61
87
53
47
57
18
1114
47992
5
2712
35801
27
47993
3820
24
5511
57
24
9480
44
278
100
64
175
64
47994
8288
3224
319
91
24
4280
1712
3193
24
47987
99
1094
1899
24
10639
47985
119
7484
7721
23
502
183
87
3875
87
47991
527
57
24
4280
4368
11102
5
53
47
57
18
1114
35801
246
119
18421
18439
23
24
11783
17563
1770
185
4824
1011
61
1268
246
187
392
445
24
5945
57
47985
7484
61
47991
527
57
11102
246
47984
5
18424
2
24
18439
278
1094
5362
76
24
7484
246
4636
358
696
21072
14
47986
2706
32
1033
1034
23
2146


