144
1883
4189
293
16
46885
138
1
259
436
190
291
287
16
31128
138
1
259
436
190
31257
298
16835
13
1972
0
1422
6
97
3722
1264
2009
11
0
87
71
150
11459
2
15
12810
8
1847
16836
8
30
369
40
4845
9
55
7
155
331
660
4
13
207
3
312
0
1793
18
2511
4
3109
7
359
151
2
15
1847
16836
46
32
720
7
406
11092
4
903
11092
3587
23
90
9
45
25
1250
5
24131
1
18226
1705
1
1075
25
5
8
67
1964
4
5259
233
8
1
301
3
0
298
2
46886
5
1906
16
15
4573
9
17787
2009
1422
30
41
1362
11
67
85
1205
82
2
15
111
2009
46
32
786
5399
28
359
151
2
8
15
2868
9
1093
1847
16836
3218
16835
3
154
5
676
1439
653
7
0
46887
6
0
1599
8
1
22
7916
46888
9
7364
1
16835
4057
32753
6
5097
2
52
176
16
8
15
16835
2009
30
698
162
5
245
6
46889
45
30
300
5241
97
3751
28051
14
30
383
5
7518
6
32754
5259
3941
1
4
48
8991
46
1065
0
222
17
0
111
1847
16836
1422
2
8
15
298
131
0
22929
9
83
8342
11
0
3941
1053
0
222
2
15
111
2009
61
1250
37
28615
10666
24960
14
0
298
327
24032
9594
4
8289
75
3
1126
0
2009
20
5
1611
547
1
1637
0
3941
10145
2
15
298
1
309
7
46890
7
3486
1
13
79
54
6
5
245
6
425
4004
3
29
1204
7631
2142
9
19996
3322
11
111
3094
611
21784
2
3094
1
545
31
1770
1179
3343
1
1088
7
0
611
1289
5
2009
2
101
411
1
46891
1261
7944
6
16835
10
2543
4363
2
580
16278
46892
218
16
16835
1250
7
5680
3094
14806
21784
2
101
48
548
1
1770
1179
3343
2384
5
2009
26
1366
32755
11
3722
2009
150
18930
26
155
233
8
1847
16836
8
46
32
720
1391
631
28
359
151


