4579
1090
31
42
8
16097
16097
8
876
4
3287
9
109
829
53
480
0
178
70
512
2089
51
1
0
2147
428
1068
4297
9206
1
903
1
4
18937
1
918
1
21795
33
98
207
3
154
42
4577
876
24150
3
5
111
755
2
15
3448
29
6859
49
17
8
26075
828
3063
4272
8
9
37
7704
478
155
331
9
428
298
14
3218
66
3
21342
1422
212
220
7251
9
4
11843
2944
1
0
1599
374
0
13770
7776
8
6599
7271
2
32795
3
0
298
2218
5
10909
427
7
0
321
1
0
995
692
25
10
5
525
116
7
9871
2
8
104
234
29
5
361
6
3047
4
7251
4
86
60
22
5449
84
385
4577
386
1
8
131
18937
2
297
94
11
167
26076
47039
16
23648
4297
9206
4
18937
21795
29
6859
49
17
155
331
298
8
26075
828
3063
4272
8
47040
4
11035
16
15
3448
33
2447
3
5280
760
11
535
3
1291
111
5840
621
8
32796
8
15
783
9
1811
10
42
220
961
1
50
301
3
9206
44
8
3243
386
8
114
44
107
74
181
0
7948
12
97
220
34
511
6
42
6162
233
14
13
80
63
77
9
0
47041
4262
4
9920
2
657
0
4297
233
2141
4
14562
7
0
23604
1
44
716
282
7
12
5
305
1493
1
301
3
0
8
1978
924
4042
8
995
1
44
5451
44
84
74
882
109
4973
1
480
0
47042
2495
12
2075
14
58
2135
4048
2
8
104
84
141
109
3
797
1
86
60
756
3
1985
12983
4
32797
86
60
73
4170
374
88
4
44
84
141
177
282
1
8
131
9206
2
16540
5614
47043
16
18937
1
918
53
93
51
4
9206
1
903
53
122
51
21795
29
77
32798
3362
12
2075
21179
131
44
256
0
877
8
4973
8
18938
23
44
84
74
177
784
23
1421
1632
1
44
79
1342
3
32
7
0
947
12406
0
1482
2
15
783
1811
50
175
242
7
988
18
32799
727
1646
0
1595
9419
11
0
4577
1
16542
9
109
8557
6
0
7948
2
8
135
1619
0
1247
11
0
132
86
60
34
5
295
6
269
3
154
77
4
1811
2
57
1646
0
1595
15861
2079
9419
2
8
6659
6893
16
15
995
2929
119
44
361
816
1482
1
44
33
882
710
6893
47044
48
16
988
18
4473
1247
8
32799
727
8
10
0
9419
11
42
4577
3047
4157
7948
15
2944
1890
33
61
23
196
6
0
7948
4
33
28
0
1599
8
11843
16840
8
50
33
0
222
1599
38
3071
9
11688
7271
69
0
7400
56
44
43
5565
3561
31
0
13770
7776
120
0
9913
2
8
104
981
40
32247
17
0
3513
28
11843
2944
45
60
43
74
662
110
136
262
58
181
1
86
60
633
5
14677
12
2075
4
815
30
40
2835
77
88
9
86
25
18
34
5
400
1295
1
8
131
9206
2
657
0
783
1811
11
42
1043
7948
118
175
5
2319
1627
379
1
0
21795
3448
34
5
396
6
108
4132
1637
88
2112
2
3220
9
3
9
3883
4297
16
1627
379
13
80
25
175
3
2216
386
0
13520
1989
23
214
1391
7444
19873
16
15
7271
116
31
11843
16840
33
0
222
298
116
1090
31
0
13770
7776
1366
92
18
42
111
5840
5101
1
5283
8
32796
1
8
627
55
7
534
7
1249
2
8
104
107
5
5840
7948
17
17491
475
5
70
4
5
272
320
4
494
60
213
5
4122
11
2944
60
865
7
361
1
8
131
9206
2
8
139
87
621
46
32
80
63
12603
17
1589
4
3086
47045
22
2
852
3
9206
1
7271
33
5
392
114
44
352
194
67
2203
85
5150
9
8
66
929
948
1351
74
32
11469
20
0
267
6
0
166
4
66
170
124
0
4533
2
8
47046
11
1068
16
861
5
1492
32800
11
1068
0
995
33
98
5625
5
8
129
9
3
8
672
5283
1862
47047
16841
23169
16
8
1978
930
4042
8
29
383
168
330
1763
3
42
5616
962
876
24074
459
1249
13
42
87
842
1
0
3448
2929
7433
3
535
1431
13
42
1192
1423
1
1225
23
42
428
148
6
0
70
7
2147
53
330
11
25
18
47048
10868
51
2
8
104
929
159
3
165
11
105
187
123
2488
112
60
893
764
12
6354
2
104
361
23911
1
4
60
369
29
5
1843
1955
4
7003
3
0
5840
1321
77
92
86
25
79
116
1378
1
8
131
18937
2
135
61
29
5
672
7
0
926
1
17
0
128
47049
9
12671
993
8
1862
47050
8
627
55
7
460
2
4940
548
16
101
42
769
64
4
5
272
82
6
14041
44
382
649
4151
9143
4
2775
32801
21796
15
672
2010
2118
8
129
9
64
8
4132
173
1068
1
6181
4
6607
1467
3681
2
294
11
67
24150
218
221
18
67
12
0
2046
45
301
3
0
995
25
18
170
182
3009
9680
20
0
638
2
1169
14
0
1068
30437
46
252
156
185
17
5317
2
15
4297
29
649
5
396
6
1068
21797
7
0
64
4
5
272
82
150
42
2559
18
32802
9
17
6041
173
4151
9143
20
155
331
3061
4206
4
2775
32801
21796
56
44
2887
14354
11
6727
6655
2237
2
18421
4
4369
5135
1
20
0
267
6
0
132
80
0
995
228
462
63
13
5970
1068
2
8
101
0
962
14041
548
1
815
254
0
222
551
1
86
60
756
390
12
136
616
10
3
934
3047
69
0
962
842
1
8
131
9206
2
26077
584
16
997
656
23361
7
0
321
44
154
5054
7
5970
962
4111
191
25
18
42
8560
4
31970
962
2156
14
1181
3
32
346
2
8
249
60
649
4151
9143
60
43
816
37
2090
962
1832
14022
47051
4
36
224
49
3
282
4
10
109
35
240
24
361
110
66
929
816
1
66
995
233
86
4577
1
240
8
131
9206
2
8
57
61
2134
14
60
43
816
425
32797
1
128
4151
9143
1
36
2139
2
8
104
361
3
3568
962
4111
56
60
352
3522
2
249
60
2887
14354
6727
6655
1
25
10
86
3387
3
29
75
28
2237
226
49
4
1821
282
38
60
43
816
1
8
36
22
997
42
612
1216
1
0
4297
28
2147
1065
94
9
3
9
3883
63
42
142
4
158
2929
14
480
1931
0
5619
3180
323
4
92
44
5637
3
1160
80
42
220
1482
2
8
57
18
11852
3
1580
3180
45
60
352
5
706
47052
4
25
18
300
419
3
1160
110
66
361
4
764
1470
3
110
212
876
13
1
8
131
9206
2
26
15
7013
3448
8
1978
924
4042
8
15167
17
6053
4
5840
4004
26
15
7948
13
17
631
298
8
26075
80
77
121
8
14
5449
66
1422
4
26078
5
6053
3
1802
62
1380
18384
26
3193
1890
13
11843
2944
1
7246
6
0
13770
7776
7271
26
15
8560
3448
29
32798
476
12
2075


