7553
4635
30
176
2052
3
0
3868
14
21
206
32
12
19
152
55
6
338
283
48
535
31
11802
25
58
32
8
37
2615
8
3
326
11
1466
5085
9
11297
2
15
1508
30
40
20
3324
17
19
1043
288
150
19
3774
1002
55
77
5
10283
1521
6
2617
11
0
1508
28
0
288
1040
18
12
19
11680
1716
64
347
320
2
191
56
348
63
458
21
58
388
2428
10171
3
0
1043
864
3455
1
4635
10
416
28
44583
7
19
1295
2
10628
16
7553
4635
30
7261
3893
21
46
517
1914
283
31
324
9178
356
58
32
8
37
2615
8
9049
1545
16
4635
668
823
731
7
2796
593
11
1914
283
81
236
8
249
24
181
63
24453
6
1466
5085
9
11297
1
129
73
66
41
32
3050
7
5
288
109
14
218
8
21
78
1010
2632
2
8
9178
29
383
5
846
785
2
57
981
32
37
2615
3
32
196
6
199
5
288
54
132
558
112
24
73
32
6
256
2
8
15
179
1293
561
10
54
6
0
1657
6
81
236
1
1435
823
731
7
2796
593
1
4
338
283
476
46
32
1689
14
21
30
494
311
20329
20
5
1168
4090
184
2
101
0
44584
3
0
1889
328
368
12
377
1
4635
10
348
31
1318
44585
12
44586
1550
458
283
476
76
1347
3
177
59
7
42
3071
1211
4262
208
236
1
4635
2605
16
8
387
47
5
205
1332
2
24
181
1
3
32
3354
17
66
98
1
92
47
40
5
295
6
3893
1
5
295
6
457
159
55
1
45
23
5
561
66
300
188
3
1364
4
402
3045
2
8
294
168
23
14
1
0
725
14
0
476
233
49
3
66
4
0
75
361
66
1
44
300
188
3
1332
66
4
44
300
188
37
2174
28
66
1
45
11
95
196
24
29
226
3
6295
3
688
4
4456
28
37
709
4
3
2339
1308
11
0
353
370
2
8
334
0
353
370
24
46
143
5
565
45
92
13
5
396
6
457
7
0
559
4
23
5
561
14
47
1704
717
4
24
29
3
3505
14
2
15
353
370
13
128
650
11
95
264
4
24
252
3
1364
12
14
2
8
580
1183
16
4635
732
3
3876
56
348
113
21
58
32
508
208
236
25513
9
6751
16
1914
283
633
5
604
6
0
4115
14
10
2716
3
4635
12
19
1716
23665
16
4635
18
3774
44587
44588
30
40
7
0
270
1072
77
0
81
149
4635
13
648
12
708
2102
17
10826
2684
515
6
0
353
370
1
4
156
1168
356
13
3997
3
154
242
268
19
3959
7
1739
30
1182
2
15
1508
30
6488
6028
11
0
796
174
1
1435
598
731
1
4
13
1371
3
29
5
425
1525
12
0
1706
39
5069
304
986
7745
11
19
264
7
0
81
64
353
6825
2
10826
2684
2212
42
618
127
2237
12
302
534
414
1
90
44589
103
42
1854
3632
618
17
593
127
5824
4
7538
2
16170
16
4635
4819
39
1435
11
10826
2684
120
0
81
353
370
7
468
26
4635
30
2658
508
11
1466
5085
9
11297
58
32
8
37
2615
8
26
14410
30
805
3
4434
594
3
1914
283
12
1640
2646
26
5893
40
20
3324
17
0
288
150
10283
18530
12
19
1716
26
7560
184
17
10826
2684
515
6
353
370
7
1739


