251
485
5209
13
107
1413
57
14
1211
58
9858
122
257
693
13
1510
714
9
2505
16738
6844
27
9059
5
6952
16739
5
122
760
1075
5
16740
369
704
16741
104
24
2544
61
16742
122
9788
104
122
331
1563
57
2062
331
23
16743
61
3272
27
1539
35
632
61
3357
9
2033
16740
16744
1389
16745
23
24
1428
5
5790
16746
16747
11944
61
3151
23
941
27
16740
16748
87
324
174
61
54
469
1075
69
700
71
61
571
6952
69
116
71
5
2255
9059
278
704
3003
122
693
13
1510
16738
6844
842
791
3272
1956
16749
3753
1075
61
129
638
54
16750
185
24
2544
61
99
423
32
226
27
119
6202
9
2033
16744
1389
14731
23
24
16751
16752
5136
61
3151
104
3156
37
16753
16754
16755
16746
6603
27
1312
507
4615
61
1075
16756
76
16757
57
24
512
110
23
24
1566
61
5
650
133
185
908
27
162
1217
61
1411
542
61
16740
5
1075
278
53
14
4337
1389
16758
647
4824
27
397
14
485
61
24
16748
1550
398
61
185
3940
61
23
166
16034
14
632
9
5
358
3820
646
87
14
106
34
122
2569
4228
27
9059
69
324
3880
14
16738
5398
71
5
583
6952
278
3469
23
2546
185
15863
7249
16759
91
11052
9
2033
6952
61
14
791
6945
61
5
9059
61
129
6586
525
16206
3104
13
16760
185
16738
61
358
377
358
278
6807
24
4578
61
3317
5
4031
76
14
16761
10738
27
1075
61
129
1770
2505
23
16762
58
1775
3733
23
558
61
330
262
331
162
612
1563
61
646
87
14
3486
1804
1411
16763
5
16738
27
331
628
638
707
16750
185
16738
61
24
283
5
6995
1778
24
2544
27
727
718
850
575
24
16763
87
61
5
575
183
87
45
27
331
187
516
107
997
10132
13
738
159
24
16763
1923
27
816
723
2597
16764
61
723
369
2050
13
221
3225
2
542
27
331
842
1075
3818
723
847
244
1294
1139
4578
27
331
816
628
2469
723
1469
607
61
628
516
244
1004
723
1469
607
61
331
215
4042
61
331
40
628
516
1004
723
1533
1284
1851
607
61
502
516
1020
628
1825
221
3225
27
331
1075
61
129
1949
316
454
2505
24
11861
5143
61
149
1459
13
2062
104
14
821
1920
636
27
396
4023
13
13597
2590
14
16765
27
331
2436
276
16738
87
821
16766
9
16767
61
331
215
330
61
331
40
16768
183
37
704
449
24
6995
5
4726
27
16769
723
61
1348
610
728
23
14
11944
609
183
11590
821
2525
27
331
628
629
3431
226
5
226
27
305
24
987
61
628
629
14
226
136
1284
16740
61
40
215
37
14418
704
24
227
27
628
3759
158
834
13
2502
9098
628
696
53
24
3106
5
53
4149
215
1308
244
221
542
27
331
1003
15098
87
13
107
692
1487
13
2502
34
14
2797
61
40
5006
1487
45
13
278
13
27
331
9059
5
6952
369
709
16770
5
278
3469
23
2546
185
15863
7249
27
11696
185
24
197
262
119
485
377
358
278
6807
24
4578
61
3317
5
4031
3551
57
24
2544
76
14
16761
10738
331
5998
1663
14
16206
61
331
1075
4042
27
331
579
6586
515
61
8069
9
4644
5
2469
16738
27
579
37
100
185
8208
916
37
16771
7263
16746
14
2347
607
61
5
525
2511
81
87
1389
4624
27
331
9059
61
6784
61
330
262
331
1075
5
16740
369
226
110
61
13
107
613
27
628
629
600
1414
1222
628
629
226
1284
707
583
5
215
1520
628
1835
61
40
628
629
45
4149
27
331
628
278
709
9013
6993
34
24
712
27
16772
628
444
16773
76
183
5
738
445
24
16774
61
935
4699
27
331
246
9059
5
6952
16739
5
760
1075
5
16740
369
704
16738
12470
246
691
278
10087
122
1989
104
122
2534
331
1563
57
2062
331
23
3272
246
779
3820
3515
13
122
4228
87
14
16761
10738
246
16740
970
2048
1389
16745
23
24
1428
5
5790
16746
16747
16775
246
15539
1075
61
1656
61
16744
1389
14731
23
14
3833
2482
246
9059
5
6952
278
3469
23
2546
185
15863
7249
246
618
3940
24
16748
485
1550
398
23
166
16034
14
632


