144
4380
32218
11
1112
654
18
148
1707
646
30
1619
79
64
82
39
1563
444
72
483
341
12
0
2553
1234
2
15
13951
1
2656
7
2905
18
8552
336
3801
1
1047
9097
56
25
492
0
87
1240
646
3
766
72
1803
134
166
7
555
190
2
997
232
5975
12
0
16100
690
1
0
26457
9
1707
646
2362
3
32
79
253
8117
9
20
743
146
278
0
1526
572
31
1137
178
9
393
3277
2
15
13951
1928
30
6354
1619
97
3494
79
64
82
39
0
2553
72
483
341
2394
6720
20
15
13951
1047
0
72
56042
9
166
6306
4
43
0
87
3
766
14
194
7
654
15
16100
646
1031
15433
9
3430
4075
28
7504
20895
4
37
2105
9
901
1255
1022
3
166
16
15
13951
10
2656
12
13951
56043
1
50
13
54
6
0
33317
1061
6
2905
861
0
17684
533
18
232
968
4720
224
15433
9
3430
4075
31
7504
20895
1
35517
23410
9553
31
0
2211
6
1432
5354
1
4
37
2105
9
901
1255
2
360
1
1040
4
2905
17373
5157
2690
734
209
14
15
13951
30
1619
97
3494
11
205
2
13244
1371
3
764
20
0
646
1738
48
2234
3439
3
5314
12
3
0
98
21670
587
62
448
0
16472
391
245
2
852
3
5
3762
11
5157
2690
1
0
646
46
98
32
4558
69
8442
2
1523
178
9
393
3277
7
654
766
118
5
10901
6
0
968
9
743
146
278
499
15
14734
690
46
98
32
574
69
146
1845
8442
1
131
5
3762
11
0
1040
281
261
3668
76
1071
307
15
23970
3767
7213
23410
28
864
1068
1422
260
35517
1114
14675
1
2305
6
654
0
2092
1
763
14
15
13951
10
8
9693
8
99
7
190
2
4391
1
21
1053
19398
2234
942
6
97
7428
2
8
221
33
98
169
2879
7
2905
4
4310
7
654
11
240
12653
4543
240
9
86
100
13827
6
4150
11
0
168
9
56044
3
7015
42
1357
2
8
26
15
13951
10
845
330
23
654
18
148
1707
646
26
101
2905
18
336
3801
1
25
572
146
278
67
85
1137
3277
26
17915
46
98
165
99
12
0
842
23
146
1845
8442


