2819
14
23436
9382
13
2289
40931
61
29729
99
100
23574
11103
4128
57
1579
1462
11716
2956
34
3133
27
143
1094
24
27608
3952
99
2612
40932
24
1188
9
1185
946
582
1133
9
825
799
76
13619
5260
1163
9
23
27
1427
6646
5337
2296
27982
9
1564
597
5
4296
13
2479
14615
61
40
29729
37
1462
9
5409
1540
44
1358
24
2457
362
24
14639
185
14
414
1118
27
521
159
34
522
162
14
6697
5016
61
24
27608
3952
330
2229
5
3824
8199
598
262
331
5392
825
107
14
15267
506
34
24
2868
57
13619
5260
27
543
612
11103
11716
19640
61
4163
825
107
644
13
6246
14
582
13619
1146
1030
604
484
27
331
251
29729
2956
2590
14
5260
19340
87
1129
13
32852
24
9677
162
14
6697
5016
91
40933
3274
61
2891
4560
23
29729
40934
331
2229
5
3824
8199
598
262
331
5392
825
107
14
15267
506
34
24
2868
57
13619
5260
27
331
543
612
11103
11716
19640
61
4163
825
107
644
13
6246
14
582
13619
1146
1030
604
484
27
331
119
1153
57
24
32062
331
19640
331
3545
321
1290
13
24
1217
29729
825
23429
104
306
316
19617
104
237
506
37
14642
2118
6207
23
5493
23
563
27
13784
17683
330
24
11716
40935
825
2457
14
26023
14750
19616
1686
27
5298
341
3820
24
3389
825
5190
14
14578
40936
2708
27
187
87
1622
13
278
334
40937
9
12729
26018
5
40938
1580
9
5860
548
27
5401
3291
9632
3084
24
3952
825
663
23429
334
38362
4203
57
1579
1136
2956
27
119
40935
38362
87
330
13
278
14
23436
3389
515
3669
365
3346
27
119
27608
2804
5224
1579
23436
9677
44
748
183
334
937
18
33834
4987
4164
27
143
24
23436
3389
99
253
100
1129
23
29729
37
40939
38362
27
1295
61
24
40935
38362
825
278
24
7410
13
223
23
14
174
1185
700
2104
24912
27
119
1153
57
24
32062
331
19640
331
23
29729
37
2107
6697
5016
3545
1290
13
1508
1400
27
9294
61
237
5016
2612
40940
24
1133
825
278
13619
5260
1163
23
27
2281
19617
369
1622
13
107
7539
104
14642
2118
6207
185
16
563
27
3779
369
1622
13
107
24
29729
11716
40935
61
5
24
40935
38362
515
87
11749
13
278
14
23436
3389
515
3669
365
3346
27
2281
5337
369
663
1622
13
278
704
9
8222
8967
61
23
14
1454
868
2
29729
37
6646
17539
4623
61
5
40941
14033
27
119
27608
2804
5224
1579
23436
9677
44
748
183
334
937
18
33834
4987
4164
27
143
24
23436
3389
99
253
100
1129
23
29729
37
11716
40939
38362
27
1295
61
24
40935
38362
825
278
24
7410
13
223
23
14
174
1185
700
9
2104
24912
5311
825
278
334
3092
13
4330
3392
11458
5
334
7410
13
40942
4143
9029
13
542
27
8117
1094
61
3096
5337
5
622
1430
278
13431
1129
24
331
24027
9
40943
331
6511
57
5260
27
1134
8171
40944
14
1188
76
14
3217
5
87
1129
2
5337
13
9640
40945
5
40946
27
1447
369
166
13619
5260
5353
349
24
40947
10579
29788
69
28865
71
61
5
1579
40948
9023
61
24
10579
40949
15888
69
40950
71
5
24
15888
34
40947
10579
69
40951
71
27
29729
87
14
416
57
704
166
3085
27
1134
1506
515
13415
278
13
4330
502
9023
358
1153
61
5
45
705
9023
87
5892
1853
1245
5260
131
61
34
5127
27
1295
61
35
506
61
15865
515
2002
946
9764
185
14
414
1118
288
407
5
23
5657
61
24
40950
5
40951
4934
358
516
4458
5602
13
5605
226
13619
5260
4128
27
119
40935
1492
244
107
24
55
2956
13
278
13619
5260
1163
23
9
24
33418
40952
40953
253
2971
237
2457
9
40
24
40952
40953
3890
185
24
40948
9023
27
119
1153
57
24
32062
331
19640
331
23
24
6697
5016
3545
321
1290
13
24
1217
29729
825
23429
104
306
316
19617
104
237
506
37
14642
2118
6207
23
5493
23
563
27
29729
37
6404
69
324
71
5596
104
14
23436
1188
5
24
3952
87
1622
13
4934
24
11716
40935
5
40935
38362
2281
5337
369
1622
13
278
704
9
8222
8967
61
23
14
1454
868
2
29729
37
6646
17539
4623
61
5
40941
14033
27
119
27608
2804
5224
1579
23436
9677
44
748
183
334
937
18
33834
4987
4164
27
143
24
23436
3389
99
253
100
1129
23
29729
37
40939
38362
69
324
71
29729
37
1462
11716
5337
369
61
1204
61
1622
13
107
24
55
13
2002
946
9764
185
14
1163
9
23
1118
27
1134
1506
358
825
107
1533
38281
13
1550
3275
57
1857
5260
29313
361
1459
1853
15635
1155
64
26675
5
26682
27
187
825
663
1004
3017
4987
4164
13
14067
24
9677
27
8117
1094
61
3096
5337
5
622
1430
278
13431
1129
24
331
24027
9
40943
331
6511
57
5260
27
1134
8171
40944
14
1188
76
14
3217
5
87
1129
2
5337
13
9640
40945
5
40946
27
1447
369
166
13619
5260
5353
349
24
40947
10579
29788
69
28865
71
61
5
1579
40948
9023
61
24
10579
40949
15888
69
40950
71
5
24
15888
34
40947
10579
69
40951
71
27
29729
87
14
416
57
704
166
3085
27
1134
1506
13415
278
13
4330
502
9023
358
1153
61
5
45
705
9023
87
5892
1853
1245
5260
131
61
34
5127
27
1295
61
35
506
61
15865
515
2002
946
9764
185
14
414
1118
288
407
27
29729
37
1462
11716
5337
369
1622
13
107
24
55
13
2002
1508
946
9764
185
14
1163
9
23
1118
27
29729
5246
8156
104
24
3666
9
1893
5162
3193
40954
23
891
1348
183
7539
1579
1617
23436
1188
27
119
3389
149
958
91
29729
37
1543
3274
104
24
836
64
1950
1030
14
331
40955
331
61
76
5318
5
2108
4209
1817
183
27
119
11716
40939
38362
37
4293
23436
40956
15680
1165
1167
13
4173
1129
14662
5
14175
27
119
23436
3389
14101
5318
104
24
908
5
2611
61
655
12508
14
522
2241
2405
61
34
5127
27
869
237
751
61
23
24
855
57
40957
2482
61
5
256
14
6814
5189
23
21640
61
29729
4934
6993
13
22291
24
346
57
5337
183
4063
621
506
27
6117
57
4181
14639
58
14639
5
40958
24
4939
76
29729
1133
61
24
3952
99
2114
183
5150
13
16760
185
2540
8896
19617
61
226
27
119
1747
27608
13427
87
663
1622
13
29366
47
5159
57
1579
6825
1540
818
358
718
107
6586
1533
40959
27
119
14527
149
7539
123
14
33468
23
1605
1606
91
29729
37
219
57
7590
3744
61
7714
35009
27
396
330
24
1565
516
4030
24
346
57
6487
1540
23
5392
91
1411
14
5769
5
14
188
27
119
40935
1492
244
107
24
55
2956
13
278
13619
5260
1163
23
9
24
33418
40952
40953
69
324
71
253
2971
237
2457
27
842
24
40953
3890
185
144
32
57
24
166
9764
27
251
1118
515
1436
946
9764
149
407
35
506
61
5
24
40935
87
5562
13
107
24
55
14639
13
2457
237
9677
14554
24
9677
13
24
40935
5
40935
38362
825
221
29729
37
5337
1533
38281
5
107
644
13
1550
3275
57
1857
5260
29313
361
1459
1853
15635
1155
64
26675
5
26682
27
187
825
663
1004
3017
4987
4164
13
14067
24
9677
69
4164
37
4245
19626
61
608
5
608
19613
369
324
71
40960
104
24
1747
27608
3952
330
183
516
36006
1579
4224
9
9313
1804
9
47
13
11391
1623
40961
61
5
1153
5138
9
2820
15865
13
1481
1579
1133
757
27
331
119
9865
9
13
9
2330
1029
4939
87
5726
11622
61
5
610
4734
13
6420
18579
23
3023
13
40962
185
515
2868
61
331
330
29729
15139
2004
3989
13231
40963
9
40964
123
14
2328
1724
76
14641
27
162
14
1296
40965
61
808
35009
359
515
29729
105
40966
1778
3060
4939
367
27
119
1565
37
352
331
149
45
1165
1487
61
331
330
808
35009
27
246
26279
5016
330
262
331
543
612
11103
11716
19640
61
4163
825
107
644
13
6246
14
582
13619
1146
1030
604
484
331
246
187
2206
834
5392
87
1481
13
107
14
331
15267
506
331
34
13619
5260
246
119
3308
57
13619
5260
87
370
456
2590
4296
246
3779
2581
597
5
18982
9631
76
1245
1276
57
5260
1135
246
24677
1020
946
1276
718
1094
107
359
13
24
1271
1118
246
143
29729
87
1622
13
10728
237
1118
89
1579
40935
5
40935
38362
246
2281
19617
369
1622
13
107
7539
23
5493
23
563


