258
16037
17844
261
262
50149
264
61
890
563
267
268
269
262
13586
264
61
890
563
267
187
87
334
2809
2810
515
99
2516
24
4090
57
227
61
5
53
1579
880
89
24
10418
57
334
6922
5580
27
842
24
1267
57
26272
6864
808
33521
9656
13
1579
5636
64
331
30522
692
331
44
107
2467
13
334
1029
28221
14
7301
9
5720
4654
50150
27
119
186
10541
61
502
1039
23
405
880
23
13857
705
3484
13063
61
7228
5
2418
57
33700
647
1600
61
44
107
33683
64
24
5577
10284
47
582
11134
5
12109
1579
6858
1795
6348
331
28394
9747
331
6492
27
14792
262
119
331
30522
692
331
9388
99
100
1039
34
4757
27
119
13063
702
4862
23
13083
25038
262
119
10541
61
55
1129
23
1600
61
623
221
808
33521
24
5580
37
2511
2216
9
14614
27
12978
87
334
13063
1875
24
2849
23
21863
9045
50151
61
24
8789
7164
57
4441
11159
61
502
988
24
33521
5577
61
330
215
149
331
185
24
9795
331
57
16305
24
2810
64
398
57
1389
19319
57
582
8940
27
1307
1414
1720
24
10541
9
502
87
8838
8523
91
24
9643
808
33521
5
8838
449
158
9
44
107
130
61
215
330
262
331
187
37
1243
27
9958
61
610
706
850
27
408
728
185
24
9795
57
11658
24
3484
10373
27
808
33521
37
4623
349
50152
5626
5
2202
14545
61
278
100
24
50153
2216
5577
23
3440
34
837
2424
494
27
869
24039
36816
185
808
33521
61
14
42750
8852
3865
61
4690
308
13
54
1563
13
4090
54
582
9370
502
288
61
25370
61
9810
331
30522
692
331
27
119
1617
10489
1039
23
24
4144
8254
13
13108
50154
37
61
129
1077
57
3976
23
2862
27
742
493
9
506
13475
185
24
10373
1850
3197
20343
27
305
227
57
54
897
61
402
9
227
549
3726
40920
330
262
331
9939
289
158
808
33521
5
54
10489
149
54
2024
27
396
105
14
2046
1915
5
149
822
1533
1284
144
14
10489
27
331
50155
262
119
5577
37
33700
5
4255
99
423
218
3096
3787
61
40
99
600
17551
24
6114
10541
27
2136
702
87
14
558
4203
23809
262
119
10541
99
3366
1579
880
89
24
965
12303
61
8815
13
1579
402
9
2329
8289
27
12978
87
808
33521
33700
20317
24
2810
23
535
50156
262
50157
57
24
10541
288
1129
34
622
1430
61
1155
64
1508
4399
50158
5625
12647
1575
61
349
14
2507
739
6428
61
1850
808
33521
53
24
593
57
54
2534
4228
1348
818
3096
18889
24885
6247
104
54
1563
61
10401
23
91
54
50158
5625
61
515
215
44
244
444
542
13
996
27
119
10536
510
14
1533
31566
3001
23
24
1920
15386
61
502
1850
808
33521
53
89
14
1533
1757
9
7128
3865
27
4360
2540
23723
349
14333
14
50159
47751
76
39083
818
515
183
11011
868
61
5
2540
14
761
7764
24
18890
57
14
50160
2502
61
808
33521
149
24921
652
57
24
2820
57
54
26272
27
119
111
3383
99
604
100
324
23
1193
57
24
13035
61
3400
22604
50161
278
1039
27
5220
23
493
1611
16349
4936
14
808
33521
5324
35
506
27
4182
13690
262
119
2810
7639
89
24
5538
833
636
61
64
719
23
24
13063
2
35
739
30168
262
25565
11149
278
100
11258
91
24
5483
57
1292
2
1155
14
13445
5577
61
1253
702
23
8908
842
14
11460
11459
104
4441
11159
61
502
663
988
50162
5
50163
61
23
24
35
2347
494
99
719
14
4793
57
2809
5
8636
3558
1949
185
24
5577
27
808
50151
359
262
331
119
2216
7104
87
612
6858
34
267
27
1134
99
100
24
5577
515
37
100
24
10864
57
4441
722
709
3225
27
331
187
37
14
1389
28189
7104
5
610
696
12584
837
455
23
2809
5
821
853
23
582
5324
5342
27
331
331
408
728
2050
13
278
582
33700
61
582
2809
5
180
57
612
6942
13
1493
808
33521
28394
9807
61
502
87
575
610
728
3431
14
1842
57
612
2868
27
331
842
128
57
24
5636
278
253
319
13
5538
833
7107
13
10489
122
7747
104
24
2555
57
24
2810
27
999
330
262
331
1031
186
10489
5
2809
2810
821
1502
53
846
4658
808
33521
5636
27
50164
183
1130
7957
69
5
10664
10055
71
27
331
1843
330
262
331
4441
11159
331
3355
15492
369
14
5946
57
50165
27
691
278
709
6553
57
24
14780
57
122
23950
2930
27
331
246
808
33521
5636
55
958
64
331
30522
692
331
23
1600
246
50166
705
30603
647
99
1129
24
10541
1185
14
30854
246
1702
7164
57
808
33521
37
426
1565
1520
183
44
107
130
246
19103
28221
14
1389
19319
14258
57
3787
13
24
13445
5577


