258
7397
7398
261
262
16201
264
61
4884
1372
1268
268
269
262
26664
264
61
4884
1372
1268
1134
87
24
2569
858
7850
57
14
2255
129
17066
2213
2111
23
64
3096
454
9
13
221
4149
926
516
761
13
2391
58
525
3045
688
27
3461
4891
61
13449
61
2140
24
2141
104
265
2111
1348
926
149
104
525
2704
27
26665
185
5571
5
1016
23449
57
5637
61
926
2124
185
24
2125
23
525
7677
5
2144
1348
525
316
760
10567
61
493
61
5
21148
61
533
61
288
3132
27
3985
262
2286
9
57
9
316
3461
4891
61
13449
61
2196
265
2111
104
525
2704
61
324
61
5
149
14
2146
70
999
751
23
262
665
4891
61
129
105
14
24303
8994
23
891
558
61
7699
14
2111
23
144
14
751
26666
838
262
119
2255
7401
13
6096
2189
26667
705
1413
3133
18
24
5539
1272
21148
61
129
99
5021
8491
1187
61
87
1103
13
584
61
4174
61
1185
3076
3383
58
215
149
15053
57
2646
104
7764
27
665
4891
61
2
26668
61
277
61
149
4769
89
2175
35
506
1348
926
4828
24
4047
34
14
418
47
9
5
358
330
652
57
525
1290
926
516
1067
484
21148
149
14
2889
27
119
2255
13682
14
24303
8994
185
24
6670
5
24
1290
99
130
445
525
104
24
5830
57
449
14
2111
9
14
9
751
27
26669
2125
262
119
791
2861
7658
13400
101
666
2111
23
266
57
237
506
26670
262
665
4891
61
2
26668
61
25547
24
1271
908
64
926
638
23
4824
9
502
1094
7766
445
525
8958
692
262
119
2255
9
57
316
61
129
149
4769
89
2189
1290
34
525
3045
688
21148
61
1577
8257
76
24
838
58
190
454
5
1094
13400
1145
2010
2111
579
625
497
2169
23
2146
70
4250
40
1094
13400
14
25557
2431
2111
5
99
23687
13
14
2584
670
2146
27
724
61
665
4891
330
262
331
628
149
10463
515
628
516
1067
5
996
707
634
2241
14
2343
27
331
21148
847
244
1406
61
215
847
244
584
61
215
847
244
4174
40
215
37
373
821
25131
5
10446
23
54
2534
880
27
331
1003
634
369
1690
13
846
27
691
369
1131
223
40
358
748
846
818
822
33
27
1605
10543
262
665
4891
61
129
516
26576
185
9807
57
5637
61
1046
445
525
3865
23
14
26671
908
14867
2135
262
1585
101
1011
2111
61
24
2255
87
170
24
893
926
149
6688
1594
262
665
4891
129
13400
1145
1371
2111
23
237
395
87
3769
10736
331
628
629
8564
628
718
761
13
850
542
1503
47
1094
27
331
665
4891
37
1290
55
1770
13
26672
47
1348
926
4508
16625
4694
104
276
27
579
26673
185
1006
1449
1155
64
26674
5
26675
5
1805
1011
2111
91
24
227
926
149
2195
27
579
2124
185
1533
2125
1348
10567
149
3132
5
525
1290
1354
26676
1348
21148
4508
7764
26677
27
4338
21148
149
3132
61
926
149
441
13
748
47
525
1915
64
14
2861
7658
13
1510
14
1751
9
227
26678
34
525
688
27
25311
1290
262
119
2255
61
536
525
2033
2146
70
962
702
61
87
1094
14
25557
2431
2111
5
14
2146
2584
26679
19053
1155
64
17224
5
1135
10654
1006
1449
26680
57
26675
1185
26674
463
1197
5
3542
5571
26681
13
26682
516
850
525
26576
185
1751
9
2119
5634
10654
14
2131
26683
26684
61
600
1903
76
14
2330
9
2119
4256
26685
57
18100
4831
3121
76
26686
17201
10654
2202
26681
13
26682
369
13738
24
26683
5
24
26687
87
1094
76
26688
1499
665
4891
61
129
149
663
4048
25806
57
2371
26689
9
26690
1483
1348
10776
9
652
57
525
2146
61
8506
24
24303
8994
23
891
35
506
27
11598
1814
24
908
18644
57
525
11601
8123
13
525
1478
11600
61
26691
594
57
24
11601
5
525
26692
27
1877
935
24
2255
99
45
100
644
13
1406
1533
1284
14
24955
9
1647
15091
57
1449
27
579
359
262
331
628
738
13
26674
76
24
634
1094
5
628
706
2245
3233
58
32
26693
652
57
24
12874
27
331
816
628
1825
2072
2050
24
880
628
149
935
628
516
278
100
982
362
360
494
27
331
665
4891
1520
926
99
1094
4073
525
2128
9
5
709
849
2201
26694
26695
1185
2131
5
13343
24
1479
57
26696
926
26697
27
26698
262
665
4891
61
324
174
104
525
2139
76
525
688
21148
5
58
525
24358
700
61
1520
926
37
8564
926
825
1094
107
644
13
2391
58
525
316
760
119
2255
330
262
331
727
847
244
144
278
24
8994
5
996
183
704
13
2191
27
727
278
13
2995
496
723
1406
27
331
1003
1816
825
1347
1981
133
2075
5
646
369
405
1475
1094
515
628
144
847
244
17406
27
331
628
847
244
1406
14116
1094
5
628
1018
244
1406
11114
1185
2131
104
704
27
331
628
105
1347
2168
11601
26699
652
57
24
1381
57
405
57
24
26700
1475
104
24
2205
27
331
246
3461
4891
61
13449
61
2
26668
61
277
61
2196
265
2111
104
525
2139
246
2286
9
57
9
316
516
21070
185
8651
5571
5
23449
57
5637
246
16391
4769
89
2110
159
58
4047
330
926
516
244
761
13
850
525
3045
688
21148
61
533
61
1510
14
2889
246
20382
24303
8994
4046
23
891
558
5
769
2213
2111
246
331
628
629
8564
628
718
761
13
850
542
1503
47
1094
61
331
791
2861
7658
1520


