144
14102
14103
4
292
26161
6102
7301
18
1068
1832
1028
26162
1483
93
27
1600
201
15873
1617
3
0
8324
7035
9620
90
317
27
220
142
81
149
2
1483
1
761
1053
43
26163
12
426
262
5
501
1
747
2308
451
7
1389
1522
1
93
5
1951
46
47529
80
27
47530
1
2562
1
6976
1
1246
4
108
1210
1830
3
8
509
4711
7301
8
2
7301
4
0
1832
47
7480
117
29
967
226
3
37
2522
3
1817
27
8713
197
88
2
297
94
11
167
20968
13397
16
6102
7301
18
1068
1832
1028
26162
1483
53
122
51
30
93
27
1600
201
15873
1617
3
0
8324
7035
1538
527
566
47531
15215
1743
1483
34
4334
23
771
6
27
24635
1068
656
7
484
1
30
310
14
21
678
3
154
1483
47
8713
3
27
3241
102
7
3956
35
96
10
26163
4
24
29
125
6
27
47532
21
78
0
507
689
2
35
871
6
217
8713
1
44
46
32
3385
339
136
296
323
7
3956
2
191
92
46
32
5
1481
1
1277
3
32
1571
1
7
3956
11
80
117
464
38
46
29
37
1683
3
177
42
280
4
32972
15215
22
21
10
141
662
110
0
1538
1502
3
84
17
19
1016
6
19
632
1028
47
1053
2
35
135
929
17
0
7301
117
2
387
47
80
24
73
47533
21
22
2
47534
541
1617
16
852
3
27
46
1
68
7301
46
10861
1483
18
201
16359
10786
20
1887
32973
2870
1
113
0
1832
10
115
420
81
149
15215
61
22
14
426
47
2308
7
1389
1522
34
40
7
1637
17
19
757
47
3914
4
14
36
34
404
7301
3
32
7
766
6
0
6690
2
52
22
21
10
141
32974
3
985
6
19
6722
9
83
757
47
46
2
8
24
29
141
306
711
20
80
63
5
46
1
108
85
92
47
6401
54
55
92
1
8
15215
22
2
6612
19431
15215
4
941
31
37
9804
25001
117
1
7301
18
189
9
71
1079
93
5
501
704
7
3956
20
512
834
3
1349
5
673
23
5
1068
1832
4
12749
2
1483
34
40
7480
28
27
757
1
6810
15215
4768
1
38
1182
49
91
3971
9929
28
0
46
455
17
42
566
1
11091
2
135
1351
74
124
5
47535
16
401
1483
14212
7
27
46
14
2998
6
27
8623
62
690
58
165
3
27
7480
757
6810
15215
4768
53
137
93
17
27
315
51
62
3
27
566
11091
53
122
51
674
6835
16
65
501
1
747
2308
451
38
477
11
401
1483
7
1389
1522
426
1
1327
31
27
1133
1
280
4
117
8
29901
112
4048
1646
7
48
46
1
24
29
13630
25153
3
987
47536
11
156
108
95
30377
576
20
0
1277
6
95
47537
1483
395
2
25922
1960
3316
31
0
1581
2795
14
401
1483
2251
5
10786
20
1887
32973
2870
7
3312
907
201
16359
4
216
201
3991
7
8
24056
1210
690
4
1713
108
4442
1
8
607
0
155
331
1623
2
401
1483
61
176
7
27
368
46
4
9489
16
8
24
29
202
40
669
2
24
29
100
47538
1
36
192
5490
55
0
1415
8
202
8
340
2246
5
557
6666
2
1483
4
7301
1
1913
1
34
40
1829
150
2581
2
15
12459
2261
393
10
7
440
11
5
8324
7035
1746
56
0
1832
285
888
2
378
0
71
6
27
193
1
401
1483
18
1068
621
10
1365
1628
6
3679
7
2738
2
68
7301
47
1210
2634
907
13
1834
3
32
140
201
47539
2
4175
295
16
1483
4
7301
1
1913
1
137
20
37
158
81
484
1
34
40
1829
150
2581
26
26162
1483
93
27
1600
1617
3
27
189
9
877
1133
4
25153
234
4510
28
27
46
26
7301
4
27
117
29
1301
3
1817
0
1832
18
26163
1053
26
527
566
678
3
154
0
8713
99
3
3956
3
1126
216
1481
11
117
4
280
26
52
61
22
14
426
18
2308
34
40
7
1637
17
19
757
18
3914
4
14
36
981
404
7301
3
32
7
766


