1567
1144
1696
46
41
934
589
328
5218
3
338
250
7
19
87
236
7
766
1
301
3
5445
727
2030
814
847
3980
2
3980
1
38
2024
0
1882
6
179
250
1692
3887
17275
12
470
1
73
41
177
0
9441
901
0
993
7
19
2012
236
340
8
146
2748
335
8
2673
20
83
2231
7
2272
3
0
8123
6
2666
3311
4
22777
9442
2
8
1609
1696
18
213
5
205
1370
585
45
44
252
335
1
8
3980
78
22778
2
1609
1696
10
80
4666
23
21
175
19
10587
1382
1059
23
338
250
449
15
111
250
814
213
3
183
19
111
7353
17
288
2693
741
4422
8124
8
52
1026
3
934
146
62
178
335
7
20
568
3
124
88
99
3
113
44
43
182
1401
885
3048
886
1
113
44
43
901
14130
114
44
233
168
769
6
14
20
0
638
2
8
15413
20
48
986
66
58
141
188
3
5088
12
88
901
0
1285
208
70
2
24
58
141
177
88
901
25
208
70
2962
21
2264
2056
105
62
146
2748
335
55
6
0
3355
2
8
3980
3164
3
0
2591
6
993
3139
1
435
1
338
283
4
671
23
530
14
250
46
2830
3
1006
1499
0
235
311
39
292
6416
8
6417
9984
2
27742
16
15
2923
449
1002
3
0
559
12
437
415
155
1882
16
3887
17275
53
93
51
175
196
7
19
87
550
1932
17
2923
12
437
415
8
24
58
141
177
88
91
23
989
23
435
62
1914
283
1
8
21
176
2
8
24
181
671
29
116
5
400
1882
885
7
3981
3878
886
86
44
76
124
5
396
2517
208
70
2
8
57
47
810
661
2
24
58
361
3
177
502
29
216
400
236
45
44
858
342
37
1926
561
885
2331
2126
886
1
21
47
27743
228
2
8
10588
49
16
671
76
326
5
425
196
7
48
236
18
993
1035
39
1882
9443
854
3981
3878
28
1293
26
1609
1696
3120
3
0
559
7
1382
1059
12
470
26
250
1892
4554
7
0
589
328
182
292
6416
26
3980
131
0
9441
1026
3
143
20
568
146
67
8123


