258
972
30569
261
262
8574
264
61
15
1072
1268
268
269
262
27389
264
61
15
1072
1268
27777
2453
262
28837
30753
30754
61
324
104
11389
3222
943
902
61
689
185
1366
2
745
24
642
13435
13
14
2958
7437
251
7115
9
1834
28837
2140
445
14
2958
7437
575
17174
16984
288
818
358
44
6539
24
6840
61
14
2959
944
902
27
30753
30754
61
2154
61
1969
64
331
10095
331
61
689
185
1366
215
2168
2
745
24
6785
3894
13435
818
54
1727
105
334
30755
8051
57
7156
27
396
663
750
542
496
24
642
2193
449
542
818
358
44
1790
3431
433
9
5
1347
623
334
430
25943
27
30754
61
129
105
3366
34
24
11380
647
1073
61
149
4136
47
13
1389
2768
14
632
7152
1834
185
24
83
27
396
87
1094
5860
562
1778
2132
58
7568
3253
13
1834
7156
61
8697
13
6539
5
17454
54
134
27
396
825
107
3218
104
11389
3222
943
8262
61
1817
76
533
819
2275
76
24
24007
27
3226
1543
30756
750
11389
3222
943
902
515
30754
10850
54
134
34
1687
54
2534
15295
30757
27
1687
1134
501
30758
133
57
334
643
89
24
5021
2958
4328
57
14
3269
28837
289
30753
30759
215
330
27
1687
30754
37
14442
8498
149
515
215
30760
10850
54
134
57
3236
64
14
28837
27
1687
396
1129
54
1167
13
642
30761
34
54
2534
15295
16301
61
4935
8867
1366
5
3992
5128
76
2958
6563
61
30762
20256
24
1121
13
24
30763
57
24
1857
27
331
119
10668
359
262
1687
742
3761
2933
158
6534
133
30764
425
185
642
1117
1124
185
27619
57
54
6563
5
17698
372
6563
76
1366
818
8514
27
1687
396
149
663
2933
23
24
8803
57
17174
16984
2
642
8106
30761
5
24
1364
30765
57
24
952
57
1155
6205
23
3023
515
358
2290
107
24
6557
57
12161
162
2959
262
30754
1732
11484
185
5251
5
6205
2275
13
24
4501
57
1683
30766
69
174
71
61
129
149
14
1962
7115
10432
27
742
549
30767
30768
69
700
71
61
14
7152
10432
61
149
433
185
12549
76
24
28837
14466
57
24
7437
262
3325
30769
69
174
71
5
8915
23457
69
700
71
825
107
3218
2065
30754
104
11389
3222
943
1687
397
24
643
6139
183
497
8812
515
45
503
149
30754
10460
54
134
64
14
28837
61
215
149
663
14
7115
10432
5
14
1551
12804
57
365
7115
5
30770
119
2959
944
515
30754
61
129
149
1893
104
24
30771
5
30772
30773
20227
2918
61
1770
6534
133
30764
425
185
6563
61
349
54
1588
61
144
454
58
215
2859
27
119
642
807
334
4678
9
11419
643
23
1972
5
10421
54
82
5
54
513
57
223
27
396
149
944
11248
449
4463
1687
30774
34
7152
10028
5
361
590
14
331
8986
57
2721
331
9
30775
30776
8674
34
331
5014
331
61
1185
1389
2768
9
14
632
27
11660
122
4145
262
25113
9506
30777
69
174
71
5
18552
30778
69
700
71
825
663
107
3218
2065
30754
34
122
398
23
24
2102
162
32
1239
61
484
54
6563
8699
14
17174
11198
61
30754
1347
14594
215
149
2931
622
10406
14
1305
91
3031
24
7156
484
642
105
14
3317
13
30063
542
27
1687
6982
24
880
628
2391
104
183
61
628
629
2931
1508
634
14
1305
61
331
215
330
27
1687
5048
47
185
24
1156
358
728
3885
630
631
69
9081
71
444
8699
104
32
222
61
818
628
1835
144
14174
542
484
358
444
8699
27
331
30779
13
64
122
331
30780
549
331
61
24
28837
1347
623
25943
1786
30781
61
129
149
3269
14
190
9
506
2364
34
8697
13
8051
1962
7115
61
817
185
24
1876
58
215
430
2
5672
27
119
2959
944
515
30754
1732
14
346
57
11484
185
5251
5
6205
2275
13
30781
655
215
12321
76
695
61
1683
30766
61
129
87
663
23
24
3217
61
13
1790
24
1047
3431
433
27
29485
262
30754
5
54
7437
1393
848
641
8262
13
4192
122
4145
104
11389
3222
943
258
3192
1972
24
642
288
832
57
24
28837
37
4328
5
7918
334
8678
449
30781
185
24
13435
13
850
834
30754
4673
27
8341
146
147
2960
3193
215
10952
30781
13
6823
185
24
1366
27
143
316
454
484
24
7437
288
6555
61
30754
149
944
8159
515
54
6273
2290
107
10421
27
396
330
262
1687
816
646
37
30782
23
109
610
1825
107
6935
3685
3685
3685
3685
3685
14
402
227
27253
742
7152
10432
549
61
30767
30768
61
2265
61
5910
24
9139
91
586
262
1687
27242
61
358
728
1071
32
47
185
703
61
1071
124
32
47
185
19237
119
1047
288
6555
104
30754
37
6273
23
1605
30783
61
527
528
941
61
23
3094
1972
27
397
358
288
8699
30768
61
57
30784
61
1787
61
978
13
3337
24
7115
133
57
24
8700
3036
61
655
30754
3469
13
107
23
10957
5
149
574
34
1229
27
119
10668
359
262
1687
119
10064
5719
515
215
105
14667
24
23449
57
7156
515
288
253
53
5981
30785
18572
349
2141
61
17174
30786
5
20157
9050
288
663
1142
23
24
2930
27
30754
825
107
3218
1817
76
7152
1834
486
30768
61
25113
9506
30777
61
2265
61
3325
30787
61
8915
23457
61
1114
61
18552
30778
61
70
61
5
54
1588
30788
30789
61
1114
27
30790
25943
1786
30781
61
4983
61
5
54
695
1683
30766
61
307
61
825
663
107
3218
27
119
2959
944
30754
3366
34
6735
5717
23
527
528
941
61
759
5829
308
76
2229
9788
484
1913
24
11380
23
535
27
742
17898
61
972
30791
330
262
331
1134
149
54
30792
1761
13
3347
819
5
221
158
3083
1533
752
5
3602
1284
10813
215
149
27
331
1102
610
369
1103
13
1104
1105
34
1106
1107
27
246
30753
30754
689
185
1366
2
24
642
13435
13
54
7437
246
396
750
542
496
24
642
2193
818
358
44
1790
3431
433
246
119
3144
9
2033
663
623
14
1962
7115
10432
817
185
24
1876
246
396
149
330
13
107
4136
47
13
1389
2768
14
632
7152
1834
185
24
83
246
30793
3253
13
7152
1834
61
8697
13
6539
5
17454
134
246
20956
13
107
3218
104
11389
3222
943


