101
23795
16
4332
2975
10
210
182
1348
11
19
10904
9
10905
3894
12384
2540
1027
29148
779
30
490
14
5
10904
9
10905
2534
1711
724
17827
4
182
0
5056
28
17921
1
4328
3
0
7196
6
0
631
4413
12
506
2
39063
3
0
776
4395
606
10477
20
0
857
518
4
4413
1
779
1184
11
3045
4
12281
992
11
10172
1486
2
8
24
188
3
183
80
0
8603
90
24
1499
37
3530
6
110
73
4
171
32
617
63
39064
7
0
594
1
8
21
22
2
779
729
14
0
1573
1
963
15700
1634
4332
2975
1
10
3310
31
0
2523
1395
472
64
82
320
2
52
22
0
2523
1395
1317
455
0
597
28
14
772
3
8
80
6
0
2890
537
3402
3256
2
8
779
22
19
87
2445
12
942
6
0
358
10
3
1821
1
8
939
18
5
29149
218
8
15
1929
1
661
9
663
1367
2087
340
579
3
767
1
45
0
358
6866
1294
63
129
552
76
32
867
3
1412
80
0
152
28
17921
1
4328
1
122
49
3
0
4413
2
2975
30
22
21
10
371
0
795
3
29150
19
1335
63
0
39065
2603
6
279
7
4171
1
4
2947
4990
3
80
39066
464
6
2271
12
0
8586
2
8
104
33
5
7492
2
104
84
74
29
16039
140
136
8736
1
86
60
382
213
3
325
0
122
3562
197
576
7
5
456
4
661
2124
4
606
4
0
2647
6
1827
2063
1
8
779
78
3258
12
4413
2222
2
8
191
86
60
188
3
764
54
1439
515
6
274
358
109
48
1
45
123
311
1
66
84
74
188
3
29151
1
1346
2
8
297
3220
11
3077
29152
16
15
501
10904
9
10905
53
11369
7
925
51
7881
12
0
336
23796
6
0
4413
7
1134
23
464
6
0
270
1097
31
14341
389
16
4332
2975
5898
19
29149
339
0
20338
17922
2186
7
20338
1
963
2735
3
19
8
7725
8
3894
12
506
17923
16
4332
2975
8282
19
10904
9
10905
1095
5
5254
90
21
2534
25
28
17921
3
1134
4950
779
2833
4439
17924
11
1853
17
0
5439
8736
77
1134
1
4950
1
1827
2063
4
13438
2
8
104
382
213
5
168
9
17925
1827
1295
3
1853
17
1157
6
217
38
11231
0
5439
8736
340
3723
1
8
21
22
2
1217
0
132
90
1
2975
601
5
753
606
7374
56
21
2087
19
10904
9
10905
12
0
631
4413
7196
9
627
79
1578
28
91
303
55
6
0
3071
2
518
12384
2540
2144
6208
509
29153
310
14
4413
811
34
4332
2975
1
4598
1
7
42
9501
4
43
1534
3
661
514
2
8
7017
25
6411
156
2517
3
0
6868
18
8216
44
29
189
3807
3
154
25
94
1
45
25
107
74
2
57
2087
122
7
376
1
8
29153
22
63
0
795
50
10
17827
268
811
882
408
0
4093
2156
2
14341
16
4332
2975
39067
19
10904
9
10905
339
0
20338
17922
2186
7
20338
1
963
7
359
120
5
644
9
389
11
19
631
4413
3894
29154
795
16
4332
2975
175
103
28
37
13152
2424
7
1134
4950
4
2087
19
10904
9
10905
12
0
336
7018
7196
6
0
631
4413
533
9157
16
65
848
6
5
2498
1086
2822
4332
2975
8
10904
9
10905
39
21
34
2087
12
0
336
7018
7196
6
0
631
4413
533
360
1
2975
327
21
3825
0
2523
1395
4
4413
106
6
19
2846
4447
3894
69
0
100
9
1412
2886
1
50
10
1093
3
1203
1120
3
618
4744
3187
4
394
6926
2
1336
2735
3
0
795
4
79
230
39
5
130
303
430
420
7
376
6
0
4413
12
377
1298
5326
1
2975
532
2187
21
58
3201
19
8
7725
8
2626
2
8
24
84
74
354
14
0
811
33
159
3
1811
94
5
17724
9
83
20339
7
5
1189
11583
1
8
22
2975
6
0
776
7709
11
857
518
4
4413
606
2
5911
1
29155
364
14
44
107
41
15729
156
4442
4
43
41
3825
6
0
795
268
25
34
2087
2
191
487
1134
4950
1295
2066
4628
1093
3
465
17
3023
1076
3811
490
44
107
41
5622
1346
2
4332
2975
8
373
427
2419
23797
1
22
209
14
0
2975
13
41
5
2630
4
107
41
1409
156
1797
17
19
2626
2
2540
3105
16
15
501
2066
4414
12
0
336
23796
6
0
4413
7
1134
39
25
2087
7
376
6
3864
14640
12
506
1241
9702
1062
16
4218
6
0
559
39068
339
9956
2870
12
4413
2222
7
1134
8
24
10
2999
3
193
44
43
159
3
922
59
1
8
23797
22
3
0
8288
2700
1143
2
8
581
1763
1110
55
3
39069
25
10
38
756
41
3
2056
0
4389
2
8
15
20339
18
795
3
1251
4078
11
618
4744
3187
4
6307
6028
601
0
4413
3
165
69
17926
23
3864
464
6
0
270
1436
59
1018
19
957
9
1135
10904
9
10905
140
314
826
4
3105
0
580
9
20340
8
39070
8
2
8
52
30
100
2015
62
711
1162
1
8
22
509
23797
3
4228
2
8
24
183
59
4312
2
52
18
109
5
39071
56
21
30
37
961
2
52
931
3
2115
49
0
264
2
8
2975
1
38
30
40
1329
19
8
7725
8
4950
795
11
64
82
10
10906
432
31
106
4
1790
1662
622
7
923
3582
17
2498
10668
11617
2
5941
22
0
4093
2453
0
4413
28
0
1849
1
1189
838
77
0
577
9004
4
0
4413
10752
1724
357
0
1004
28
0
533
2
57
3457
2853
5
1263
6
2895
4
5
5690
6
17927
39072
3848
2
9459
16
15
7796
2087
4093
10
23798
31
963
20339
4332
2975
3
2626
127
394
6926
4
3
3568
618
4744
3187
39073
16
1188
1097
424
0
10904
9
10905
14
10
4067
1095
0
2329
6
0
321
4413
12
506
375
23799
1
4529
1
5
3365
28
39074
1
820
2856
1
22
0
4093
2087
504
4
9355
2
563
544
10
369
92
17
5
1158
2257
2
8
52
107
74
124
55
268
106
362
78
59
3
124
55
2
52
34
19
844
49
9122
4
10
923
531
184
31
0
106
1
23799
22
2
8
135
7431
59
1399
1798
2
8
1546
39075
1
5
3365
28
7449
1
22
36
10
1433
357
0
1004
28
0
4413
56
0
2066
2534
7
140
316
62
384
948
232
1
4
25
8
79
1822
6
39076
94
12
0
7196
2
8
39077
1134
13
29156
31
5067
12
663
1902
14
3951
29157
1367
28
1189
77
0
857
518
1
0
4413
1
0
796
9004
4
1185
2063
340
721
3723
2
15
3731
7149
6716
22
0
1573
34
74
7112
25
6
19
678
3
2667
5439
8736
2
1336
3
0
8288
2700
1143
2735
3
19
795
1
2975
22
14
21
34
6460
0
2523
1395
3
812
88
21
58
1018
7
376
6
0
4413
4
14
21
34
8656
2221
367
18
270
1944
253
2
52
22
14
21
795
58
1850
23
5
2626
127
16125
7877
4
1062
1562
7210
0
1323
1087
4
5
2115
9
49
448
11
606
2
26
963
20339
4332
2975
2087
10904
9
10905
12
506
26
29158
39078
28
17921
3
1134
4950
4
10
41
7205
26
29155
732
3
2917
0
957
9
1135
4093
23
25
2534
182
0
5056
26
12384
2540
782
180
11
3045
4
100
77
9
2445
3
606
3105


