144
4575
6169
8604
696
3
2031
218
1375
9860
10
432
7
3259
426
1
113
21
960
182
5
111
540
17
5
111
117
2
318
83
227
4
263
43
2153
7
3648
4
118
835
82
192
29
106
115
42
1400
65
32367
493
69
0
466
6
37
52840
155
331
145
4
263
14
23177
105
108
1585
4
743
64
1612
206
1085
29
5
4451
2
203
12
426
432
1375
9860
11
0
3648
5145
6
19
263
1546
1
834
1
4
227
22269
2
52
981
40
576
7
3259
182
0
6219
540
1375
52841
455
17
5
111
227
4
126
2
1546
18
265
10
115
4567
7
2038
4346
4
5
2592
2103
339
5
155
299
1
5961
1677
2292
2
15
265
6
27
145
1
2844
1
10
115
31
5
26159
5
149
421
339
5
2310
1247
2
1461
239
28
5
11422
3988
3
0
251
2
203
161
0
276
202
3434
219
1690
1
45
5
391
448
116
81
215
28
3112
2107
3
106
7
155
331
492
0
34743
14
867
2244
3
1085
356
653
7
0
2963
9
83
276
2
15
5359
3111
10
5
740
10120
365
3
155
331
811
14
224
743
316
82
253
632
11
1425
106
46
41
1750
2
8
139
30
40
37
3824
493
1
25
30
202
1141
1
8
155
299
203
1986
523
52842
78
0
25924
52843
2
8
104
84
74
355
49
12
156
276
2
57
254
41
978
129
83
0
276
13
2
8
15
3111
1
50
106
310
224
28
5
117
848
1
1085
867
88
3
210
5
540
3
0
1334
6
1546
4
22269
2
5223
98
44
34
698
5783
2
8621
265
34
8460
597
1
45
4036
6
2562
4
108
1556
115
20
0
3262
1273
44
43
28
155
331
2
52844
16
1546
1
834
1
10
658
4567
7
2038
4346
4
5
2592
2103
374
5
155
299
1
5961
1677
2292
7
3648
2
527
145
1
9860
18
10240
9
83
227
22269
1
10
115
420
5
149
421
7
2310
2
1461
556
11422
3276
3
0
251
52845
467
5
740
9
10120
493
69
0
3764
6
5
145
4
263
28
0
155
331
283
3653
6
34744
1
4
7948
17
811
7
2310
4
5961
1571
42
12454
2
139
123
531
88
3
7469
9860
1
38
10
4907
3
26941
1
3259
2
52
10
576
92
182
37
6219
540
17
5
111
117
2
135
34
81
960
7
34744
17
1375
9860
2
2625
22
1375
9860
10
115
576
182
37
6219
540
17
19
1043
227
4
126
4
10
3310
20
19
3259
102
90
204
69
1330
12
5
466
766
426
2
2625
22
4036
6
1556
115
339
1546
9860
47
265
3869
59
3
0
548
2
155
299
1
5961
1
106
22
506
44
4
2310
660
203
29
1443
1348
7636
3200
9860
17
466
2
52
10
91
477
7
52846
1
3259
1
4
13
539
3
32
12575
92
470
90
91
622
3
2310
2
52847
16
203
161
9860
16061
19
263
18
265
374
48
5961
1677
2292
2
28629
1098
1
105
67
1334
58
32
115
122
140
0
222
329
1
45
0
2689
33
521
3
32
14055
26
203
161
1375
9860
303
19
263
1546
9860
1
834
1
7
0
251
90
13077
27
265
339
5
5961
1677
2292
7
3648
26
527
145
22269
9860
1
2844
1
61
303
7
0
251
1
10
115
2862
775
724
184
7
2310
26
9860
1
1913
1
10
432
7
26941
1
3259
12
506
113
21
10
576
17
5
111
227
4
1242
182
37
6219
540
26
15
145
4
263
43
74
52848
268
81
215
56
5
740
10120
365
10
19827
1997
31
42
3441
743
316
82
632


