6833
3435
225
6834
6835
825
2430
6307
18
24
5815
57
1432
54
817
104
24
6836
6837
23
24
582
506
27
119
6838
6839
87
108
76
54
6646
6840
57
110
5
87
6841
76
562
23
24
4094
4368
61
1489
13
3435
9
1893
3830
6842
27
6835
61
552
6646
2528
6843
23
4782
61
2084
104
24
5828
6844
104
24
2205
57
24
6845
36
58
1775
6846
6793
9
6847
27
396
11
6833
3435
13
122
66
5828
2434
23
54
55
36
23
2479
27
6833
3435
225
6834
6835
87
1622
13
1399
6848
13
2886
185
14
582
6849
23
24
582
506
5493
2073
6850
5
6851
6852
655
6853
6854
61
6855
5
6856
6857
6858
185
5480
6842
738
76
24
6859
331
564
1018
628
2296
13
1862
778
331
13
6860
6835
37
6545
13
817
104
24
2439
27
6861
61
185
24
622
620
61
278
2114
13
6858
185
5493
37
3631
13
1862
5131
6850
1185
6851
6852
123
24
2157
6862
3036
27
119
6863
6864
369
330
13
107
185
24
6865
34
14
6114
6866
13
6867
5493
3695
6868
27
5493
825
278
13
2597
6869
3435
6870
6850
37
6871
6872
5361
6873
655
6874
6875
37
6852
87
330
13
107
1586
1114
2979
6872
27
6876
6877
6858
185
5493
37
331
582
6878
331
57
6879
27
119
4094
3830
524
6880
2
6853
6854
61
6856
6857
5
6855
185
834
358
4734
13
6881
64
334
6882
3651
27
2318
23
6783
61
6883
6884
99
330
215
4227
13
2828
6885
6886
34
24
1462
1011
494
27
331
6887
6888
750
846
215
4227
628
817
14
402
227
61
5293
628
825
107
1030
909
6889
1208
61
331
330
24
791
6885
6886
3018
27
6883
6884
87
3009
185
5101
104
6838
6864
6885
6886
34
24
1462
1011
494
246
6834
6835
37
6646
6524
87
1481
13
6890
23
4782
246
119
6838
11
6833
3435
13
122
66
5828
2434
35
36
246
6863
6864
5493
369
3009
185
4455
6850
1185
6851
6852
246
6883
6884
4227
13
2828
6885
6886
34
24
1462
1011
494


