203
29
443
1855
1222
7
0
2631
11
64
266
38
2743
2431
5
211
119
816
16467
6272
12
8268
2
15
628
1
28
3604
338
203
1
1032
3
163
0
266
1360
339
0
30289
2169
7
30290
1
338
12
436
1280
2
57
10
1780
90
0
707
833
6
5
4486
9
83
211
23
36
1477
455
24575
2057
7
30291
1823
2
297
94
11
167
15
64
3847
43
1397
12
1855
1360
339
0
30289
2169
7
30290
1
338
1780
90
0
833
12
8268
7266
39
0
266
43
2207
12
1855
1
5
4486
9
83
211
10
2431
23
36
1477
455
24575
2057
7
30291
1823
238
6
0
3847
73
32
214
816
5
16467
5914
9
116
952
31
0
1248
1452
7
0
5174
4685
611
6
0
222
540
2
15
12243
13
428
12
0
147
6
4754
1807
41312
41313
2
203
161
0
211
10
5685
31
266
816
0
7351
9
225
6272
1
197
691
826
4
41314
12
436
1280
1
45
10
344
3
2830
456
4
1251
0
2753
2
238
6
0
266
13
22
3
32
2715
4
816
599
5598
1
119
216
13
562
23
6
5
24576
1349
7
19
390
3103
238
6
0
266
13
22
3
32
2715
4
816
599
5598
1
119
216
13
562
23
6
5
24576
1349
4
7
19
390
3103
2
65
16467
5914
116
952
31
0
1248
1452
7
0
5174
4685
611
2
57
10
3561
31
54
6
0
3847
4481
6005
3018
41315
22
16
8
57
30
40
67
85
105
347
150
48
211
556
5
4303
3937
20
0
844
6
146
2423
38
43
2065
7
8268
9
1950
6272
2
8
104
33
3098
17
136
6483
3
2917
80
217
553
7
0
343
1
4
29
98
443
1855
1222
6
64
266
60
252
3
1450
3
23
196
6
136
493
2
8
238
6
0
266
7
0
1855
73
32
1474
214
816
0
16467
5914
157
7
0
343
2
8
24
58
6770
767
38
11015
261
64
266
1
62
0
266
784
1
3
226
653
23
760
23
686
2
8
139
211
219
162
4965
14
166
4
60
252
3
325
217
1497
2
8
1610
13
0
568
36
7039
2
8
24
58
3278
41316
14
112
767
254
183
385
1
4672
226
653
4
1071
3
282
1
10009
112
735
2
8
15
1222
73
32
3745
12
30292
47
3031
946
2
5968
17
597
13
348
3
965
3604
338
203
12
10174
2
26
5183
1
903
1
2743
2431
31
266
816
0
6272
12
8268
26
6077
959
3
666
103
0
266
4
2830
456
3
1251
0
2753
26
203
29
443
1222
1045
64
3847
1780
90
343
26
238
6
0
266
73
32
214
816
0
12243
28
0
16467
611


