258
17301
17302
794
17303
17304
99
4934
122
2535
47
57
237
506
37
10579
57
871
17305
61
704
57
6505
10527
122
2534
3669
34
24
1072
10066
9
5361
1190
27
17306
8314
8182
4630
61
9115
17307
61
16923
17308
61
5285
17309
61
1863
3022
17310
17311
61
5
5171
57
17312
7815
6382
17313
61
704
918
24
3669
23
14
3232
57
17314
2876
2060
5
669
876
27
119
17315
15286
57
17316
369
704
361
4864
17317
91
17303
34
122
6348
17318
4759
237
506
27
17319
262
17320
17307
17321
14
4093
57
251
9
17322
17316
129
369
17323
34
17303
17304
37
267
871
57
10579
3483
5
172
4219
8314
8182
4630
87
361
17324
34
525
6993
13
17325
14
331
9800
61
1285
1634
331
89
24
402
9
3375
1605
1606
932
13469
27
119
15273
9
2033
9354
5
24
932
3022
87
8769
23
13460
2151
61
5
99
100
1950
76
24
1565
34
837
1011
494
61
4043
926
99
105
331
14
4688
17326
331
34
4239
331
27
331
187
912
752
13
703
64
308
61
64
6795
61
13
1119
13775
13
4297
24
8148
163
61
331
926
2206
13
24
885
27
2742
758
9
17327
23
24
1146
57
172
61
665
8182
4630
970
4838
17328
61
5
14
346
57
582
61
47
9
5
9
2467
1554
13
5408
17329
34
13460
10108
23
3023
13
17330
14
1245
3189
185
24
8148
27
5599
17331
262
8314
8182
4630
4227
13
6994
24
316
17332
926
5173
1015
13
525
474
61
172
5
13460
143
35
4824
61
926
1542
334
17333
17334
9175
61
502
510
4010
1778
24
6597
57
24
1605
1606
932
13469
9
14
5379
10713
351
502
641
935
105
1377
5690
27
331
187
912
449
1343
14
5272
912
562
61
5
759
308
129
648
183
149
237
17335
8148
163
2294
515
183
912
10901
61
17336
76
9653
13494
61
331
926
1520
27
17337
3022
9115
17307
61
6727
61
99
1717
525
2002
1778
14289
17338
61
502
2531
14289
2282
129
278
769
122
7497
1399
122
763
33
609
27
331
1003
448
369
4176
61
5
32
57
612
486
1949
24
3766
2050
13
1904
5
3477
1275
57
24
2282
646
61
331
926
1520
27
331
628
2342
100
5310
91
1508
3224
707
1016
562
27
331
3443
9
2548
3442
16923
17308
87
758
1969
34
525
2857
13
759
819
61
5
237
506
926
99
5071
185
14
276
23
11765
61
2604
289
7336
5748
14289
680
149
7049
23
427
61
5
16025
17339
23
1904
13
223
17340
17341
5
17342
61
13
4568
3225
818
358
718
13902
122
11460
5
12473
9299
27
331
17343
369
14070
17344
13
122
23
9
4773
61
5
58
24
897
57
122
7497
358
2354
719
64
14
8894
61
331
665
17307
2206
27
579
149
55
53
832
57
24
1435
91
525
221
9
47
4226
17345
17346
61
129
3564
9
7049
24
11010
27
331
628
2859
16184
24
17341
2928
17347
61
331
926
1520
61
5612
515
926
87
331
6262
331
449
705
17348
57
122
4851
27
14867
64
926
516
1030
13
198
13
1904
13
9682
525
2002
185
24
1675
61
183
37
373
401
1169
34
525
13
1018
818
27
331
187
912
2050
13
2191
61
3400
9
183
912
144
14
710
57
227
61
331
926
587
27
17349
4108
262
17350
17309
87
4013
13
24
2617
17351
17352
10081
61
502
2531
14429
17353
2282
27
331
628
600
391
515
24
712
57
2604
87
23
24
2282
61
331
926
1520
3443
9
2548
3442
16923
17308
87
758
9
1969
34
525
2857
13
759
819
61
5
99
100
2933
23
14
346
57
6279
9
10554
17354
18
24
494
27
17355
61
926
99
525
10310
185
7336
5748
61
502
17356
24
7649
5284
57
11765
912
5832
5017
23
3431
334
4747
61
23
24
163
57
14
275
276
646
27
187
912
752
13
703
64
308
61
64
6795
61
13
1119
13775
13
4297
24
8148
163
331
408
2354
1950
13
151
237
276
17357
61
331
926
1520
27
665
17308
61
12420
61
3428
515
637
926
87
331
4722
2928
10526
331
1348
183
726
13
525
17318
223
61
24
17358
926
17359
227
13
369
5303
926
718
3438
331
17360
34
27
331
331
628
2357
23
14
3104
515
5063
13
17361
61
502
5063
13
2175
61
331
926
1520
27
331
4347
24
7410
13
9114
4712
9
12795
6425
34
308
9
515
912
1348
1022
444
3602
61
652
183
5063
13
17362
27
331
1863
3022
262
17310
17311
99
2859
14
2157
7078
23
12487
34
635
7079
129
2296
13
331
532
122
10489
331
17353
9
3132
10502
17309
61
6015
61
1410
525
17318
511
821
2351
27
579
5
525
485
288
441
13
10414
122
82
23
17363
33
23
24
17364
61
5
584
13
14176
1348
2604
37
19
5832
5017
5145
133
27
579
149
147
743
91
4114
804
12421
655
23
14172
61
5
24
557
87
172
2079
27
17309
61
129
87
477
13
4230
1543
17365
61
23
334
7166
3841
57
24
2617
17351
17352
10081
9
14
1478
1435
502
3890
13387
5
1376
23
17363
27
331
187
912
14
1478
10081
61
185
24
1675
61
76
308
129
2540
5474
3787
1537
1284
124
17366
515
221
14
1842
57
5037
61
331
926
1520
27
8255
1950
262
5171
57
17312
7815
61
6382
17367
61
87
4249
13
3699
37
17368
61
5
87
9823
316
2002
17354
61
1744
17369
5
119
4905
17370
119
10081
87
17371
5794
76
17372
635
7079
61
129
516
244
4394
444
24
2539
27
331
628
600
391
515
712
57
2604
87
23
24
2282
61
331
926
1520
27
143
3867
13
82
61
1863
3022
17310
17311
2859
251
17373
3715
806
14
2157
7078
184
23
12487
34
7079
2
8673
2407
61
502
1213
542
14
513
13
8431
2786
23
24
163
57
4172
61
17374
61
4084
5
17375
27
4347
24
7410
13
9114
4712
9
12795
6425
34
308
9
515
912
1348
1022
444
3602
61
652
183
5063
13
17362
331
628
1689
361
644
13
17376
2208
123
24
2157
61
5
45
107
17377
91
24
1271
1060
57
2907
628
1850
23
276
61
331
1520
665
17311
61
129
2859
24
1565
76
525
583
2
6505
926
87
1094
10070
27
17378
76
622
1679
17368
61
665
17311
17379
24
17380
7078
2151
61
502
2531
14
1060
57
4846
635
7079
331
532
122
2534
10489
331
5
1199
122
5244
9
4372
27
331
1447
912
14
729
17381
449
24
7078
27
3779
7079
444
13
107
24
1345
57
122
2534
562
61
331
926
1520
27
2226
40
45
306
61
6382
17367
61
5171
57
17312
7815
61
99
1802
525
4759
13
2002
316
9428
2002
17354
61
1744
17369
5
119
4905
17370
61
365
57
502
442
17368
4070
33
89
122
125
2407
27
2281
665
17367
37
5942
1903
23
24
11783
23
2118
3623
3624
61
818
183
37
14
384
1015
13
525
474
27
331
17382
452
278
600
8523
13
846
61
331
926
1520
27
331
3779
43
5
2282
278
1903
612
1566
61
5
237
87
14
880
13
17383
122
5455
5
5057
245
819
13
1018
818
64
758
27
331
993
24
251
9
17322
17384
37
825
107
6426
14
17385
9
2453
6439
3561
23
1605
1606
1032
185
4386
27
246
119
251
9
15937
369
361
17317
34
122
17318
4759
246
9125
17309
61
17386
3022
17387
17311
5
5171
6382
17367
2535
47
24
2580


