251
701
4644
15222
540
149
13123
91
316
43
9
32
358
2193
34
4757
9
515
24
4872
13
1018
13445
14786
61
4948
330
3354
27
20780
61
4626
61
5
17440
18573
61
12164
61
288
1745
91
10958
20781
61
2265
61
5
3357
9
2033
20782
9361
61
18
405
3225
5
14
5046
8285
61
642
330
27
119
540
105
1969
20781
647
215
149
14
318
27
331
1312
183
13
107
1463
515
358
728
1629
76
61
1463
515
358
2193
61
4063
24
8638
1347
6076
61
331
330
20783
20784
61
24
540
37
18283
27
15393
9
20785
262
20782
9361
61
174
61
5
10958
20781
61
700
61
369
6903
57
8180
334
5829
15222
540
129
4872
542
13
1018
14786
9
18
503
2947
3897
5
14
5046
8285
119
20786
331
4552
8967
288
1142
1920
2272
91
1093
20787
18573
23
24
8744
57
122
20788
23
24
1032
37
20789
5277
18644
27
691
105
20790
185
122
2881
5
20791
61
20792
9512
27
972
16949
330
27
331
628
2168
14
1724
1920
237
296
2
707
2179
9549
515
926
105
719
185
24
2108
515
2495
105
1077
5
17440
61
331
1093
4629
11564
750
20793
655
2278
218
617
27
331
187
149
2236
8632
13
846
27
331
1707
1014
24
540
157
23
24
316
43
123
24
257
185
202
13
1018
3581
693
1145
122
82
27
3716
285
527
1348
17440
18573
433
32
57
24
3476
3108
13
1550
334
20794
57
3212
215
1142
23
24
3403
27
119
20794
5443
503
2947
3897
61
1489
13
24
15222
463
1840
27
396
7487
5
20795
525
13
897
61
5
525
17437
9
2033
583
149
13123
5
20796
76
14
20797
655
3108
13
1813
525
61
642
330
27
7794
262
779
273
10962
922
24
20786
331
1563
23
24
146
58
24
5829
540
37
8967
288
1142
810
564
183
640
262
119
20789
11447
11202
82
575
24
20786
1910
34
4757
11199
147
750
6460
358
105
719
20781
5
2276
111
23
24
5284
331
20798
515
257
27
368
387
1142
24
2081
5
3793
542
23
34
8477
27
331
691
365
3818
13
122
4915
23
237
7465
5
20799
1058
596
61
331
16949
330
27
20781
61
552
3246
87
14
1015
549
57
24
20786
61
105
970
4534
33
13
24
11202
58
1793
494
868
61
16949
330
27
396
638
244
377
834
20781
5
9361
61
552
6584
87
23
2603
6311
61
2193
621
622
27
20780
18573
105
3366
34
24
1032
20800
3789
61
575
18283
20783
20784
1094
10452
64
7163
7177
27
17440
61
129
87
4431
23
1857
2960
64
20801
61
105
3366
64
14
7658
104
14
125
320
27
119
540
2072
13
2786
40
288
24
9480
57
122
485
3401
600
24
55
13
5605
11460
1185
12473
2002
61
330
20784
27
396
19261
8324
34
759
76
24
643
167
24
1032
37
10996
709
9
20802
5387
27
331
9676
1502
23
1508
597
61
308
1018
244
4081
61
358
1018
244
1028
13
444
2933
61
331
20784
330
27
119
1217
515
308
650
2237
87
331
14
9735
13
129
707
8236
5
8852
288
27
331
20781
5
9361
288
2940
76
596
61
2056
5
2674
20803
27
187
149
244
3466
1222
358
105
20614
27
246
20780
5
17440
18573
288
1142
982
1920
2272
91
122
1093
246
1707
377
20782
9361
61
1526
61
5
10958
20781
61
2265
61
8192
13
18599
5
20804
24
5829
540
246
119
6903
9163
935
7673
2947
3897
5
14
5046
8285
2
24
82
246
119
20786
105
1969
20781
647
215
149
14
635
318


