258
463
464
3968
261
262
20234
264
61
916
1072
558
268
269
262
20235
264
61
916
1072
558
9424
262
251
791
11851
9
1805
1561
10324
3608
61
2006
20236
61
99
100
1142
982
57
14
7156
20237
58
1775
14
8955
2634
251
10324
3608
99
100
1142
982
58
334
8812
7152
20237
9
144
32
257
58
361
6903
57
2590
1857
7346
1391
91
20238
58
24
1972
4965
20239
13
4658
14
2947
20240
82
27
2006
20236
61
12279
61
105
663
3818
144
1267
505
13
2590
6591
13813
13
4658
14
2947
20241
16208
20242
9
502
215
105
16793
3138
149
2050
13
107
1129
34
5188
10324
20243
27
20236
61
2
24
1561
20244
61
105
423
500
185
2272
5
149
1142
185
4386
296
23
54
1536
23
9443
27
396
1077
147
23
320
61
20245
2916
2917
14902
8138
330
27
119
7480
105
100
11258
91
54
715
58
926
1142
14
8955
2936
104
122
82
185
2272
27
20236
149
4872
64
10324
3608
57
24
351
23
1072
1972
61
503
3133
58
24
2529
20238
4965
20239
1770
23
24
20246
57
4745
27
4338
5552
215
105
4936
24
20242
61
20236
7031
185
207
5
91
2272
24
2963
37
2964
105
1725
334
7707
8246
6923
24
10741
57
54
2947
20240
82
27
119
1563
61
23
24
20247
8671
20248
12007
57
20249
61
1561
61
20250
1413
16231
61
166
18807
61
14
2239
8766
61
14
19816
5
14
928
1547
61
1489
13
20251
27
20252
2960
3193
24
82
61
502
663
19123
14
15500
2510
61
149
4936
35
744
27
119
3225
87
391
13
278
799
2
20238
20253
61
502
590
17965
13
2407
1853
24
20246
492
818
358
44
20254
3024
4323
33
13
24
6605
5957
91
20255
27
2917
8138
330
24
897
516
45
1029
24
643
89
24
4345
7160
37
2074
27
331
9155
331
262
742
897
726
14
257
58
215
149
6903
57
12940
237
1413
9
8700
61
166
9
4549
82
23
20249
61
1561
76
2947
20240
11617
91
20238
58
24
1972
4965
20239
331
2015
23
3189
57
237
755
5
897
61
610
825
373
107
1950
76
24
4901
61
612
669
9
7133
2102
6155
765
5
20256
24
1779
20257
23
7444
14
2377
20258
57
704
4345
5342
20259
123
10002
20236
37
17032
76
24
4813
61
331
215
330
27
331
408
825
107
753
13
2684
1690
1834
76
4345
5342
61
5282
6591
5
20238
4965
3225
27
331
20236
105
3366
23
14
2381
511
23
20260
2902
61
2097
484
3477
24
1086
23
1561
27
20245
2916
4781
638
45
639
14
20242
105
100
4936
641
970
61
1348
24
8603
37
5139
20261
149
11250
23
24
7057
27
20236
6343
215
4936
24
20242
27
19050
76
5188
20262
61
215
330
215
149
3108
13
1018
54
512
34
24
5188
1348
215
53
24
10741
61
502
215
330
773
516
107
1129
11898
10536
27
16252
262
396
105
663
6343
12940
14
20263
61
555
20264
20265
20266
20242
69
1030
24
32
324
71
76
2947
20241
57
6591
13813
27
396
3138
183
149
2050
13
107
1129
34
10324
20243
842
215
3818
215
2831
45
278
4936
24
20242
2241
2957
14674
27
331
628
638
1399
24
11240
484
24
3822
61
331
215
330
27
331
187
149
14
3873
23
6463
185
707
398
27
331
20267
409
4934
358
1545
13
1532
24
4631
61
502
149
4936
23
534
27
331
187
37
334
3280
13
24
5188
13
278
515
20268
23
24
5188
37
3584
61
331
7203
5214
20269
330
27
119
10042
3327
14
1724
34
334
643
2
1779
7561
13081
20270
27
331
119
10655
18009
7773
23
20245
2916
4568
14
1236
5218
449
24
4183
57
20238
7346
91
819
129
278
309
1508
7346
61
331
20270
598
23
14
1392
13
20271
13984
2452
27
5344
262
20238
105
590
17965
13
2407
1853
24
20246
492
61
349
20245
61
818
358
44
20254
3024
4323
33
13
24
6605
5957
91
24
1972
4965
20239
61
324
119
2963
37
2964
4934
183
516
107
7444
334
643
89
24
331
19475
5
20272
820
10741
76
5188
5282
6591
20273
331
23
14
2327
5361
185
4386
27
162
891
61
10324
3104
4781
23
24
5188
184
14
1379
13
3320
24
6605
37
11608
2
24
4965
20239
27
305
24
20274
20236
4934
24
5188
105
1264
10324
4748
34
3094
5
1078
61
5612
262
331
187
149
144
334
5966
2157
61
5
628
1018
244
639
834
610
44
908
237
445
1462
506
61
15873
27
331
246
2006
20236
1142
982
23
1536
23
9443
257
58
1775
8955
2634
246
999
257
58
215
149
6903
57
2590
1857
7346
13
4658
2947
20240
82
246
2742
3818
13
2590
6591
7302
13
4658
2947
20241
16208
20242


