144
21404
25006
4305
29
61
3214
5
1443
3029
69
0
193
6
22442
940
203
29
881
37
493
69
1448
6
6172
20
5
286
7
407
970
4
432
105
2771
77
56339
6
1888
1484
2
15
105
2771
1
5
130
4
5
211
7
42
6606
4
5
4730
9
83
211
29
40
1410
4
33
12
106
2149
2
4305
29
61
3214
5
1443
3029
69
0
193
6
22442
940
1
37
10750
9
83
17781
2
527
117
758
36
10
12551
12
418
2646
56
36
10
490
146
278
20
64
2037
90
36
239
7
484
190
2
380
54
3020
44
180
0
106
3
161
258
940
10
91
8
285
8
31
1945
6
970
855
7
11924
4
14
108
728
43
20
759
2
527
198
4003
940
1
3123
1
5
1778
1021
28
56340
1
26179
1
22
16
8
104
2201
17
27
726
0
5468
114
6
1033
6172
2
89
36
10
170
12551
2
104
76
74
354
110
60
43
1265
2
8
401
940
1
38
941
178
126
12
27
220
1
10
490
3
1945
6
970
855
7
11924
105
278
113
36
2201
12
64
410
5799
4
4958
35588
855
494
197
522
468
4
484
190
2
527
117
161
27
16294
43
8
31816
8
3
0
2352
6
27
2803
114
44
43
41
1145
20
166
50
601
27
3
1682
2803
14882
2
6150
29
61
40
603
6
41
317
103
27
7623
2334
3
1695
16417
2
57
13
61
932
14
36
10
8897
6
3840
11
230
4
492
1753
11892
2
19637
16
1945
6
970
855
7
11924
113
22442
940
10
490
380
54
3020
36
10
210
12
21324
31
2803
7
3042
4
114
25
10
0
872
100
1195
76
32
115
3
586
0
6065
2
334
67
85
5
215
7
286
7
190
36
213
128
3963
4
807
78
0
117
36
34
8803
4
14
44
43
159
3
9659
337
1
80
626
1
1447
4
679
2
135
161
27
193
10
4253
4
14874
2
15
117
56341
0
8803
5154
31
5
3935
2
191
44
161
64
5227
807
78
88
44
21451
0
5154
2
15
3818
239
7
484
190
146
230
39
248
701
337
6881
2
65
737
5847
310
27
193
10
41
434
3
8803
2
57
10
210
94
3
5
664
343
1
1131
601
31
18162
6
1064
9
777
13786
3321
2
401
940
10
61
490
3
4958
35588
855
53
137
51
494
23
168
23
1945
6
970
855
2045
37
6819
7
190
6
0
1945
6
970
855
23
168
23
108
1448
1
0
798
13
8972
0
462
6
728
20
0
56342
56343
1430
3370
7
407
970
2
1114
5444
1
782
1074
6
10813
16080
2451
28900
1
22
16
8
104
29
306
28
5
245
6
75
17
645
1335
63
0
462
20
0
286
4
0
152
14
2181
29
40
7392
2
8
191
60
33
1689
14
0
1622
50
30
40
1122
13
8200
4
46
41
124
3
0
13187
2472
6
0
863
2
8
65
479
11
0
1193
22
16
8
104
58
109
3
311
1005
11366
4828
3
0
117
6
271
940
4
3148
11
1245
462
60
29
1459
14
271
56344
20604
28
56345
1430
3370
2
8
104
33
648
1129
3
1183
6
2834
5843
6
48
276
434
3
3119
106
5185
2
8
104
3148
56346
3
728
4
869
38
60
29
716
94
20
0
1945
6
970
855
2
8
674
149
5
1443
493
10
881
69
0
1945
6
970
855
39
0
193
6
216
1888
38
239
39
91
887
7
37
2683
11
146
269
363
0
5866
1917
26
65
130
4
5
211
7
42
6606
4
5
4730
9
83
211
29
40
1410
4
33
12
106
2149
26
4305
29
61
3214
5
1443
3029
69
0
193
6
22442
940
1
37
10750
9
83
17781
26
380
54
3020
44
180
106
3
161
258
940
10
91
8
285
8
31
1945
6
970
855
7
11924


