861
8268
79
5
333
347
184
1
2650
33
2415
3
8050
3681
2
281
66
352
6981
6
2657
23
5
1590
4
4588
6
8868
2979
69
5
925
18524
1
4939
6857
30
1646
125
44245
4198
2
15
179
4579
101
435
393
1
38
1614
44246
13520
1
13
472
21181
23
36
13314
888
69
5
4160
15106
11
5
16624
9
4
36
18
1305
0
6233
374
8618
0
233
17
21423
2
297
94
11
167
8268
4198
218
895
4579
101
435
393
4939
6857
10
4268
69
54
6
0
31608
3
185
2029
0
18700
236
178
1291
6
15
13043
6663
4
98
36
18
1305
27
4808
11
497
0
233
20
102
8
24
1614
1659
350
3961
86
25
10
228
1374
3
124
69
1452
23
5
15106
21424
15
13043
6663
438
163
1
8
22
4939
2
8
1188
58
74
1347
121
3
124
116
49
3
233
7708
86
25
10
228
1374
3
84
2
8
15
1068
1832
30
25425
27
3685
3961
233
11
777
4
31609
39
25426
17
9957
438
11
0
14395
9172
1
50
408
27
4268
69
54
6
0
31608
1
7
15079
6
0
111
695
2
861
27
225
31610
7
14490
599
6034
4
11435
17
2558
777
1
4939
1
575
1
5
994
9
3808
1843
6
0
312
163
1
2141
11
5
695
6
1374
1989
2
15
14460
3144
553
7
8868
0
1674
438
393
175
1421
143
9
49
3955
67
85
105
269
3
1046
9
4
0
1339
43
19716
2706
2
31611
16
15
1087
553
7
8868
4939
175
1421
143
9
49
3955
67
85
105
269
3
3822
8
139
233
13
4160
1
8
22
4939
2
8
24
322
5
412
9
12
15106
1046
17
3276
1
21425
1069
4
24801
883
2
8
6654
16664
1
4939
1351
74
32
3515
48
233
888
226
436
11680
2
8
674
70
1774
4
24
219
3
2123
3902
8
423
23
44247
45
121
4
95
21426
33
159
23
0
13770
7776
48
70
2
8
24
181
24
893
165
23
5
44248
18701
13770
114
24
351
17574
4707
241
24
382
369
1082
95
1809
1306
1007
28
9602
1
8
36
22
2
13659
27
148
6417
8268
4047
1
36
22
16
8
238
70
24
219
23
5
15106
2285
4
815
10
816
44249
6381
2
57
10
1822
6
5
7687
16104
7
22604
7776
28926
2
24
79
181
0
2104
4137
4047
17
44250
21427
13
74
199
5
205
233
2
8
25427
16
4939
1
575
1
5
994
3808
1843
6
15
13043
6663
1
25425
27
1614
3961
233
11
777
4
31609
4939
1
38
13
669
3
160
529
31612
393
1953
1823
1
310
14
0
6860
213
27
69
44251
9
1225
5851
1935
2
1217
54
70
69
669
142
1
1953
1823
30
4587
14
438
920
2180
29
369
383
0
8
15107
8
7
21
4
4939
6857
18
8
345
142
8
2
15
7132
9
83
6860
1
541
540
1774
44252
1
310
21
4
0
179
4579
101
435
393
1659
739
67
85
2412
7
11
5
2154
166
7
376
6
0
920
2
1336
7
37
772
17
2878
1518
1
0
44253
6860
4587
16
8
1772
6
136
573
13
2930
31
6920
2
828
60
84
13
154
0
44254
55
6
277
108
268
54
6
282
7432
2
8
387
18
40
0
15107
6
136
345
142
1
24
181
9
920
2180
2
104
382
617
518
1213
8575
1
9138
8465
1
823
1
513
21031
11215
2
104
352
500
4273
14275
20
0
638
9
25
18
44255
16277
2
8
44256
1954
16
4939
1
5
612
7925
12
4940
31613
1
3024
11
90
4
39
1989
15
13043
6663
30
1691
5
9051
262
150
97
1291
12
513
4281
25428
17
5
29935
231
3805
389
7
468
2
27390
257
1770
1186
3544
133
237
330
11
19
754
23
21428
1564
20561
7
139
3526
133
0
163
2324
5
31614
304
6
5238
23
44
15495
3
6628
7
5
172
20471
31
6973
6159
44257
2
15
1745
236
46
1291
12
2601
12
436
608
1
4
476
73
2596
49
12
0
87
146
17
5
9957
16
438
10063
30642
2
18266
178
13
61
720
3
718
12
9957
16
438
2
1978
60
352
157
3
1265
27
16
4939
1
38
800
3120
27
220
2562
908
11
7979
17084
1
202
1881
0
260
350
499
85
1595
674
70
18
233
16
4939
219
23
5
15106
3
2123
3902
8
2507
9
3349
8268
423
81
70
44258
1843
16
4939
131
27
315
1774
30
213
27
69
5851
920
2180
4
0
295
361
2412
7
4
1559
438
1529
1843
16
101
5
9542
167
2207
120
0
1811
4939
1861
36
2526
0
163
1
50
881
12
513
4281
25428
7
468
4932
1830
143
9
49
1807
3175
2723
840
4939
1
5
179
143
9
49
1807
888
1
10917
69
5
7486
21424
28
0
163
11
9957
438
2
8
982
1951
6233
4
5371
46
185
66
3822
0
233
20
102
1
17
79
5
305
1779
4
9414
1
8
22
3175
2
8
6164
157
647
0
4808
73
32
115
7
5
143
9
49
2103
62
116
17
457
14
66
73
325
20
5
3348
62
478
2
8
939
66
893
252
9
31615
25429
9
9554
8870
62
2484
9
31616
15093
53
5
4308
6
44259
4
5
28317
3774
51
62
25430
21429
4
18702
12227
9
44260
9227
62
31617
21269
12541
4
5288
25431
9
44261
9
44262
2610
9
44263
3379
20978
53
925
1
2547
1
3529
1
6127
4262
51
9
44264
1
3379
6907
1
4161
6520
1
8683
3774
62
31618
4358
9
15098
777
9
44265
5
21430
4
883
31619
2307
60
165
16
96
11519
14490
6034
23
0
9205
1512
182
152
1978
3
84
25
2262
3111
16
44266
66
33
141
12012
3
156
111
1729
66
445
256
31
3694
5
5127
1146
12
0
5639
823
269
90
66
2212
7658
275
16
17923
25432
125
25429
69
0
225
3
1014
5
1955
2
139
46
1207
0
1223
3
32
18306
4
31620
0
6446
20
0
267
6
0
1087
27685
99
883
3
177
0
412
225
4
3
429
6190
11424
497
69
0
143
9
49
7658
314
16
25433
1874
4
10520
14320
31621
15093
3
1014
1874
4
10520
357
0
225
20613
0
15093
3
0
225
1
319
5
31622
2610
3
356
0
15093
140
4
1014
5721
133
124
5021
4
181
63
129
212
21424
3988
213
92
307
2161
141
32
253
158
2
6954
254
141
147
7
1307
1718
4
21431
13
214
23
7388
1338
86
60
188
3
1605
48
307
2262
3111
16
31616
15093
73
32
1082
478
62
647
2561
143
49
3109
2
44267
21429
3999
17
18702
12227
143
5
400
99
49
112
66
516
141
325
25
4445
47
3111
16
9003
63
110
510
3
0
2366
11
88
3
233
109
48
4
2212
3
812
5
804
162
0
143
9
49
7658
463
16
31623
0
3276
249
66
183
113
66
188
0
3988
1
256
5
883
44268
12
5
838
2878
2170
4
147
923
3
1705
0
615
319
5
31622
2610
5986
1309
16
25432
125
25429
69
0
225
3
1014
5
1955
2
139
46
1207
0
1223
3
32
18306
4
31620
0
6446
20
0
267
6
0
1087
7658
441
16
16695
2070
14520
3
0
44269
6
0
225
5269
5
14321
3379
20978
6
79
5
333
3043
7942
4262
9
66
73
124
261
28
7710
1007
3109
62
2561
143
49
1837
9
4
5
13665
62
3379
6907
3
3659
16695
2070
14520
182
0
1069
1
18703
4
0
1958
2
308
188
3
228
25434
113
0
1492
5077
13
11
48
2262
3111
16
9003
6
5
10025
47
225
56
500
48
4
688
4
13273
14
233
307
7658
483
16
25433
5
44270
1955
14320
5
2547
14321
3379
4
5
13665
4
21061
25
3
1014
37
158
1955
7006
308
73
61
5999
1569
1061
140
0
7942
15737
319
20445
4262
3
1014
5
44271
233
2262
3111
16
12079
55
5
3047
2902
90
66
454
3
2488
12
50
4262
147
237
386
7658
399
16
31624
3276
5269
914
925
15510
4
5
13665
1
5999
0
12476
3988
4
143
25
16203
308
73
1684
156
5121
17
5
4161
10170
1
45
44272
4
28326
355
5
67
14698
21424
233
133
25
171
141
233
253
1595
307
2262
3111
16
7344
13
67
323
307
8111
8602
16
21432
7
0
3276
17
3988
9227
50
66
73
124
28
2561
143
49
3109
1
31625
25
17
5
3379
6907
3
1349
49
7
5537
7658
691
16
44273
1250
6613
77
0
16696
4
6130
17
5
6127
62
3529
25435
319
5
31626
3
228
25434
217
1250
308
929
7153
323
3
355
0
1061
5
7823
233
2262
3111
16
9404
557
184
28
0
2377
86
66
73
177
2979
3157
699
85
30494
12
54
329
7658
802
16
21432
0
3276
21432
7
0
3276
17
3988
9227
50
66
73
124
28
2561
143
49
3109
1
31625
25
17
5
3379
6907
3
1349
49
7
5537
31624
0
8799
4
17690
17
5
908
6
30541
18704
1
1075
0
3276
4770
4
5
499
5452
3047
308
73
165
77
0
3276
17
5
8683
3774
62
31618
4358
86
0
3047
254
141
389
2262
3111
16
308
73
143
212
220
3988
9227
31
14629
31617
21269
12541
17
5288
25431
7658
870
16
16695
777
44274
2558
777
12
3
0
3276
3
355
25
5
67
44275
233
308
73
61
18139
0
777
1095
0
225
17
5
44276
11
5
67
14698
25436
233
4445
47
3111
16
9003
63
129
212
2366
213
42
709
4
256
14
3
2428
129
66
171
3659
0
777
4
113
3
2
590
1597
1
5
11422
3988
46
233
410
3
5
615
7658
259
16
11588
0
883
20613
5
305
31619
4
99
21430
0
883
7
10866
18705
17
44277
3
3822
0
19337
233
2262
3111
16
25352
8602
4
9920
228
143
0
233
1
86
2428
850
28
212
1482
3
212
883
7
212
3157
16657
2
18706
3
177
25
28
0
454
218
15417
49
12
44278
275
9
441
6
15
13043
6663
1
1237
9
456
1
17
9957
438
2
18266
483
3682
209
2
4623
4939
47
9205
20
44279
26
4939
1
575
1
30
40
1015
3
5
44280
9172
26
21433
4808
12
129
3
124
233
20
102
26
7991
25
10
1374
114
36
1614
829
3961
26
139
70
46
165
23
5
15106
13770
6655
26
7991
1953
1823
30
213
27
69
5851
920
2180


