2843
209
4979
5
3539
31
519
2221
367
3
2986
1051
11
0
631
837
1725
31
12339
134
153
2
15
1725
18
7858
1
1253
16648
1
22
48
46
185
2843
143
16649
7
0
2175
3952
7269
1
113
5
996
1613
13
1502
11
0
31289
2
360
1
2843
76
32
25215
97
189
9
960
7269
14076
18613
1613
7
2699
39
92
43
100
12022
2752
7
0
857
518
18
10232
70
1880
2804
2
297
94
11
167
15
1725
18
7858
1
1253
16648
53
137
51
1
22
14
2843
30
116
16649
7
0
2175
3952
7269
9
113
5
996
1613
13
1502
11
31289
9
262
0
1146
795
6
43518
15
837
1725
22
48
10
100
19602
7
1988
1
4
44
29
41
602
14429
18613
453
62
0
1725
18
12081
23390
31290
53
43519
51
1
50
13
7
0
222
1081
2
15
201
18614
1261
1880
2804
1
61
1358
2815
11
2326
5
1613
3
9268
18
3639
5393
1
4
0
1725
18
4937
21300
1613
53
43520
51
2
1100
367
18
3157
201
441
10360
631
1880
951
902
37
24049
6081
162
3306
9
2672
2271
1
337
11
0
837
1725
12526
3
1499
357
30726
1718
2
8
519
367
13
17498
5
10232
70
2699
1880
6
201
18614
1261
3679
11
2843
1
533
12
0
1710
16324
0
1723
30
116
7
1249
18
837
1991
77
0
424
231
82
1
8
16648
22
2
2843
76
32
25215
97
189
9
960
7269
14076
18613
1613
7
2699
39
92
43
100
12022
2752
7
0
857
518
18
10232
70
1880
2804
15
201
18614
1261
1880
2804
1
61
1358
2815
11
2326
5
1613
3
9268
18
3639
5393
53
137
51
1
4
0
1725
18
4937
21300
1613
15
3627
2843
1880
13
49
12339
134
153
2
15
9944
1880
453
50
1358
2843
18
678
3
4683
1346
37
4937
62
5
9877
6
37
4937
4
5875
25
2517
3
1177
11
9944
31
3870
453
1512
5
10103
11038
7
2815
2
89
0
985
647
0
3157
9944
3539
33
1185
2
15
367
951
58
210
67
279
69
2425
9
2576
1356
9
3428
837
1128
241
355
5
3123
134
153
1051
2953
3
279
482
3
747
2148
3
1682
6817
3
4014
3870
3
0
1147
3655
3292
241
4
615
31
743
406
134
153
1051
3
1349
0
208
394
425
3428
4
3642
3
1256
3870
2
2271
7
0
424
30
615
0
813
18
3627
1051
12
0
747
2148
4
1128
4
10926
0
1051
12
0
394
425
3428
4
3642
2
15
813
18
19841
134
153
3627
1048
7
2843
2644
1051
13
19
87
3627
2953
7
14
5813
7
146
82
2
57
18
61
0
87
3627
2953
7
82
7
10521
108
10317
2
57
1358
1176
279
11
5
10822
10148
21301
14076
4
921
2815
11
37
12023
10150
1613
3
9268
18
3639
5393
2
89
0
1192
1176
2644
1051
1110
3
625
1177
2
367
18
1880
58
615
31291
774
406
134
153
28
1043
1051
4
10613
2843
18
9406
1051
31
575
134
153
2
57
61
2731
24656
0
1717
1051
3
1349
0
77
9
1880
2893
9
1261
6203
523
4189
3655
16650
1
50
46
1117
2851
0
25216
3655
16650
4
13
1973
3
1291
7
5242
2
8
387
18
5
272
9
1261
9
6203
1048
77
81
70
18
14270
1880
1
4
25
13
5
536
1651
6
1697
7
66
9
0
2564
6
2843
9
4
0
9693
9944
1991
66
33
21302
2
8
16648
22
1185
1061
6
1364
11
2843
33
3098
3
2339
5
43521
1613
3
7269
1
23
168
23
2326
4337
3555
3035
21303
2909
735
11
37
4937
21300
1613
2
8
104
29
1459
418
10281
14
76
32
205
5469
4
46
143
5
595
760
12
5
2465
3149
2
8
16648
61
3834
12
5
111
1613
7
0
926
11
9268
1
45
498
333
985
2
8
5493
3
0
594
1
60
352
1329
5
1613
3
7348
9268
18
9403
3639
5393
1
20709
9766
48
3115
4
1076
3952
0
208
6191
6
136
147
2
8
101
411
1
2843
482
5
1261
9
6203
3555
9
3927
5201
180
31292
12
5
178
9
70
2175
3
9268
2
31292
1
50
171
2855
7
600
2699
1
10
881
79
77
64
347
39
0
368
837
11511
1613
945
3
1177
4
0
7132
1991
10
25217
11
205
2
15
846
3655
3612
369
30
37
10148
5201
7
0
926
3
7348
9268
18
9786
43522
1
173
5393
2
15
9268
43523
31293
9739
1
62
43524
1
46
32
881
7
30981
1
2673
20
9268
7
31294
11
5
1613
4054
105
82
2
15
3627
2843
1880
13
49
12339
134
153
2
15
9944
1880
453
50
1358
2843
18
678
3
4683
1346
37
4937
62
5
9877
6
37
4937
4
5875
25
2517
3
1177
11
9944
31
3870
453
1512
5
10103
11038
7
2815
2
89
0
985
647
0
3157
9944
3539
33
1185
2
15
367
951
58
210
67
279
69
2425
9
2576
1356
9
3428
837
1128
241
355
5
3123
134
153
1051
2953
3
279
482
3
747
2148
3
1682
6817
3
4014
3870
3
0
1147
3655
3292
241
4
615
31
743
406
134
153
1051
3
1349
0
208
394
425
3428
4
3642
3
1256
3870
2
2271
7
0
424
30
615
0
813
18
3627
1051
12
0
747
2148
4
1128
4
10926
0
1051
12
0
394
425
3428
4
3642
2
15
813
18
19841
134
153
3627
1048
7
2843
2644
1051
13
19
87
3627
2953
7
14
5813
7
146
82
2
57
18
61
0
87
3627
2953
7
82
7
10521
108
10317
2
57
1358
1176
279
11
5
10822
10148
21301
14076
4
921
2815
11
37
12023
10150
1613
3
9268
18
3639
5393
2
89
0
1192
1176
2644
1051
1110
3
625
1177
2
367
18
1880
58
615
31291
774
406
134
153
28
1043
1051
4
10613
2843
18
9406
1051
31
575
134
153
2
57
61
2731
24656
0
1717
1051
3
1349
0
77
9
1880
2893
9
1261
6203
523
4189
3655
16650
1
50
46
1117
2851
0
25216
3655
16650
4
13
1973
3
1291
7
5242
2
2843
22
14
25215
18613
10
41
602
207
7
1988
4
44
29
602
3
143
5
595
12
0
14076
26
201
18614
1261
1880
2804
11
2843
13
12339
134
153
49
28
81
70
26
2843
7858
1
1253
16648
1
22
1725
10
12
4191
3
7269
26
43525
13
61
1041
11
2326
5
1613
3
0
3639
5393
26
2843
13
5623
125
3412
12
5
594
4937
21300
1613
26
221
13
100
2815
11
18613
62
0
12081
23390
31290


