144
7629
22159
674
3467
20
52030
14269
12
15597
405
411
238
6
299
47
237
9
330
5840
6341
1
11971
1
30
2837
69
1723
11
0
200
71
7
64
82
2
871
31364
1396
33
20
759
112
5
7303
73
41
32
115
3
1663
0
52031
11971
4
16932
16840
1837
4
0
52032
26660
647
1917
1837
2
15
839
13
0
200
11386
7
64
230
12
0
899
824
2
380
506
8409
2562
1962
2363
47
34523
0
35
590
52033
911
2
11772
278
16
5523
3510
1396
43
182
1350
39
0
1040
6
5840
3109
11971
4
16932
16840
2837
69
1723
2241
15938
10
4334
7858
6
11971
2
14372
1179
52034
22
16
35
104
46
722
3
2383
0
1837
4699
60
2806
5
7303
11
80
62
196
6
0
656
23
5
159
1976
2
35
11971
4
16932
16840
29
1667
5
15279
7
5383
23
5
768
6
0
717
2364
1105
2
35
139
30
40
23902
31
0
52035
6540
1431
7
612
347
50
3691
7
3070
1385
357
111
2025
52036
1553
1040
16976
1
11971
4
16932
1671
91
210
69
1723
7
746
56
14833
6
97
18166
1837
1619
15
656
87
219
69
1723
7
746
4
15938
10
180
7
2
28793
298
16976
3243
7
0
8738
4
14833
6
18166
1837
43
2296
2
5394
15381
1
782
1074
6
0
181
9
3734
3182
11
52037
1
22
14
119
11971
13
79
54
6
169
5717
1418
4016
1
0
2840
4671
19507
20
0
917
6
2385
2
19505
0
169
5840
12373
6
8528
1
1392
8393
309
19
7135
554
298
2
8311
8393
1288
3142
3578
801
3
35
19700
0
8393
52038
7
18650
14
87
532
7
52039
7
0
10347
4
23534
4299
2
15
298
47
14975
9
31
9
1623
451
7213
14
25
786
35
0
353
47
2092
52040
20
8393
47
52041
52042
2
101
34524
1
68
8393
1115
0
8311
8393
52043
926
1
1093
3
233
67
109
5
425
264
260
85
5
3993
2
15
298
15849
3
0
5051
14
7
9215
25
10
1082
31
2268
5840
298
16976
4
116
0
839
47
6080
1599
2
101
954
1
16976
133
50
34
40
3977
7
19181
31
32064
34525
1
5
4398
9
83
1198
13292
133
4782
823
1837
28
2837
5221
52044
4
52045
88
23
11971
2
89
7
746
1
16976
210
11971
4
97
108
1599
16932
2944
69
1723
1
17
14833
6
97
18166
1837
1619
94
2
15
2600
8717
1837
43
1082
31
1043
11971
1040
509
34525
1
179
1468
6
16976
4
5
31821
6
97
2654
2
35
139
13
141
79
37
1525
6
0
8705
23
125
445
34526
36
22
2
35
15
10157
29
40
94
3
5717
41
1547
69
242
2890
2909
4
371
1486
56
0
1869
10706
87
309
9492
2
35
89
48
13
141
5
7179
1597
6
5
5221
159
69
1723
11
0
87
11747
36
176
2
35
15
1164
44
29
732
311
13
14
9163
1486
3
0
8633
656
29
141
40
116
2
35
52046
4
4457
171
32
4540
3315
4
2901
390
3
18474
90
25
13
253
26542
299
47
6056
899
824
6341
29
40
2055
7
612
187
23
11812
1874
6061
69
4280
10860
2
15
4614
5882
2955
13
248
5
3999
1593
12
299
47
5717
2
15
3996
722
3
13254
55
7
8066
1837
199
23
7064
4
7451
1
119
504
9
49
3904
23976
7400
6341
2
2241
1068
1962
26659
61
592
109
25
10
1453
3
0
17223
1
45
805
3
3498
3893
25
13
7
2243
3
2296
1887
1837
2
15
34527
1
50
30
52047
26659
1837
4
52048
25596
52049
3109
1
22
16
35
104
722
3
2651
136
1715
9
22229
6319
4
678
1
17
100
3328
204
20
48
52050
65
10758
6
108
4280
1701
133
173
11970
1
12733
4224
4
4658
1854
133
33
61
273
3
32
2055
2
26
52051
15938
131
1837
46
722
3
2383
119
25
13709
5
7303
11
80
62
196
6
0
656
26
52052
2025
4
615
9
968
2944
786
7
7217
4
1837
109
155
6965
3
2840
26
15724
20384
1
50
3930
52053
1
3485
1403
49
11
1078
39
1016
968
20547
26
7584
64
187
2184
11
2055
11970
1
12733
4224
1
4
4658
1854


