258
4577
2905
2939
377
14
26976
9
2033
1605
1606
111
129
105
100
34
1413
494
5
7682
13
2604
58
361
2940
23
1972
76
7455
14
318
23
2603
1605
1606
61
99
100
1062
23
3440
27
119
42497
2916
2963
37
2964
1520
20483
16270
99
100
2074
54
227
1330
32
57
29248
37
1857
13387
5
149
319
89
2946
58
3431
445
14
1669
1750
104
14
941
1709
27
8861
377
16270
149
2940
76
7466
5
2958
3219
4975
23
563
1972
61
1348
215
1910
23
24
12604
7989
57
2461
27
5711
3555
20483
16270
61
3983
61
105
100
185
24
1876
647
1972
5
87
1094
33
23
2946
58
4948
433
47
13
158
23
14
941
1709
185
1750
4338
54
2947
5430
7988
149
717
61
16270
7682
13
54
4448
29248
61
575
215
149
13868
57
14
4929
320
27
4338
16270
734
61
2963
37
8001
17970
13
24
4744
8328
52353
8027
1742
52354
6460
288
644
13
2073
54
3612
13
29248
5
24
2426
5788
27
691
2075
4023
16270
61
14
5087
23
29248
61
149
8789
13868
57
24
52355
7628
27
187
149
244
15269
484
54
52356
139
433
47
76
158
5
20385
5219
2604
1341
23
744
555
515
16270
149
14
331
25941
2
3622
27
331
52357
262
251
5014
8672
13878
16270
185
1347
1533
1517
61
40
215
105
253
7682
13
54
4448
29248
484
215
44
7940
24
1517
5
497
24
8789
13868
57
24
52355
7628
27
999
57
29248
37
2704
1857
13387
119
4144
330
16270
149
1545
34
722
3743
6849
76
316
272
27
119
3830
663
784
24
42497
2916
2917
37
2918
8246
76
16270
37
858
40
215
5910
13
1876
24
320
27
543
442
2
24
4744
8328
4450
9622
15210
61
6460
1142
133
16270
149
917
23
941
185
1750
61
575
215
149
36750
1348
215
2168
445
24
1669
27
2380
5594
47
76
24
3789
57
4809
61
3789
57
3850
37
2918
57
4450
7790
5
24
42497
2916
7681
10824
37
2918
13
221
122
1454
27
16270
87
949
9104
33
13
24
2426
4715
575
24
2917
912
2964
1520
215
825
855
1793
5671
2674
3219
17271
1517
5
334
13300
24
12721
57
14
318
2479
27
9360
185
54
680
262
16270
825
1094
107
11669
33
13
24
2426
4715
575
215
825
855
1517
57
3743
2943
5
5994
7988
246
20483
24736
16270
61
3983
61
149
6555
185
1750
104
334
1709
23
941
1709
246
396
7682
24
4744
1413
494
505
23
1972
1413
494
58
215
7682
24
2426
4715
58
215
149
13878
185
318
3219
1517
246
396
7856
54
880
89
3360
334
13868
57
32
57
24
52355
320
23
29248
246
4744
5
1611
5459
3366
13
8065
158
1348
183
149
1969
215
516
107
7520
23
24
1428


