144
15814
1583
1772
75
1347
3
325
5
5873
6
1451
20
0
267
6
0
11527
9
41
5
5524
6
42964
2
31037
15790
780
261
5616
4746
12
710
23
0
676
9084
25066
42965
9
42966
69
0
663
23
44
6730
381
28
42
4110
4164
2
12456
5
13254
5615
307
65
5749
13
214
500
5
8413
7
0
18060
6
3649
1363
42967
7
1134
9263
16
238
5749
8
6730
8
5
11527
55
6
97
42968
42969
43
1148
7
234
4007
16230
4
1134
660
15
3039
8097
10
6459
162
0
21210
6
381
1
1298
5
2893
9
5614
12707
1593
4
2320
0
6414
6
5
11527
2
15
11550
7299
43
1397
12
611
23
44
9185
1328
5749
1559
6632
6944
103
0
1742
6
1249
9
7
4007
16230
1
2310
4
1134
660
2
11091
6753
1397
0
1926
3499
23
0
7299
21211
7
0
2872
103
4007
16230
2
68
6753
22
16
8
15
11527
224
23
5
1046
2583
2
24
4276
24
10
79
7
1939
0
122
242
20
0
122
71
23
0
7299
224
49
11
663
2
3514
1374
218
15
7299
33
214
7
0
381
17
5
11527
9346
13135
12
5
163
307
238
5749
9185
373
3
5749
15790
28303
307
15
7299
2671
0
5453
8
24
361
2608
4
24
29
6259
3
169
1877
140
0
172
9
45
48
10
1131
54
6
0
148
13712
457
24
29
214
2
8
308
33
344
3
124
128
373
3
88
4
25
1181
44
33
79
23
11550
63
282
23
60
33
63
88
2
8
89
119
0
7299
33
7359
3
7348
0
6944
1
44
3006
5
2463
3
0
3451
5692
4565
38
73
32
11818
31
0
2121
18
25067
2
6672
1645
7457
42970
176
16
8
238
6
0
7299
24
29
4921
13
330
23
240
1817
31038
240
114
6
0
1038
3
97
42971
31038
2
8
191
892
0
709
13
16557
25
6677
23
5
2705
7777
14
24997
252
3
32
240
5749
13514
240
2
8
104
252
3
3023
94
4
764
55
6
0
4191
6
7299
86
60
73
722
3
702
88
4
1659
0
1338
5749
2085
9
7234
2
8
26
31037
15790
780
261
14710
4746
12
710
7
4007
16230
4
1134
660
26
13482
8097
10
6459
162
0
21210
6
381
1
1298
5
2893
9
5614
12707
1593
4
2320
0
6414
6
5
11527


