40473
22594
24236
308
23
24
1428
9
5
515
346
87
5726
36186
40474
5
6611
6247
104
10806
6423
13
4204
24
531
258
7329
941
261
262
40475
264
61
890
534
558
268
269
262
40476
264
61
890
534
558
40477
24
1920
8151
57
40473
87
5572
23
759
8888
57
24
4382
13
444
24
322
358
2296
27
1585
61
24
40473
8930
369
2590
24
5539
1272
13
442
4568
10093
57
24
4382
9
3924
752
18
739
1348
308
1099
107
5049
2670
34
24
55
227
23
454
5
3043
3787
23
2726
27
397
398
57
24
531
61
9339
1155
64
30162
40478
5
259
40479
1221
1539
40480
1569
40481
40482
1221
825
614
122
3392
739
7966
185
14
40483
6697
2065
3443
9
24800
3442
36186
40474
5
1543
5199
27
521
159
34
6465
1446
262
1543
5199
61
36186
40474
5
10630
5
40484
40485
6247
104
10806
6423
902
13
442
4204
24
8885
531
40473
370
22594
24236
308
23
24
1428
5
515
346
87
11622
5726
61
818
183
149
76
515
23
1027
515
36186
5
24
3463
5856
6247
104
10806
6423
237
296
13
4204
24
531
27
36186
61
3022
57
5176
1045
119
13031
40486
61
5
5199
6638
405
57
122
3392
739
7966
27
36186
2325
449
37310
76
525
3246
1687
40487
655
24
3463
5856
6638
14
679
449
1849
688
24935
2
320
159
13
5919
23
227
34
14
485
739
27
40488
262
36186
750
4900
57
525
3392
37306
76
525
3246
4050
262
119
531
2971
2002
5
5542
34
372
129
5336
122
2670
1099
107
776
691
288
1899
91
10630
40485
61
129
763
76
8885
61
5
715
14198
13
4204
24
531
739
13
8682
91
8952
14
8926
3689
38668
185
24
5868
890
1496
27
36186
87
16500
308
1905
82
34
739
13
2391
133
34
8151
515
14
1689
32
1099
107
2797
76
8885
27
36186
61
552
3246
331
40489
331
99
8885
61
330
262
1687
1003
3392
739
4567
87
705
739
610
1949
76
707
3246
27
331
579
1129
13
26432
1411
703
5
612
1630
5
705
506
610
288
539
1487
13
278
525
149
3924
10636
27
331
1134
739
610
1028
308
13
3204
703
449
122
3392
739
4567
9
183
718
107
13015
61
5993
61
10132
1185
4238
27
331
7945
14
4567
185
14
2418
57
2886
61
1550
14
858
5
15166
2590
4182
40490
1185
2951
104
40491
9831
40492
27
6967
5936
61
1702
3988
104
8893
912
8930
330
262
1687
739
87
14
227
1348
775
129
1099
45
850
621
622
704
506
799
609
27
331
816
723
369
3573
449
851
2534
1185
14
1689
32
912
4567
1185
1019
358
2290
278
8885
183
912
752
13
639
515
646
87
442
5
2002
787
27
331
1134
506
723
718
4180
5542
5
1366
185
24
3207
1185
1724
612
3052
8926
25426
27
331
727
718
663
748
8681
24
11556
57
3360
1533
8885
832
91
19536
851
2975
23
3360
14
8885
549
27
331
3463
5856
1543
5199
359
262
40493
87
32
57
24
2511
2524
5860
612
5402
902
502
87
1607
628
807
24
8926
4525
5
1835
14275
24
8926
3689
3634
27
331
1447
369
253
2707
6589
308
23
327
76
8885
129
2296
2002
61
40
919
57
4606
57
542
369
1013
4001
5
369
1013
3880
24
442
358
2296
27
331
408
1099
45
1028
13
1019
449
8885
104
739
227
61
40
23708
24
8151
57
8885
64
387
64
358
56
87
24
512
880
13
442
612
486
5
485
151
24
7966
358
221
34
64
402
64
1243
27
331
1031
912
1607
628
2357
9028
24
739
13
8682
531
5
16500
421
13
614
122
739
7966
27
331
258
1950
609
13
4568
10093
57
24
8151
610
718
2732
237
14433
4751
5
221
739
14
12924
227
34
40494
5207
13
8893
912
8930
3052
8926
25426
5547
91
14
188
409
58
739
61
3096
57
1508
2403
369
2
3573
2670
27
119
346
13
1724
87
40495
40496
40497
27
2186
369
24
1920
8151
57
8885
778
8926
87
45
14
414
3582
40
14
1060
57
25806
1515
91
1187
13
24
8491
27
119
25806
2581
262
739
718
107
14
821
5613
227
34
308
76
8885
69
4602
91
1540
71
40498
26029
189
27
408
704
9500
575
610
278
1399
612
1183
1185
13
6823
185
14
843
2
227
13
227
27
842
1348
4567
3071
56
13
12648
76
257
13
257
562
61
1185
1222
1920
7966
1510
3468
13
2422
1284
1533
3291
5303
61
237
44
107
334
1920
1862
57
8885
27
40498
5554
2372
1185
36900
61
1185
768
183
1131
13
4180
9509
1185
3484
40499
9928
17907
61
25826
1185
6725
449
4567
189
61
1185
1634
4314
61
1347
1348
23
14
1629
40500
2831
1463
1018
1222
358
369
3573
449
14
1689
32
912
4567
816
723
369
3573
515
1463
1099
278
8885
61
1812
5
2402
542
13
3613
122
10332
13
444
14
6124
23913
27
8893
37
8930
15680
5533
185
834
13
4568
24
12093
57
8885
76
14
1689
32
27
3779
2581
262
40498
11766
841
9
14
23913
718
748
308
1167
13
24
442
5
2002
358
2296
61
1185
24
10332
718
442
723
11685
133
8885
5
3163
622
25806
27
40498
5591
6520
57
14646
515
278
2168
723
3573
27
3587
10586
825
442
723
13
8431
8681
23
14
3466
5
1189
40501
5591
4149
183
37
334
3098
6529
5
107
14
692
15203
27
40502
24
1066
13
7780
122
11149
5
2030
1007
76
8885
104
739
739
718
107
14
821
5613
227
34
308
76
8885
9
2
24
5299
57
5121
76
5645
9
16881
12930
34
11104
13
24
40503
57
2074
24
257
23
14
2453
5
6120
13401
1563
27
8893
912
8930
99
2589
405
908
5533
34
722
14
5616
76
8885
237
739
262
40498
8553
206
262
816
24
1563
87
13401
13
851
5616
61
933
13235
185
1161
44
442
1221
34
5127
61
24
4549
61
24
3403
27
40498
10323
449
451
262
221
4149
723
996
10123
185
5
1161
3724
818
24
1066
76
8885
87
1511
5562
13
444
4314
1222
358
2354
47
104
2356
27
40498
3672
1013
40504
851
5616
912
19340
104
4545
227
27
1477
3096
308
1406
14
1842
104
739
61
14
1751
19340
718
107
2471
16024
34
1463
129
99
18830
986
27
40498
10323
57
405
4328
24
1066
1099
4199
2931
23
40505
4071
27
28732
13
8153
308
23
851
2534
4328
61
1155
64
1867
1185
40506
816
24
1563
11590
821
435
61
40507
14
331
995
1547
331
5
12830
45
13
2995
7249
1185
2970
13
4162
23
646
27
40498
187
2290
107
3635
34
24
1066
13
11909
40508
1221
183
912
692
13
1018
1465
13908
76
622
308
40
3706
663
14936
365
1027
5
1816
27
2994
262
36186
2531
4204
24
331
739
13
8682
331
531
104
10806
6423
820
246
40473
22594
24236
308
23
24
1428
9
5
515
346
87
5726
246
36186
40474
5
6611
6247
104
10806
6423
13
4204
24
531


