187
149
6581
13
107
14
14436
2356
23
61
76
316
635
3037
1667
7249
5
3632
14
2795
27
842
24
4896
46658
133
57
1123
1348
8182
12211
5
27273
52451
26673
185
166
2844
57
928
5
2291
47
27223
23
24
4324
27
119
7180
1770
58
358
7298
2786
133
1221
1775
122
316
3059
5253
2574
810
27
3689
27273
52451
69
174
71
5
8182
12211
69
700
71
105
10884
166
2844
57
928
484
1775
122
272
1707
288
289
13
24
1563
57
2976
9
2033
12211
5
1142
525
5
52451
61
6324
61
38413
22246
621
622
61
7283
5
2397
122
7935
1145
27
14749
5192
2168
89
24
1563
218
14
55
9
674
3036
13
1714
24
272
61
1519
144
2195
454
5
1371
454
27
119
3037
61
2
52076
61
6084
61
288
330
13
107
1687
52452
57
7157
5
288
1145
166
607
24
2795
9
1608
9816
27
17456
382
12211
5
52451
61
14
791
2526
2439
20243
798
61
288
6555
5
417
1085
3254
13137
58
5552
318
4702
27
10468
40538
2959
61
1834
76
24
597
6380
61
944
52451
105
3793
525
3059
13
12211
912
82
185
891
1371
818
24
2282
44
2995
7249
5
614
405
928
27
842
358
105
166
2844
1411
542
484
6442
13
4652
405
11232
2
52451
912
1563
104
2978
5977
61
1775
24
3046
23
122
52453
27
27273
52451
69
174
71
5
8182
12211
69
700
71
8988
104
10468
10943
331
943
5
3818
318
4702
1307
358
743
358
288
7298
133
358
289
122
448
129
1143
642
5
434
5192
104
36314
1221
40
459
621
622
34
24
22915
27
52454
6004
61
10955
61
330
262
1687
3779
8696
288
2278
76
32
2276
23
24
4324
27
2281
5546
330
358
105
100
3181
5
288
7298
133
5
316
635
272
288
2574
810
27
2281
8696
288
17489
11282
13
32
2276
27
1687
999
318
44
107
944
1008
27
119
8696
288
23
709
2250
1779
13
107
13923
34
24
6680
162
642
5068
24
1047
3818
358
105
423
133
5363
646
149
709
29052
27
119
2959
944
12211
105
1195
100
20906
91
642
1348
525
318
149
166
454
61
18
14
8851
10020
76
525
935
4501
27
1042
3509
2465
1369
330
12211
1687
1308
1013
639
1348
13
52455
1348
3181
5
105
1642
11405
34
24
2536
27
8182
12211
149
3218
13
2265
3133
23
5672
1085
34
2195
454
34
1775
525
1093
2574
52456
52451
61
5692
1838
330
262
1687
187
149
14
3242
17159
27
579
99
4312
515
926
1399
525
318
23
7749
27
1687
408
369
11248
449
1114
146
1184
119
318
99
45
52457
7681
3255
3918
45630
750
12211
262
1687
628
1018
1013
2294
496
723
648
723
288
2931
27
119
3700
11556
23
237
1146
87
14
318
1184
27273
52451
61
6324
61
149
3218
13
2213
3133
23
5672
1085
34
14
506
76
2213
751
3754
3023
8182
12211
61
324
23
32
57
14
346
57
331
18271
331
3818
926
5564
13
13207
5
87
722
322
119
6558
750
27273
52451
61
6324
61
926
105
2168
183
331
10492
286
331
1348
926
174
525
1093
2574
23
24
1563
1613
486
52451
69
174
71
5
12211
69
700
71
105
13
107
10070
91
642
58
358
288
27223
23
24
4324
1687
1134
87
32
57
24
2190
597
57
5664
14
318
159
1184
119
36329
61
2020
5
11665
57
13923
34
14
318
369
80
61
45
13
107
1399
13
32
83
652
723
16093
14
52458
396
750
52451
262
1687
727
288
45
23
14
2250
1779
13
2391
58
24
3059
1184
727
2168
183
821
10492
286
61
723
1399
851
318
104
52459
12211
149
417
14
52460
3254
4522
1085
34
2195
454
61
334
12864
3754
3023
5
2584
3133
536
334
9006
8992
27
52451
149
3218
13
2213
3133
23
5672
1085
34
14
506
61
76
14
12162
3754
3023
5
190
454
57
7157
322
27
27273
52451
69
700
71
16882
104
2959
13
107
750
515
926
1393
22768
334
7157
322
6632
246
3689
8182
12211
5
27273
52451
7140
166
2844
57
928
104
82
246
691
2114
13
738
13
52451
37
52076
1563
13
2391
104
405
11232
246
2281
2282
174
122
32
9
506
9
2033
5253
7298
23
12211
37
82
2574
246
1307
358
4634
358
288
7298
133
5
2859
27223
23
24
4324
246
1707
5
434
8125
289
5
105
13
444
13
272
218
3036
246
3255
330
2282
2168
183
331
821
10492
286
331
5
105
1399
122
272
104
4031


