144
5168
2682
293
16
24540
138
1
316
534
151
291
287
16
27892
138
1
316
534
151
65
691
1057
2377
14
865
4
285
5
146
9
70
9
83
567
20
5
5417
6304
1058
171
29
40
3812
3
5
1972
471
1884
1
5
2819
10
78
397
2
7239
2825
10
7
0
1972
471
20
0
5417
6304
8339
1058
20
18303
4096
1
8259
1
12
534
441
1
23
19
244
469
12
125
1482
2
15
567
28
20859
1
336
3970
1
556
1641
251
579
56
0
2377
8
2837
8
4
10
1933
3
286
113
21
239
146
230
192
2
7239
2825
1
146
1
10
17
19
244
23
21
469
12
125
1482
20
0
5417
6304
1224
56
21
10
312
31
0
452
948
2715
2377
1
5
2819
30
40
78
378
0
1566
942
7
2597
397
1
4481
6005
789
41184
28
5845
2818
203
78
0
2819
0
493
34
115
0
2377
171
29
40
3812
3
0
1884
2
52
78
0
942
20
375
12622
855
7
2597
16
8
57
58
1032
0
117
43
1677
7
0
1058
4
7239
47
244
10
450
12
125
2562
7
0
1058
47
1972
1968
2
8
221
10
5
670
2377
49
127
5
1884
2
57
10
452
948
2715
17
64
240
5695
240
3566
3
25
2
8
378
125
986
0
2377
30
2837
1095
7239
1
50
1088
3
29
531
3
19
193
2
8
1232
2553
493
332
0
2377
10
2528
3
32
3812
3
0
1884
9
25
10
141
5
456
9
1433
2377
2
8
57
58
1032
25
10
141
3812
3
0
1884
4
20
125
547
492
13625
4
2837
1095
7239
2
8
563
103
9
2102
1195
1015
0
567
39
0
2377
865
20
63
30226
268
1296
825
806
20
0
1058
2
15
942
10
78
14
7239
10
204
3
0
375
12622
855
11
5
6434
2438
12
19
843
2
4217
859
10
1091
55
45
7239
239
28
19
3096
579
2
203
4
12021
1430
2614
28
41185
2077
1153
722
3
4376
0
1819
2
15
3765
942
10
1151
4
11007
515
6
5
412
942
50
10
623
3
32
306
208
70
2
203
78
0
2819
14
0
670
2377
171
29
40
3812
3
0
1884
20
0
5417
6304
1058
53
137
51
15
1566
942
20
0
375
12622
855
7
2597
10
78
0
2377
171
41
29
40
456
9
1433
2
7239
34
1296
859
20
0
286
39
21
10
312
45
239
146
230
192
380
426
1
7239
18
296
443
5
565
162
42
7508
2
68
4
271
2825
1
761
412
1701
43
41
289
1
22
16
8
7239
10
5
3039
4
8560
567
38
7931
142
69
850
21
3834
2
8
318
1658
4
11035
46
32
1552
274
132
31
80
38
649
59
4
31
217
38
107
41
29
0
8865
3
1118
59
2
8
15
117
13
1329
3
207
49
5
6034
7
7239
18
540
3
185
1665
0
630
6
108
126
1
0
117
176
2
29836
5417
6304
443
5
565
12
426
63
0
7239
18
193
2
57
1039
16
8
828
6
282
20
5417
6304
1065
2525
20
0
193
6
7239
2825
12
377
534
13502
39
0
974
12
534
24541
2
8
57
13
5
2789
1819
1
60
33
1931
4828
11
0
117
28
5417
6304
2564
4
108
75
28
80
77
0
172
38
1016
42
11282
2
8
104
46
722
13434
0
811
7
156
152
17
37
493
69
0
974
2
8
15
18303
4096
61
933
5
565
20
0
71
2
57
22
16
8
3475
20
18303
4096
13
2568
7438
31
48
2287
974
2
104
1386
136
16446
4828
3
0
117
4
136
2650
4
4393
33
17
88
2
8
15
978
13
98
182
493
4
92
13
100
557
1183
20
48
71
2
8
65
3427
2619
3
0
5417
6304
1058
12
0
132
7239
239
22
25
58
32
1619
11
64
230
5417
6304
562
7239
18
193
23
5
8
2789
1819
8
4
22
44
58
5495
0
811
26
7239
2825
10
285
20
0
5417
6304
1058
7
18303
4096
26
4898
78
0
670
2377
171
41
29
40
456
9
1433
26
8258
10
17
19
244
23
21
469
12
1482
20
0
8339
1224
26
203
78
942
0
691
1057
2377
10
17900
49
127
5
1884
26
318
296
22
146
9
70
9
83
8
46
32
1552
274
132
31
80
38
649
59
8


