144
2778
15387
293
16
24908
138
1
691
534
190
291
287
16
24908
138
1
691
534
190
23299
18
3255
23426
441
4362
391
16
257
391
875
46
32
344
3
1659
5
111
7082
9
1798
8
441
4362
8
1500
416
8074
85
273
257
391
875
46
32
344
3
1659
5
111
7082
9
1798
8
441
4362
8
1500
416
8074
85
273
2
44632
8002
4
11095
46
1798
9
1370
0
451
39
44633
386
3
1291
0
10051
9
4602
1500
1
50
2010
7275
3158
14034
3
0
1935
12
102
11260
7003
2
580
1013
1277
10
289
11
0
111
8
208
2662
8
1500
3
1291
2
15
1043
797
6
0
5381
30
5
441
4362
4098
1
45
92
33
100
796
3732
7
0
255
11
44634
57
18
61
41
536
458
156
255
1500
58
147
17
5381
1
23
92
33
418
4936
2503
11
0
1128
2
15029
298
6164
17806
30
5881
37
4040
3
12542
3
256
97
4439
44635
8
8915
8
6
1132
12707
3
2947
441
4362
825
7
0
255
2
89
25
18
5
2731
410
10248
3
0
321
3732
0
111
5381
13
1115
3
147
12
9
4
25
18
41
536
458
976
46
7733
97
5746
3
147
17
0
255
18
1500
2
8
441
4362
8
13
157
3449
7
0
321
1
4
13
0
10362
3
0
1043
463
4362
1500
1
45
1115
28
0
640
49
11
232
9
1361
1196
2
8002
4
11095
369
29
5
67
3043
3108
2522
7
299
1
4
0
465
3
1724
3043
1500
12219
46
1048
42
796
6003
3
8800
1757
31
1668
4
1361
49
0
4222
9
55
6
1455
9
2662
825
1
44
22
2
8002
6418
14
140
64
9
5073
6
0
1390
648
29
1220
3
439
9
2662
12331
1132
6003
1
4
0
394
30
40
1441
12
8365
3
1048
14
1499
3
143
0
264
67
7284
3
2986
0
2330
2
35
44636
17
5
1227
6
31803
9
2364
4
3968
2659
1
0
846
31142
3968
13
1085
21486
125
6
0
3043
656
797
744
44
225
4
8994
0
44637
11
5
194
67
10805
44638
25524
4722
1748
44639
22
2
24789
44640
1
2240
20
6164
17806
1
22
421
48
70
1
6222
6164
44641
3533
13
3
1291
441
4362
11
299
23
760
23
686
2
8
24078
1
3100
16
15
439
1373
6
0
5381
1
137
748
13
0
87
3
1005
5
441
4362
2602
9
45
875
7
0
255
4
108
14497
76
1947
55
1
23
136
3732
206
41
147
17
111
1977
8002
4
11095
1
50
13
2251
31
1268
18
30428
1
22
44
58
745
5
2146
8218
7
299
3
1724
42
12219
3
1665
6003
4
1361
49
0
4222
9
55
6
5
1455
9
2662
1500
2
15853
22
0
584
18
356
76
32
12285
7
108
846
4639
199
23
1268
4
1089
1
50
76
29
5
5962
9
12
1593
12
108
8365
2055
17
7741
1212
1
10065
906
4
3963
5882
1051
2
35
139
46
1014
64
4238
335
38
46
4017
17
277
108
4
17
108
8365
3
934
0
2081
6
1132
1066
825
3
3904
4
3315
357
0
23991
8002
255
1986
6378
8196
11887
22
1
1453
14
25
58
355
299
0
441
4362
3732
25
46
252
2500
2
15
3770
9
1798
441
4362
4098
7
0
111
5381
46
1207
875
3
5188
3
0
2427
20
339
9
11260
3158
9
45
255
875
445
1947
55
15
2522
46
61
185
11095
4
8002
1
3905
200
4
439
6486
7
299
1
3
4017
17
842
1077
6164
17806
1
50
1565
0
4735
4
2554
9
7863
4004
1
7
0
666
3
29
0
237
1500
2
15
7088
4841
1
463
1
30
5
1500
9
3108
465
17
6164
17806
2
26
20325
9
4602
111
1500
1115
11
1798
1196
3158
26
44642
3158
705
3
17269
11260
1196
26
13512
797
6
5381
30
441
4362
45
206
256
410
44643
9
4
32
1129
3
5188
26
44644
1291
46
177
111
391
10224
312
255


