895
507
491
19799
5209
11417
1
761
147
37194
4
14293
7755
11
67
85
272
5
1669
1
30
239
20
0
512
6
7437
2
15
11264
19800
413
37
708
2627
17
2702
14
14242
28
37195
778
19801
7
0
491
47
35
24
2161
141
14294
23077
4158
1
3
0
4022
23078
15730
1
37
6692
761
11418
532
7
438
15731
11
575
82
2
68
11417
1
38
395
148
6
19
28162
23
168
23
28163
88
1
61
7805
0
491
47
189
9
831
8594
7360
6
8595
1384
268
0
632
6016
2
895
507
491
19799
5209
11417
1
137
808
3281
1
3596
11
0
8594
7360
6
8595
52
10
1784
23
5
284
31
19802
4
108
28164
28
1249
133
4
803
19
220
2702
4
2361
3
1380
3
8038
20
5
15456
5
71
2
378
0
512
6
591
21
213
5
431
2246
0
619
9
1458
28165
11
6444
8596
133
45
923
4359
5
3630
11
37196
4
3596
19
220
15732
2
23078
15730
10
529
7
15733
1
231
82
39
68
11417
2024
577
1395
7
0
2996
2
57
10700
5
6444
10701
14
224
3
675
2702
199
23
4273
23037
1
28166
2978
4
0
37197
2
11417
10
61
0
1807
38
6854
438
47
23079
28167
3
6178
4158
7184
1
4
38
15734
5
126
47
672
31
3479
6894
1402
2422
6025
8597
2
1100
778
19801
15648
3700
8508
3
19803
4606
37198
7
749
438
47
238
8438
7
0
28168
1
35
24
2161
141
14294
23077
10
41
0
1504
993
11
11417
47
6178
4158
4
21
34
202
214
0
1238
56
21
803
25
2
778
19801
6
0
507
491
18
8
24
84
15735
354
25
8
6444
4158
1
2257
31
19799
5209
11417
318
198
1774
22
397
778
10
1107
54
6
0
35
169
1
169
23080
21
10702
28
5
4449
6
541
142
4
11419
2
68
11417
239
12
506
20
19
102
7
1543
39
37
2095
1
687
5
227
1
105
126
4
5
4941
133
2440
1
6
733
1
5
117
6
6444
2702
14
34
0
2213
6
202
6679
2
26
895
507
491
19799
5209
11417
30
239
808
7437
26
28169
19800
413
37
708
2627
17
19
2702
26
52
13
237
330
11
3596
778
19801
7
0
35
24
2161
141
14294
23077
4158
4
23078
15730
1
761
11418
532
7
438
15731
11
575
82
26
68
11417
239
12
506
20
19
102
7
1543
39
37
2095


