1270
1233
393
4003
3171
210
19
1574
7
25
12
437
23
21
3493
1130
77
5
211
18
1574
23
21
116
19
152
55
6
0
288
18
550
640
543
5
1730
6
19
1511
2
15
8257
30
204
71
3
911
24647
4
3006
11
947
17
670
1758
6
476
119
687
0
41610
550
1955
48
149
2
360
1
0
4300
2362
5
1439
253
416
11
3171
48
71
140
23
21
592
3
8895
19
5879
195
55
6
0
550
640
1
118
3
4741
0
1574
6
5
1052
8072
7
0
1087
2
1270
1233
393
4003
3171
13
3360
363
1270
1233
18
550
640
23
21
750
19
152
102
1775
438
1625
4
108
75
226
3
0
1120
6
0
3554
39
0
358
15
179
1510
3553
30
369
34
5
1167
6
12956
17
1233
476
48
236
1
23
64
247
7955
2548
55
20
19
195
39
21
1992
102
340
4408
3
7909
88
2
9026
92
10
100
3378
1038
3
0
211
1
38
78
1775
438
1625
39
0
358
14
480
1299
5
305
706
6
1230
1
36
34
11003
0
4128
9
83
11
19
196
7
0
3815
2
6023
1
12
0
1368
3171
4
19
174
9
2821
225
5
919
3
18365
12
377
23
44
233
3
373
0
146
9
547
3099
41611
29
2550
390
12
7
2532
4435
86
416
48
236
2
2838
136
1112
3803
461
946
2
15
1270
1233
3553
13
3360
363
1233
18
550
640
17
5
670
1730
6
476
15
223
332
103
0
1574
50
10
1130
77
31
3171
18
5879
195
26
4003
3171
2619
19
1574
7
25
39
0
358
17
0
211
363
1270
1233
18
550
640
26
15
4128
9
83
10
450
3
8895
19
5879
195
5325
5
670
1730
6
476
118
3
3493
389
77
5
211
18
1574
26
8776
36
556
100
645
709
28
0
358


