144
636
8463
11
0
507
491
6843
41930
11808
4326
47
244
30
5217
0
762
6313
20
0
246
80
9
12570
4
5885
25
35
30557
2
65
670
245
6
2119
476
9655
3080
11808
120
0
16517
708
127
246
20
20323
1
2505
434
3
19
4891
6482
62
1229
3335
2
1554
9
529
11808
545
94
0
358
1
45
19
244
30558
22
16
35
104
33
128
3946
17
110
510
2
30559
16
246
80
9
12570
11808
4326
10
0
2239
6
762
28
10866
6
0
2119
337
380
235
16
41931
3839
31
11808
4326
39
21
22599
1290
18
41932
41933
9
35
57
171
29
40
5
721
132
2
11808
10
508
11
19
264
7
0
403
6
19
878
2
57
13
0
403
24
10
529
7
4
0
403
95
145
10
529
7
2
15
117
10
350
653
3
25
4
60
273
21
58
124
5
2722
2954
2
35
2242
21
10
3080
28
0
454
2
52
10
3080
114
21
13
5
1229
4
114
6
19
2531
6482
2
387
13
17758
2
35
104
29
2040
86
194
6062
4
10661
28
80
3629
7
612
187
1
86
25
13
5069
14
125
476
716
42
174
94
17
48
1138
2
35
221
13
170
5
863
17
5803
197
3280
3629
7
0
22854
8212
3246
1
782
1074
6
0
6982
41934
1755
1
490
19
1101
3
326
94
0
358
34
118
29980
25
2
18291
16
1554
9
529
11808
10
20989
120
9806
1981
3246
10
680
3
3148
39
19
685
390
12
426
11271
13279
0
2358
116
31
486
47
328
13133
1755
7
0
10222
8278
2356
31
317
5
645
1081
253
8427
2
3246
34
22
16
35
318
1970
1031
19
1106
12190
4
24
610
25
254
141
41935
0
514
114
21
10
79
1433
49
11
19
567
2
221
13
37
6834
6
317
25
23
5
19419
2
308
33
67
623
3
30560
552
56
66
181
44
33
552
3
32
2888
2
35
7233
25
23
5
1503
1
66
1494
699
32
20989
85
4704
2
35
57
171
141
1342
45
24
29
300
115
2119
1511
14207
86
25
13
5
305
706
41936
89
192
3246
176
7
5
565
16
35
24
58
109
3
10569
685
24
116
1
50
29
40
14594
23
1891
24
84
41
5089
5803
23
5
645
978
2
30561
16
11808
18
244
1
30558
1
890
0
24744
34
5977
41937
35
24
188
3
143
25
536
24
354
2858
8253
4
1138
33
4791
1
20
156
755
1
7
1421
5079
1
62
7
156
1097
6
11547
30562
41938
4
41939
18415
29
61
4689
24744
31
2119
476
119
508
11
246
1
45
739
109
0
755
6
14
556
31
11808
2
3246
47
685
4
192
565
224
23
0
19498
43
4137
42
189
9
877
951
11
4848
17
407
3280
3629
20
5
4373
20
3067
2
7468
217
678
84
41
675
0
5977
762
6
37
246
11387
12
37
944
640
1
4
5079
30
5
863
112
439
62
1455
2662
257
30563
474
14738
3
343
5
11387
114
6
113
19
400
9
2633
10
529
2
2577
60
33
41
648
3038
685
12
48
1954
2
26
11808
4326
20989
31
2119
337
120
9806
313
20
20323
12
302
26
4326
18
244
327
14731
393
10
3080
434
3
4891
6482
26
203
170
9476
762
23
5
8
1356
9
830
2708
1785
358
8


