258
1075
28697
9
28698
261
262
28699
264
61
2584
1072
558
268
269
262
28700
264
61
1371
1072
558
10647
1072
750
642
358
288
45
361
1687
6816
23198
91
24
8058
64
926
4137
159
6384
17256
9
5
9
394
355
1671
27
119
6688
6628
149
28701
5
28702
91
1707
17252
28074
64
926
3957
15883
13
642
3896
5
28703
27
589
1072
149
750
926
105
769
24
3236
57
355
64
926
4785
24
14086
912
6248
2328
23
1676
27
521
159
34
522
10647
1072
149
28704
91
642
355
64
926
978
13
3934
3787
23
122
3896
5
367
23
918
57
14
20589
1679
9254
119
6688
6628
149
28705
5911
525
6270
13
24
1707
17252
23
1676
902
579
4137
9156
57
1687
11800
5
1687
28706
2
6725
355
64
926
7149
15883
288
9683
34
24
692
57
24
1566
27
1965
27056
61
57
1926
1707
17252
61
750
525
262
1687
6688
6628
61
723
1099
45
1030
237
61
40
610
709
849
3236
723
23
24
642
333
27
19269
1728
27
6554
57
28707
842
589
1072
330
515
1222
9799
3896
5
28703
11648
288
45
10040
61
24
503
11971
149
1086
15883
27
579
359
262
331
628
639
24
12125
1502
377
610
2354
21261
133
24
642
27
842
515
4140
87
1013
602
27
331
3311
28708
61
324
61
149
1414
91
589
1072
13
1645
133
24
594
6279
9
20953
3728
57
642
3896
5
367
23
1533
1284
1114
494
28709
13
15883
23
13633
5
5673
5
8906
21293
23
24
17590
8060
61
926
330
262
331
419
157
912
1728
13008
24
642
369
361
6816
185
27
413
398
57
24
1857
5918
87
722
13
1550
1579
614
57
24
8638
27
331
579
330
515
1347
58
4396
13210
13
3896
5
28710
61
642
23
327
5
5713
516
5449
24
512
590
57
704
24
411
412
27
331
408
278
319
24
1098
40
9683
829
13
855
47
13
612
15277
61
2528
76
612
165
61
5
444
612
2074
101
1123
61
331
926
330
27
589
1072
5682
24
6620
13
14
6266
3153
76
355
19472
15063
28711
331
1487
87
1487
331
27
579
7149
24
8058
149
700
13
17018
28712
27
579
330
262
331
628
639
515
1292
718
107
1098
61
20962
61
8838
1347
7894
27
331
842
183
87
707
1086
13
3204
183
1030
183
87
61
45
834
610
3556
1030
183
13
107
27
331
1707
17252
10053
2465
28713
750
24
2328
515
15883
13
642
17154
288
331
933
1857
451
104
4031
331
27
396
6903
24
8058
57
371
28712
64
14
331
2330
10779
331
27
396
3138
15883
23
6688
2918
2074
185
642
61
502
825
2488
1011
1299
1300
91
5392
61
105
253
3958
15777
331
17553
331
693
27
331
727
369
185
24
28714
57
9879
14
642
333
515
87
10922
5
13483
5911
24
1146
61
331
215
359
27
589
1072
37
6270
149
6237
76
5235
2
24
12029
355
104
24
2328
129
2168
122
843
1853
76
14110
251
80
7194
5
6265
18419
1853
24
2328
64
32
14086
416
61
5935
24776
61
750
589
1072
262
331
6688
6628
61
628
1014
723
369
14
6419
331
2520
434
262
6688
6628
10647
1072
149
3108
13
1399
24
7002
1778
525
1348
926
731
24
11116
871
57
28715
19805
104
24
941
22471
35
2356
396
330
15883
516
23740
68
13
5138
2102
4748
27
842
589
1072
7530
13
5602
575
2102
149
1068
167
798
5816
722
4719
27
17252
355
61
253
6725
18
14
3896
13736
61
369
28716
104
24
5483
57
6406
3787
13
28710
61
24251
5
1950
15757
27
691
7460
24
3728
57
3896
5
367
658
133
91
791
26407
3853
3311
28708
27
1707
17252
273
21260
75
2074
15883
5
6279
9
20953
3787
13
122
3896
5
28703
23
6114
941
35
632
589
1072
912
18217
515
215
149
3103
57
8058
2458
8652
2
24
28717
4413
27
1468
18438
445
9
7508
355
3196
218
6114
941
35
632
13
5100
515
6916
1292
12778
27
2994
262
6688
6628
10647
1072
87
4727
26690
91
28718
123
525
6270
246
6688
6628
1213
1707
17252
6270
101
9254
57
331
2215
642
91
1011
1504
87
2958
331
246
28719
57
331
26795
331
650
2
24
355
1348
1414
496
926
44
1018
13
81
33
355
331
3236
246
5160
6237
91
5235
2
12029
642
355
246
10647
1072
28720
91
18008
8462
5
5673
333
15883


