258
5262
31359
261
262
10928
264
61
608
266
267
268
269
262
31360
264
61
608
266
267
251
11577
3059
1077
104
144
533
4615
2033
58
525
2255
149
53
13
848
166
9
5
9
14
9
170
4615
34
14
31361
61
334
955
944
27
291
9
12727
1602
912
3059
8182
1077
104
31362
7628
61
277
58
17639
47
334
4820
484
525
7764
27
119
32
6976
23
7508
1599
14
31361
40
149
935
289
13
2528
76
2276
7764
5
31363
2114
45
13
1724
34
2276
6976
652
358
331
773
34
14
692
17403
331
27
8182
1602
1077
58
525
2255
149
2072
735
166
9
5
9
14
9
170
4615
34
334
19266
31364
61
334
955
944
291
9
12727
1602
69
174
71
324
76
525
583
1965
69
700
71
5
122
30325
2033
1093
887
69
116
71
13557
6014
61
24
31365
23
2479
57
31366
274
515
2356
61
149
1414
1607
926
638
1013
1724
24
2243
1685
61
123
24
501
104
6740
942
37
943
185
202
27
8594
20051
16931
1966
1414
262
331
871
748
7764
104
31367
607
61
723
1393
278
289
34
442
104
31367
607
484
61
1607
638
1013
723
1724
34
442
185
237
6018
778
331
589
6014
10479
4140
262
331
7860
610
773
34
14
692
17403
27
331
1447
149
14
31368
352
27
119
2255
285
89
5774
6329
1145
31369
185
891
905
35
506
27
258
2778
1835
24
7741
105
45
6139
104
20618
1890
61
5
2617
31370
8956
61
24
6976
31371
61
2114
13
3307
525
34
14
31364
27
1295
61
215
149
935
1391
89
13487
13
442
14
893
316
18784
868
129
105
100
5896
31372
34
316
4615
61
149
45
185
31373
5
149
2832
9026
27
258
916
1835
61
665
1602
149
171
8151
515
926
149
776
2
334
4820
5
149
417
15648
5
24692
218
14
31189
27
119
955
87
361
184
104
6740
942
37
943
69
324
71
5
87
1622
13
14982
902
11901
8182
1077
104
31362
7628
69
324
71
58
17639
47
334
4820
484
525
7764
579
149
45
719
156
91
2617
8956
641
449
608
1835
61
91
502
227
183
149
401
545
13
5056
14
31364
61
5
8182
149
3132
1145
31374
91
31375
21018
27
8182
2057
8151
57
31376
31377
61
14
3059
912
55
31378
689
1348
23
10957
23
24
31379
61
5
4047
978
13
444
525
1483
185
525
2534
27
1295
61
358
288
1103
13
442
525
5429
849
1284
533
4615
27
579
105
709
622
24209
450
452
27
2617
8956
5
316
31363
750
24
955
515
76
31380
358
516
278
795
2292
61
40
330
589
1602
638
1013
3235
13
107
334
411
501
5
515
24
622
7764
510
849
1284
1622
27
589
1602
61
8477
2617
8956
61
330
262
331
8341
9
5
9
14
9
170
4615
61
628
1019
515
912
401
402
61
818
822
44
107
456
23
515
227
27
331
119
5087
10479
262
331
628
516
1013
278
737
166
9
5
9
14
9
4615
4615
40
646
149
334
411
61
628
149
2228
47
4349
27
2346
119
955
663
944
4121
15838
515
14
31381
21018
1099
45
278
623
8182
27
31382
6092
31383
330
262
331
119
4820
1393
278
100
6816
47
2
24
31384
31385
23
24
31379
61
818
183
149
484
7764
61
40
628
1835
1103
13
377
1222
183
149
4615
61
1267
1185
2210
1272
27
2346
119
955
87
1622
13
14982
902
27
246
8182
149
144
533
4615
2033
1348
926
1077
104
31362
7628
246
2286
291
9
12727
1602
2072
735
652
24
6976
149
435
246
31386
638
244
1724
2243
5087
652
358
331
773
34
692
17403
331
246
258
24
227
6976
149
787
183
149
401
545
13
5056
14
31361
246
31387
104
6740
942
37
943
1521
13
9055
384
57
897


