14604
4533
7044
1185
361
1481
47
91
486
61
14
893
99
3283
926
2011
24
603
57
525
562
8815
13
525
33626
9
515
149
4936
34
525
91
525
11017
6989
27
8671
7892
61
2010
61
2
48565
61
31064
61
149
5957
1348
525
402
4522
4068
8192
215
105
100
11032
818
926
2291
122
7316
27
162
334
1761
13
81
33
525
11524
61
215
4936
525
24
192
26058
27
842
655
926
4312
24
11556
61
8671
44
244
3236
158
156
5
1142
25133
23
2505
4520
57
4521
64
926
21564
13
414
562
27
599
2544
262
8671
2011
2465
8815
13
2505
4520
57
4521
5
358
369
1094
2207
76
14
688
143
655
24
2544
1870
22406
1099
45
1274
821
3705
61
183
11
8671
13
2597
14
582
111
27
397
525
5604
185
24
2544
2494
61
926
1142
2151
985
76
622
110
4166
349
11204
2465
21101
61
507
61
129
289
525
14
331
3193
445
331
58
926
29945
158
23
32
4166
219
9
13
9
219
1120
2051
27
48566
262
7273
149
417
24
33626
91
525
6989
58
215
18019
185
525
69
4602
91
5285
71
8671
4042
262
331
628
149
8488
1348
707
402
4522
4501
750
846
215
105
18019
185
846
27
396
4534
133
3477
54
33626
76
158
40
650
2535
14
2347
1267
147
76
14
3028
64
14
1501
5
1414
846
13
1550
158
33
27
331
569
610
105
1910
609
61
215
105
600
100
2505
24
33626
5
183
2236
4633
846
4529
27
331
842
1348
628
2859
13
444
89
183
628
3832
628
149
1644
2471
692
27
1307
628
2168
14
843
2
14
136
2394
846
14
3193
445
183
53
846
4072
5
610
2859
11248
27
331
8671
5
2465
3806
13
2597
23
1066
23
1372
1972
5
603
182
48175
1411
24
1047
27
691
288
2207
1413
454
147
5
369
1094
24
1735
448
57
533
9
751
9
2033
688
8746
27
331
4066
4534
2236
182
76
2465
5
2928
182
610
288
3031
23
609
27
331
8671
330
27
331
1331
610
2168
2207
5
105
612
853
627
8746
27
408
2236
44
244
107
12924
5
12336
628
278
24
33626
13
4457
34
515
27
331
4520
116
2230
8671
5
2465
369
1094
2235
13
2137
24
2138
1462
506
5
840
13
2581
14
33626
529
23
122
526
27
3627
821
3705
262
4520
57
4521
87
14
2544
57
22406
27
8671
2011
2465
1348
358
2275
47
13
2502
32
2276
4166
8671
330
262
331
187
2236
99
100
1155
14
38684
9
18284
34
703
27
3585
652
610
2011
23
14
13954
1146
40
183
497
14
9427
34
703
27
331
408
369
365
2236
3432
449
3431
477
27
143
723
604
639
61
610
1099
144
3337
14
853
33626
591
23
646
27
331
2465
359
262
331
628
638
1019
8671
149
14
3193
445
24
55
227
628
149
2505
75
525
5
926
2048
40
628
629
9943
628
750
525
818
27
3716
278
3366
133
2508
34
703
5
610
369
365
821
108
27
331
246
8671
7892
149
5957
1348
926
743
4501
105
100
11032
246
396
4936
525
14
33626
13
81
525
33
9
926
2072
24
11556
40
45
24
111
246
579
935
2011
2465
21101
91
2505
4520
57
4521
75
158
4166
246
21192
369
1094
2207
76
14
688
5
840
13
2581
33626
529
23
526
246
331
408
2011
23
14
13954
1146
40
183
497
14
9427
34
703
61
331
8671
330


