8341
6119
120
11004
76
122
2769
185
202
2356
76
6471
6208
5574
104
25111
34
327
37
10144
75
1258
27
143
4413
6918
516
3084
128
3151
14
3153
76
122
7249
2600
61
401
27
569
24
1726
37
119
13031
1611
28442
12216
10390
23
18
4884
5720
4010
61
327
37
28443
3368
75
1258
1789
13
5885
23
503
170
515
346
27
20388
144
21709
5720
14328
23
13
2995
14931
16447
37
83
1264
14
12798
16
9
2459
17
18
1258
27
2994
521
159
34
14931
16447
262
3627
3096
26960
15442
14
17013
1848
19259
262
1786
16036
242
14
169
9
170
4447
64
327
1231
14
12798
81
18
1258
28444
1686
262
202
2356
37
119
13031
1611
28442
12216
3102
1533
4010
1284
327
37
81
1786
16036
242
14
169
9
170
4447
13
5448
327
3138
122
55
81
23
190
192
61
40
183
149
14
6222
28445
3368
2
16447
912
83
27
162
122
55
2544
647
24
2118
2434
16558
61
575
327
912
817
104
24
11944
13113
144
316
192
61
24
3991
17013
129
1802
47
104
25111
516
278
100
2456
34
334
2474
1686
2
327
37
4927
582
6257
27
842
358
288
279
13
14
6222
4552
3368
27
119
7173
3111
99
4312
515
183
99
223
13
1018
13
25345
120
331
3236
58
24
19228
57
24
2118
2434
61
5
99
17676
175
9
499
26960
75
1146
6844
6258
61
5492
61
6783
5
3424
18
24
1462
316
494
13
1812
13
28446
47
2975
61
3458
76
14
9773
5031
9
28446
16369
4782
5000
1060
27
26755
6773
262
291
23358
87
14
6558
185
24
1805
1726
6632
502
99
2515
14
13045
256
28447
5574
262
1539
17013
120
1802
47
13
2995
327
855
1258
23
202
37
10144
7173
3111
5781
6209
6889
2264
330
35
632
262
331
408
278
2168
405
223
13
1018
61
610
278
13
13902
14
2438
502
87
14931
16447
37
4813
61
5
610
278
2168
13
13902
405
3236
76
24
120
27
331
327
2469
1258
76
24
908
9313
2396
343
13
2330
21099
3197
9
14
1264
2330
34
334
327
2544
104
24
582
25111
40
24
1848
57
28448
149
2832
226
1284
24
2432
105
100
7003
27
119
2432
1520
183
825
107
24
512
398
57
14
754
484
183
718
4082
3477
327
192
13
622
14645
1145
24
1566
64
183
5150
24
6919
2
25111
13
3896
445
24
7224
37
3245
27
246
6899
4884
5720
308
14328
23
13
2995
119
13031
1611
28442
12216
246
842
144
21709
5720
686
327
1004
1258
23
25111
10144
246
1786
16036
242
169
9
170
4447
58
16096
16097
149
28449
246
1539
17013
128
1802
47
104
25111
13
2995
55
2544
647
2118
2434


