258
10158
27255
261
262
46946
264
61
3970
1078
1268
268
269
262
46946
264
61
3970
1078
1268
1307
1414
61
24
3940
1509
7348
122
7711
8986
8249
13
107
1586
1389
46947
9
14
188
57
24
602
1479
691
369
24
4270
39907
723
604
1019
1587
449
46948
23
24
2082
14204
27
842
24
3293
369
851
41285
369
4277
723
1533
1284
723
6046
61
76
3096
57
703
2074
919
705
506
27
251
582
5575
1046
24
8249
57
24
3940
1611
7711
8986
87
1586
334
1225
1389
46949
61
637
895
1299
1300
57
703
278
709
6553
144
834
822
610
369
2074
27
1307
1414
61
24
3940
1509
7348
122
7711
8986
8249
13
107
1586
1389
46947
9
14
188
57
24
602
1479
27
162
2488
61
24
1611
1857
1094
3531
1533
1284
1389
3970
2843
185
46950
1430
621
506
27
143
183
37
45
2282
9
24
8342
663
3283
14
5769
57
704
43
4863
1094
1153
16210
4108
1430
64
398
57
122
8651
8487
27
8920
377
24
6168
3958
87
159
13
7185
1533
7854
4108
11863
61
76
3096
308
2590
1793
1245
32014
705
257
144
185
122
2664
27
143
652
594
308
4658
1430
8917
1348
358
2296
13
107
46951
61
24
1751
3958
87
1131
13
2615
27
119
8342
61
91
46952
61
1142
1851
1299
1300
57
43
278
1094
4329
26743
5
1229
23
1305
57
14
1533
7854
8651
4108
6418
27
1134
3866
44657
61
46488
5
2590
4678
9
20215
2664
4014
1430
1155
64
855
29625
61
5267
6199
5
37254
27
999
23
1413
5786
17118
3818
13
12355
133
185
12239
13409
5291
1129
91
2282
27
119
8342
57
5435
1611
317
149
3029
58
24
4319
7721
1850
14
204
23
24
346
57
46950
9030
361
174
1778
23
1579
46953
10495
27
162
24
35
2213
454
61
4319
274
99
1949
919
57
4615
34834
5430
7711
9030
76
122
3089
27
162
32
501
14
3042
590
18
14
1389
1469
34
14
14801
13
2854
47
525
5600
46950
8986
61
502
5443
1533
1284
1389
2768
1586
57
6492
27
6899
170
57
317
8369
5778
358
278
316
46950
9030
185
24
738
104
24
1271
227
61
34
82
61
15558
61
104
24
2042
1185
34
223
27
119
6168
3958
87
159
13
1533
7854
4108
11863
5
405
308
1153
1793
32014
14
257
251
188
57
2282
8369
5778
122
46950
8986
87
24
594
752
8303
358
9747
1348
1951
868
2
82
27
251
7482
57
2282
17120
3818
358
10741
1533
16210
46950
6492
1348
358
369
2050
185
2176
64
183
2256
1030
14
796
3163
27
999
23
360
2282
1019
455
57
2074
1389
1851
185
4678
9
10504
32014
5
2534
890
1245
2844
57
16210
39877
27
119
1344
663
46954
24
4108
11863
5
16817
57
1611
43
5
2282
27
46955
21202
2
46952
330
262
331
119
3017
106
13
1607
818
3096
5561
369
46956
13
24
13620
14780
57
122
46950
8986
87
343
13
24
1217
515
594
317
10741
122
46950
39907
185
6428
9
20640
9801
27
331
187
37
821
1304
515
723
516
738
133
5
10741
704
6492
23
32
738
10664
723
1018
244
2236
639
24
7428
2488
3958
64
723
278
3793
24
6492
23963
27
331
246
1611
1857
1094
3531
1533
1284
1389
46957
185
46950
1430
246
20885
133
57
493
308
278
709
6553
834
822
358
369
2074
246
21639
3958
87
159
13
1533
7854
4108
11863


