943
37565
926
9448
49663
1449
159
8490
57
46916
9
2033
16246
3255
262
1687
162
237
1566
24
3066
57
14
318
23
237
880
61
75
1579
825
61
87
286
5
1169
331
3801
9
10429
2378
1142
926
1077
2
31675
1515
91
1449
61
349
15088
5
1396
61
23
525
31968
258
463
464
3968
2226
8998
104
49664
11625
185
6800
4824
555
119
7658
129
765
9
3074
525
3059
13
897
149
561
1671
34
166
494
27
32321
49665
61
330
13
107
14906
76
24
1290
57
493
9
751
9
2033
1093
1977
61
1129
14
1478
1499
45831
13
4632
3059
39210
61
2787
49619
34865
5
4831
19479
89
525
8270
27
119
12822
9
2033
3250
1286
1185
1924
24
3059
912
897
61
12136
24
6511
149
1687
49666
5
6078
1129
23
525
82
1566
61
46026
27
11792
32321
49665
5
525
1093
1977
27
579
99
100
561
34
166
494
104
24
2436
9152
34
765
9
3066
24
493
9
751
9
2033
579
3818
515
1977
1502
36051
58
361
3074
61
40
330
183
638
45
5336
525
652
525
166
622
272
105
456
24
1271
27
32321
49665
61
1037
922
2959
104
334
505
956
61
149
750
926
2831
278
1969
226
579
105
100
7176
449
24
10059
57
24
4972
1533
1284
316
494
484
1977
1077
23
1972
1348
926
10087
31675
58
1449
2168
89
525
31968
27
162
496
149
648
13
107
24
55
501
57
1579
2745
61
49665
61
129
3366
104
290
3322
912
7628
23
1747
941
61
149
35110
560
58
14
166
9
632
801
104
24
2436
9152
35
751
27
1042
2052
9
2033
583
61
129
718
45
107
901
61
149
8315
27
119
41612
49667
57
941
61
3255
3726
17467
61
330
24
501
149
1687
3438
1296
5
3438
49668
27
396
750
525
262
1687
727
799
2
14
9171
575
24
2285
3066
2
14
2538
1185
14
45831
575
14
318
87
184
1099
278
100
7768
27
1687
842
91
24
227
57
1977
912
7764
723
1393
278
1969
23
237
1566
61
24
3066
57
635
272
23
237
880
75
525
825
149
286
5
1169
27
1687
17592
412
99
100
2933
76
24
485
820
5
183
4123
723
590
853
311
13
496
358
19955
396
359
262
1687
727
369
14
8769
7658
27
727
1393
278
1969
24
685
1348
3066
24
12942
61
2210
122
636
61
2831
817
23
1123
57
122
5764
27
331
305
512
61
183
149
14
30792
14920
40
183
149
14
753
14920
5
1393
278
1515
10832
5
8651
10957
13
851
49669
119
1857
17811
149
2453
76
485
5
486
61
5
525
17898
8290
22998
750
24
2959
525
583
105
14
10979
76
2768
1326
61
586
926
149
14
2628
2255
27
1936
525
801
926
750
24
8672
262
1687
628
2193
2538
3066
149
6308
2829
652
628
278
719
183
2208
361
1129
23
46026
76
707
2534
1009
27
628
516
1018
455
13
9922
525
27
628
149
49670
2286
9
57
9
166
262
32321
49665
61
14
467
57
3059
1977
61
5
316
57
525
622
272
9
2881
7008
13
2648
122
5744
246
943
37565
926
9448
49663
1449
159
8490
57
46916
9
2033
16246
246
3255
262
1687
162
237
1566
24
3066
57
14
318
23
237
880
61
75
1579
825
61
87
286
5
1169
331
246
3801
9
10429
2378
1142
926
1077
2
31675
1515
91
1449
61
349
15088
5
1396
61
23
525
31968


