6761
27645
1099
278
174
1202
10210
190
454
495
61
40
24
10709
515
11
13
54
19570
87
373
256
158
27
27645
4494
47
13
24
582
3542
2134
201
185
3354
61
5
185
207
1680
54
582
2439
47726
932
510
13
1002
13
1423
122
175
9
499
3018
27
842
24
3542
83
2285
13
3051
27645
37
227
23
24
1202
3248
2
24
2079
14413
61
30286
54
791
4484
503
641
54
14264
2
9317
61
575
215
1949
190
454
185
2984
27
47726
932
37
15166
33598
3068
27645
37
227
104
1202
10210
2
54
2580
57
4484
27
187
149
387
32918
119
42044
15161
2035
91
6761
27645
23
534
1268
11
13
54
19570
91
1202
10210
119
15166
61
502
663
7206
27645
37
227
76
20472
47727
61
8739
24
864
3018
64
14
12302
57
1890
5
8064
61
5
149
32918
387
58
27
27645
149
3931
91
1202
10210
23
563
267
58
1756
24
6997
331
42044
331
15161
6601
6832
14
74
75
1202
4437
166
454
505
27
119
15161
87
6078
4312
13
107
4678
9
47728
61
5
637
27645
3250
515
215
5473
183
13
107
1722
64
1155
61
215
149
417
14
360
9
112
1433
2
2526
502
215
87
1521
13
8819
27
2036
3424
5396
6761
27645
242
316
3276
23
54
3284
192
34
1202
10210
6761
27645
37
227
104
20472
47729
149
663
1996
133
185
24
15166
9552
24
3018
246
6761
27645
1899
1202
10210
23
24
2157
57
1268
246
2036
243
5
6833
3435
3018
242
316
3276
34
24
2439
246
18210
149
17599
58
6997
331
42044
331
15161
246
47726
15166
27645
5728
13
1423
122
582
4455
76
14
2580
57
54
791
4484
61
40
500
133
1202
10210
246
6603
32925
24
15166
387
58


