144
2258
13617
293
16
41703
138
1
275
534
190
291
287
16
30452
138
1
275
534
190
139
13
0
638
105
12233
8644
5
1161
69
0
5757
6
42
195
7
5
20743
7824
30453
2
15
266
41704
0
1509
7168
55
6
5
260
44
34
1175
69
7
822
18382
7
5294
20
140
8965
12
426
6
48
149
2
135
61
3122
3670
39
4537
42
152
162
0
376
917
90
624
103
7
5
3186
1908
20982
20
140
8965
2
41705
16
1722
12233
16176
8668
42
195
49
17
5
1161
1923
39
4537
42
152
69
5
260
7
822
18382
1
5294
1
7
5
7780
7824
2980
1855
628
6
0
2980
43
443
31
106
209
7
5
1228
3
2596
0
5220
2
4481
7442
3415
16375
1
28
822
18382
106
1
22
16
8
24
322
1912
3
1450
3
0
266
137
23
196
6
95
6483
2
8
135
206
29
597
2904
3
0
493
2
281
66
3976
156
6
88
4672
965
282
2
8
15
358
510
20
5
260
7
5270
2057
197
41706
4
41707
12
426
2
15
3186
20982
30
12014
245
30454
30455
2
380
710
16
15
266
116
103
7
48
1908
20982
17
0
12014
30454
30455
20
140
275
826
12
426
26
3458
16176
154
1161
39
1949
69
5294
260
20
8965
26
135
61
3122
3670
7
20743
30453
90
371
103
7
1908
20982
26
4305
443
1855
628
7
0
610
6
8460
0
5220


