144
2529
10311
65
87
3817
63
73
32
2725
7
23
305
23
5
10952
6
5
200
1
45
25
13
686
3
2603
110
7478
13
116
2
3049
29
658
14
75
17
902
14
605
84
141
1193
73
2056
37
5681
3
143
88
1032
67
3354
2
19171
4126
9425
1
6316
62
13912
114
6
42
1705
73
32
116
3
1032
0
2961
31
371
2834
2642
4872
2
15098
25
3
143
25
16
19171
4126
9425
1
6316
62
13912
114
6
42
1705
73
32
116
3
1032
0
2961
31
371
2834
2642
4872
1
1909
29
22
2
563
9425
225
53
137
93
51
73
32
4268
69
5
12624
54
53
122
51
31
2298
0
5375
4
3647
2731
2636
157
2578
3
6676
3992
5958
628
6
902
14
73
32
11629
3
356
54
62
67
6
2162
1845
1562
6
2642
5998
2
15722
4620
9654
13088
5560
2642
4872
12
26816
1
8880
4
14150
2
1754
48
1
0
1638
19612
50
5843
6
37
5681
19580
261
1787
9887
2
135
348
410
4620
3
1526
902
17
13118
4872
11
0
222
11713
428
10681
12
2642
3989
2
930
1146
458
0
13118
902
4126
9425
1
6316
62
13912
76
32
116
3
1032
12624
1
26817
4
6215
1
44
5958
0
200
207
6
902
17
0
4872
1459
17
261
9887
28
0
87
3842
2
19171
273
3
233
9425
76
32
116
67
3354
9
350
31
26818
5
333
3781
1562
3
745
5
67
22190
5681
4
6316
902
76
1032
34407
2
139
35
637
34408
73
32
157
31
75
17
9425
902
3
12922
0
5313
3817
605
745
31
350
20
42
225
2
590
1597
1
2298
0
5375
4
3647
2731
73
143
552
1032
67
3354
1
119
21652
0
1958
2731
73
2914
5
233
6
8880
2
35
17599
6950
5
396
162
42
2642
4872
56
17244
1713
637
31668
22
570
1179
7057
1
5
10644
6
2152
422
2
35
89
458
60
109
25
62
41
1
1033
168
9
5967
774
30
958
75
4619
3
28700
1569
4278
9887
62
11713
7
2423
428
12
0
3989
6
42
225
2
35
139
817
125
75
73
32
9654
3
32
9425
62
34409
1107
31
129
44
233
9
5
4027
4987
4
670
8120
51673
8880
11
1597
2
8
4544
16589
8
73
32
157
31
75
17
9425
902
3
12922
0
5313
3817
605
745
31
350
20
42
225
2
2307
1
0
2642
5128
1894
3
233
67
62
499
6316
33
958
35
57
73
29
11371
11
457
109
2430
3695
4
431
4150
2
35
360
92
33
61
3043
2642
5128
75
2917
17
2834
637
11713
4
261
5128
73
12922
0
5313
3817
75
29
6
216
447
18
34410
930
1032
67
12624
1
75
171
1251
42
4789
4
14160
8120
4
2545
2731
17
42
2803
1619
3
163
34411
1
301
3
0
625
2
570
7057
22
16
35
281
66
352
159
11
5
431
772
25
18
237
3
14223
5133
4
2583
114
48
829
67
3354
3
37
18889
2
35
89
37
2530
5352
58
210
12
5
17844
1
67
6316
233
85
552
38
13
159
55
11
5
4227
51674
65
67
6316
233
73
32
4698
31
21652
0
1958
4
2298
0
5043
7089
86
0
2803
13
661
2731
2
570
7057
1159
14
75
473
5665
261
902
340
8771
25
4
14
832
84
0
222
551
2
570
7057
22
14
92
33
61
3043
2642
5128
75
2917
17
2834
637
11713
9
199
23
26816
53
137
9
4
261
5128
73
12922
0
5313
3817
75
29
6
216
447
18
225
2
14047
6
75
5665
5526
4872
340
8771
25
35
51675
8226
11
6816
29
410
902
301
3
42
51676
7559
9
0
1558
10918
29
6316
902
119
0
12724
31193
8
33
67
51677
21
22
2
15
625
1
933
7
0
4299
51678
6154
1
22
14
14150
13
4902
3
14223
2
139
13
114
0
6048
6
14150
13
428
12
169
67
8082
85
79
2642
4872
1
23
156
17224
771
46
183
1
68
7057
1159
2
35
563
1770
73
1728
233
67
6316
62
12624
301
3
42
754
9
45
58
1131
2830
3
233
67
6215
2
590
14
66
981
228
252
37
6215
51679
101
0
3842
1
1471
157
2578
3
6676
3992
5958
628
6
902
14
73
32
11629
3
356
54
62
67
6
2162
1845
2642
1562
6
5998
3
2056
5
1569
225
2
135
123
348
5
304
6
406
4620
3
891
5
207
6
13088
5560
2642
4872
12
26816
1
8880
4
14150
2
139
867
0
1471
3
24914
50
5843
6
37
5681
19580
261
1787
9887
2
51680
13
4902
3
14223
1
301
3
0
625
2
139
13
114
0
6048
6
14150
13
428
12
169
67
8082
85
79
2642
4872
1
570
7057
1159
135
4283
48
3248
311
17
5
410
207
6
4620
1514
88
3
1526
22004
902
17
13118
4872
11
0
222
11713
45
428
10681
12
2642
3989
2
930
1146
458
0
13118
902
4126
9425
1
6316
62
13912
76
32
116
3
1032
12624
1
26817
4
6215
1
44
5958
0
200
207
6
902
17
0
4872
1459
17
261
9887
28
0
87
3842
2
19171
273
3
233
9425
76
32
116
67
3354
9
350
1107
31
26818
5
333
3781
1562
3
745
5
67
22190
5681
2
16216
6316
902
76
1032
34407
162
5
410
5681
2
10724
1011
9
2305
1953
12116
51681
22
16
35
139
13
0
87
625
3
5516
129
10943
2642
4872
2914
0
6048
6
637
11713
62
51682
26
19171
4126
9425
1
6316
62
13912
114
6
42
1705
73
32
116
3
1032
0
2961
31
1076
1569
5998
26
35
4544
34408
73
32
157
31
75
17
9425
902
3
12922
0
5313
3817
605
745
31
350
20
42
225
26
930
1032
67
12624
1
75
171
1251
42
4789
4
14160
8120
4
2545
2731
17
42
2803
1619
26
24925
73
32
31982
31
21652
0
1958
4
2298
0
5043
7089


