144
523
9182
293
16
33635
138
1
1280
409
151
291
287
16
51641
138
1
1280
409
151
34400
16
3161
1279
2255
3848
22
36
10
5
8
1762
9
7133
211
8
4
14
1813
984
678
43
4933
17
27
6263
21311
984
13
4933
17
1925
4673
6
35
51642
4
35
51643
1
0
26809
1449
30
78
2629
3877
2
2255
3848
22
36
10
5
35
1762
9
7133
51644
4
1273
217
6
3335
171
337
956
678
3
13828
1813
6186
2
1336
515
6
5
1185
1651
12
0
1092
208
149
1
7
50
639
3161
1644
33
539
3
6876
3
99
0
3187
1
271
3848
3268
0
961
14
92
10
100
13184
11
25
150
25
10
41
1041
7
0
423
47
1454
1464
10819
2
96
22
0
3539
10
7
5
35
1237
11
51645
933
20
0
222
71
23
0
10819
7
468
4
25
10
35
810
536
110
136
14981
206
168
51646
2
35
24
322
5
1762
9
7133
211
2
581
3335
13
128
7465
3
850
24
84
4
181
2
8
24
322
5
848
6
0
2122
6
246
1
5
1925
1
4
95
3335
13
128
1
128
650
3
14010
0
1427
1449
22
7
37
772
17
1323
1518
15
518
2
35
24
181
25
47
885
222
9
345
984
886
1584
4933
17
95
6263
2
8
590
121
1
23
5
1925
1
24
177
25
23
63
2031
1
9977
1
28502
1
3242
4581
4
1489
49
984
3
67
75
12
0
2536
14
984
13
5
128
721
51647
271
3848
22
0
956
58
143
662
92
10
35
3450
51648
7
242
11
2629
5071
4
3650
38
84
41
188
3
1957
222
9
345
8973
2
191
36
1155
14
3454
38
2943
127
1813
984
208
149
58
41
32
4464
0
423
47
787
2
7415
16
271
3848
22
0
956
58
143
662
92
10
8
3450
2647
8
7
242
11
2629
5071
4
3650
38
84
41
188
3
1957
222
9
345
8973
57
13
539
14
140
775
134
153
6
0
423
46
5132
3
99
0
3305
1
609
25
46
41
32
5
14382
150
292
524
30
2721
5
456
1651
12
0
1092
23
54
6
14234
2
6496
3454
12
0
10069
6302
3210
6
0
423
1
173
1610
1027
789
13474
4
1449
11
3335
8211
9302
1
33
98
539
3
99
0
586
2
360
1
681
1077
2032
2552
1273
0
1813
984
1651
58
185
3
6501
14
35
0
8632
423
13
22734
1
150
125
3454
46
4084
3
99
25
2
5318
21
30
61
40
680
3
1005
5
456
1651
39
20
568
54
25709
2629
848
6
19
376
3828
1930
3
7968
699
85
1651
7
3622
1
68
2552
30
2033
681
1644
3
337
0
3187
2
51649
16
271
3848
22
0
3539
10
7
5
8
1237
11
26809
8
933
20
0
222
71
23
0
10819
7
468
4
25
10
8
810
536
110
136
14981
206
168
32
8
26
3161
1279
2255
3848
22
217
6
3335
171
337
678
26
8060
0
3539
10
7
8
1237
11
26809
8
7
468
10819
26
11766
888
23
8
1762
9
7133
8
4
22
678
4933
17
27
6263
26
639
7165
539
3
6876
4976
7
1185
1651
12
1813
984


