119
3607
725
879
24
6553
515
704
129
799
13
24
2426
4715
825
4199
3487
5
7098
27
1312
405
6795
5
34
9817
5194
109
2456
13
4199
24
331
13462
57
15958
61
331
24
3607
15927
44
244
3083
1533
25700
2
9427
27
19153
15041
25701
25702
23
54
858
3232
331
119
5298
15472
57
119
3607
15927
331
16126
24
2350
83
57
9817
331
19321
129
369
3108
13
198
13
24
2426
4715
5
278
105
13
738
218
4745
27
11168
262
11169
25703
19273
262
25704
61
905
61
2
25705
149
5217
1521
644
13
1790
7466
123
525
22141
64
334
25706
1066
218
4745
61
76
24
11264
13
8988
23
24
2426
4715
25707
262
251
8713
456
91
14
608
506
2033
21471
730
552
3700
6545
87
13
4699
82
76
525
3246
331
25708
61
25709
61
628
708
723
14
1842
27
1160
387
331
262
13951
873
14
843
34
54
485
23
25705
129
4227
515
215
706
221
183
13
24
4744
119
25710
262
25711
2
4117
16165
978
13
444
185
24
676
331
119
25710
331
40
215
906
5
24
821
676
25712
54
12249
25713
13
5429
262
19823
2839
76
14034
61
967
91
6203
25714
61
2424
61
502
10452
13
1645
1229
655
5194
185
24
1619
57
24
25710
20956
2943
262
25715
15905
25716
61
3845
57
25717
149
24
593
57
334
2285
3152
2943
91
7437
273
123
24
22141
218
4745
5
215
663
20449
2
3976
5
22694
25718
25702
1275
308
2
4117
16165
61
25705
61
25719
61
5
25720
129
369
8424
122
2846
23615
76
7437
7464
61
5859
25721
61
5
709
5538
9765
27
1427
43
61
2282
61
5
272
1393
6823
218
4745
13
799
13
24
2426
4715
5
825
1502
107
9314
61
5669
10850
61
1185
1248
17842
1817
24
880
27
25722
341
515
3096
9817
369
2352
185
14
19372
676
515
8293
4745
289
331
119
25710
27
1687
2906
1248
17842
5
217
7935
185
24
8999
27
6386
117
445
1348
358
369
4916
91
8329
642
5
358
1510
18640
1339
24
676
27
25702
37
25723
12027
369
57
317
61
272
61
5
775
1481
75
14
2060
6409
818
515
24
16135
718
1610
850
122
947
27
2906
1645
11895
8151
76
867
23333
122
725
18808
27
25724
262
25725
7682
2
25705
76
525
166
272
69
15949
57
2195
454
61
25726
57
2778
494
61
5
25727
57
25728
652
57
24
2285
596
926
4508
91
525
583
1312
1159
262
251
25729
417
13
25730
15905
25731
61
265
57
25705
91
525
21567
23
25719
13
2648
525
123
525
8999
4565
1778
262
119
3351
57
12954
37
583
2
25705
129
1077
316
494
495
2
8491
3263
123
334
5453
75
24
676
1847
9484
262
25732
61
4884
61
57
25719
4508
61
1817
76
525
9044
9
2033
2179
5
2978
622
22195
23
334
25733
1757
23
25734
25735
262
251
25546
61
13537
2
14
17539
990
7208
502
87
11617
91
24
4450
25736
2904
25737
4905
13
13
24
13551
331
20601
25267
25738
16614
331
23
25739
1958
2050
262
331
628
629
6324
61
2
25719
806
655
23
24
4744
707
469
61
25740
61
5
628
288
10618
61
5
707
469
25741
149
1745
27
162
24
1029
61
628
769
1690
5
628
151
3108
331
999
57
372
8151
1918
61
331
25708
61
25709
61
628
708
723
14
1842
27
1160
387
27
331
1843
544
1046
24
4065
14
893
8087
655
8424
14
13107
129
7345
525
89
14
24558
27
999
5857
1046
14
190
9
506
9
17012
725
1563
64
926
25742
183
27
119
3800
3801
341
515
25702
1770
54
3634
23
2336
58
140
14
292
13551
515
2971
11281
5
310
4014
13
372
22195
2352
1817
24
880
27
742
3634
510
494
13
2837
5
23
1268
215
2168
11460
2002
34
24
2418
2
25743
14
25744
25745
9831
25746
25747
25748
27
331
187
37
334
6828
13
3751
24
594
1760
83
57
1968
3607
25749
61
704
24
18786
5
25750
61
331
1520
25702
331
119
2043
725
57
372
129
3302
4745
76
24
4887
57
122
775
5
122
25751
61
5
1348
45
25752
830
855
831
5704
25750
515
44
1180
542
2
1950
24
557
57
122
763
27
331
4360
5860
19
25753
61
25702
37
12027
5449
168
5
122
3996
5
21195
87
8812
23
24
1275
27
331
119
622
83
57
24
725
331
1308
45
503
16280
13
24
1713
34
24
331
3607
725
61
331
25702
4042
61
331
842
663
24
10834
57
334
11264
13
278
14
226
562
61
24
25754
725
5
14
712
515
825
604
799
27
331
25755
262
119
843
1520
331
628
278
3366
76
7152
25756
69
23
25705
71
13
2002
707
485
61
641
628
7682
34
24
451
57
707
272
331
25757
14
226
562
262
331
1003
2255
149
10618
5
358
4634
703
13
25705
27
628
1835
2431
5
1018
45
1028
13
1470
7895
27
331
22982
262
331
628
629
3970
494
2033
5
628
198
76
707
469
27
628
1028
13
8988
13
24
8404
1804
27
1936
24
2158
185
908
57
24
69
25758
71
628
105
14
25759
239
27
1003
3584
87
25760
331
3627
7420
262
251
7132
57
14
4744
1707
22199
2
4745
246
11168
262
11169
25703
246
19153
15041
25701
25702
23
54
858
3232
331
119
5298
15472
57
119
3607
15927
331
16126
24
2350
83
57
9817
331
19321
246
25702
1275
308
2
4117
16165
61
25705
61
25719
61
5
25720
129
369
3621
11417
23
24
2426
4715
246
1427
43
61
2282
61
5
272
6823
218
4745
13
799
13
24
2426
4715
5
825
1502
107
9314
61
5669
10850
61
1185
1248
17842


