144
523
9157
293
16
24047
138
1
823
600
151
291
287
16
39784
138
1
823
600
151
65
2344
288
30
366
25
13
0
29517
1264
7
299
39
231
4694
11673
668
5
1587
7
54
7
64
347
9
173
54
3551
561
2
17914
20
29518
20510
2344
733
1
7
29519
1
14731
1
43
5483
56
5
423
6
11673
364
5
1587
7
54
81
215
2
89
44
43
3864
56
5
557
178
335
1
173
5235
9
83
1306
24048
4
3551
3859
2542
1
5522
1
1180
2020
647
79
5
333
230
9
2501
3324
6
67
85
5
341
3
54
2
2456
335
668
5
1587
7
54
20
29518
20510
2344
733
1
7
29519
1
81
215
1
173
5
3551
130
4
5
5235
9
83
567
3909
6
6723
1
292
13501
1
22
16
8
104
79
76
74
354
25
2
104
2845
118
124
5
295
6
75
38
3505
5
1587
7
54
274
70
9
45
3
29
231
7
199
5
769
837
6
71
13
20511
6
2
8
104
43
79
9108
14
44
80
1527
3
1342
54
39
0
108
1
77
0
837
6
591
230
2
8
57
18
199
37
9181
11
156
5711
9
4
148
11673
33
1726
3
702
54
7
5
6094
2
8
15
20512
43
80
20
410
4164
50
13
110
13
3749
17
80
0
11673
6
5
410
2104
2
8
249
3859
224
3
326
60
43
2671
3
9512
59
1
60
34
202
34
5
3551
5711
326
323
90
1
4
123
21
213
5
1587
7
54
9
60
43
29520
2
8
12385
17
68
2542
1
5235
9
83
1306
24048
61
959
3
2277
37
7747
1
23
168
23
2419
4050
1
8635
10956
1
1883
13501
1
4
3151
22756
1
38
4022
19
1587
9
7
9
54
31
371
5
6307
3
4920
1782
2
11489
3859
2542
53
93
51
1017
3324
6
5
341
3
54
56
21
668
19
1587
7
54
1
119
5235
9
83
1306
24048
10
61
54
6
0
272
5
3350
335
38
959
0
10930
2017
6
0
17713
510
12
0
222
132
4
309
56
68
10956
1519
12
0
200
1587
2
68
4050
123
29521
0
1745
1587
12
5
410
389
4
68
13501
921
0
2090
804
17
5
1587
7
54
12
0
5412
1587
2
68
2542
123
3122
0
163
17
19
1921
2
20513
771
2567
13501
22
16
8
57
13
79
1926
3715
60
29
34
323
1
80
6
0
29522
224
323
3
1659
784
12
410
230
4
44
80
76
74
354
25
56
44
213
0
1587
7
1935
4
4616
73
60
2
17376
4577
13
159
12
2
8
68
2542
1
5522
28
39785
1
545
5
726
17
19
8
20148
8
2611
9182
1
2450
1
4
10
29523
3
1487
21
34
2176
3324
6
5
341
3
54
56
21
668
5
1587
7
54
2
3151
22756
53
93
51
4022
19
1587
9
7
9
54
31
371
5
6307
3
4920
1782
119
8635
10956
53
122
51
309
5
389
6
146
1587
7
1935
12
0
222
132
56
21
1519
20
0
200
1587
52
22
16
8
57
10
95
87
71
20
0
733
4
1
455
17
95
1079
2611
1
24
10
344
3
326
23
1260
1
17
2611
4429
277
303
11
121
4
7484
121
7
0
122
3004
2
8
104
213
3
0
13502
1587
4
29524
4
19422
24
213
5
1587
7
54
2
24
29
202
34
14
7
95
14732
673
90
24
342
95
3499
86
24
76
74
810
354
25
2
8
24
882
348
2611
3
2726
121
3
0
1587
86
14
24
76
474
25
34
698
7
23
24
79
107
74
354
25
2
24
10
2790
3864
3
325
55
25
34
2
8
68
9182
22
16
8
57
10
5
39786
24049
1587
17
5
16243
7
376
6
0
1264
2
57
10
5
128
1966
638
11
3859
56
21
213
25
2
8
1883
13501
53
93
51
668
5
1587
7
54
12
0
5412
1587
119
2419
4050
53
122
51
29521
0
1745
1587
12
5
410
389
68
2542
342
19
3499
434
3
5
701
641
79
77
64
82
320
1
45
30
921
3
326
2344
1
1763
3
185
28
13503
6723
1
14731
2
52
10
2483
129
3
326
311
20
0
39787
733
1
39788
1
4
489
185
28
1421
5711
17348
2502
2
68
2542
22
16
8
24
34
202
158
306
6
3551
2344
90
24
342
95
3499
2
89
494
24
34
226
3
1281
17
91
3551
1
24
756
24
404
3
326
311
2
8
68
2542
34
545
2344
11
406
82
90
21
342
19
3499
4
34
202
34
5
1587
9
7
9
54
56
21
76
177
2
39789
1392
2222
161
44
58
29
1031
68
2542
3324
6
5
341
3
54
12
59
39790
430
5
1587
7
54
2
1736
39791
1
28
1392
2222
16
8
139
13
54
6
217
1473
2327
56
60
73
882
1005
5134
3324
6
5
341
3
54
2
8
1774
39792
1
1124
449
6
0
246
6723
12204
1
22
16
8
24
29
202
306
6
231
1587
7
1935
7
199
5
769
894
6
71
90
2
8
57
13
5
2748
9181
9
228
127
0
3324
9
2505
44
171
143
0
4164
5
706
2397
2
8
861
3551
14732
66
228
33
20
0
39793
6
0
447
20049
66
4
4429
0
303
1
92
13
5
706
6
3715
6422
45
2616
326
1
128
168
617
2
2456
7
851
230
13
228
205
159
2
8
26
2017
6
0
11673
213
5
1587
7
54
12
0
222
132
26
3244
0
6912
38
668
37
7747
10
5
5235
9
83
567
26
11489
3859
2542
1017
3324
6
5
341
3
54
3
2277
19
1587
7
54


