144
1796
3094
293
16
31647
138
1
483
488
151
291
287
16
31945
138
1
399
488
151
21788
49
16
26991
26992
3819
7667
1
2934
1
1930
4
15675
7177
2524
801
69
1788
11
19144
147
65
8
10008
8
13820
38
1930
7177
2524
801
69
1788
11
19144
147
30
40
856
2
26991
26992
3819
7667
93
5
13660
9
83
130
17
5
1587
7
19
2352
77
5
19812
634
1
4
5
18624
9
83
211
17
100
381
11
178
187
2
15
6430
9
83
863
21379
1
6
53178
1
820
1810
1
10
2710
49
11
542
187
20
10697
904
372
397
39
4709
578
3
851
635
6
1866
2
10931
2325
4066
78
7667
16
8
308
43
2048
4
2922
1
4
25
13
536
28
0
530
14
0
53179
43
15675
31
66
4
66
392
29
40
1591
6
14
2
982
43
2524
1
3140
819
2
8
5304
3415
1109
22
0
584
6
6507
43
204
7
31
19
2010
3
84
147
11
88
2
7667
78
0
130
14
21
58
4509
19
2352
11
456
1
892
21
1182
49
1788
5
943
6
72
53180
2
52
467
31
324
14
0
2352
735
1715
9
7484
1
120
50
21
1047
5
1310
4
21
572
59
72
22238
11
5
111
4531
2
7667
22
14
25
61
735
111
20307
4
667
10375
1
50
21
732
3
1046
2
401
1109
22
14
0
2352
10
93
3254
77
634
468
120
1509
2951
1
4
56
7667
1002
3
0
130
18
12616
21
21000
0
72
11920
6001
2
580
147
10
617
1
4
7667
78
59
14
16137
10
735
2
15
130
1258
77
67
279
45
739
532
2
15
130
1085
3015
3419
1162
3
1911
0
431
1
4
25
10
2024
7
5
132
11
79
72
1205
2
15
211
1
38
34
330
7667
56
21
10
27
1310
6840
1
1182
49
1788
59
72
53181
39
36
348
59
3
4411
27
1402
4098
2
96
735
147
617
7
27
2839
1
4
7667
1145
0
20307
4
1200
0
8701
184
28
0
1884
2
401
1109
22
16
8
590
178
187
36
10
340
381
1
248
3
6648
888
7
0
2137
1
4
36
10
340
5
1402
2
8
7667
10
763
31
106
11
10617
0
130
7
488
411
1
4
432
11
1866
7
460
411
2
5859
5207
1
2788
1
22
14
7667
10
41
5
4269
1697
53182
28
363
0
329
38
2989
3140
75
2
68
5207
22
0
2178
510
7
5
10008
1
10887
4416
39
0
8550
6
19
573
2
10931
4066
3597
61
4604
5
64
9
70
5372
554
7816
7667
28
8450
0
3140
16995
1
38
29
1170
7
53183
2
26
26991
26992
3819
7667
1184
578
3
851
635
6
1866
26
6430
9
83
10
8
2048
4
2922
8
3
6507


