258
25062
25063
261
262
30794
264
61
1371
3094
1268
268
269
262
30794
264
61
1371
3094
1268
4429
262
30795
30796
25380
149
6699
91
30797
30798
129
391
515
926
149
24
4678
9
18851
251
30799
884
129
5682
24
1566
185
14
1439
13365
149
902
3218
13
5449
19419
23
320
34
28949
14
9877
129
215
391
149
24
4678
9
18851
27
30797
30798
61
13449
61
4727
6699
30796
25380
61
4626
61
76
1155
30800
35
744
24
12137
4113
445
27
30798
61
129
650
13
3440
2
2787
1566
30104
23
13444
13008
13
107
190
494
443
61
807
24
26455
239
14
751
58
361
7654
2
320
575
215
149
279
34
14
13038
15727
27
842
185
744
2431
30798
9
129
149
19775
23
54
14001
34
361
30801
9
1745
24
17792
58
4996
3477
54
9995
5
5570
2053
13
17174
5
30802
27
724
61
30798
61
2
5103
2007
61
7328
941
3818
9616
104
24
2436
9152
27
30803
30804
8721
61
10955
61
330
24
884
149
486
76
54
593
6505
215
1129
13
1724
331
9087
331
27
162
24
1267
484
6882
24
9877
30798
149
22458
30805
5
2540
27760
1400
449
2931
8259
912
223
5
1552
24
4678
9
18851
27
4338
3319
24
2255
9
57
9
32
215
4553
4554
40
24
332
333
391
358
105
100
289
133
13
14
8544
7707
27
1307
358
2084
104
24
593
912
82
61
502
149
185
24
1271
1535
64
30798
912
61
977
1142
525
1816
76
946
8676
10408
5
14
30806
18
525
855
27
1420
30804
330
24
884
61
6068
648
13
107
331
4536
5
995
331
61
4411
104
24
348
5
149
30807
27
30798
61
129
149
560
57
11158
23
266
555
61
750
642
104
24
348
331
727
2831
107
108
24
4678
9
18851
87
982
331
61
24
17898
330
27
618
744
15
61
145
1267
484
24
3319
61
215
10952
642
5
750
542
215
149
361
2344
6816
185
2346
5
516
6457
3383
1222
215
638
45
444
442
27
1978
1267
147
215
750
355
331
24
19301
7645
149
23
158
331
5
215
105
100
319
91
25039
40
2193
575
24
4678
9
18851
1910
61
502
149
589
25380
912
5800
61
24
2959
944
27
618
744
145
2460
330
215
149
10491
47
104
24
593
922
525
1563
5
215
663
12981
76
525
27
7794
262
30796
37
688
30808
25380
99
8523
57
24
10493
515
237
99
1515
54
485
61
76
3096
57
24
5179
30809
119
257
58
215
289
642
61
1420
30804
330
61
2496
542
331
215
105
144
1745
25039
331
27
12668
9
1413
4615
147
61
215
1745
589
25380
27
1420
30804
330
215
750
977
5
642
331
628
278
1745
24
4678
9
18851
331
61
331
8259
750
846
13
1018
183
9
183
87
8259
912
825
331
61
5
331
628
149
750
13
2528
76
525
9
723
2831
107
108
24
4678
9
18851
87
982
331
27
119
17898
330
515
23
30798
912
642
4860
215
750
542
515
484
215
1745
525
61
589
25380
6021
1587
185
54
918
1116
40
215
747
13
7940
183
652
215
391
926
149
20306
27
4338
926
174
61
215
510
14
6514
61
30810
5
14
28646
30811
13
525
82
27
331
396
750
525
215
2193
129
926
149
5
939
14
6514
89
525
1816
64
3096
607
64
8259
750
158
13
61
331
1420
30804
330
251
5016
9
10429
2378
2057
24
9877
1077
2
946
10408
13
24
474
5
30812
27
162
14
593
5453
376
61
24
9877
912
503
318
30808
25380
330
215
149
8488
91
54
2255
912
897
5
515
54
1016
485
149
23
11405
27
808
25380
61
129
7427
23
2959
5
5145
159
64
952
288
4862
61
359
515
54
374
9
506
9
2033
1093
149
818
30813
91
525
3246
912
897
926
44
45
738
13
276
5
105
22394
515
30798
516
6457
525
27
11564
6893
61
24
884
912
17898
61
330
30798
105
14
2079
57
5244
9
19760
5
22078
27
396
650
13
3440
23
13444
76
14
13365
515
3138
215
149
3132
23
13060
9
215
149
1644
3132
23
26395
27
30798
149
3818
13
290
30814
7628
23
30815
61
7328
941
61
5
7654
23
1078
1411
166
5
1413
3133
484
11540
24
2102
396
15003
23
3150
58
2548
30816
996
13
5449
40
4534
13
941
23
4399
1348
215
149
279
34
22078
27
162
1073
215
149
3818
13
320
58
956
13963
61
776
5645
2367
5
361
1103
13
2371
27
396
149
4001
76
14
25833
13038
15727
27
742
17898
330
515
1411
1073
5
558
215
6139
758
76
4014
23
24
356
61
637
625
2344
21053
133
2346
104
1463
23
14
1060
320
4111
27
842
23
558
215
149
3818
13
290
7630
912
7628
23
30815
61
7328
941
61
5
7654
23
1078
1411
166
5
1413
3133
484
11540
24
2102
27
808
6893
330
215
105
14
331
4509
11410
23
54
9405
450
331
5
149
331
6126
30817
185
24
257
57
24
3319
331
27
30798
87
370
361
279
23
320
5
87
17138
13
4678
9
30817
9995
61
215
30818
215
370
99
709
1355
89
496
215
99
456
61
331
54
17898
330
27
119
6558
61
1075
30819
8721
61
53
334
3023
5552
24
884
89
14
2827
320
76
709
227
9816
27
331
2186
723
638
837
30820
30821
9634
61
331
215
330
27
246
30797
30798
4727
6699
9877
30796
25380
246
7424
818
76
1155
30800
24
12137
4113
445
123
24
239
35
744
246
119
7299
9
2033
391
515
926
149
24
4678
9
18851
246
9618
330
24
884
149
486
76
54
593
6505
215
1129
13
1724
331
9087
331


