2880
8680
335
4
476
43
93
16181
515
6
42
1965
127
2599
56
1
969
6
9395
55
42
796
10169
1
0
2935
18
2685
571
969
545
0
10169
6
14769
2
15
2782
513
13717
1
3905
31960
7
0
172
31
2946
1
43
1418
0
353
370
8405
9
49
20
1134
6177
18
34901
7837
12
377
45
42
670
2008
337
43
18696
23
0
2935
5029
18
2358
492
3069
515
6
2061
9
103
2
7618
85
0
4476
8
53426
53427
1363
2880
8680
8
1
481
20
0
2935
50
1614
3581
0
2814
18
1134
24311
545
55
8
53428
53429
8
2
2880
8680
335
43
93
16181
56
0
14769
796
10169
10
545
969
6
20892
15
335
1
2027
1987
17
844
12
42
26602
1
233
4799
31
0
3042
1
33175
140
3514
9356
3
0
27015
10169
1
0
53430
251
11
0
22759
17
42
2299
94
17585
969
0
2935
34
1534
5
676
6022
11
0
10169
45
1182
49
24744
25
2880
8680
53
483
9
441
9
275
51
16
53431
241
5424
1
18822
1
53432
1
27016
53
34902
6990
51
1
53433
241
30807
1
34902
1
53434
53
53435
7414
51
1
28779
53
53436
5522
51
241
53437
53
53438
4740
51
2599
53
441
9
314
9
463
9
275
51
16
11817
241
11067
1
53439
1
53440
33461
1
53441
241
53442
1
34903
241
7091
3245
53
22300
4693
51
1
53443
1
18709
53
53444
7895
51
241
25440
20412
16
27016
33193
3123
1
22300
6990
15
335
2027
55
12
0
2059
1
17
42
844
357
42
26602
592
4799
20
87
1
90
1621
2497
4356
23
20863
5197
55
12
3
0
1368
2
15
1511
9
38
34
1534
5
8
53445
53446
1
5407
8
2220
3
32
1091
77
0
1730
9
4929
18256
2
1134
13
102
3
54
6
0
1404
53447
3629
363
6
2782
1249
4
42
3362
53448
0
6522
337
2
930
143
457
2471
1
2880
8680
865
3
37
539
1513
127
37
2599
243
38
93
55
4586
2168
4
3487
2863
2
15
2195
28
2880
8680
3
14769
13
53449
724
1
5
6029
425
2358
11
0
2935
481
3
143
2599
335
2029
39
12361
22300
53
93
51
668
5
616
120
0
708
1965
4586
2168
10
41
1894
31
2599
7
42
314
9
791
313
1
4
4616
10
338
283
18
3487
2863
53450
53451
18
243
5103
0
229
4
175
0
667
7
0
34904
977
1763
3
5
53452
27016
220
616
19009
28
15057
34903
18
303
2
12520
12361
22300
123
116
662
6
0
313
17
5
456
2061
28
5
3009
8696
12
6990
379
2
5323
282
9339
1
0
53453
1
9343
1
930
32
97
126
1
180
60
73
1
191
716
282
10101
136
630
53454
1
8451
936
3
97
205
1
53455
307
1213
3235
1824
7
1595
5133
1
2880
8680
300
53456
9394
2
930
3822
48
30
40
27
12321
26027
1
930
402
25
1
527
3007
5218
2
861
53457
3335
1
0
4191
6
2651
1
96
53458
3
1405
1
930
15983
27
400
21304
1
191
24239
5
596
594
2
65
13989
6306
23737
27
1
16080
0
1981
6
7749
53459
1
15057
150
0
132
56
27
7868
2220
1
24424
5924
17
25
18
777
2
34905
28
1775
4938
2508
7
0
5338
1
4938
3755
7
0
3144
1
14832
6
5062
1
7233
5
233
20
95
264
307
1754
0
53460
136
12432
5218
1172
1
135
107
41
355
49
42
2615
1
581
27015
75
33
989
307
15
152
10
1151
3
0
25883
1
144
0
3257
1018
24
29
2
3506
13830
13
3450
1
24
29
37
1805
264
1
57
4957
0
1594
6
71
1
2838
37
12321
427
1
1232
264
13
9047
1
1232
264
13
199
307
34905
28
27015
26
2599
1017
2880
8680
314
9
791
7
37
708
1965
7
1134
26
89
14769
18
10169
10
545
20
640
969
6
2880
8680
18
26
8166
4
476
43
93
16181
31
0
3599
3042
20
0
34901
7837


