523
4077
131
21
13
2671
14
449
1567
1144
1696
13
1075
59
19
87
9
174
880
20
338
250
2
15
4289
9
83
854
224
12
23
5
200
9
272
3939
11
3649
5027
120
250
18
275
9
275
1203
127
435
20
1355
2231
12
302
2
8
57
10
400
91
12
0
2059
91
17
0
335
4
497
553
2
57
10
3353
1
497
12
1
25
10
400
2
1343
297
94
3
718
523
4077
3945
178
424
1009
7
27443
525
523
4077
131
21
13
2671
14
449
1567
1144
1696
13
1075
59
19
87
9
174
880
8
57
18
37
650
71
11
121
2
5306
17
217
64
159
133
46170
53
12407
3209
51
12
1331
4
3054
53
5052
51
497
5
356
3
671
133
25
18
289
121
5
400
1683
2
8
57
18
159
3
32
228
650
11
121
3
124
0
379
12
0
2059
2
8
57
496
39
1609
1696
116
4077
586
19
1767
245
114
0
250
449
890
5
854
171
29
5
697
12
19
99
2
15
4289
9
83
854
224
12
23
5
200
9
272
3939
120
250
18
275
9
275
1203
127
435
26
523
4077
224
12
23
5
200
9
272
3939
127
435
26
15
4289
9
83
854
131
25
13
8
37
650
71
11
121
8
26
1567
1144
1696
30
40
1534
3
716
59
29
19
87
9
174
880
26
1914
17802
814
116
4077
586
19
1767
245
28
3107
3
2796
7
554
11
0
854
3
29
5
697
12
19
99


