251
582
296
3484
2051
2168
24489
902
64
11846
807
6570
4883
3440
9
5
655
646
149
4044
127
104
26834
2446
37
9378
361
1115
1778
14
20011
61
32
833
25319
5224
24
1726
2831
107
3573
449
1579
2107
4987
13
14602
27
6570
4883
3440
37
26835
61
24193
61
149
10149
91
7581
170
24
346
57
308
515
14328
89
1726
14602
61
818
11846
99
14
1842
57
1675
13
221
47
27
842
833
9678
1704
26836
5224
183
3362
14
2278
3317
57
26837
61
45
306
652
57
1579
13664
57
665
2446
2
14602
27
6228
6229
6230
2994
8976
9
47
262
119
1413
26838
3194
445
24
3193
2
1778
24
20011
61
484
3031
1145
24
12779
147
23
24
6632
26839
24
2187
262
119
12779
5
24
26840
87
1088
2381
13
515
57
6570
4883
3699
1002
3714
262
1427
308
510
13
5538
833
7107
13
10489
122
26841
449
6570
4883
3440
537
2381
13
6570
4883
3699
608
1835
13
26842
9
26843
26844
5
2535
9
47
57
24
257
37
2108
26845
9
251
999
26846
7262
26847
9
26848
26849
4123
104
14
4939
18216
23
14992
76
14
331
11517
57
3225
331
2482
26850
9
251
467
57
5262
26851
23
26852
26853
9
1075
7430
76
14
999
26846
522
898
26854
9
26834
2446
5068
14
4929
3954
449
26855
9818
26856
9
26848
26849
331
26857
57
9348
680
133
1389
1851
13
14
111
104
14992
4939
26858
9
2465
26859
4860
396
750
2952
262
331
1134
87
14
4396
3337
57
24
26860
9
646
37
14
582
5159
77
5
582
26838
27
187
37
14
4396
1454
61
40
185
2886
183
3362
705
3317
57
1950
27
26834
2446
87
14
2508
9007
27
331
119
5218
87
1720
6570
4883
3440
232
13
639
1579
4413
5
1720
183
232
24
700
19033
27
331
808
26836
330
515
26861
149
24
384
57
24193
37
10834
27
396
330
262
331
543
24193
15283
26862
510
18
104
11846
27
162
32
906
26863
358
15387
1690
515
718
738
286
23
32
3193
27
691
4872
17259
26864
5
16550
26865
61
334
2219
5480
185
119
999
5620
61
40
12397
16868
2
32
513
13
2276
87
821
1131
13
1018
27
331
396
359
262
331
187
516
107
2236
692
61
45
306
34
24
1726
61
1222
11846
2828
13
221
14
4228
57
6570
4883
3440
61
652
1222
183
232
26866
24
1726
825
107
441
13
4005
27
3627
722
2482
87
45
692
34
24
16135
27
331
665
2446
912
11846
3649
3249
2458
12079
4671
61
76
7002
515
24
3193
132
401
2381
13
1579
4753
12636
5
515
665
2446
912
3865
149
7008
91
14
20011
27
397
24
3193
1770
4010
510
13
1002
13
6543
515
24
9378
57
24
2808
9
2033
9
552
3896
34
24
511
99
100
1341
64
1389
1534
5
64
822
64
1389
10807
14
506
9
288
1115
2
1772
27
999
16135
7976
262
331
3944
99
11846
590
818
822
34
26867
503
13
1399
525
1778
14
20011
778
2847
1030
12940
14
16576
5
7004
183
23
24
5142
4182
26868
27
331
1843
598
262
331
727
1018
244
6452
26834
2446
5
935
14848
525
1778
14
20011
4182
26869
4182
26870
27
331
119
127
149
4539
9
1910
61
3400
61
64
665
2446
61
960
23
14
2924
9
675
471
670
61
387
4534
13
14
4506
27
378
970
449
24
20011
5
24
582
1481
57
24
3193
61
26834
330
262
331
2686
1481
87
1245
61
1285
5
183
37
45
496
308
278
100
1129
13
18
24
35
540
57
494
23
1379
7249
27
331
187
87
1465
582
5
5052
34
703
27
408
704
56
1778
24
20011
61
502
99
244
640
34
14
655
27
331
16302
515
24
3193
912
12779
5
26840
24283
11613
912
6570
4883
3699
1099
1550
849
13
11383
445
27
3995
34
128
262
665
2446
37
9378
288
147
185
3193
64
926
5
808
26851
7272
2465
26859
119
124
1367
262
26834
147
4534
5
2057
445
525
9378
23
525
2924
9
675
670
1160
34
1533
262
2436
11717
349
15932
4876
11564
8720
288
33
34
24
582
3193
999
16135
598
185
1002
262
331
6570
296
3440
87
401
989
5
26871
5
1030
334
3607
296
3193
27
4182
26872
27
331
569
2276
359
262
331
9958
61
6570
4883
3440
1577
821
3607
818
420
820
10581
77
1778
18147
61
26873
61
80
21481
1410
47
170
3389
27
331
1839
1840
3973
24840
26874
750
2952
515
926
1142
24
3193
9
3564
9
6359
91
5262
26851
61
2149
61
15941
26875
61
265
5
10918
10470
61
1114
9
401
5972
27
119
11000
61
129
149
14
4857
185
6570
4883
3440
37
25700
1588
61
3484
9
1835
61
23
13083
61
330
262
1687
119
3193
1981
87
144
401
435
34
846
104
24
987
40
628
629
4149
183
706
9802
159
58
14
540
57
3133
27
1687
14602
4010
144
2296
13
639
515
24
1146
87
373
5570
61
358
718
444
13
223
185
227
5
496
24
5097
87
2931
820
331
842
926
359
262
1687
628
603
26834
27
628
1019
926
99
704
24
14555
14
2508
11000
5150
27
26876
61
26877
61
4238
1348
926
5150
13
107
5
7420
1348
926
26878
1570
9
26838
262
5262
26851
61
174
61
5
15941
26875
61
700
61
129
1899
11846
2
1839
397
183
149
262
26879
2968
5
12667
8671
185
24193
61
484
183
149
26880
64
6570
4883
3440
3354
912
12508
6918
34
1726
14602
5
6570
4883
3440
825
107
407
8262
27
618
3940
26881
2979
308
2995
14602
621
632
61
1489
13
24
1726
27
26882
6574
6241
5224
646
87
14
613
3317
2446
1099
45
107
76
24
3193
23
14
506
37
227
61
76
1347
3225
185
24
11000
709
849
361
14
4093
2213
454
2
1094
27
14180
26883
9723
330
262
331
727
516
5928
24
55
257
13
107
14
853
19529
61
40
610
1999
24
16868
149
45
646
5
24
3193
44
3398
23
1579
6646
11955
27
331
26834
26884
133
24
33
57
11846
37
12779
185
24
1747
923
18
334
2277
58
1729
1636
5
149
5008
133
23
14
2060
4984
27
579
20725
262
331
13561
34
704
851
4171
4182
26870
9
33
8262
104
608
1835
27
331
0
7210
262
26834
149
2241
221
9
47
64
926
2084
34
525
55
257
185
24
3193
18764
525
10732
5
24
257
37
2593
26755
2928
262
26834
37
3240
511
104
1726
14602
1850
525
1399
185
14
822
1533
26885
1686
246
23707
510
13
1002
13
6543
515
26834
2446
37
9378
288
1115
246
1447
149
663
7002
515
24
3193
132
401
3607
246
1839
1840
3973
24840
26874
330
6570
4883
3440
149
331
401
435
331
246
26834
61
5783
61
87
6934
361
590
1389
1534
34
525
582
511
246
331
6570
4883
3440
3362
705
3317
57
1950
331
9
833
5589


