144
1179
629
1
8998
12274
293
16
17312
138
1
918
488
151
291
287
16
33304
138
1
918
488
151
17907
225
5
72
13765
1655
39
678
3
1048
0
990
14
1644
8037
991
42
1451
9
19643
4890
43
7927
1376
2
15
4437
10
3863
5
21866
134
153
1083
7
10199
3
226
69
326
48
555
133
45
397
0
13863
4571
4256
116
0
2583
2593
14
0
1083
10
91
1410
2
57
817
0
6201
46
32
680
3
21894
158
67
279
69
13863
4890
3
5664
0
3099
1
20
5
71
56
1628
33
248
3
17959
42
9789
3
2485
1506
10199
991
42
220
4890
2
1644
43
539
3
503
21866
134
153
67
69
42
4890
1
45
0
4571
4256
15445
30
15866
0
1048
687
0
4437
5664
0
72
13765
3099
5064
80
270
3968
910
33
1418
4500
5214
6
49
3
399
134
153
1
4
11
481
7
0
747
3968
4500
2458
33
61
159
49
2
4834
778
4820
392
98
325
0
1176
279
3
143
49
0
23379
997
48
1
0
4492
8075
7717
4046
22
25
46
210
103
156
3328
12
48492
10199
268
39
25
30
1407
0
1030
1092
6
13863
503
4
4890
7
5
365
539
192
48
70
2
15
595
817
14
14961
46
32
1788
67
991
42
4890
85
1644
31
1668
2
13863
4890
6690
33
543
0
148
5514
7
0
264
2
135
8037
37
955
6
19021
134
153
6
42
72
48493
10821
69
0
9699
1
50
503
55
39
44
1499
2450
2
101
4615
1
31
1668
14961
46
32
11046
18893
134
153
991
42
4890
2
1644
29
3
503
69
42
2333
11
416
3070
82
85
4943
910
90
497
5
412
2707
2
191
44
2776
28
5
1506
6201
4500
3
42
4890
85
156
108
304
7
0
270
3968
133
472
966
134
153
1292
17
591
134
153
11
2420
4
2771
2
65
21866
134
153
1083
7
42
10199
10
434
3
454
48
555
45
48
46
100
879
1342
262
15445
47
595
397
2
57
13
539
14
0
4437
46
29
3
325
72
13765
3
5664
0
3099
133
20
5
71
56
9114
825
33
91
48494
3
0
2638
2
1744
11050
1
782
1074
6
0
11804
5891
1
22
16
35
1644
171
32
2239
3
0
222
2707
6479
44
929
8581
12
0
3789
270
3968
2
895
2707
4507
3
0
4437
33305
33306
22
25
10
8
699
1876
8
14
1644
6222
10199
43
41
2968
56
3263
43
1299
0
21925
35
135
161
60
929
80
7
25
386
1
86
25
47
118
2616
14
4956
8037
67
3
42
4644
5514
2707
9699
3
185
4509
136
1175
270
33307
674
166
33305
33306
1
179
2707
4507
3
0
4437
1
22
16
35
378
5
71
56
4890
33
1621
67
1707
3
987
1
25
13
699
1876
14
13863
10199
33
41
2968
56
44
33
5189
25631
15445
22
25
13699
0
1083
86
0
4500
1526
76
32
1407
1328
108
5843
23
196
6
5
12496
1622
6
503
4
4890
2
65
479
22
16
35
13863
4890
1728
252
350
20
2
191
14
13
459
60
33
7
0
1269
6
5
7465
1622
350
20
234
13863
4890
4
48495
26
33273
4256
48496
0
4437
17
595
3
19022
1502
1083
7
10199
116
31
1644
26
13573
1881
4834
778
4820
3
325
0
1176
279
28
0
270
18680
26
7833
9716
0
8
29583
520
8
91
289
3
4956


