258
14198
14199
251
12462
57
1466
1498
2707
88
24
1619
445
122
17670
23
6114
6258
1348
48016
407
91
24
2609
1515
334
13665
27
1707
23
54405
1779
330
23
14
376
515
14
44868
9640
2479
301
1482
24
54406
61
5
14
54407
57
14725
61
185
3354
104
14
12597
23
54408
27
119
1619
149
2832
2311
5
32
13654
4508
3189
18796
9
709
9
32
149
10493
27
251
12462
57
1466
1498
2707
88
24
1619
445
122
17670
23
6114
6258
1348
48016
407
91
24
2609
1515
334
13665
69
394
858
71
1707
377
1298
1498
369
2072
23
24
17066
5
183
149
244
3466
1607
8043
57
48016
105
1163
47
27
14514
54409
5
36070
13275
1581
8043
57
24
406
27
1178
13563
16468
1956
3283
14
12462
57
1498
10717
1533
45334
406
23
14
506
1284
14
485
1536
10717
13
1608
5435
2313
27
2617
4475
15285
330
515
6970
1498
54410
334
6248
1479
57
48016
12019
13
24
4651
28628
14323
57
14
1536
18623
54411
23409
57
2331
27
2617
15285
359
515
655
14322
14323
278
2384
91
4504
1299
1300
23
24
139
8416
494
61
48016
99
2384
91
52403
1299
1300
18
24
1271
1272
27
1178
13563
3283
14
12462
57
1498
10717
1533
45334
406
23
14
506
1284
14
485
1536
10717
13
1608
5435
2313
54412
99
14
6076
20017
1426
1284
14322
5
14
849
14977
23
24
10335
27
396
330
24
406
87
4723
34
32
7482
57
1362
20017
813
647
54413
27
14908
2310
1299
1300
5
3190
1299
1300
57
48016
1542
726
2
111
9
53
4190
61
5193
14529
57
2609
1155
64
1498
61
38903
5
31836
61
502
278
334
5185
11601
5
1493
1581
3580
57
48016
64
358
4009
1449
27
2617
15285
330
262
331
54412
42841
9
2868
61
1030
14322
2868
61
99
100
4724
30668
23
24
4048
1146
343
13
14
204
23
23132
1330
13
334
2384
5100
34
15088
61
5
24
577
54414
7717
577
575
4048
2846
221
14
27597
16301
17698
15088
13
10087
2846
27
331
396
4042
515
47
13
4653
1299
1300
57
2655
48016
14323
650
2
4048
2846
61
76
3527
5
4440
361
24
1330
3536
27
39000
369
361
53
13
4030
14323
61
349
8115
1245
3076
5
2590
4677
61
40
358
369
23
24
1920
5851
57
1319
27
2617
15285
61
552
1319
87
784
23
24
1320
54415
9392
61
7176
646
44
107
3071
76
52587
46237
27
251
8938
23
15088
44
68
13
14
331
7532
331
5547
23
5100
34
2587
5
1396
27
246
54416
9640
2479
301
1482
24
54406
246
42683
2
14
54407
57
14725
640
185
3354
104
14
12597
23
54408
246
119
1619
149
2832
2311
5
32
13654
4508
3189
18796
246
951
9
32
149
10493
5
24
106
34
24
315
87
373
7724


