119
25567
111
6903
57
15082
2882
316
2911
99
14
7706
1156
515
1231
24
1630
64
358
5145
89
54
82
185
46038
7314
27
119
28144
10675
24202
1543
9361
149
1461
23
14
20030
3062
1348
215
2876
10009
2792
61
1371
61
5
515
215
2876
47958
47959
61
2195
61
146
147
27
119
28144
663
377
9361
3469
13
278
4089
185
54
11232
5
2220
1348
4948
2084
27
2939
4023
57
24
522
5
14630
1254
655
745
9361
37
82
27
691
19310
3299
1793
1117
4567
2062
5
1117
1240
27
521
159
34
522
6022
262
119
8967
57
1630
47958
47959
61
2195
61
174
61
5
10009
2792
61
1371
61
700
61
288
1142
19114
23
24
20030
57
14
111
129
3138
24
2883
5145
89
54
82
185
46038
4303
24
5668
149
743
61
17960
288
289
13
9361
37
11202
652
14
471
8019
47960
149
4598
23
24
31952
57
14
82
967
91
1075
7551
6893
61
10236
2916
2917
11473
47961
330
27
10009
2792
61
1371
61
105
100
1914
515
1536
61
637
183
149
244
4639
13
158
27
23838
4863
158
61
40
935
157
158
738
61
47961
330
27
251
257
147
61
24202
9361
2876
5
1745
2792
5
2792
37
17388
9
2033
1588
61
47958
47959
61
23
24
20030
57
54
4355
31271
82
27
9361
750
4948
515
215
17458
24
1047
64
358
978
13
217
89
54
1563
5
515
215
2876
542
23
5244
9
6263
27
119
1271
471
8019
47960
149
743
4386
4964
1145
24
3182
2
9361
37
2930
27
162
2946
262
24202
9361
149
6555
58
5552
13
642
215
105
1745
24
2883
14
257
505
331
1447
369
405
29331
19558
515
24
6893
5668
1099
278
100
2101
91
24
2792
627
5
24
47959
730
61
40
183
37
401
1920
1094
13
377
47962
61
331
47961
330
61
5612
515
1533
1366
44
107
53
787
147
902
27
119
25536
47963
1341
515
6893
61
14
4644
175
276
5802
61
105
100
23
5492
5
638
45
639
54
82
105
100
30575
641
215
4634
13
24
82
185
2414
27
6893
750
24
2886
515
215
1341
1793
6492
7719
2
54
1563
61
349
1511
1284
2947
1507
23
37228
2072
23
14
3306
185
54
24366
61
16518
5
30780
40645
61
5
405
30251
9995
61
349
7156
34
14577
5
14515
44697
27
47961
44
244
409
377
1720
1193
57
372
500
6492
288
1142
23
2792
37
1536
27
162
6659
61
6893
1341
14
13068
929
1116
515
105
100
2043
27
331
628
1018
639
358
1142
2471
14
2549
57
4121
23
122
1576
515
149
4964
438
24
9361
513
61
331
24
2963
330
545
207
27
331
408
728
3108
13
3911
1720
183
2290
278
799
2
24
6893
5668
27
331
9361
61
14
4644
4744
4809
3789
1074
61
149
2940
3354
76
316
6987
57
596
27
1882
13
24
2958
8555
61
9361
2876
24
2883
946
607
27
396
750
6460
54
82
105
100
2043
89
1793
607
484
27
25567
3802
1213
29354
24
700
13
2648
2786
5
122
2930
61
40
47961
330
358
1018
244
278
24
700
13
37335
334
25677
625
24
1206
87
47964
27
6893
750
24
7659
25540
262
331
119
1016
1017
87
821
5993
515
358
769
122
763
27
162
24
1271
1313
61
1222
358
105
244
100
2058
89
698
61
358
1825
107
2257
27
331
9361
750
4948
515
215
149
23
54
20030
35
2272
1348
215
944
14
3036
217
18672
27
1843
217
9
23
778
251
257
484
358
288
2876
13
897
23
24202
9361
37
82
61
14
1536
5008
91
2792
149
4598
23
24
31952
57
1075
7551
6893
37
82
23
4355
31271
1307
215
1850
2792
185
24
20030
8744
61
215
2896
104
24
2889
935
2876
158
156
23
24
855
58
215
906
159
27
119
8555
330
9361
750
334
13940
262
331
628
1028
158
982
27
331
9361
330
215
7502
2792
37
1816
89
54
10743
27
1307
47959
650
159
24
8750
61
215
2876
525
946
607
27
396
7502
525
89
24
1547
5
64
926
30553
34
90
61
215
2896
496
215
958
64
14
331
692
6495
10652
2876
331
101
525
17453
331
47
89
24
47965
61
331
24
8555
330
27
5898
61
9361
3818
515
215
2896
331
1533
2919
1284
215
4995
13
61
331
64
486
5
485
57
24
982
2883
7643
5369
18
122
12629
27
618
3354
61
215
149
2940
76
169
9
5780
596
5
642
3283
215
750
542
215
2896
1533
2919
1284
9683
58
54
2895
47966
5
47959
7217
104
158
27
569
25567
3802
47967
308
369
3748
13
1153
6480
765
1348
3239
122
3861
61
2670
61
486
61
642
5
6467
3138
9361
4673
401
15931
91
3319
542
27
23678
262
3689
5
5802
7643
122
1025
104
12629
5
958
47958
64
14
965
511
5285
26390
262
3689
15511
2792
64
334
133
9
2050
393
129
1689
13
221
308
1994
331
251
1066
99
705
700
13
9282
2786
5
122
3861
61
1347
24490
6480
765
1222
9683
61
331
10236
2916
2917
11473
47961
330
27
331
47968
57
237
501
1204
61
11
17960
13
1014
515
9361
285
2217
515
222
27
331
143
64
215
149
2940
185
3354
61
54
29897
13
6517
24
2883
982
497
3466
27
162
14
2958
8555
61
9361
330
215
149
23
24
20030
57
54
82
1348
215
944
14
3036
2058
5
13779
27
47969
57
622
3291
217
9
22225
61
215
2876
2792
1348
215
650
89
1772
27
1307
24
2889
5877
159
24
3376
61
9361
2876
158
23
24
855
64
215
645
185
24
674
61
537
47
27
331
628
1028
158
982
61
331
24
8555
11420
9361
64
2496
334
13940
27
396
7502
24
1816
89
54
10743
5
935
7427
23
24
3062
61
24
8555
330
27
1307
47959
1770
1867
159
24
8750
61
215
2876
525
5
926
906
159
24
8750
27
2332
262
9361
99
600
3138
5244
9
6263
61
586
215
5873
24
2883
288
2884
5
215
149
185
937
58
505
14072
217
9
22225
104
54
82
396
978
13
6517
525
156
76
54
8048
61
40
24
2895
47966
5
47959
7217
104
158
61
24
8555
2936
27
331
816
723
728
3108
13
6517
1214
5
358
4072
104
723
61
723
738
156
61
331
9361
61
2591
61
750
6460
61
1489
13
14
2958
8555
7593
3354
27
396
935
2876
525
1793
607
23
24
2316
76
14
47970
12331
61
7502
525
1462
13
525
1588
61
5
76
64
926
30553
34
90
61
2896
14
2876
101
525
17453
331
47
89
24
47965
331
27
331
9361
958
183
64
577
14
692
6495
10652
2876
577
61
331
1489
13
24
30807
61
40
6343
515
215
105
2896
331
1533
2919
1284
69
215
71
4995
13
331
27
9361
330
215
174
24
8967
23
54
82
7626
484
2394
14
2967
13
1095
1222
215
2193
14
692
3509
27
396
147
1414
24
2967
13
6849
642
27
251
10668
104
10236
2916
7681
943
185
3354
296
289
9361
37
1381
331
11533
27
331
22785
262
10599
47971
61
2154
61
8406
58
1867
47
24
31952
57
24
82
57
24202
1543
9361
23
4355
31271
61
25567
575
525
469
3955
2792
149
2876
5
1745
185
2272
331
10002
9361
27404
1745
316
2911
23
54
82
23
14
710
515
1652
758
2217
5244
9
6263
61
331
10236
2916
10824
3726
47972
330
104
24
956
27
3689
278
319
13
14
7962
592
844
34
47959
5
47973
13
16537
122
7747
449
24
12629
27
6386
2325
133
104
14
7931
34
24
2568
185
2414
2356
27
331
691
288
144
2236
2508
308
61
331
549
5881
47974
61
2431
61
750
24
7659
25540
27
331
691
44
221
2938
4072
27
331
47975
47976
61
129
22222
47959
23
2239
104
276
61
359
262
331
579
149
600
108
27
579
105
14
880
515
144
53
421
108
27
251
1842
57
24
24208
5
9607
132
47
13
525
27
331
1683
30885
61
14
1382
8205
104
4355
31271
6633
293
61
330
47959
149
15217
5
758
9
4306
5
331
421
37
22872
331
496
926
149
2931
23
9361
37
20030
27
31026
1355
89
24
763
57
24
1630
149
417
91
2792
37
2179
61
10599
47971
61
64
926
4828
9361
37
82
5
2325
76
54
469
27
331
691
288
1371
5
2195
494
2033
61
5
638
244
2296
13
1067
61
331
926
750
570
9361
27
40564
262
305
14
46535
9
9497
7931
185
2414
61
5881
2792
9198
449
525
469
3955
13
24
1651
331
1031
704
19017
185
851
6425
61
331
215
1718
61
9656
13
14
3232
57
217
9
22225
54
469
105
5227
27
162
32
23
1372
61
7672
7673
2947
5430
1586
57
8093
5
30027
61
215
330
27
842
47971
7149
515
525
469
105
709
2296
13
1456
13
5668
61
64
215
53
692
3225
1950
34
122
571
37
1496
9
28416
3104
27
579
359
515
525
1588
61
129
105
2982
322
34
388
4325
61
44
278
100
58
7985
2
24
82
27
331
1833
61
926
105
334
7155
2536
5
4309
61
40
515
1308
244
1020
926
25060
13
444
489
104
2195
494
2033
61
331
47971
330
27
331
628
2294
358
650
646
13
8694
542
61
1185
2210
61
40
6517
542
23
24
2345
5
1724
24
20867
27
331
618
24
592
844
61
486
3806
515
24
14698
288
401
1404
27
331
187
1308
244
710
496
358
288
1185
288
244
2931
646
61
331
6720
47977
598
27
331
691
288
47978
515
638
244
3935
13
1067
27
16816
851
2930
75
2884
11526
87
32
1017
61
27546
159
316
2877
2911
87
144
34948
27
331
4050
262
3689
185
14
7962
592
844
278
1414
1720
24
6350
765
149
1129
4856
47979
359
262
331
187
37
1131
13
850
1155
4369
308
1248
122
763
13
1465
515
44
57
100
818
2537
319
4014
57
2053
57
596
27
47980
27556
5
47981
69
9081
71
723
825
107
28257
1996
27
331
9361
61
2591
61
87
370
361
184
185
2947
34471
7988
27
1882
13
54
486
61
9361
330
515
215
105
638
1013
738
13
642
409
58
24
2882
652
215
8393
449
24
12629
27
331
396
149
821
47982
91
496
105
392
5
638
1013
639
129
13
1724
1185
496
13
1018
5
515
87
821
5993
515
24
1016
1017
1347
640
61
331
29949
47983
750
25556
9
3484
27
742
469
61
570
9361
61
330
515
237
149
24
2107
57
533
28534
215
105
4508
23
3291
494
27
24202
9361
330
515
215
344
515
24
316
105
100
4723
34
104
306
405
57
372
139
23124
27
11199
750
24
7659
25540
215
2072
13
3383
61
40
358
8211
515
215
6705
2876
8093
185
54
2930
5
330
358
288
5794
272
2505
1317
44
107
10493
27
6982
546
34
522
246
10009
2792
149
1142
982
185
4386
2065
1588
47958
47959
61
2195
246
24202
9361
61
2591
61
2940
76
169
9
5780
596
331
58
2496
642
215
2876
1533
607
1284
9683
652
47959
7217
1348
54
2895
47966
331
246
1707
278
3299
2055
1767
57
315


