397
10053
57
3699
37
594
16382
1806
61
215
510
82
2947
52875
23
10620
35
506
27
1585
61
14
13486
11797
1074
99
1414
5171
259
52876
34
14
3896
204
9
34
421
104
24
3952
27
52877
52878
61
1114
61
1391
334
8814
13
24
7301
9
3815
8021
9
5
28006
23
14
2569
1874
3564
9
1061
9
23
14
4233
13
442
1029
6919
11985
27
162
24
1392
61
4785
13
331
808
52876
331
61
215
1196
515
24
22378
9
2033
1129
405
57
24
1806
37
1264
9
175
2947
52879
21640
13
748
421
14
2947
5430
4568
27
521
159
34
522
4020
2175
262
52877
52878
69
174
71
61
1114
61
1391
334
8814
13
13486
11797
5171
259
52876
69
700
71
9
5
28006
23
14
2569
1874
3564
9
1061
104
24
2780
2781
9
1893
1806
9
23
14
4233
13
442
1029
6919
11985
1312
24
2780
2781
9
1893
3952
37
33939
4650
8860
9
349
24
5303
52880
23
24
8814
9
237
516
2488
1145
2947
46288
61
373
1775
1533
1284
2947
52881
23
15283
21640
61
215
330
27
808
52878
61
14
3042
333
2230
104
24
1806
37
17549
61
4771
61
6402
61
663
11672
24
2947
52882
515
808
52876
309
23
2488
10620
35
506
9
14
3865
383
91
23945
27
396
750
808
52876
61
552
7596
1586
87
334
7348
2947
37360
262
331
2226
506
61
723
105
31
23
18
2947
52875
61
1533
1284
594
57
24
8860
825
850
23
612
28036
27
331
187
87
1722
515
851
134
524
14
1842
57
1290
5
4887
806
1204
61
76
14
4618
6660
57
2947
33391
5
24251
52883
13
2947
27361
61
830
183
831
87
2574
32
57
24
3017
15994
57
6919
11985
52884
262
162
24
1392
61
4785
13
331
808
52876
331
61
808
52878
1196
515
24
8789
7164
1129
405
57
24
1806
37
1264
9
175
2947
52879
21640
13
748
421
14
2947
5430
4568
27
12978
61
13486
11797
1806
378
133
262
808
52878
61
14
3042
333
2230
104
24
1806
37
17549
61
4771
61
6402
61
663
11672
24
2947
52882
515
808
52876
309
23
2488
10620
35
506
9
14
3865
383
91
23945
331
1003
10377
87
1550
2947
46288
13813
61
144
14
1478
20275
57
496
13486
11797
22093
23
12436
61
5
4568
705
8860
6248
6660
91
2947
5430
13813
27
331
10323
61
64
758
61
57
24
841
4234
23
14
227
57
1401
14797
32652
1795
1711
27
331
258
2931
237
61
13486
11797
825
45
503
442
13
221
1579
308
61
1579
485
61
1533
108
61
762
61
5
11543
2317
61
183
825
663
3193
24
557
57
24
2426
4715
61
1222
45
24
1146
515
61
3537
124
20611
718
278
14
474
622
1284
28245
47322
27
331
396
359
262
331
3116
704
57
707
1382
77
273
129
1522
14
1442
57
237
8814
27
4865
13486
11797
1308
45
1119
24
1979
57
5835
61
237
1308
45
1020
610
718
45
1650
16933
27
331
52885
819
262
396
598
262
331
3116
704
57
707
1382
77
273
129
1522
14
1442
57
237
8814
27
4865
13486
11797
1308
45
1119
24
1979
57
5835
61
237
1308
45
1020
610
718
45
1650
16933
331
808
52878
37
1392
61
4977
24
4868
1804
331
6919
11985
331
61
149
147
4132
13
5538
9065
1783
52886
61
575
3096
4163
26512
24
1074
34
4485
133
27
1295
61
24
2230
638
19007
515
24
1565
4952
405
331
2928
692
9818
61
64
758
64
12008
16301
3992
34
372
129
40189
23
612
52887
3777
331
27
4360
24
1392
37
4234
61
808
52878
61
129
16848
11407
2
13486
11797
1864
3621
13
2297
3245
9
5470
2403
61
330
215
87
373
5677
91
24
1806
27
10522
262
808
52876
61
129
497
5171
57
13486
11797
23
1972
61
99
334
7348
7596
1586
57
2947
37360
396
663
750
24
15941
379
515
215
99
709
9976
449
361
2896
5
99
1347
309
5231
4457
9
723
10734
2
3564
9
1061
27
331
628
2357
45
3573
449
2189
707
1086
18
237
61
331
330
808
52878
61
129
99
3366
104
24
1806
34
2707
374
494
5
6911
144
18
2947
2431
334
2277
61
1489
13
52888
27
251
1609
34
13486
11797
9
24
594
16382
1806
23
1268
1489
13
52889
9
750
24
3830
24
3952
15680
331
4939
2525
331
10620
8932
4618
3896
76
9818
27
4360
54
10347
4228
64
14
8021
61
808
52876
3383
105
21884
43508
61
722
624
47
185
14
1466
12597
23
25567
27
246
52877
52878
61
1114
61
14885
13486
11797
37
7301
9
3815
5171
259
52876
246
52890
1874
8860
89
8814
61
502
149
20268
331
6919
11985
331
246
52891
808
52876
1153
2947
52892
21640
13
748
421
2947
5430
4568
246
3198
237
516
331
3193
557
57
4744
515
124
20611
718
278
14
474
331
246
2742
11672
2947
52893
515
808
52876
309
23
10620
35
506
246
808
52878
37
1105
147
717
185
52886
61
40
215
553
104
24
1806


