38611
1445
38
43
2535
12
5
953
340
663
6818
43
680
3
661
97
1296
7745
3
124
125
2541
663
7
0
23649
3832
535
2878
2
15
4479
1
23650
1
756
3
5868
0
795
28
3887
1363
6952
3
8714
6970
434
3
0
6939
663
6818
571
1
45
5849
1445
43
5733
549
11
37
889
119
44
3635
3
23651
2
15
795
1353
10
3000
11
154
9
103
56
5
9672
31
3658
1353
4
1445
680
88
3
505
3
0
6751
20
3887
1363
6952
47
1248
708
1731
1
301
3
607
2
297
94
11
167
23650
756
3
5868
0
795
28
3887
1363
6952
3
8714
6970
39
5
9672
31
1445
11317
43
680
3
661
0
1296
7745
7
5
2468
1228
3
1927
0
13398
2878
15
13398
1105
549
0
1367
492
86
12415
14
0
1445
1151
0
10864
953
47
1296
3494
7
5
2468
1228
11
16044
663
2
3077
1799
31
54
6
0
1445
12
302
10
3579
31
0
23652
1402
1500
1
1045
5835
23653
784
23
44
2217
3
3387
94
2
334
44
43
1085
867
3
1927
0
13398
1367
54
1856
28
795
38612
78
23652
14
25
809
109
21
10
1572
549
5
13399
2
65
1052
1856
9907
4
605
8271
42
902
17
381
3
3387
94
1
301
3
607
1094
78
0
438
652
14
1445
43
4356
4
1414
42
38613
2
65
1052
1856
9907
4
605
8271
42
902
17
381
3
3387
94
1
301
3
0
365
2
23650
22
7
5
565
0
663
6818
4628
157
12
0
640
43
23654
2
11317
43
2535
12
0
1367
23
3887
3675
5
2878
4576
1
17
3678
2850
23213
15
4479
1117
622
0
1445
1095
216
953
192
7
0
132
2
57
22
35
100
2190
43
7235
3
38614
0
14107
3
38615
3887
13
5531
5
2878
4576
1
17
3678
2850
38616
221
29
40
418
2689
800
113
1445
29
1151
5
953
47
1296
5192
133
2931
2289
2202
7
1044
2
674
470
5
130
603
6
91
2199
1680
3
661
37
1296
5192
23
5
38617
3090
953
1534
3
1018
2
3490
47
5620
1387
22
0
130
2185
17
3658
1353
4
108
1445
90
663
13190
1141
59
28
1489
0
917
12
5
795
28
23655
3
38618
2
15
666
7904
39
21
805
3
38619
19
23656
4
1680
3
517
19
1135
1
301
3
607
2
52
10
4747
31
106
56
0
953
2087
2
2086
48
215
1
64
1445
28
5
1044
5790
3090
795
43
856
39
44
1151
5
953
47
1296
3494
119
14172
5
5869
3671
2
15
953
10
12
0
640
20
0
71
4
452
269
374
4811
90
9673
20199
11
3490
2
26
4784
28
3887
1363
6952
3
8714
6970
34
3
32
3638
39
5
9672
26
3077
303
549
0
3658
332
1445
23653
784
26
438
365
22
5
211
9907
4
108
8271
381
12
42
902
26
238
1856
562
0
2974
549
0
3658
23
5
8
13399
8


