144
1306
17395
293
16
28004
138
1
918
359
190
291
287
16
36917
138
1
999
359
190
28005
7158
16
7812
1465
1
299
30
36918
77
17396
4072
9511
53
748
51
114
6
5
7478
7429
0
356
31
0
846
372
6
2860
3663
590
82
1
7477
5943
29
1155
14
7453
7158
4072
9511
73
41
32
2548
55
6
299
1
1262
25
58
3105
19
996
1102
2
6654
60
171
29
592
3
1465
23
37
1597
2
2241
0
846
372
6
2860
3663
490
25
13
3664
17397
3
7155
7
0
276
6
5
1025
2630
9009
28
1465
2
1100
0
10654
186
1122
14
2677
32
682
3
19694
15665
1
38
10
482
102
3
5503
7
468
7
3105
6
5
186
554
1
694
22
44
33
1129
3
794
1465
3
154
59
99
2
65
479
22
16
35
2143
0
28006
30
40
9009
92
13
739
194
60
73
84
114
21
13
7
5503
1
5
264
14
13
41
196
6
0
846
372
6
2860
36919
674
166
1
0
2899
3309
992
11
3650
3
1405
1465
47
1597
4
10655
9511
2
15
956
30
2763
0
4059
5850
133
562
31
5
891
23
6898
10003
3983
47
122
619
130
7
1201
133
73
41
32
1145
3
19
102
264
6
2076
114
6
37
17398
5984
2
15
186
47
2711
22
9511
76
41
610
3
1580
5
2616
644
92
114
25
58
623
32
428
12
530
3316
31
4522
2
89
6683
13139
1
1427
1279
11
36920
4
10656
1
22
16
35
15
2274
4
864
5943
29
5
1370
585
6
7479
10654
7
6684
1000
113
92
13
5
759
6
4522
17
5111
305
10657
2
36921
2899
16
3161
1279
6683
13139
53
748
51
131
299
171
1386
9511
99
3
2076
1006
35
101
0
9511
276
1
10654
219
168
2026
4439
996
1102
537
2
3514
13140
77
10037
3
9512
48
15666
2899
1
60
98
252
3
210
59
12
5
795
3
2076
340
36922
15665
10
856
11
178
82
4
146
187
7
436
1570
39
21
4
64
108
266
1
273
3
32
1440
3
4059
304
28007
1999
9
2223
1
43
1025
6
2936
635
2
101
4814
16
89
1206
1027
5675
417
30
1687
805
3
161
112
36
46
13141
10654
18
2711
203
22
0
2941
1502
1150
7
1465
4
36923
10038
3
1236
23
1747
8161
2
334
15665
47
3619
1
0
3377
186
22
21
171
32
9009
20
0
267
6
19
905
2
360
1
0
17398
1122
1465
3
1948
0
6684
119
25
1407
112
2093
59
102
58
3105
19
996
1102
2
997
48
554
1
647
187
6
3896
19
905
7
488
468
1
15665
34
40
210
12
5
953
99
3
5503
2
2241
0
17398
2460
0
2274
394
11
7479
97
421
2899
4
1122
25
3
503
15665
4971
8478
53
72
17399
51
2440
4571
2
15
1153
6
1201
30
61
1458
3
0
2274
394
1
324
25
13
35
2568
36924
31
97
1794
2
1465
175
705
3144
7
534
954
56
25
4704
5
186
2899
4
482
1025
2630
1417
36925
99
3
5503
2
15
1206
1027
13
648
17244
17
0
22952
394
3
124
12217
14
9511
58
32
289
5
2616
644
2
674
149
5675
417
805
178
278
7
37
772
3
161
458
36
58
13141
10654
2711
4
505
0
2708
7158
2
360
1
36
1155
36
404
3
325
5
152
3
10655
9511
86
0
956
10
35
41
1894
31
156
36926
3
154
59
99
2
65
8998
949
81
166
3164
55
14
119
15665
34
40
9009
23
19
276
10
170
5778
1
5
368
5984
34
40
116
17
10658
3
9511
2
956
2395
1681
14
156
1101
20
6045
59
58
3278
32
7
8548
6
186
2
26
104
516
74
8156
1465
18
6684
6
2630
3
5503
1
1861
17398
26
1427
1279
3300
992
11
299
3
1405
2020
17
2708
15667
4072
9511


