281
66
382
388
8180
110
25
18
109
3
8156
122
69
0
664
6
5
1666
1
48
2001
167
46
355
66
5
10528
2
101
1222
1397
12
5
710
6069
12
0
937
18
25423
1
0
4741
332
37
6392
130
13769
624
1307
69
5
4160
4291
1
7
31604
1
1304
2
294
0
700
44239
44240
55
6
19
4144
1
2085
3181
3
1219
504
12
19
6361
2
8102
1397
12
5
710
12
0
937
18
25423
1
332
5
130
13769
624
69
5
4291
89
48
13
41
79
5
1167
6
849
1431
2
294
0
937
750
97
152
1095
0
538
1
0
2295
7864
49
4
0
25424
3477
11471
2
15
6361
3477
2790
19547
23
381
23465
383
12599
4
4204
5898
991
25
2
7266
0
2295
13
86
7741
1
25
17169
0
195
4
97
700
99
991
0
4144
9
50
25
17279
3
23051
7
1578
2
9026
11
0
700
1
0
20305
1088
3
1947
19
195
31
5
79
333
7117
2
15
1222
61
332
0
4323
4
0
4903
6
6536
93
31
0
4291
16
31605
29
2429
7
1
2063
2837
4
418
3226
6
0
5918
44241
441
29
2828
1
4
0
265
6
0
195
13
4039
31606
2
852
3
19896
44242
1
50
633
0
167
1
0
1222
10
2207
12
522
966
48
70
2
44243
1431
16
294
0
937
750
97
152
1095
0
538
1
0
25424
3477
11471
15
2295
13
86
7741
25
17169
0
195
99
991
0
4144
9
50
25
123
17279
3
23051
7
1578
44244
6
6536
16
31605
29
2429
7
1
2063
2837
4
418
3226
6
0
195
33
2828
26
24856
13769
2299
1307
69
5
4291
1
7
31604
1
1304
26
8102
10
1397
12
5
710
6069
12
0
937
18
25423
26
31607
2295
17169
195
4
700
24561
4
17279
2206
4144


