144
507
491
1215
287
16
46539
138
1
608
436
411
12121
16
9235
1
137
363
2432
904
372
1
786
2558
1226
1467
3
0
9085
6
72
25973
65
10990
1467
4267
38
21637
8225
357
299
17
1226
1467
16823
907
72
25973
30
40
856
2
46540
9235
786
67
85
384
21736
7
37
7412
4379
50
408
59
1812
103
4349
25974
31
172
1090
3955
173
46541
266
14553
32614
25975
2
52
786
54
25975
14279
9
103
11
72
10233
4
608
4349
28820
147
31
1675
25976
1
54
6
299
18
3007
576
3955
2
46542
1
775
1
78
8225
14
21
34
40
289
0
4349
31
19
244
62
34
1082
88
11
19
747
1333
1
2432
904
372
306
209
2
15
186
10
61
78
14
56
44
43
4667
23
16823
21
58
14223
2583
4
7610
0
5901
2
360
158
39
24493
34
40
204
69
1063
0
1021
9
574
9
2558
9
4267
10
67
85
72
5874
419
103
2
203
5098
0
494
4900
1467
1021
18
102
4
439
898
3609
7
0
22903
3653
6
46543
1
2432
1
7
405
746
4
3352
835
4349
28
5
1333
6
14781
2
3987
21737
1
4524
1
22
16
8
7218
409
954
4
436
746
1
9235
46544
8225
4
464
6
0
270
31
1406
4349
21
6739
366
43
5436
4
1504
926
6
1467
2
8
318
12212
10
3
143
279
20
0
6615
6
2910
32615
4
0
990
553
10
72
46545
2
8
249
125
6
0
16356
43
658
21
58
3809
2583
4
7610
0
5901
553
2
8
4918
24493
69
1063
19
2634
3088
10
20
568
72
46546
2
8
52
176
14
384
16823
34
40
786
162
168
330
3097
2574
4
4900
8225
357
299
2
68
21737
22
16
8
52
7795
2543
2558
1960
23
4538
6
31998
2
15
21736
43
3804
7
0
876
6
737
9
868
257
3955
173
1306
29633
1
1675
25976
1
8332
20120
1
2467
16376
4
24100
21738
9
2567
2
8
15
7109
9
83
887
12736
3359
46547
6
5
11322
32616
4
15
7194
32616
18
46548
20
19
102
9
45
7136
21
107
74
3379
0
16823
430
2
249
3310
31
106
0
669
244
6
105
490
14
4900
3097
260
46549
10
8715
59
11
5
7610
11
0
1078
6
5
72
15196
778
10249
7263
147
2
52
10
41
5686
11
48
2
7194
163
16
4643
3819
46550
17
37
1597
6
54
6
0
16823
9235
786
23
37
1504
52
1159
0
4349
7
0
876
6
172
1090
3955
32617
1
46551
11909
4
3391
21739
20
19
102
43
15039
1556
21
1082
11
72
1711
2
68
21737
176
16
8
15
3308
34
40
1853
7
2558
926
6
1467
12
5
1710
2698
2
8
9235
786
608
21736
6
147
31
1675
25976
1
562
7
186
23
54
299
18
3007
576
3955
1
761
712
2400
6
7194
1652
1041
5
247
292
46552
2
836
7
27
9913
1
36
10
958
54
6
0
16823
2
8
96
10
499
85
3403
31
0
46553
18
147
1
324
25
10
5
128
849
4436
1
8
68
21737
22
2
10404
6
8225
80
77
0
264
173
3592
1
160
4
46554
1
7640
1
43
1878
204
7
31
0
3308
1
45
760
492
4482
2
9235
98
902
5
6255
6
830
942
3
10354
19
4442
4
902
1414
19
102
7
0
10104
329
20245
31
1707
5820
3228
2
2160
32618
1
2788
1
22
9235
16400
148
6
0
1357
23
760
23
92
10
5
2337
2
52
207
49
19
1467
1853
656
7
1686
4
116
169
5436
1385
1453
16
8
57
10
74
10853
28
0
17704
2
8
9235
1
38
25425
182
0
540
6
46555
4
32619
1
490
64
1577
6
10853
5383
1
398
1577
6
1406
2351
926
4
64
6
7762
9741
53
1960
51
11
256
7
1866
2
52
10
856
11
542
187
2
26
28947
78
8225
19
244
7696
0
1226
1467
3
59
26
203
115
7198
6
32617
1
21739
4
11909
7
19
439
898
1467
3609
26
238
32614
25975
2558
786
11
72
10233
119
10407
18
4178
5
72
15196
7610


