999
983
1142
525
3600
105
2243
18221
237
632
1348
926
1142
1851
7378
810
24
3406
30849
926
149
35898
185
27
7826
22886
61
5555
61
648
926
105
10493
14
28948
1348
926
7427
34
4545
104
56241
37
5992
1385
23
2915
61
2888
61
185
2272
27
1295
61
1348
926
6309
133
24
56242
926
149
28974
926
743
14
18497
23
24
2925
57
525
620
27
26350
9
363
10636
24042
857
27
6117
57
361
920
91
24
9337
8287
61
22886
6934
4411
19965
5
1347
4602
34
876
76
525
6662
5653
27
521
159
34
522
3627
496
628
1599
262
7826
22886
61
5555
61
69
700
71
1142
525
3600
105
2243
18221
237
632
1348
926
1142
1851
7378
810
24
3406
30849
926
149
35898
185
104
56241
37
5992
1385
23
2915
61
2888
397
14122
9
29397
7378
369
1296
61
183
37
1622
515
22886
37
24429
44
4652
14
55050
6565
27
6
8936
61
129
149
3269
22886
104
24
227
61
330
215
44
244
1014
496
215
1850
2298
27
396
21851
8268
14
10148
13
6546
24
7378
47
2
56243
37
4545
19340
27
28988
24
315
61
215
750
9441
1840
262
331
187
711
8838
61
705
625
23
14
655
27
331
1295
61
237
635
17058
5910
13
5885
7378
133
57
525
8270
61
5
24
503
1017
610
288
500
149
14
3760
652
926
1142
1851
7378
23
237
32
30849
27
331
56241
37
5992
1385
648
183
44
278
2043
14
1264
34
24
594
7378
23
32
30849
40
301
24
346
3362
5958
23
24
35638
56243
37
1382
992
301
7217
64
358
686
24
1151
348
15349
27
56241
37
5992
1385
648
183
44
278
2043
14
1264
34
24
594
7378
23
32
30849
40
301
24
346
3362
5958
23
24
35638
27
119
969
330
183
149
24
55
227
1155
334
315
105
392
23
1579
2079
27
16772
992
532
32
18497
23
14
56244
40
1407
1533
87
997
1296
9098
56241
37
5992
1385
1520
183
232
122
30852
2
24
20246
57
4745
445
12089
27
56245
7378
87
334
30849
912
880
57
9159
1981
75
2734
31991
61
1155
64
14
56246
1185
2418
57
9344
27
246
7826
22886
61
5555
61
648
926
105
10493
14
28948
1348
926
7427
34
4545
104
56241
37
5992
1385
23
2915
61
2888
61
185
2272
246
1295
61
1348
926
6309
133
24
56242
926
149
28974
926
743
14
18497
23
24
2925
57
525
620
246
26350
9
363
10636
24042
857
246
397
14122
9
29397
7378
369
1296
61
183
37
1622
515
22886
37
24429
44
4652
14
55050
6565


