523
3094
469
54
2
788
1
253
1
107
15494
1306
53
380
15
2057
51
49549
4
49550
53
49551
101
15
7736
51
49552
2
15
1807
38
803
33723
10650
31
19
1
4
444
272
37
889
549
25
20
568
494
5
132
2
135
43
80
49553
6
0
1504
361
1977
1
10702
7
0
16878
31
19071
9
4722
4
16811
570
49554
7317
23
5
18896
3
5
419
1
112
41
0
237
388
1
707
702
2
6948
6
20144
16
7317
18
22022
101
125
1678
1
66
516
74
185
1299
2426
11
7503
9
529
7317
453
5
49555
6
49556
11909
7
17931
453
38
2284
28
5086
3
0
321
79
90
353
1320
2740
2
221
21
10
1
5
33724
11
0
49557
1075
785
6
0
10139
9
456
707
17783
2
52
22961
0
7476
8
707
7861
8
4
7105
19
142
23
5
19071
9
4722
3
13748
282
80
28
136
29313
5820
24642
2
1437
1
12
0
13112
6
0
24287
11574
1
17
2124
63
3
19392
49
97
12418
4
165
345
6977
1
21
239
1
4
1552
55
12
0
2528
6373
6
19
220
33725
2
89
19
14787
453
192
33726
7
5
12849
2678
611
23
37
8
22023
8
453
960
12
1
17
97
4603
6
4949
110
21
180
8
49558
26505
8
1
480
91
305
67
85
5
5361
3384
13621
4952
17
3215
2
580
6889
1
100
23192
1
100
49559
62
49560
1
100
10706
2
57
10
79
5
920
2
3696
1
301
3
2305
2680
11814
7
5
111
9991
6
7317
1
4610
18144
34
54
20
0
4533
6
19
523
3094
5536
2
89
458
1572
7
0
920
2719
110
97
1832
3025
13
216
978
2
281
18144
10
8415
62
27405
1
21
202
22
2
1392
49561
1
2305
6
0
1504
33723
6178
672
1
310
19
498
59
8
37
4789
20477
1
5
305
706
109
37
49562
1299
8
453
50
13
5
189
152
28
7115
212
6338
103
2
513
2305
5140
26506
1
38
5331
3414
11
110
21
180
0
8
21338
8
707
702
1
490
79
90
21
239
14
21
202
4698
25
17
19
1373
2
135
469
25
16
7875
4610
18144
1
93
1
4
1
122
1
2305
5140
26506
6654
44
43
80
79
22017
1
66
206
181
2
89
92
10
4585
453
6
5
1822
453
7
7317
18
13525
2
1315
10225
1
19
9064
34
5
4054
1525
12
136
2124
1
4
41
11
0
419
2
221
13
5
3089
3718
28
19
49563
6
456
361
4
6271
345
3
0
19056
6
209
18
33727
2124
2
378
0
2230
1
967
1
7317
10
5
393
1070
7
2326
0
8193
6
19071
9
3425
7
0
390
82
6
0
6036
1669
2
294
5
16886
1
21
521
75
735
3
32
4822
28
42
33728
2
89
123
21
219
55
12
5
13374
6
19
220
17
5
4059
4316
2
15
1013
14
224
17
707
17783
1
21
2658
1
10
0
1185
3
5
1660
1516
4
1660
265
453
4
1
5654
1
23
0
18910
6
19
3533
8570
1
3
5
1660
172
2
57
58
41
118
6273
49564
6
42
1993
1
45
868
9
33729
31021
6
42
49565
6263
2
8
8100
361
41
868
8
10
19
3536
189
90
25
492
5
11574
5954
2
89
19
5884
107
74
429
92
2
7317
10
4005
21
34
658
0
128
26378
6
142
1
5
18431
4
12321
794
14
21
909
8
22024
8
453
15396
0
949
540
6
19
3384
920
16
0
8
22022
6120
49566
8
2
26507
16
12849
2678
13
10194
28
0
22023
7
19
611
15
33730
22022
10
41
8089
0
4353
6
0
8
15014
8
19
83
1021
11909
34
1459
453
5004
7317
1155
19
142
794
34
5
1702
3076
1
50
28187
1403
7
11676
15254
15394
6
978
21
180
8
49567
8
2
57
10
0
1702
26508
4
26509
6
8
22024
8
28
0
3131
14
10
0
3447
6
19
345
1977
453
50
10
237
157
1
21
22
1
7
3089
8097
1
7
661
264
4
168
184
28
3953
785
1718
2
15
4716
7
97
3284
14669
0
456
9
1189
8
22024
8
28
0
5338
1
119
5537
6
3215
887
25
20726
549
2
144
16366
0
142
794
7
48
8
16131
8
1
21
366
1
97
875
43
572
49
1
194
109
5
195
2639
11749
69
0
17901
1
4
123
2040
0
707
8018
14
58
456
42
6145
4
1334
2
387
0
920
6348
49
1
21
366
1
10
4538
6
97
1650
3
6210
1492
1658
2
49568
1
967
1
1273
14
49569
552
549
37
20726
7168
12
5
1858
132
10
4335
3
667
3
941
3678
1
45
41
6687
711
1162
2
7317
10
49570
2
15
1168
6
19
14519
10
1
21
5241
1
25655
2
57
76
12632
0
2360
4
158
11809
651
9729
2
57
10
0
49571
0
172
34
40
1136
11
2
8
24
322
0
49572
6
142
1658
1
8
21
5241
20009
2
788
4005
10
21
14
21
4471
7504
14304
1
0
172
18
3007
18198
15745
1
3
3842
17
37
16131
4
17891
19
3594
2
15
400
130
4827
0
530
4
3268
7317
18
4316
23
5438
12571
2
8
22022
8
1
21
2658
1
1107
107
41
6628
2
49573
21
805
3
154
7317
18
992
62
3065
0
978
2
49574
1
3040
23
5
49575
31
0
708
19071
9
3425
643
4
23
5
33731
31
0
5438
54
1
7317
492
2497
14568
2
3475
492
5
1969
5418
1
158
19
1127
9
227
4
263
2
3514
383
5
7539
33732
20
19
102
7
8370
1
21
213
12
17
533
19
33733
453
4516
7
80
453
11
5
501
245
6
8260
9
9032
2
1772
43
464
6
0
7723
16903
2662
6
15494
4
3955
1
3570
31
19
49576
4
19
26490
6
456
361
2
89
123
21
865
6989
6
0
537
2
15
16609
21
366
11
19
16131
43
9654
31
0
321
5538
4
9006
6716
3
32
2351
4
9722
1
4
5
186
11502
1122
59
3
429
1406
4
9985
88
2
249
21
4704
0
1275
1
21
10
856
11
64
82
7
22553
4
19
2600
4452
2416
2
49577
6
19
2228
43
4336
31
0
811
1
37
18332
6
110
0
7130
34
617
3
19
147
2
318
1511
1969
5
3532
3
4148
59
114
6
0
49578
2069
6
19
3681
2
52
239
7
582
1
28
5
664
343
1
7
484
14259
2
318
6179
1
0
361
1977
1
1182
49
7
5
3327
6
49579
2451
49580
1
1328
5
1574
9
5005
2322
49581
4
5
8787
9
3927
883
23979
2
89
25
175
12
5
111
142
7
952
2099
2
57
1784
2924
33734
18
8018
23
36
10
11767
49
549
5
86
9
180
8
33735
11081
8
7
0
9215
9051
12779
9
12780
8358
33736
1
4
210
0
2545
12
12849
2678
18
225
39
21
3534
55
6
37
8
22023
8
7
33730
53
9210
51
2
57
10
2258
4
49582
18
8
425
1
3039
1264
6373
1977
8
2
33736
16
2924
33734
2925
0
49583
31893
1
2535
7
0
86
9
180
33735
11081
89
7317
18
6084
1525
219
416
8624
85
24787
18843
7
3478
4
5312
2
101
169
1678
1
25
10
19
26490
6
707
1013
14
210
0
12970
69
0
11574
2
6443
10
205
1
14678
10
849
2
1232
33727
1
345
9
15010
1669
30
97
13650
7
7317
18
86
9
180
2644
2
57
10
41
1413
3
147
55
109
48
1
6
733
2
852
3
19
9064
1
494
0
32200
43
103
1
0
172
58
32
5
419
242
2
57
30
74
2362
1470
2
101
37
1954
14043
7317
1
3470
1518
2756
14
1249
10
54
1462
8
22024
8
920
2
8
1754
49584
5123
4
2557
1
6961
4
3198
1
25
16787
2006
9
85
9
142
9
4112
628
6
345
2
15
827
13
345
46
1800
66
2
8
30893
1
14
7225
10
6
9215
1
37
3796
14
98
829
16174
49585
2
101
0
3107
82
150
123
1
80
33737
6
14678
1181
3
29
40
2079
2
924
12420
32591
22837
28
7317
18
361
14519
2
8
930
0
49586
1
8
131
19
16425
1
2680
11814
1
8
25
10
5
11732
1977
1
0
7367
14
58
667
3
33725
2
89
3
16165
25
10
29928
18
920
1
55
6
50
2284
49587
4
24412
345
2
8
221
1
112
66
893
10077
0
5681
1
13
0
18856
2
191
129
30
25
574
55
218
101
5
2618
463
3738
12
7317
421
48
70
1
33738
49588
10
348
63
0
2603
6
19
9064
12
15
18456
49589
1
27
640
9
1949
8333
672
63
223
18
11732
2
8
104
107
181
13748
6095
58
1207
26510
3
5696
1
8
36
22
2
8
104
43
821
1
24
181
2
8
527
1271
76
1850
23
7317
18
49590
1
7145
12
54
6
19
49591
4
1
455
17
0
6179
6
0
11574
21
1784
1
2823
3
936
2
26
15
8
22023
8
9
157
31
4610
18144
4
5140
26506
9
3025
707
8799


