397
13231
43380
5
28389
1202
288
4934
64
24
582
2881
57
38677
37
331
8090
3520
9100
331
183
46563
24
1029
57
14
821
752
506
34
24
540
27
1312
24
829
91
24
5577
37
16955
3608
3472
46564
69
14
1015
549
57
24
43380
485
71
13
3553
24
9427
3484
3022
5
525
5646
583
149
14
6997
32
27
842
183
87
28933
57
122
46565
204
13
3360
24
594
1590
540
57
267
61
14
5139
1195
46566
185
122
1015
486
8711
61
307
61
5
10438
13724
61
9757
27
521
159
34
522
1134
506
13231
43380
5
28389
1202
278
46567
8711
5
10438
13724
23
5967
57
122
6643
1312
23
14
506
515
46568
5
10438
278
4137
9632
57
568
1765
5
10709
18
1690
2
122
4215
13255
13
46569
5592
7043
61
13231
61
6727
61
5
2052
9
2033
28389
37
6206
499
99
100
2050
2
4003
13
4003
27
3471
647
358
696
20846
25970
2786
362
24
172
46570
64
32
57
24
1146
37
594
19907
10754
61
26331
46571
219
46572
2991
33864
64
14
1015
20933
27
20388
61
183
149
10509
8937
480
15347
129
65
542
24
55
3342
57
14674
61
933
14
526
670
9
4130
13231
5
14
10581
28389
185
24
4122
37
918
2244
23
3192
27
119
8702
14544
24
6439
540
9
7429
46573
9
6586
334
7348
21546
1533
13013
1284
1348
8711
3469
185
24
2244
24
3240
506
27
14747
12093
262
665
15347
4042
515
1222
10509
638
244
12342
9800
5387
9
1347
24
1533
20589
6918
362
183
9
331
6088
516
4174
449
703
27
187
37
821
752
515
308
1018
4174
449
703
331
480
15347
330
57
24
2244
262
331
14466
57
24
3314
57
29846
10509
61
32
515
10940
23
14
402
2849
57
237
4122
61
87
361
644
13
2457
372
129
39615
24
5387
104
1193
417
987
61
129
4367
1022
47
61
552
9886
23
24
1146
16602
24
880
183
1577
5
16169
24
880
610
850
183
27
331
628
1019
610
718
704
12830
185
24
1217
515
515
511
87
370
361
2469
91
13231
5
28389
13
14
33316
69
1335
10813
515
2831
107
13
14
17283
778
71
331
397
34
24
2244
61
707
18223
87
515
183
87
365
3530
5
716
61
5
183
149
61
628
2831
1358
61
6308
612
6553
13
1018
183
806
723
1099
278
1869
515
28389
7738
846
13
1399
54
12305
185
10509
37
2244
27
331
396
638
455
57
24
1150
61
331
926
4042
27
331
119
22599
2290
221
226
4150
61
40
24
3334
1217
57
24
710
87
515
183
87
244
602
27
331
13231
5
28389
37
526
544
61
502
510
1413
1267
57
29846
149
24
594
4306
5592
5016
57
704
227
258
1072
61
1348
24
540
477
23
14
2231
483
104
46574
9489
46575
23
16234
61
6783
61
358
288
704
2938
44
4174
449
27
119
526
544
61
502
358
717
185
5592
61
510
1413
1267
57
29846
9
334
395
9
11737
5456
515
590
445
1348
183
497
24
594
331
4306
331
5016
1541
185
24
5538
9065
1783
27
2318
8711
5
10438
13724
61
129
1996
13231
5
28389
37
20771
4741
9632
57
14
1068
133
1411
24
316
2282
61
288
5860
3071
27
8711
5
10438
13724
53
5201
34
704
24
286
1107
1348
1767
149
14640
57
8711
37
2179
38642
6882
10438
23
14
6933
104
24
46576
21465
23
1072
9625
484
24
526
24
1047
105
100
2933
23
334
315
1094
1969
64
331
46577
331
27
1947
24
11380
21465
23
1605
1606
23
1072
8711
37
2179
38642
149
971
91
14
2055
548
1221
24
1767
2
502
149
147
14640
1221
6882
525
2179
37
583
23
14
6933
27
9629
46578
449
24
106
34
24
33253
5
1607
8711
2516
373
23
24
3182
57
24
6933
61
2931
455
13
1728
525
2179
27
119
256
454
288
9630
76
341
515
8711
5
10438
13724
105
1805
14
24329
14785
23
122
568
5
288
2267
34
14
10073
27
119
9632
5910
13
46579
641
3094
1348
24
1047
1770
122
6206
618
119
31025
8419
27
13231
330
926
1545
13
331
15975
119
13360
331
76
525
5267
9
28401
61
46580
9
46581
2886
4122
2244
13231
5
28389
1515
5201
1348
358
510
122
19448
1093
5748
13
6846
34
172
632
2318
61
46573
288
108
5
18401
2046
27
691
229
122
1093
5748
37
55
5888
23
3094
76
14
529
2083
331
46582
2222
27
143
23
24
1271
751
13231
407
13231
43380
9407
61
14
41529
2544
515
99
423
185
13
221
2947
35176
69
1389
46583
71
27
1331
23
891
24
1047
1805
172
632
5
61
749
5748
1817
34
24
2115
61
23392
13
221
5201
1145
24
1146
27
8711
99
4137
3207
4099
515
926
99
46584
520
57
2151
185
525
5592
3076
8711
13545
278
9695
515
334
10530
5339
149
1129
13
46585
237
395
143
23
4824
61
64
8711
4137
1533
400
36545
449
1720
525
5592
520
105
100
21294
61
13231
407
24
594
5267
9
2408
395
57
525
1915
27
579
4602
170
9
3206
61
171
445
525
46586
2611
185
24
2244
57
46587
4122
5
497
32
57
24
594
7856
9
449
2282
23
24
1146
23
24
2532
27
162
1217
61
13231
5
28389
278
16002
105
14
226
506
1284
8711
5
10438
13724
23
705
880
46588
34
32
27
119
7901
5
525
5646
5
17949
583
10438
373
1359
13
10903
1533
3225
1284
122
443
4913
61
5
369
391
13
278
14
6206
7596
1586
57
1533
1284
2947
28189
69
1389
46589
71
4982
13
46573
37
2947
46590
69
1389
46591
71
27
13231
43380
5
28389
1202
288
4934
64
24
2881
57
24
582
38677
2809
531
25773
9016
38677
99
41179
13231
5
28389
37
6206
3022
6439
34
1579
2107
6428
531
246
13231
5
28389
37
6643
2950
582
12498
23
24
139
506
246
20880
3283
64
24
3376
57
122
55
6206
531
34
38677
246
8711
5
10438
13724
4137
331
46577
331
5
5175
449
568
1765


