144
10478
2349
318
280
402
1191
59
25
46
202
154
103
2
89
7
0
225
6
217
38
1685
59
1
5822
7561
23530
1
3281
1
13
1571
3
124
19
9436
2066
103
0
640
2
52
467
533
0
3287
9
17762
1367
20
19
102
7
23531
4096
6
28754
14517
7
28755
1
1044
1
81
70
1
319
37
2446
28
37
8235
11318
15
20111
33
116
6
8696
6108
4
20112
5499
10182
119
277
20113
13
1107
5
28756
6
146
5499
7899
2
57
158
1358
37
38302
1
5
20072
4
5
28757
1
80
6
50
226
28
37
8235
11318
2
15
2066
800
2024
5
1146
795
17
0
10834
20114
5
4120
775
3569
103
0
640
1
301
3
7561
2
20115
16
12390
7561
23530
14518
0
2446
6
19
9436
2066
7
23531
4096
6
28754
14517
1
1044
2
52
22
120
5
1146
795
0
1367
3340
38303
103
0
640
8071
16
52
20116
19
795
951
3
280
23
21
4414
7
19
9358
2
15
14190
9
83
309
371
19
3287
9
20113
14519
81
70
4
4140
6
533
5
953
28758
16
52
30
157
1345
6
37
8235
11318
3
1349
0
15982
13978
1
173
0
20117
1
2446
1
28757
4
28759
13361
16
15
1234
30
383
19
5054
4
4105
4
21
890
21
46
54
132
15983
19
2182
1
6
1189
1506
28760
1798
16
15
38304
28
19
11318
13
61
1937
8633
1
45
21
13
602
3
1499
19
28761
28762
38305
16
52
38306
69
19
3960
5555
6
5853
56
21
1026
3
1256
55
7180
147
38307
16
2307
1
21
13
214
346
12
216
196
6
0
2446
2
2413
6
0
1345
29
40
1691
319
9113
28
1633
21
4984
12
19
2441
7561
750
125
501
28763
3
0
1269
6
0
1367
113
0
64
17762
17763
33
3566
2
65
73
6
3849
13
3566
3
0
235
6
0
1367
17
5
9074
15758
218
38308
38309
1
823
1
2050
208
3
19
146
9
20118
2066
21
210
386
7
1098
7
5126
7561
18
2182
16
9592
7883
38310
1115
48
953
55
6
28764
2511
1
28765
4
2038
38311
21
17764
90
10755
25
80
386
26
12390
7561
23530
1
3281
1
28
23531
4096
7
28755
1
1044
1
13
1571
3
124
19
15982
1367
1189
26
52
309
533
19
128
220
64
9
17762
4562
81
70
319
5
15794
12391
26
38312
33
116
6
8696
6108
4
20112
5499
10182
4
277
20113
13
1107
5
28756
6
146
5499
7899
26
1354
5
1146
795
1
7561
327
21
959
3
124
0
38313
14519
5
4120
775
3569
103
0
640


