1169
86
189
320
1
25
10
67
5497
3
3091
208
3
5
442
85
25
10
3
1963
5
4583
116
28
3159
1
24648
62
41612
2
6911
10
270
11047
1
217
38
107
8218
55
7
5
41613
43
623
3
325
784
41614
17
925
3379
2
89
129
278
29
1362
2
2143
41615
1
2586
13
98
5
1551
3499
12
0
6922
1
17
13224
199
23
9238
1
30403
4
24649
319
25
7
42
8700
2
378
0
6736
3497
81
149
1
1035
9
10663
574
49
41616
7
1707
24648
4
24650
9411
1
119
12
0
925
6605
1
65
9
14450
199
23
1197
5651
4
7297
33
23
596
3
1872
5
3006
7
5
2586
23
44
33
7
6813
2
788
110
254
14
1409
11
0
936
6
282
218
3433
2586
98
4780
3
1802
218
24651
1068
16
41617
12
0
6922
20
41618
120
1466
3061
4206
4
11372
31
1197
5651
53
122
51
580
1
161
6915
885
1188
11
0
30404
14863
6
15757
886
1
38
547
3
5
612
1143
689
1395
2704
50
115
14
6673
134
153
6
257
223
161
44
58
74
1802
2586
2
8
104
206
177
67
2586
12
0
6922
45
14
254
74
30405
69
110
541
75
33
816
1
2962
44
33
0
1822
6
75
38
58
11627
5135
5
14706
284
12
42
152
3
4506
5
6190
790
1
8
22
6915
2654
1
20969
16494
2
101
5
41619
20
9018
2586
30406
1
36
176
16
8
7977
13
98
86
4076
14
41620
1802
25
4
6299
24652
7
1044
73
29
2586
24653
2
8
89
16494
18
1106
254
74
525
49
17
998
443
31
0
257
7977
9164
1755
1
50
163
14
2357
2586
1385
1735
31
5
1660
384
134
153
197
468
4
411
2
41621
1
1385
33
79
23
41622
4
29
472
24654
150
2649
2
8
7977
1385
33
20
5
585
232
1
17
1852
1385
6
80
4213
6
2586
2968
31
1913
134
153
3
140
201
414
1261
7
0
424
2318
1
8
131
975
18366
1
2240
6
0
1147
7977
9164
5726
2
8
15
7922
13
1763
3
232
1959
28
0
9056
1121
4
1304
45
61
434
3
4111
30407
2586
23
5
2793
2
8
7891
6
48
496
23
5
2583
3
41623
14929
1
2240
6
30408
7977
1
0
6474
265
14
6207
1385
11
0
264
18
2586
6268
2
41624
49
16
3046
3944
1550
5
2586
3355
3
718
0
4806
120
0
6736
3497
30409
16
41625
12
0
6922
20
0
30408
7977
163
120
8875
3061
4206
590
14929
1
1737
4
13126
33
0
1248
1425
11
2586
18
3098
1423
1
45
21
13
1912
3
547
55
14
2586
13
37
9149
9
1965
2793
253
2
8
1270
2586
13
5
1264
1533
1
8
21
3052
2
8
3061
13
0
148
41626
1321
7
0
172
4
25
18
228
41
128
1264
2
8
8352
3174
2696
6
17651
4
41627
5
396
45
9480
11
118
272
5
70
23
5
1442
6
2562
2
7977
13
1707
86
66
1351
74
79
4487
25
184
2
57
73
81
11
388
9
2505
259
1
414
1
316
82
62
67
2
8
13351
609
14929
18
2016
445
1608
1
44
33
74
1876
2
7719
7
18215
1
1068
2305
4
30410
1
28033
18367
310
16
8
24
1802
5602
1
24
1616
2612
2
24
84
74
474
92
13
194
2089
20541
2
16495
66
33
816
5
13649
7240
1
66
389
0
759
6
41628
385
14385
7
212
7367
2
8
23735
20970
33
2846
2302
1
289
0
3793
6021
4
6740
157
7
2098
1
119
4076
1
1798
1068
473
30
15843
3583
1105
4
8289
3998
2
8
8
104
84
74
29
5
863
17
2586
627
99
69
1068
1
8
1985
30411
4111
1
4563
30412
4
5421
3014
2
8
104
84
74
181
11
5
396
6
75
25
388
219
184
2
8
104
1616
2612
4
256
4
1802
5602
50
5687
13
1223
17
883
1145
1
86
25
58
32
41629
3
161
4048
2
8
14929
1
4209
1
13
61
1912
3
1918
0
1092
6
2586
13260
1
50
13
620
7
3703
1
45
13
0
1248
2638
6
14097
11
257
3904
2
8
7977
13260
1438
7
125
1142
1
173
212
220
885
255
886
45
25
13
74
114
6
3396
16
25
13
114
6
270
30413
1
8
21
131
2
8
281
0
885
255
886
956
592
20
607
14
1292
913
3396
12
2586
6490
3
6206
13260
62
385
109
14
1
44
981
325
44
58
74
188
3
1275
25
2
8
101
3703
1
0
6448
13
14
3396
12
2586
6490
13
419
85
3396
12
1551
6490
2
8
580
586
16
7977
30
202
698
184
161
30411
4111
1
4563
30412
4
5421
3014
28735
1041
37
41630
30414
7
0
776
163
30415
24655
5103
0
6922
20
24649
3615
8353
1550
5
2586
4583
120
1567
10337
18
1466
163
30416
253
29
545
5
196
1
17
169
4111
6370
49
17
0
1245
1737
6
7867
2586
1
119
363
6
0
1068
1321
1
5
111
2662
29
658
541
2586
162
11011
4402
9411
4
24656
2
8
7977
9411
33
0
18183
1
23609
1
2295
9
7429
18368
66
73
220
1
8
2139
18367
2
8
30417
41631
340
91
30418
62
1509
2
8
7977
13
1621
37
2497
1379
3499
7
0
2507
172
253
2
41632
1
6
0
178
24657
38
2141
11
6915
18
8
24
981
699
165
1841
85
1802
2586
8
618
6
0
9913
1
118
16496
41633
170
20971
2586
2
15
605
1
9942
3857
1
10081
6335
1
1197
5651
4
6727
17371
1
80
1802
25
2
1544
913
1102
4251
33
74
248
0
222
1525
14
44
494
107
2
8
15
2733
998
6
0
2586
2383
79
163
1399
1474
14
3904
33
1073
2497
1690
3
0
913
1102
1776
1
8
131
18366
2
8
3479
1102
4251
33
170
3601
23
5081
23
90
1
45
75
33
6698
41
3
3297
2
8
7444
1657
4
11244
1
199
23
2373
41634
1
6286
1
6569
336
4
7581
3771
1
1802
42
2586
9343
4
3865
0
15467
6
11471
1150
28
913
3396
5071
109
6915
2
8
221
46
300
32
24658
1
75
4723
3
3641
2015
16
14
47
1226
1
14
18
110
1660
7492
13
63
2
8
6915
1
967
1
30
100
678
3
355
49
12
97
666
127
2586
4
800
10646
2232
9904
24659
3
1836
97
111
618
167
2
24651
16
1270
2586
16497
43
214
80
77
0
6736
3497
1
12
266
23
168
23
223
7977
476
16
15444
8514
12179
24660
55
11
5
6914
8354
7
27
2586
4583
1
119
9061
3902
1766
10530
3
5
423
8
24661
3216
1
173
4963
14930
1
8750
15727
1
1868
4820
1
41635
11638
1
41636
0
4001
6
0
2586
2383
1
8
41637
16494
2
191
25
13
74
79
3216
38
382
11300
103
0
30419
2
1100
2586
13
9799
49
2497
1886
12
0
6922
1
148
800
20
1567
10337
1
11
125
1
0
2793
46
202
32
5497
2
10488
12643
13
54
1832
11
1743
27644
79
84
74
503
1
1191
18215
14
8
850
7
95
1058
4
274
957
18368
4
14931
14
66
177
13
4001
456
7
0
1378
14
100
913
30
239
3
143
711
7
323
2
8
191
36
18
41
1054
2
741
4343
1823
18
41638
1854
1
50
1358
7978
1
401
24662
4
7979
17084
1
828
3383
1
12057
5287
1
11753
14867
1
41639
1
12646
1
14328
6557
4
9061
29
80
7637
41
3
1380
2586
2
1643
1
6474
1832
9752
41640
30
61
11300
103
0
2793
1
480
30420
28
5
2099
7
50
2586
13
3951
5689
23
79
216
8205
2
8
20551
66
73
124
2793
14
30
0
222
3989
4
474
23
541
2586
1
8
21
3052
2
8
221
18
100
252
11
282
3
256
541
2586
2
590
121
1
2558
885
2586
886
13
5
419
1533
2
8
1094
23399
38
1351
74
1698
2586
13
1068
4762
10332
41641
1
1079
6
899
824
41642
1
1675
41643
1
38
131
16
8
24
84
74
354
37
913
4439
7
5
1929
8153
11
97
24663
7100
3
32
116
69
5
4583
62
157
23
30421
13
24664
5497
11
121
2
8
590
6915
1
967
1
0
1068
6364
14
228
13
74
3851
97
730
13
7451
1
50
800
1130
69
2544
77
0
256
6
24665
8788
12
97
72
23203
163
13968
6
5
4583
87
214
120
0
5101
18
160
3061
4206
163
2
18369
16
7451
18
2302
11048
12171
12
0
6706
53
93
51
4
12
2775
10135
53
122
51
8
15
7451
1599
206
32
330
11
97
41644
45
110
25
171
32
330
11
13
5
189
1370
585
6
5388
4001
3
832
1
173
8789
1
20189
4
41645
832
12
3993
2586
6490
4
98
1788
3
29
8788
5330
55
6
24666
8
3891
1223
31
0
41646
1
8
41647
16494
2
8
15
3303
1959
11
24665
8788
1
7261
31
24379
4111
1
11472
3
0
13449
4
14573
6
1290
18
12100
796
4360
2
8
5968
17
37
18370
6
7276
171
14606
536
6
261
1729
6
4001
4
969
8443
11
156
6
0
169
9018
2879
14
254
141
752
832
0
1223
53
62
8788
51
103
42
4755
2
8
7451
30
2404
31
7484
55
14
0
24665
8788
226
28
1044
1
41
1290
1
4
33
41648
20972
2
939
18
67
44
161
1
2586
1863
11
499
85
54
134
153
6
42
656
2
7451
18
14033
1173
3346
16
8
294
5
2108
1599
92
46
32
2588
2646
56
2586
13
1407
650
3
0
3157
1422
45
60
5451
14
23
17
156
913
2142
1
25
392
32
20972
340
30422
4001
2
8
41649
1
136
1173
30423
0
18349
6
2586
28
6533
14
33
16444
31
232
913
3396
2503
1
50
6946
0
4213
4
13650
6
24655
157
7
136
1333
2
8
101
2272
1
7451
890
7
0
6256
18371
6
80
11589
3931
2586
1
3
1474
6853
3904
63
0
2142
2735
3
42
3223
2
294
5
768
1
7451
13
5
41650
3
0
631
394
18
16052
101
7977
41651
2380
2
8
18366
4
14929
18
154
12
18349
2586
10129
7451
18
1
17
234
7484
55
14
0
8205
13
473
5
31
9
2142
6
0
2612
1321
2
18366
13
61
1912
3
4318
14
2586
28
5692
2449
13
24667
182
0
1147
9164
7
24171
17108
53
41652
51
8441
4
131
14
0
1321
58
202
256
2586
28
2357
4944
4
1532
2
15
425
1332
11
3904
13
38
3
354
2
5166
60
3
3297
3
6915
62
3
18366
218
9405
1
25
18
5
978
6
1533
2
89
458
66
84
2488
3
1802
2586
62
41
1
25
18
907
1734
4737
90
66
13254
55
12
14
16100
24648
4583
2
7977
456
16
29515
31
9752
41653
4
10488
12643
12
0
6922
7
8875
4
1466
26
7977
214
12
0
6922
20
9238
1
24649
4
30403
543
605
26
30424
3561
31
3216
173
1197
5651
4
15444
8514
12179
26
9164
131
3396
13
2847
1976
4
5692
2449
33
1438
26
6915
992
816
2586
8158
4
131
148
75
1351
74
5665
0
3366
26
5773
2586
1385
29
472
24654
150
2649


