258
5618
14603
14604
5383
14605
61
14606
5
1347
24
14607
129
14608
14
14609
101
54
2664
61
14610
87
2456
13
14611
542
704
76
1579
14612
7887
27
1882
13
14
14613
7593
91
24
5383
9
967
2956
14614
61
24
7887
516
107
7918
2334
14
1066
912
8490
5
2854
1226
5347
91
122
10489
27
816
24
12804
87
2540
14
2956
1724
61
24
7887
516
935
3307
1508
1226
14615
13
24
6487
5
24
10785
27
1882
13
14
14613
14616
91
5383
9
967
14610
61
24
3952
663
99
6993
34
9006
14617
61
5479
324
61
515
44
107
1129
13
1869
14618
57
4513
1185
4514
23
24
8490
5
5676
496
24
14619
149
586
27
3779
6993
44
107
14
1431
1795
14187
23
12475
119
7887
912
1163
9
23
14612
516
2854
47
24
1226
53
91
14
1066
912
10489
91
4150
14620
5
14618
57
4513
1185
4514
2
122
14621
27
816
24
12804
87
2540
14
2956
1724
61
24
7887
516
935
3307
1508
1226
14615
13
24
6487
61
5
24
10785
27
14610
330
24
7887
516
5131
1495
14
11158
515
1687
1099
1185
1099
45
107
14622
61
1185
1336
61
44
107
137
91
334
14623
1185
13618
5260
1188
27
119
14613
359
262
1687
183
87
14624
24
9006
7887
718
663
107
9719
13
334
14625
119
14613
87
289
1687
14626
334
9006
2664
7887
13
14
3824
13960
14627
5
149
10341
7593
23
1072
35
506
27
1984
24
14613
61
14610
2403
24
1188
1687
9006
7887
14628
5
330
183
516
1687
14629
14630
14631
515
14632
12958
57
1325
14633
2
14
1066
37
14634
27
14635
4140
61
24
7887
912
1163
9
23
14612
44
2854
47
24
1226
53
91
14
1066
912
10489
91
4150
14620
5
14618
57
4513
1185
4514
2
122
14621
27
187
5923
515
24
7887
516
5131
1495
14
11158
515
1687
1099
1185
1099
45
107
14622
61
1185
1336
61
44
107
137
91
334
14623
1185
13618
5260
1188
27
119
14613
14636
262
1687
183
87
14624
515
24
9006
7887
2582
718
663
107
9719
13
334
2655
64
14637
14610
87
1481
13
5361
1579
582
14638
13725
14639
185
145
4824
61
14
14640
395
57
24
2956
87
324
61
5
405
14641
1014
24
1154
1099
107
8998
13
223
76
1133
1155
64
24
6512
7887
27
251
5361
1987
34
24
7887
99
45
100
4934
5842
24
106
1778
24
6993
61
14610
330
262
331
14642
13960
1133
369
1502
14359
23
14643
14644
27
331
13342
14645
61
435
4374
61
3595
61
5
411
14646
718
107
997
6552
5
2581
5458
14647
57
1325
5037
27
331
14648
718
11678
107
2474
5
1347
10829
76
14
6511
5
1156
34
8933
24
1325
5037
23
1155
14644
5
14649
27
331
14610
87
1481
13
5361
1579
582
14638
13725
14639
185
145
4824
5
405
14641
1014
24
1154
1099
107
8998
13
223
76
1133
1155
64
24
6512
7887
61
1521
14
5361
1987
34
24
7887
99
45
100
4934
27
397
76
704
14650
61
24
9221
1308
244
14651
24
9677
825
1541
107
787
27
14610
4934
23
1072
237
506
183
149
537
13
6867
7768
13865
76
9006
14617
1185
14652
7985
515
308
14653
27
119
6512
7887
87
244
24
55
227
14610
99
3978
24
14654
9677
27
14610
37
3355
5124
5359
57
8822
1319
14655
14656
61
2057
445
334
9006
7887
104
24
10298
2328
23
1072
61
324
61
1564
64
334
11971
13
7768
13865
378
104
24
10298
2328
61
14610
37
3355
5124
5359
57
8822
1319
14655
14656
2057
445
14
7887
61
10087
91
12487
9
1893
2001
3952
14657
61
515
14658
14659
9006
10322
1814
13
24
14619
37
2664
27
579
3138
1508
10322
61
502
663
1495
14660
5
1163
9
23
14661
61
44
107
13537
13
223
76
3824
5337
5
5084
27
119
3824
1133
44
935
107
1129
13
1740
24
3034
37
5744
5
4197
542
23
13
4198
8997
27
1134
516
2297
7672
5
622
308
2
361
644
13
1167
14
2956
61
1185
6348
14662
185
24
1188
61
1222
183
87
7719
1185
769
27
1843
14663
9
11971
8739
91
14610
104
24
6422
6423
6424
37
10298
2328
149
24
331
14664
14652
14665
331
27
187
14658
14
1117
1118
515
12772
334
14666
8802
1348
14667
27
14610
87
2815
1720
237
8802
718
331
4174
331
13
3824
5337
5
107
1129
13
14668
14
14619
37
5744
1843
6553
8739
123
24
14669
4174
104
24
6422
6423
6424
2328
149
14
14670
14665
27
119
14671
14672
4810
14665
99
253
100
7607
91
24
4744
14575
5
10405
14673
5
149
417
5828
11856
14674
23
1972
27
187
14658
14
1117
1118
515
718
107
137
1030
14
11158
2590
24
14675
23
24
14619
37
11601
27
5340
14667
24
331
14664
14652
14665
331
12772
334
14666
14676
9
1030
8802
810
24
14619
37
1816
515
718
107
6816
47
91
3824
1133
5
14652
1218
922
27
1134
44
107
1129
4955
24
14619
87
24
8510
3034
57
24
1188
1185
3229
27
246
14677
14678
47
1226
1515
91
3787
23
8490
7406
1348
11248
246
187
14679
1508
1226
14615
13
14
6487
2590
13618
1185
14623
246
5383
9
967
14610
663
1400
183
44
107
9631
13
2609
246
119
9677
44
221
183
3468
13
4192
14680
23
14643
2999
246
119
3952
99
663
330
183
87
1950
185
14617
13
6867
13865


