2432
449
2455
6044
30
3436
847
3136
11
7723
28
5
717
1331
3206
17
2432
3
667
0
621
11
1510
1
45
890
25
13
253
760
11
37
246
448
9
49
79
602
2
3136
444
146
187
20
0
916
4175
1749
7
151
1
45
118
545
7
105
3177
4
2931
1890
28
0
3828
1
1435
1165
7
414
593
2
2432
556
5
632
9
236
17936
4
118
12843
69
0
1620
27716
17
5
81
9
977
1426
12
0
368
132
90
1414
55
3
5270
7
0
2335
9
3132
7
2781
2896
2
2455
6044
30
3436
1510
18
247
854
847
3136
515
6
42
4842
1022
935
6044
13
3403
17
129
3136
1
793
1
30
2404
7
19
673
453
17
608
731
7
903
593
11
2985
48
236
2
35
847
224
7
20
5
717
71
11
282
4
24
181
11
11633
22
0
2432
449
2
35
104
43
7
5
2789
389
123
79
23
60
33
98
2
788
25
10
141
300
1472
11
59
1
45
21
7392
430
12665
168
2
35
1213
733
1
21
47
5
295
6
82
1446
98
1
17
67
702
453
4
23
5
128
24920
4
755
9
3422
247
130
1
23
21
10
123
1
21
47
2362
3
32
37
3388
3630
2
35
1188
33
158
1359
63
0
3791
6
37
708
448
9
49
2
89
311
1
716
47
402
457
7
6196
2
52
47
500
128
168
11
430
4
11
19
288
20
0
638
2
35
24
1494
109
3
181
21
1494
233
99
12
19
71
323
23
4123
1
458
7
1281
6
0
2414
21
116
62
6
91
344
3
465
17
26646
7
486
2
89
6044
2091
0
7
9
745
653
13
41
810
1309
11
37
708
448
9
49
3136
30
668
5
3749
608
731
150
627
69
0
1510
243
48
236
35
101
13704
66
1751
23
194
28
0
717
278
23
66
84
28
0
1503
2
847
10
128
952
4
0
481
4270
59
50451
1643
1
2985
449
7820
6462
30
763
6144
14840
14
25
46
154
67
85
5
9560
4691
6363
874
3
5486
5
505
3
0
174
2
14840
668
591
81
236
45
30
118
1519
1165
150
6462
2301
2609
13812
20
857
2387
3032
7
0
535
4
30
41
309
5
229
11
472
64
187
2
35
24
46
2488
3
1804
59
56
21
47
50452
22
0
2985
814
2
35
249
21
7039
3
326
1
21
50453
6462
30
116
25
536
16258
3610
11
739
182
19
3021
2
16615
4
4200
3688
33
605
38
29
40
12
0
25340
119
4909
5552
3136
1
21529
21530
4
1560
8726
29
14202
2
7820
6462
30
763
6144
14840
21
46
118
7960
19
242
7
0
243
112
21
7039
25
3136
3352
19
880
119
14840
2217
17
579
4
945
3
1019
11
1210
1425
2
35
2632
7373
56
66
147
50454
22
6462
1
12
0
2239
6
3208
9
83
3136
2
35
104
252
3
154
2213
6
0
561
47
15633
14840
1
384
1
10
41
1041
7
0
1086
38
1017
4011
12
377
2
3323
112
21
58
252
3
934
0
30578
854
99
11
0
634
1238
1
17
105
593
7
452
230
1
1536
20
2432
1
6462
17619
4
22
16
35
5446
1
50455
26
2432
283
1227
1510
12
4842
1022
7
0
589
328
26
2455
6044
30
3436
2985
854
847
3136
26
89
6044
22
0
247
653
10
41
602
1309
3
326
11
246


