144
10478
2349
15
1558
682
10044
10730
6296
7
299
14222
7
743
72
9422
6
14036
279
81
70
158
609
169
2395
805
3
147
114
6
5
1791
7
2727
2
375
6796
3597
2919
5
4120
72
27220
4
13
54
6
146
13404
38
489
67
85
72
6253
7
151
1
480
4275
77
5
72
12664
615
7
270
9
3202
620
1469
50
30
601
169
13404
3
6893
184
28
1979
1000
2
52
14563
7
1866
1
30
4163
5
245
6
932
15661
4
284
22748
4
13
54
6
316
2395
38
1305
2727
6
743
72
11822
341
5970
5229
2
22871
16
9044
6
0
264
18
235
2395
1305
72
21081
7
6201
9
3202
2727
1
480
169
13404
3636
3
147
114
6
5
615
7
42
2727
15
394
4622
29
2290
2365
4275
31
464
6
0
620
7472
4
30
531
3
0
3901
6
5
232
9
1709
1866
276
2
3244
0
235
15109
10
1478
4175
3597
1
38
800
4163
15195
8978
27221
38
10
1025
6
1637
3140
266
20254
4
4537
88
3
147
2
27221
1
2844
1
10
856
11
398
82
1
4
19
198
2640
1
793
1
11
178
1
20
9676
904
372
81
417
1
39
91
1025
6
31034
1
16169
3583
4
833
635
2
15
584
1
28
12421
1
4086
2989
266
12
0
1777
62
7
8729
23961
4
3025
88
626
4
55816
1
45
5142
88
3
2001
762
2
68
4175
3597
1
38
4163
27221
18528
1
489
72
55817
28
620
1469
120
55818
2
2455
4175
3597
2919
72
55819
11
19
147
2788
5
245
6
232
9
1709
1000
2
238
6
19
612
4354
10
2680
20774
1
38
10
2853
6
0
466
6
3818
55820
35464
1
38
10
13454
3
193
119
21
20616
27
102
2
20774
490
12680
17
105
605
3
55821
258
35464
18
102
7
34845
1
820
970
1
81
488
1
3
5080
72
5553
1357
2
68
4175
4163
20774
38
10
856
11
146
82
20
25827
904
372
7
484
1
119
54
6
19
14373
1
55822
55823
1
10
1025
6
466
2
11477
16
15
72
12664
615
7
620
1469
30
214
0
2727
2395
29
682
11
125
1000
7482
31
49
3
384
134
153
2
89
169
33
170
1931
676
6201
9
3202
14309
375
6796
3597
2919
743
72
9422
7
6201
9
3202
620
1469
81
70
375
6796
3597
13
428
7
2159
1
4
10
0
1558
9
682
10044
10730
6296
7
299
81
70
1
18664
7
72
27220
52
14563
7
645
830
4
30
614
12
5
245
6
232
9
1709
1866
1000
1
50
2845
20975
0
1558
620
1469
2727
2
52
10
5124
20
3922
2400
7
1816
4
489
5
8
4311
8
7
4512
2
101
411
1
21
4163
2159
283
561
3343
25341
39
21
10
432
11
833
2
15
2679
854
10
115
41
578
2
52
30
61
2833
17732
38
29
40
603
6
34016
0
620
1469
571
62
747
4354
2
65
3338
180
8
33484
8
1358
54
28
37
4142
2848
324
16
8
281
21
2153
19
227
1
375
58
32
19
87
5838
6
448
2
8
1094
131
16
8
318
4173
1
7352
1
14460
6971
4
55824
6
3654
143
59
200
3
2998
7
1979
1
645
1866
1000
2
8
2086
7
0
215
0
644
6
178
5229
603
6
5
1018
1276
1866
2837
114
13404
76
41
32
115
3
3469
0
1979
276
20
6466
904
372
1
12
0
1611
1526
2
674
166
2455
55825
1
1468
6
0
6660
5357
1755
1
603
0
4216
6
1610
6
5780
9722
998
3
11585
0
7472
23
35
25191
55826
2
52
22
16
35
15
7399
6
316
75
722
3
32
933
7
5
9722
152
1
18879
173
316
134
153
9244
1
4699
15110
0
5096
4571
14
22060
3
0
5357
4
7479
0
725
14
261
2727
206
168
4739
64
62
158
105
82
8
147
2
982
998
722
3
32
933
7
5
152
14
11519
3
100
108
34795
2
35
15
3447
73
118
32
3
11585
0
7472
23
25191
3996
1
9196
0
956
11015
14
37
955
154
9
102
503
13
7
16625
17
0
796
955
4
13
1839
72
19105
134
55827
15
4216
6
1610
22
16
35
104
29
54
6
0
148
1707
620
1469
2909
7
0
172
4
261
1084
6
964
33
1939
459
60
34
3
143
1486
2
35
104
29
2515
0
752
6
5
501
245
6
0
4505
831
1020
1000
31
384
134
153
9
79
54
6
261
1000
800
752
67
85
72
802
341
7
620
1469
2
35
104
188
3
1524
0
2588
279
60
29
11
620
1469
13
11279
12
217
1000
4
75
38
252
25
55828
26
375
6796
3597
1
38
30
2833
232
9
1709
1866
1000
1
14222
7
72
27220
26
52
13
54
6
146
2395
38
2919
67
85
72
6253
81
70
26
9044
6
0
299
18
235
13404
1305
72
21081
6
7405
8
279
26
4216
6
1610
22
261
964
33
8
459
60
252
3
143
1486
8


