139
13
0
638
56
1999
9
5351
1440
5850
3382
2667
5
704
7
1434
1
18424
31
5
257
10756
4032
2
15
167
1
50
332
5
4974
6
10756
10873
29938
4819
42
11782
6
0
13658
2078
704
6
12891
1999
9
12892
1172
397
1
1780
39
42
1023
2
1217
269
39
0
398
9
977
167
10
2207
1
2078
394
26755
1091
55
67
85
5
3350
663
4296
12
12891
1999
9
12892
1
1003
125
316
3382
2
297
94
11
167
4655
11268
16
924
5850
3382
12
5
12391
1126
5
588
10756
2220
473
3693
17
1419
660
1
23
108
3382
6953
4
7137
7
0
1004
6
12891
1999
9
12892
15
403
7
0
13658
11143
4595
10
1397
31
5
2630
10933
14
1358
1999
9
5351
27081
2898
9
17006
1
38
443
0
167
1
4
108
1562
6
5850
3133
2
15
167
10
443
397
1
4
13
521
3
32
2207
31
5
247
130
38
30
2977
28
0
255
3
1428
0
666
7
1434
2
15
130
3739
17
5
257
54057
23
21
54058
0
167
28
5
195
624
69
0
403
2
8
139
13
80
111
6009
1
31
0
54059
1
48
13
80
111
6009
1
15267
31
0
54060
1
8
21
131
28
374
0
710
2
8
139
1252
30
40
4822
4
0
23504
30
40
3340
1
8
4699
1687
1441
55
54061
54062
885
1762
13
400
886
8
8141
0
9114
16
15
398
9
977
167
1088
3
32
18424
31
5
257
4032
4
332
0
1999
9
5351
1440
304
18
4259
69
0
2078
403
44
29
1397
12891
1999
9
12892
1
5
403
7
0
13658
11143
4595
1
10
1397
31
5
2630
10933
1
14132
1999
9
5351
27081
2898
9
17006
1
38
443
0
167
1
4
108
1562
6
5850
3133
997
0
130
374
0
710
1262
14
0
5850
29
8
15267
8
0
403
1
0
9427
6
12891
1999
9
12892
73
32
214
5368
12
1574
4
7
2958
1633
720
15
130
25633
23
5
8
54063
8
1262
0
1999
9
17006
376
30
8
2054
261
34574
75
8
1
480
2780
0
9427
6
0
403
23
44
3472
42
6656
4
7172
7
189
29426
12
1574
4
7
1246
2
15
130
1
761
225
13
41
958
7
0
167
1
327
14
0
3461
33
5368
42
1170
114
6
0
2078
394
1
4
14
1999
9
17006
30
226
3
8
456
8
88
2
15
132
39
0
704
10
1397
31
0
5850
10933
1
50
107
41
675
3382
28
1419
660
1
0
2078
394
2404
7
794
1
5
4540
304
22
2
15
2078
15114
11
2860
3663
22
20
568
316
663
4296
312
0
403
1
50
34
40
54
6
0
1919
18
81
2600
54064
7
11143
4595
2
221
10
100
3378
1415
12
156
8303
28
0
776
6004
1
45
0
15114
22
0
193
6329
28
418
3350
663
4296
12
0
403
12
377
34
5466
3
918
2
8
378
568
64
4467
4
316
3382
43
285
7
0
377
663
4296
455
17
178
605
761
12454
33
41
602
330
1
8
15114
771
54065
20939
22
2
8
15
6329
13
539
3
1083
39
0
4372
921
3213
4
69
302
2
8
14449
197
5125
1244
4
1919
1721
921
884
6
0
403
12
302
1
21
176
1
4
3358
3382
34
1397
20
568
775
394
1244
2
8
5047
464
6
0
53
3756
9
1919
51
577
3239
2132
43
1397
397
31
3382
1
4
209
5
304
6
384
1760
43
115
4138
7
5
533
339
0
2808
5615
6
0
403
1
8
68
20939
22
2
8
15
2530
881
5
732
2980
3
1663
88
2
8
7308
90
0
1666
16
1217
269
39
0
167
10
2207
1
2078
394
26755
1091
55
67
85
5
3350
663
4296
12
12891
1999
9
12892
1
1003
125
316
3382
20207
16
13037
5214
28
3358
9
2672
54066
2660
6
11736
39
5
2078
2530
4032
3934
1156
7
5
1443
34241
421
302
2078
349
1402
22
0
765
34
17273
125
3133
373
3
12891
1999
9
12892
1
50
10
1397
12
377
11
0
87
71
7
0
146
9
70
3279
31
5
27082
5850
10933
173
1999
9
5351
2
2078
1402
61
364
14
0
10873
34
11463
4467
1
45
0
15114
22
118
394
1511
34
40
4747
4
100
54
285
2
8
54067
1562
1654
5
2894
7403
6
4467
39
3790
12891
1999
9
12892
1
8
349
1402
5512
5
765
1416
23
324
2
57
22
20
568
384
4467
34
40
285
7
0
704
373
3
0
6082
1835
2
89
15114
22
54068
34
4747
394
24689
4
14
92
10
100
8914
86
416
44
34
285
767
2
8
281
60
692
75
43
285
31
88
60
58
365
25
1
8
68
20939
176
2
8
580
223
4
126
43
1397
2
8
15
2465
6
0
704
6
2669
75
7
11143
4595
10
0
776
10964
11
394
1244
7
0
884
4
1171
6
1434
2
54069
29
40
450
3
2276
0
2530
55
6
0
333
2600
394
1061
7
0
4595
1
2907
88
2517
3
54070
1
5
8997
4595
6
2904
4298
3
519
7040
1999
9
2109
2
660
546
1725
54071
61
22
0
765
34
1091
55
166
6004
140
12891
1999
9
12892
4
12174
1509
6030
12
97
9976
2
674
215
0
27082
9134
5850
4018
3352
11143
403
1
0
21990
1496
1
39
10936
37
10933
14
1358
2898
9
17006
1
0
54072
1999
9
25058
2192
4
54073
1999
9
54074
1
45
41
0
2268
1761
304
50
4134
670
30993
6
1434
4
1507
2
15
5850
10933
992
1403
0
1539
6
54075
1
5
3912
3
0
19468
14
1956
2223
357
0
3381
1121
28
0
16281
1669
2
26
3077
18424
31
257
10756
4032
6289
28
2078
9114
26
15574
31
1999
9
17006
304
39
11782
403
7
1171
9
3102
4595
26
1914
73
32
306
1262
3
29
8
15267
8
0
403
28
8
23504
8
26
2078
394
1091
55
316
18425
12
403
132
39
25
10
303


