258
480
8595
61
4481
22549
5
32676
32677
261
262
32678
264
61
905
4824
558
268
269
262
32679
264
61
905
4824
558
1707
2335
24
6159
32680
4325
11851
1671
4863
14
7482
111
27
119
3476
61
23
54
20353
5
2
24732
61
149
7272
101
11300
185
15070
57
3743
10437
27
187
3522
24
7509
57
24440
6822
3022
3277
32681
61
5216
32529
28294
61
20340
5935
3325
32682
61
5
32680
912
791
15125
32683
32684
27
993
7284
1193
8540
27
1707
369
2335
919
57
3762
75
24
545
20340
6159
32680
6785
3894
330
24
111
4863
1671
149
361
279
64
398
57
24
643
515
1308
45
8123
3871
13
32680
912
10437
27
396
149
7272
34
360
4615
91
355
1950
185
11384
32685
27
618
1750
61
642
657
14
2930
23
24732
27
251
11373
1707
262
331
251
111
149
7272
902
91
355
1950
185
11384
32685
99
1094
174
642
3159
27
331
251
111
23
54
20353
61
2
24732
61
149
7272
101
11300
185
15070
57
3743
10437
58
6426
527
941
642
3159
91
16781
104
20112
902
27
331
396
149
7272
91
355
1950
185
11384
32685
101
24
7376
57
24
643
610
278
14883
331
6386
331
27
331
368
12329
14
1713
8246
104
334
5800
23
24732
185
1750
507
4824
27
331
408
369
45
3539
13
7780
321
27
331
3277
32681
99
100
6555
5
16504
91
642
64
358
2391
89
3762
5935
3325
32682
61
24
791
1819
16
20340
61
69
174
71
5
5216
32529
28294
278
365
100
6555
5
16504
64
398
57
14
4156
7781
4303
902
61
1413
7509
105
100
53
64
398
57
14
4156
643
61
289
11384
32685
61
89
4927
3743
10437
91
32680
5
819
27
3277
32681
5
5216
32529
28294
288
6555
5
16504
101
11384
32685
23
24
7376
3180
331
32680
5
819
331
27
20340
5935
3325
32682
5
14
111
23
54
29412
288
6555
5
16504
23
4824
64
398
57
24
4046
7376
3180
64
331
819
331
27
6785
3894
87
1330
24
7781
5
99
330
355
369
370
1834
76
1145
11206
3027
5284
61
24
5510
3308
57
6505
3820
358
906
23865
13
32680
27
1102
610
369
1103
13
1104
1105
34
1106
1107
27
246
4242
87
361
279
64
398
57
643
45
8123
17295
13
18822
20340
246
1707
12329
1713
8246
104
24732
5800
35
1750
246
4565
642
3159
237
1680
58
361
7272
101
11300


