1994
606
4325
243
13
79
956
2890
4326
24
34
4327
1
361
975
24
1769
606
1
3001
2964
428
24
2393
4328
954
108
34
2085
4329
99
4330
4331
24
4332
1314
24
4333
4334
24
4335
4336
24
34
4337
4338
24
34
1769
606
4339
81
162
86
4319
4340
20


1993
605
4324
242
13
78
955
2889
4325
23
33
4326
1
360
974
23
1768
605
1
3000
2963
427
23
2392
4327
953
107
33
2084
4328
98
4329
4330
23
4331
1313
23
4332
4333
23
4334
4335
23
33
4336
4337
23
33
1768
605
4338
80
161
85
4318
4339
20


1993
605
4324
242
13
78
955
2889
4325
23
33
4326
1
360
974
23
1768
605
1
3000
2963
427
23
2392
4327
953
107
33
2084
4328
98
4329
4330
23
4331
1313
23
4332
4333
23
4334
4335
23
33
4336
4337
23
33
1768
605
4338
80
161
85
4318
4339
20


