3354
3355
24
1
3356
3302
349
3357
3295
24
96
886
3358
17
3295
24
2038
24
2579
3207
17
3359
3360
17
3361
606
414
1
3362
268
13
3363
3364
96
3365
24
3366
34
299
45
3367
106
3368
99
2835
17
1
3369
3370
20


3353
3354
23
1
3355
3301
348
3356
3294
23
95
885
3357
17
3294
23
2037
23
2578
3206
17
3358
3359
17
3360
605
413
1
3361
267
13
3362
3363
95
3364
23
3365
33
298
44
3366
105
3367
98
2834
17
1
3368
3369
20


3353
3354
23
1
3355
3301
348
3356
3294
23
95
885
3357
17
3294
23
2037
23
2578
3206
17
3358
3359
17
3360
605
413
1
3361
267
13
3362
3363
95
3364
23
3365
33
298
44
3366
105
3367
98
2834
17
1
3368
3369
20


