3447
115
4099
13
4100
24
4101
1375
3641
204
4102
4103
4104
4105
17
4106
4107
24
4108
4109
24
2822
4110
24
4111
4112
24
312
4113
24
4114
4115
24
4000
4095
24
3038
4096
4095
24
4116
4117
24
4118
4119
24
3179
4120
24
1092
4121
24
2766
4122
24
2820
2087
4123
24
34
2766
4124
4125
20


3446
114
4098
13
4099
23
4100
1374
3640
203
4101
4102
4103
4104
17
4105
4106
23
4107
4108
23
2821
4109
23
4110
4111
23
311
4112
23
4113
4114
23
3999
4094
23
3037
4095
4094
23
4115
4116
23
4117
4118
23
3178
4119
23
1091
4120
23
2765
4121
23
2819
2086
4122
23
33
2765
4123
4124
20


3446
114
4098
13
4099
23
4100
1374
3640
203
4101
4102
4103
4104
17
4105
4106
23
4107
4108
23
2821
4109
23
4110
4111
23
311
4112
23
4113
4114
23
3999
4094
23
3037
4095
4094
23
4115
4116
23
4117
4118
23
3178
4119
23
1091
4120
23
2765
4121
23
2819
2086
4122
23
33
2765
4123
4124
20


