4145
3598
136
4525
4475
764
3618
105
1120
4526
243
3626
3619
4527
545
13
4528
160
13
4477
4529
4530
24
34
994
124
526
4531
2422
1863
3156
268
2276
24
4475
3109
3618
90
4532
6
3912
99
3868
17
4477
20


4144
3597
135
4524
4474
763
3617
104
1119
4525
242
3625
3618
4526
544
13
4527
159
13
4476
4528
4529
23
33
993
123
525
4530
2421
1862
3155
267
2275
23
4474
3108
3617
89
4531
6
3911
98
3867
17
4476
20


4144
3597
135
4524
4474
763
3617
104
1119
4525
242
3625
3618
4526
544
13
4527
159
13
4476
4528
4529
23
33
993
123
525
4530
2421
1862
3155
267
2275
23
4474
3108
3617
89
4531
6
3911
98
3867
17
4476
20


