756
2787
24
2276
2220
886
2788
86
13
2789
2790
2767
24
34
2422
719
2791
6
2792
2793
96
2794
24
1769
105
587
287
34
1151
6
2795
1451
6
719
810
2796
393
2797
2798
2799
20


755
2786
23
2275
2219
885
2787
85
13
2788
2789
2766
23
33
2421
718
2790
6
2791
2792
95
2793
23
1768
104
586
286
33
1150
6
2794
1450
6
718
809
2795
392
2796
2797
2798
20


755
2786
23
2275
2219
885
2787
85
13
2788
2789
2766
23
33
2421
718
2790
6
2791
2792
95
2793
23
1768
104
586
286
33
1150
6
2794
1450
6
718
809
2795
392
2796
2797
2798
20


