1453
4099
13
4203
3555
96
4085
34
3587
3038
90
3555
96
4204
24
3176
208
99
212
99
13
2941
4205
3550
96
3219
4206
1769
4207
13
4208
4209
1534
454
96
1283
599
2177
206
4210
6
4211
24
3111
4212
3705
3344
20


1452
4098
13
4202
3554
95
4084
33
3586
3037
89
3554
95
4203
23
3175
207
98
211
98
13
2940
4204
3549
95
3218
4205
1768
4206
13
4207
4208
1533
453
95
1282
598
2176
205
4209
6
4210
23
3110
4211
3704
3343
20


1452
4098
13
4202
3554
95
4084
33
3586
3037
89
3554
95
4203
23
3175
207
98
211
98
13
2940
4204
3549
95
3218
4205
1768
4206
13
4207
4208
1533
453
95
1282
598
2176
205
4209
6
4210
23
3110
4211
3704
3343
20


