217
2557
24
2558
2559
139
24
2560
243
2561
17
2156
2195
24
475
188
2082
1259
96
2562
90
2563
2564
89
34
49
90
1
2565
6
13
2566
24
34
6
893
2567
956
24
27
13
442
84
954
1
144
114
20


216
2556
23
2557
2558
138
23
2559
242
2560
17
2155
2194
23
474
187
2081
1258
95
2561
89
2562
2563
88
33
48
89
1
2564
6
13
2565
23
33
6
892
2566
955
23
26
13
441
83
953
1
143
113
20


216
2556
23
2557
2558
138
23
2559
242
2560
17
2155
2194
23
474
187
2081
1258
95
2561
89
2562
2563
88
33
48
89
1
2564
6
13
2565
23
33
6
892
2566
955
23
26
13
441
83
953
1
143
113
20


