217
626
96
169
51
2842
6
2843
206
2844
2845
24
2846
90
2847
6
13
1268
20
96
13
2848
24
34
2849
2850
24
2851
17
1092
2850
24
349
2852
203
2853
2854
206
2276
6
2855
13
2856
2857
2858
96
2846
20


216
625
95
168
50
2841
6
2842
205
2843
2844
23
2845
89
2846
6
13
1267
20
95
13
2847
23
33
2848
2849
23
2850
17
1091
2849
23
348
2851
202
2852
2853
205
2275
6
2854
13
2855
2856
2857
95
2845
20


216
625
95
168
50
2841
6
2842
205
2843
2844
23
2845
89
2846
6
13
1267
20
95
13
2847
23
33
2848
2849
23
2850
17
1091
2849
23
348
2851
202
2852
2853
205
2275
6
2854
13
2855
2856
2857
95
2845
20


