3242
3055
3243
3244
24
3245
3246
2900
3247
3248
3249
24
3250
24
763
24
3219
24
3251
84
1
3252
3253
34
3254
24
349
3044
13
3081
3255
3256
96
3257
160
3258
9
719
147
86
572
3259
3260
393
13
3261
17
3262
3263
3264
13
3265
3266
27
3267
13
3268
17
886
3269
6
51
3270
243
1
3271
3272
3273
20


3241
3054
3242
3243
23
3244
3245
2899
3246
3247
3248
23
3249
23
762
23
3218
23
3250
83
1
3251
3252
33
3253
23
348
3043
13
3080
3254
3255
95
3256
159
3257
9
718
146
85
571
3258
3259
392
13
3260
17
3261
3262
3263
13
3264
3265
26
3266
13
3267
17
885
3268
6
50
3269
242
1
3270
3271
3272
20


3241
3054
3242
3243
23
3244
3245
2899
3246
3247
3248
23
3249
23
762
23
3218
23
3250
83
1
3251
3252
33
3253
23
348
3043
13
3080
3254
3255
95
3256
159
3257
9
718
146
85
571
3258
3259
392
13
3260
17
3261
3262
3263
13
3264
3265
26
3266
13
3267
17
885
3268
6
50
3269
242
1
3270
3271
3272
20


