4261
4306
4307
4308
4309
4310
96
4311
24
4312
4313
24
4303
2864
6
1042
268
13
2131
17
13
2363
521
4314
2422
4315
194
86
4316
4317
4318
24
34
194
393
1254
86
4319
4320
20


4260
4305
4306
4307
4308
4309
95
4310
23
4311
4312
23
4302
2863
6
1041
267
13
2130
17
13
2362
520
4313
2421
4314
193
85
4315
4316
4317
23
33
193
392
1253
85
4318
4319
20


4260
4305
4306
4307
4308
4309
95
4310
23
4311
4312
23
4302
2863
6
1041
267
13
2130
17
13
2362
520
4313
2421
4314
193
85
4315
4316
4317
23
33
193
392
1253
85
4318
4319
20


