1988
350
264
1989
1
1990
1991
96
13
1992
1993
543
1994
90
1995
13
237
1996
206
1
762
1997
6
886
932
24
1
1998
27
1999
13
1191
90
2000
1132
34
2001
13
2002
17
13
79
20


1987
349
263
1988
1
1989
1990
95
13
1991
1992
542
1993
89
1994
13
236
1995
205
1
761
1996
6
885
931
23
1
1997
26
1998
13
1190
89
1999
1131
33
2000
13
2001
17
13
78
20


1987
349
263
1988
1
1989
1990
95
13
1991
1992
542
1993
89
1994
13
236
1995
205
1
761
1996
6
885
931
23
1
1997
26
1998
13
1190
89
1999
1131
33
2000
13
2001
17
13
78
20


