2768
4651
90
287
268
3013
3344
24
4657
34
4651
4658
357
4659
86
13
3521
9
5
6
4660
1
2704
764
299
4661
2764
13
3261
17
1
4662
1191
13
159
4663
393
96
3042
4664
1162
13
4665
2419
4666
96
4667
4668
4669
1191
606
273
4670
24
3067
886
4671
206
13
4672
50
51
3738
96
13
4657
4673
3473
4674
20


2767
4650
89
286
267
3012
3343
23
4656
33
4650
4657
356
4658
85
13
3520
9
5
6
4659
1
2703
763
298
4660
2763
13
3260
17
1
4661
1190
13
158
4662
392
95
3041
4663
1161
13
4664
2418
4665
95
4666
4667
4668
1190
605
272
4669
23
3066
885
4670
205
13
4671
49
50
3737
95
13
4656
4672
3472
4673
20


2767
4650
89
286
267
3012
3343
23
4656
33
4650
4657
356
4658
85
13
3520
9
5
6
4659
1
2703
763
298
4660
2763
13
3260
17
1
4661
1190
13
158
4662
392
95
3041
4663
1161
13
4664
2418
4665
95
4666
4667
4668
1190
605
272
4669
23
3066
885
4670
205
13
4671
49
50
3737
95
13
4656
4672
3472
4673
20


