167
115
349
1297
1298
393
1299
24
1300
1301
24
299
211
187
1302
63
13
1303
1304
17
1305
24
1306
49
84
152
590
27
400
13
1307
227
1308
38
166
690
1309
1073
9
886
1310
20


166
114
348
1296
1297
392
1298
23
1299
1300
23
298
210
186
1301
62
13
1302
1303
17
1304
23
1305
48
83
151
589
26
399
13
1306
226
1307
37
165
689
1308
1072
9
885
1309
20


166
114
348
1296
1297
392
1298
23
1299
1300
23
298
210
186
1301
62
13
1302
1303
17
1304
23
1305
48
83
151
589
26
399
13
1306
226
1307
37
165
689
1308
1072
9
885
1309
20


