2995
2996
606
2946
161
162
24
3018
6
3019
3020
3021
3022
1071
3023
34
1098
399
206
3024
6
1560
2177
243
1194
1210
105
526
2978
24
2781
597
3025
3020
24
2809
96
3026
24
34
3027
3020
24
2809
3028
24
349
2946
3029
3030
24
34
1198
6
3031
3032
3033
1210
2946
96
3034
20


2994
2995
605
2945
160
161
23
3017
6
3018
3019
3020
3021
1070
3022
33
1097
398
205
3023
6
1559
2176
242
1193
1209
104
525
2977
23
2780
596
3024
3019
23
2808
95
3025
23
33
3026
3019
23
2808
3027
23
348
2945
3028
3029
23
33
1197
6
3030
3031
3032
1209
2945
95
3033
20


2994
2995
605
2945
160
161
23
3017
6
3018
3019
3020
3021
1070
3022
33
1097
398
205
3023
6
1559
2176
242
1193
1209
104
525
2977
23
2780
596
3024
3019
23
2808
95
3025
23
33
3026
3019
23
2808
3027
23
348
2945
3028
3029
23
33
1197
6
3030
3031
3032
1209
2945
95
3033
20


