2871
3878
3857
24
3147
2997
4353
4417
1634
3011
3166
4418
24
1
3541
17
13
4419
3857
833
708
34
2883
17
2871
3878
3857
24
3119
24
1487
268
2626
96
4420
24
34
1215
393
13
4421
1086
96
13
932
4422
3901
24
4423
96
4424
13
4425
17
4426
96
13
4427
4017
20


2870
3877
3856
23
3146
2996
4352
4416
1633
3010
3165
4417
23
1
3540
17
13
4418
3856
832
707
33
2882
17
2870
3877
3856
23
3118
23
1486
267
2625
95
4419
23
33
1214
392
13
4420
1085
95
13
931
4421
3900
23
4422
95
4423
13
4424
17
4425
95
13
4426
4016
20


2870
3877
3856
23
3146
2996
4352
4416
1633
3010
3165
4417
23
1
3540
17
13
4418
3856
832
707
33
2882
17
2870
3877
3856
23
3118
23
1486
267
2625
95
4419
23
33
1214
392
13
4420
1085
95
13
931
4421
3900
23
4422
95
4423
13
4424
17
4425
95
13
4426
4016
20


