1994
2946
4094
4095
24
3038
4096
4095
90
3372
24
393
3165
3352
3315
24
34
675
203
105
526
2978
24
2781
3038
3151
3110
3111
4097
2422
3038
4096
4098
24
4082
3111
24
3147
24
2569
3111
24
2820
3111
24
34
4000
3111
20


1993
2945
4093
4094
23
3037
4095
4094
89
3371
23
392
3164
3351
3314
23
33
674
202
104
525
2977
23
2780
3037
3150
3109
3110
4096
2421
3037
4095
4097
23
4081
3110
23
3146
23
2568
3110
23
2819
3110
23
33
3999
3110
20


1993
2945
4093
4094
23
3037
4095
4094
89
3371
23
392
3164
3351
3314
23
33
674
202
104
525
2977
23
2780
3037
3150
3109
3110
4096
2421
3037
4095
4097
23
4081
3110
23
3146
23
2568
3110
23
2819
3110
23
33
3999
3110
20


