3294
3295
3296
3297
2885
1634
2901
3298
3026
2177
606
1
3299
3300
3301
3302
17
3071
24
3303
34
932
3304
24
349
84
3305
3306
99
13
3307
3308
17
13
1562
1563
160
400
17
198
287
24
3309
3310
13
3311
3312
34
3313
20


3293
3294
3295
3296
2884
1633
2900
3297
3025
2176
605
1
3298
3299
3300
3301
17
3070
23
3302
33
931
3303
23
348
83
3304
3305
98
13
3306
3307
17
13
1561
1562
159
399
17
197
286
23
3308
3309
13
3310
3311
33
3312
20


3293
3294
3295
3296
2884
1633
2900
3297
3025
2176
605
1
3298
3299
3300
3301
17
3070
23
3302
33
931
3303
23
348
83
3304
3305
98
13
3306
3307
17
13
1561
1562
159
399
17
197
286
23
3308
3309
13
3310
3311
33
3312
20


