2822
4536
4543
4544
4545
4537
606
2809
96
4546
24
763
24
3219
24
114
17
4547
2978
17
4548
4537
24
886
4549
34
4550
4551
206
4552
24
4553
24
34
719
3284
1189
3058
4307
4554
24
349
204
1267
96
3219
1064
4016
3901
4163


2821
4535
4542
4543
4544
4536
605
2808
95
4545
23
762
23
3218
23
113
17
4546
2977
17
4547
4536
23
885
4548
33
4549
4550
205
4551
23
4552
23
33
718
3283
1188
3057
4306
4553
23
348
203
1266
95
3218
1063
4015
3900
4162


2821
4535
4542
4543
4544
4536
605
2808
95
4545
23
762
23
3218
23
113
17
4546
2977
17
4547
4536
23
885
4548
33
4549
4550
205
4551
23
4552
23
33
718
3283
1188
3057
4306
4553
23
348
203
1266
95
3218
1063
4015
3900
4162


